SAMPLES:	16213
BITSPERSAMPLE:	16
CHANNELS:	1
SAMPLERATE:	16000
NORMALIZED:	FALSE
1711
1757
1814
1731
1709
1714
1795
1797
1702
1655
1697
1759
1617
1452
1533
1669
1541
1297
1480
1735
1564
1517
1551
1516
1440
1356
1473
1452
1419
1479
1475
1402
1201
971
927
1256
1574
1490
1268
1280
1353
1310
1525
1814
1729
1423
1325
1467
1455
1318
1205
1196
1344
1409
1297
1346
1395
1406
1500
1533
1420
1437
1625
1832
1704
1346
1310
1651
1698
1315
1113
1397
1478
1173
1145
1516
1685
1521
1456
1443
1222
964
1073
1260
1180
980
1114
1323
1220
1021
935
1165
1269
1149
950
1023
1288
1422
1269
927
973
1153
1078
801
689
855
989
919
844
753
583
641
700
509
430
808
1145
1053
870
938
1194
1261
1115
920
896
910
1004
980
857
795
804
725
641
526
518
596
630
532
494
588
614
552
570
816
920
868
949
974
825
877
753
661
795
771
489
187
159
379
526
275
194
467
449
247
217
316
454
546
602
405
277
486
689
541
307
341
576
687
517
491
687
693
519
512
513
443
380
166
-145
-230
-153
-119
-140
-218
36
216
14
-120
-27
64
16
-174
-298
-238
-247
-159
-113
-170
-133
76
149
30
54
-94
-102
-213
-522
-696
-734
-651
-547
-439
-376
-438
-549
-644
-572
-443
-518
-600
-555
-598
-749
-877
-761
-680
-847
-955
-812
-643
-646
-687
-759
-879
-959
-789
-555
-613
-708
-551
-430
-555
-737
-600
-392
-520
-707
-763
-699
-634
-532
-527
-647
-844
-899
-686
-630
-646
-665
-837
-941
-955
-816
-789
-1061
-1193
-999
-778
-958
-1078
-999
-976
-1069
-1133
-1255
-1123
-1059
-1117
-1126
-1017
-843
-831
-977
-1199
-1130
-1171
-1275
-1458
-1569
-1586
-1665
-1774
-1773
-1624
-1531
-1513
-1622
-1644
-1583
-1634
-1658
-1508
-1238
-1142
-1242
-1247
-1219
-1271
-1495
-1453
-1225
-1207
-1323
-1342
-1304
-1415
-1505
-1492
-1497
-1601
-1558
-1612
-1572
-1614
-1769
-1767
-1719
-1693
-1699
-1711
-1631
-1355
-1302
-1462
-1295
-1135
-1200
-1130
-1037
-1219
-1210
-972
-1010
-1245
-1360
-1272
-1226
-1455
-1742
-1722
-1748
-1832
-1797
-1685
-1643
-1634
-1573
-1487
-1357
-1369
-1404
-1308
-1235
-1397
-1497
-1342
-1216
-1072
-1102
-1160
-1122
-1056
-1239
-1415
-1300
-1122
-1089
-1282
-1173
-1216
-1528
-1643
-1406
-1288
-1411
-1479
-1499
-1372
-1448
-1560
-1551
-1381
-1148
-1199
-1285
-1144
-1014
-948
-1012
-1010
-914
-1075
-1373
-1369
-1146
-1116
-1165
-988
-739
-746
-894
-1005
-1061
-1024
-997
-920
-866
-924
-1127
-993
-574
-528
-793
-735
-534
-695
-819
-911
-887
-735
-593
-810
-990
-855
-865
-1033
-1090
-966
-953
-999
-1105
-1153
-1162
-1025
-919
-1132
-1361
-1262
-1182
-1167
-1161
-1218
-1081
-1075
-1078
-1047
-1129
-1273
-1268
-1101
-1146
-1382
-1476
-1331
-1160
-1269
-1355
-1263
-1272
-1283
-1370
-1271
-1084
-1175
-1351
-1482
-1529
-1387
-1418
-1481
-1397
-1319
-1423
-1536
-1530
-1449
-1544
-1661
-1607
-1506
-1515
-1644
-1496
-1403
-1478
-1601
-1496
-1569
-1698
-1532
-1588
-1730
-1594
-1398
-1583
-1720
-1728
-1608
-1423
-1531
-1651
-1641
-1502
-1529
-1575
-1337
-1237
-1269
-1241
-1316
-1311
-1150
-1116
-1232
-1222
-1018
-1028
-1128
-937
-848
-1035
-1067
-997
-1017
-1034
-1002
-1096
-1290
-1327
-1163
-919
-974
-1157
-1153
-1068
-1095
-1006
-818
-831
-910
-978
-894
-770
-815
-936
-1050
-891
-817
-1081
-1254
-1035
-838
-1014
-1087
-842
-705
-958
-1004
-941
-1035
-1122
-1110
-1013
-1158
-1281
-1208
-1033
-930
-959
-1137
-1188
-996
-973
-1054
-1095
-1020
-892
-872
-968
-1002
-889
-720
-717
-779
-944
-924
-834
-977
-1252
-1409
-1313
-1107
-1031
-1099
-1103
-1100
-1061
-1162
-1149
-1008
-1016
-1112
-1082
-1006
-1028
-1070
-1014
-940
-879
-834
-777
-814
-878
-934
-876
-698
-744
-836
-972
-974
-887
-942
-985
-848
-708
-827
-968
-1047
-990
-848
-864
-949
-882
-694
-880
-1054
-915
-607
-618
-852
-819
-787
-872
-820
-736
-814
-740
-728
-826
-894
-873
-875
-1009
-1170
-1118
-1010
-1250
-1194
-900
-828
-965
-957
-950
-1049
-982
-806
-1009
-1279
-1073
-800
-835
-1200
-1234
-1019
-827
-642
-575
-754
-822
-672
-697
-890
-842
-726
-831
-923
-921
-760
-625
-661
-645
-551
-515
-605
-704
-659
-564
-456
-416
-377
-450
-549
-598
-643
-675
-631
-581
-597
-487
-411
-361
-348
-517
-613
-501
-278
-236
-365
-369
-309
-353
-541
-599
-529
-385
-314
-239
-298
-598
-663
-448
-472
-585
-590
-620
-525
-488
-554
-656
-703
-488
-324
-472
-624
-618
-436
-397
-406
-177
-113
-123
-188
-282
-307
-295
-293
-201
-94
-6
-63
-92
-1
-85
-182
-180
13
109
-61
-314
-262
-10
-95
-351
-400
-219
-45
-142
-281
-250
-242
-132
-72
-104
-114
-130
21
146
110
9
40
105
333
334
-59
-246
-6
234
211
197
156
127
126
142
95
88
96
27
-20
59
74
-173
-396
-508
-528
-548
-662
-679
-481
-303
-321
-455
-396
-105
-25
-186
-372
-336
-346
-513
-556
-493
-316
-263
-267
-131
-130
-356
-471
-153
-40
-385
-568
-294
-95
-304
-399
-168
-135
-337
-396
-251
-320
-665
-605
-279
-270
-420
-344
-273
-245
-467
-824
-742
-425
-498
-870
-789
-590
-581
-793
-885
-601
-417
-572
-806
-676
-422
-408
-725
-984
-817
-591
-658
-799
-542
-473
-681
-773
-777
-685
-773
-814
-845
-827
-617
-632
-696
-739
-746
-812
-608
-342
-436
-550
-520
-385
-505
-627
-693
-604
-266
-149
-376
-471
-278
-219
-232
-320
-365
-244
-6
-9
-220
-223
-151
-319
-548
-408
-354
-552
-653
-506
-519
-563
-549
-632
-692
-626
-450
-399
-377
-162
-65
-284
-537
-358
-204
-271
-255
-345
-367
-241
-212
-289
-214
-79
-105
-257
-411
-370
-249
-340
-355
-395
-529
-528
-686
-842
-933
-817
-642
-538
-601
-749
-544
-416
-706
-915
-922
-890
-695
-703
-886
-779
-492
-489
-685
-804
-802
-679
-769
-881
-729
-558
-612
-659
-575
-522
-619
-534
-132
-64
-588
-781
-439
-312
-521
-545
-395
-361
-326
-318
-401
-426
-401
-549
-722
-680
-453
-506
-646
-340
-3
32
-41
-173
-279
-260
-317
-353
-289
-86
-35
-236
-238
32
147
44
-89
-123
-96
-132
-226
-261
-108
132
171
-32
-151
-121
58
71
-178
-246
-117
-57
-66
-219
-200
7
-18
-185
-111
61
167
129
49
-50
-15
23
-151
-235
-129
22
-44
-30
90
168
91
-133
-194
37
190
56
-126
-190
-86
1
-60
-193
-274
-314
-337
-199
-42
52
92
74
27
200
248
186
234
169
108
33
71
92
102
100
104
157
201
205
286
332
239
187
312
391
177
50
149
227
233
170
104
240
213
137
273
247
205
247
302
302
514
703
513
298
339
518
406
-9
-186
8
-1
-197
-222
-95
-68
-95
-10
170
139
-151
-387
-362
-130
-114
-105
164
456
527
349
215
191
314
279
10
35
219
300
319
215
122
292
343
202
19
4
126
189
32
-7
168
336
391
648
820
565
469
656
593
58
-157
110
254
48
-63
167
359
187
-32
-49
-18
-179
-234
46
218
-5
-125
168
245
102
91
98
-30
-157
-123
-277
-413
-256
64
41
-67
66
237
322
164
132
214
206
41
-95
21
39
-72
1
203
321
324
335
425
462
375
317
274
306
350
458
447
363
204
337
493
471
311
332
512
475
509
435
575
801
812
760
592
561
689
719
622
574
664
766
657
578
581
603
576
392
187
230
392
374
308
374
614
499
258
303
423
440
385
437
475
416
429
695
928
816
653
662
853
946
878
851
1073
1150
949
1016
1206
1229
1100
1052
1050
1069
944
877
964
954
926
1095
1153
1131
1344
1472
1412
1197
1100
1229
1420
1329
1124
1203
1359
1165
950
944
938
985
848
972
1091
1034
982
1205
1364
1311
1305
1176
1152
1105
1076
870
861
995
1042
1128
1193
1221
1303
1356
1188
1169
1532
1739
1533
1321
1507
1597
1489
1416
1329
1445
1465
1290
1263
1298
1348
1440
1359
1333
1395
1349
1173
1317
1666
1777
1762
1859
1808
1703
1767
1818
1757
1690
1702
1758
1723
1666
1785
1700
1487
1520
1656
1754
1509
1307
1448
1448
1254
1136
1203
1333
1363
1298
1404
1665
1862
1765
1642
1769
1761
1656
1549
1580
1613
1659
1598
1532
1614
1581
1670
1850
1890
2023
2060
1998
1809
1752
1900
2003
1952
1879
2043
2097
2046
1966
1816
1568
1583
1885
1917
1739
1815
2073
1964
1714
1840
2130
2074
1877
2071
2281
2283
2054
1909
1992
1953
1762
1658
1657
1703
1603
1569
1757
1974
2044
1982
1905
1874
2083
2137
1924
1960
2075
1937
1917
2121
2239
2031
1920
2185
2395
2200
1934
1933
1895
1668
1526
1510
1657
1824
1921
2064
2135
2018
1993
2018
1821
1668
1834
1990
1938
1887
2017
2026
1915
1978
2163
2128
1888
1745
1808
1745
1596
1642
1653
1531
1616
1827
1842
1920
2065
1975
1810
1796
1829
1852
1746
1677
1860
1947
1705
1592
1727
1799
1649
1645
1676
1591
1577
1643
1781
1656
1485
1555
1650
1708
1773
1796
1820
1835
1854
1818
1574
1449
1527
1623
1608
1447
1356
1438
1461
1327
1261
1247
1286
1058
824
995
1261
1189
1057
1321
1627
1513
1280
1389
1593
1433
1201
1208
1327
1336
1371
1468
1567
1567
1467
1487
1509
1618
1719
1679
1649
1574
1472
1418
1414
1370
1333
1271
1264
1480
1741
1770
1545
1341
1332
1434
1403
1230
1206
1466
1728
1661
1495
1526
1661
1657
1466
1356
1296
1095
1129
1426
1524
1265
1126
1280
1355
1182
1077
1064
930
859
926
1041
1086
1033
1032
1148
1282
1226
1034
932
934
709
645
922
1097
959
941
1188
1275
1230
1175
1045
784
624
603
705
673
734
840
912
1020
958
827
749
804
615
520
683
754
589
361
317
364
558
452
335
397
481
479
278
201
258
293
237
184
374
704
748
682
688
700
487
204
189
403
492
363
335
437
657
682
462
371
392
482
415
378
309
270
329
165
183
312
272
131
170
329
372
442
412
519
530
363
306
313
383
481
516
444
346
267
385
487
302
151
242
323
166
118
120
-11
-2
1
-80
-245
-274
-199
-242
-197
-173
-87
-30
-34
-139
-272
-262
-15
5
-388
-468
-72
322
131
-78
120
266
243
-11
48
305
371
216
168
273
260
260
234
191
63
236
351
199
91
226
279
212
198
306
391
416
338
322
320
153
83
111
228
203
165
60
10
21
-18
-74
-118
44
-54
-302
-307
-126
25
9
-216
-143
159
105
-17
79
153
147
133
185
249
245
201
293
547
571
360
207
381
451
208
102
215
344
422
304
171
215
314
298
258
347
406
456
544
534
494
571
718
687
464
473
618
766
805
679
546
380
301
261
263
274
129
-152
-145
73
135
-43
-123
156
321
124
-48
-72
-99
-72
-52
40
226
194
113
81
333
360
54
-28
119
45
-250
-254
-202
-219
-167
-184
-275
-165
-12
-117
-155
-6
-89
-209
-317
-356
-387
-335
-170
-266
-506
-474
-341
-395
-394
-333
-304
-388
-409
-426
-567
-674
-596
-581
-600
-654
-613
-366
-282
-550
-715
-531
-354
-389
-359
-241
-260
-369
-619
-795
-668
-494
-516
-685
-780
-626
-577
-842
-1053
-861
-672
-804
-877
-631
-454
-414
-312
-329
-170
-33
-300
-529
-531
-559
-517
-347
-459
-514
-267
-134
-189
-315
-345
-365
-400
-614
-745
-738
-707
-717
-664
-505
-302
-331
-378
-176
-26
23
48
9
-77
-41
87
-67
-230
-149
-6
-87
-320
-202
57
33
-204
-296
-87
-151
-338
-228
-123
-68
-215
-67
41
-149
-335
-241
64
48
-174
-148
82
-30
-231
-286
-245
-115
-70
-124
-257
-319
-334
-339
-442
-540
-348
-210
-267
-48
164
98
-91
-104
96
95
-40
-80
21
125
29
-109
-92
79
101
-18
-169
-218
-149
-118
-321
-478
-299
-158
-148
-134
-82
-146
-277
-228
-74
-110
21
18
-46
-118
-8
73
42
131
155
304
316
203
55
-8
-12
-119
3
80
24
81
326
455
410
377
528
584
256
80
125
257
164
118
243
313
439
406
268
365
488
397
59
3
181
264
31
-209
-47
182
151
109
330
402
409
329
400
485
407
310
477
723
550
376
550
714
420
158
186
297
322
350
334
189
-86
-169
-16
-10
-136
-13
160
119
205
449
607
648
809
989
888
729
684
567
644
778
916
1033
971
871
975
1052
898
708
581
598
379
249
328
581
691
501
428
730
778
418
304
582
825
463
361
701
1000
893
728
718
801
881
716
537
483
417
293
276
345
201
39
232
339
61
-154
220
426
269
198
359
519
458
308
234
205
242
228
113
176
327
352
332
331
304
423
318
216
258
318
343
355
448
565
431
333
571
860
669
439
574
654
688
766
848
704
834
1133
1090
923
767
829
839
753
665
565
674
881
955
600
478
682
772
520
394
649
836
900
805
806
614
462
587
685
670
544
626
613
472
482
697
700
465
322
251
287
328
359
216
206
472
501
260
352
579
511
409
428
555
520
401
479
687
848
915
855
766
671
637
530
422
348
430
597
709
560
397
389
439
487
416
365
498
567
467
327
363
578
529
490
468
501
359
134
165
296
101
-192
40
287
193
-68
98
483
431
78
105
637
775
499
445
758
898
751
648
566
790
947
756
649
718
607
444
481
457
379
362
324
411
624
575
460
424
453
476
245
345
635
516
235
405
740
736
629
665
609
662
737
546
365
498
532
316
267
368
368
299
493
614
396
137
124
123
235
400
249
-66
82
556
789
483
288
400
614
539
241
118
381
497
190
123
265
477
575
337
105
262
389
492
424
446
667
774
727
523
479
685
626
369
525
688
557
347
492
655
532
514
390
315
357
197
35
80
196
204
198
339
392
425
458
689
947
802
619
634
775
743
622
605
638
611
418
328
405
486
272
123
273
366
296
160
262
447
433
414
482
614
591
466
272
317
635
684
548
624
779
689
439
406
602
744
643
293
490
991
874
344
252
624
663
260
169
398
432
289
272
456
567
505
423
521
440
278
382
522
608
635
640
466
250
241
193
-98
-101
145
303
244
175
137
157
234
339
401
220
194
448
456
127
93
307
529
422
200
142
206
217
93
20
-15
-14
8
127
253
261
167
175
206
28
29
340
351
257
374
515
695
777
736
798
808
592
505
514
752
851
659
576
719
835
671
562
789
1063
858
598
667
868
626
283
417
742
835
681
703
792
1038
1220
1073
906
860
953
1048
982
696
644
842
881
787
686
816
972
923
867
879
1043
1039
885
928
1116
1121
995
1167
1429
1433
1143
1082
1384
1464
1189
1156
1323
1280
1158
1249
1449
1462
1297
1129
1324
1515
1539
1511
1399
1338
1533
1823
1701
1536
1704
2000
2021
1822
1698
1603
1661
1907
1782
1457
1412
1671
1886
1747
1479
1619
1882
1627
1316
1224
1261
1582
1778
1777
1730
1653
1795
1757
1431
1278
1437
1568
1603
1484
1434
1742
1915
1690
1477
1619
1883
1891
1881
1894
1934
1877
1594
1512
1545
1541
1329
1164
1077
1236
1526
1443
1233
1379
1632
1701
1481
1352
1600
1806
1640
1342
1366
1520
1529
1339
1328
1475
1395
1223
1190
1242
1105
947
990
1067
1059
992
1083
1152
1071
1130
1283
1189
975
953
948
922
887
942
903
768
786
915
826
777
659
703
890
944
792
643
739
847
768
759
834
820
967
924
879
831
742
707
597
456
431
567
645
528
513
679
755
700
588
430
350
203
-3
81
137
95
206
537
619
471
471
555
623
639
632
514
485
413
506
487
305
266
405
603
454
265
327
390
289
133
184
354
330
195
124
148
364
445
300
74
261
651
616
381
289
491
607
392
217
336
589
580
231
202
439
579
487
431
542
570
669
723
650
760
891
771
617
769
903
893
600
476
697
685
594
700
914
943
791
668
743
707
640
669
658
547
402
347
354
384
445
295
15
17
110
122
-24
-73
194
243
126
120
219
209
209
224
229
152
295
430
310
196
128
74
53
111
41
-15
-34
14
-53
-164
-114
-89
-195
-306
-174
-84
-154
-110
-43
91
79
-37
-8
63
-11
-129
-249
-300
-23
173
206
92
-96
-129
-147
-124
-133
-132
-27
98
-42
-122
-110
14
34
-35
2
123
392
430
324
201
76
116
225
152
192
444
519
381
342
422
535
590
538
398
414
465
353
154
110
247
399
276
116
107
160
225
101
-107
-271
8
164
58
-30
28
165
193
-16
-99
210
177
-95
-268
-224
-101
-60
-147
-296
-191
98
251
-13
42
321
216
-60
43
100
70
65
44
24
-17
84
187
275
255
170
149
152
237
273
97
-88
-11
222
330
227
86
27
-110
-6
153
129
166
328
385
277
37
25
164
-80
-224
27
451
462
104
218
578
533
253
339
523
368
167
120
101
256
453
167
-145
-125
-53
-109
-258
-348
-496
-443
-192
-142
-244
-191
-164
-312
-165
-180
-281
-166
83
159
-118
-172
-106
-121
-278
-249
-46
-13
-116
-117
-126
-298
-547
-496
-285
-355
-457
-240
100
171
-37
-118
60
201
128
-56
-42
154
67
-106
115
389
309
-10
-198
-63
97
59
-49
-83
56
31
-140
-213
-128
-35
-138
-279
-13
127
37
-73
-110
-117
-149
58
127
-171
-214
118
127
-184
-270
-19
80
-117
-343
-397
-309
-178
-195
-314
-315
-331
-407
-418
-435
-385
-396
-342
-283
-439
-451
-341
-182
-237
-347
-351
-223
-74
-141
-191
-135
-109
-229
-468
-508
-339
-383
-538
-465
-322
-164
11
79
-16
-1
40
-2
-113
-189
-152
-173
-228
-226
-34
-65
-186
-88
123
-34
-404
-335
-76
-28
-162
-173
-37
99
-190
-322
-108
65
-44
-96
-106
34
122
-124
-79
102
220
190
34
33
373
468
226
82
261
313
79
-166
1
217
-119
-198
87
257
254
130
129
361
441
308
267
378
359
205
255
402
440
522
462
438
508
540
623
563
528
452
257
77
-73
-115
-37
44
-141
-326
-119
-20
-189
-279
-76
165
69
-127
29
308
188
-23
140
328
133
-83
113
517
460
106
-44
-8
100
-13
-127
-27
-18
-184
-320
-210
-84
-52
-184
-258
42
182
-96
-155
176
233
-22
-70
52
75
53
57
-12
11
202
247
191
22
-43
16
61
61
-46
-11
121
109
44
207
410
292
100
60
174
216
125
58
145
149
-45
-291
-155
46
-154
-355
-210
-72
-105
-144
-48
83
-10
6
136
137
8
-78
60
220
55
-72
114
505
521
102
-25
208
348
202
41
172
349
229
-36
-100
101
110
-120
-202
-81
75
227
121
-41
56
95
94
165
193
130
19
26
68
-97
-267
-386
-334
-260
-411
-367
-126
-13
-108
-156
8
92
-129
-369
-114
105
-86
-175
-62
-40
-127
-115
-31
-131
-252
-158
-226
-423
-558
-469
-203
-100
-301
-386
-126
-130
-438
-539
-466
-373
-436
-526
-592
-502
-393
-222
-213
-445
-501
-200
-21
-335
-524
-329
-36
-87
-383
-453
-187
103
30
-297
-161
157
183
-96
-341
-151
188
308
76
64
165
-34
-219
-81
143
-38
-160
265
512
298
70
221
335
204
-253
-273
62
98
-55
-358
-350
-118
53
-152
-269
-41
36
-304
-535
-568
-477
-455
-560
-341
56
253
47
-86
-3
87
51
-208
-207
44
41
-118
-101
90
200
203
173
158
222
360
345
136
104
403
755
831
560
360
275
346
495
591
384
135
239
335
329
371
408
246
275
352
247
170
205
277
167
19
3
14
101
121
64
56
174
338
253
139
275
400
181
45
178
94
-269
-343
-72
-106
-375
-399
-126
97
-36
-196
-67
-4
-315
-475
-303
-76
-32
15
110
102
169
213
250
307
174
66
27
48
182
309
177
102
265
258
262
378
405
208
322
520
421
334
408
530
457
343
430
655
557
259
319
534
609
432
241
430
512
403
204
208
360
216
12
11
211
283
372
517
537
531
568
737
876
617
268
332
623
647
446
483
607
700
588
396
337
476
630
546
433
362
476
529
316
197
439
695
593
443
654
750
489
401
600
709
518
317
394
534
666
736
605
471
427
541
500
590
633
544
422
438
525
454
398
522
709
626
612
453
434
620
629
463
269
327
415
198
89
250
442
429
220
155
354
513
493
630
774
636
571
716
635
444
498
712
846
684
506
598
660
687
695
678
639
679
628
286
262
458
479
354
496
575
421
428
528
530
409
484
582
783
832
593
493
585
640
559
426
323
219
221
328
440
410
279
380
356
183
218
336
372
322
353
476
331
163
99
139
125
46
-53
-73
48
255
294
187
190
340
453
467
391
352
442
563
612
399
306
541
814
482
140
301
513
395
96
205
636
703
382
294
415
501
493
497
434
370
221
-18
-28
272
390
320
477
609
459
416
384
247
71
99
23
-168
-159
-32
47
-117
-191
116
370
169
-32
168
320
35
-116
180
437
460
503
573
628
791
739
497
296
401
604
474
434
658
807
802
668
631
775
853
859
820
901
902
906
994
1083
1060
839
739
1052
1133
865
962
1348
1171
769
931
1339
1262
999
1047
1198
1060
1156
1392
1382
1171
1117
1320
1218
935
926
1128
1091
849
905
1196
1299
1126
1086
1319
1205
944
958
1187
1241
1034
855
840
842
796
964
1055
1124
1296
1389
1226
966
970
948
941
1097
1060
1053
1304
1456
1370
1240
1039
967
1159
1228
849
683
1058
1306
1363
1389
1423
1237
1204
1289
1193
975
884
1187
1353
1123
914
1024
1185
1205
1142
1146
1075
1059
1038
1206
1347
1144
977
1205
1315
1246
1179
1260
1439
1428
1098
919
1256
1536
1593
1435
1387
1574
1705
1602
1464
1407
1391
1284
1237
1246
1193
1013
936
1131
1198
1002
907
1079
1119
1133
1079
1058
1173
1082
1145
1303
1447
1404
1145
1162
1385
1309
837
670
1010
1202
937
720
810
1032
1152
1089
1080
1131
1159
1119
1033
1016
1133
1236
1022
801
815
885
863
756
886
1038
951
798
877
908
701
585
656
674
644
749
716
706
745
721
659
770
733
576
575
733
914
1044
1209
1024
723
823
1204
999
611
505
660
692
654
550
381
577
904
974
627
638
933
848
580
432
498
562
269
193
497
653
401
140
159
354
399
176
120
123
-15
98
234
212
55
-87
70
106
-136
-210
-64
30
1
-107
-185
-163
-108
-157
-230
-133
6
140
155
164
212
335
182
40
189
282
291
210
323
609
688
562
714
885
776
578
733
850
559
379
495
810
829
627
690
1136
1148
880
941
1116
1182
1091
1178
1318
1215
1108
1361
1384
1278
1318
1464
1347
1154
1298
1510
1402
1062
944
1033
1270
1288
1148
1281
1371
1321
1155
1008
1043
1222
1259
1136
1188
1175
1083
1054
1167
1249
1332
1408
1419
1350
1384
1384
1066
1045
1389
1570
1470
1417
1484
1569
1390
1290
1223
1233
1471
1455
1335
1363
1500
1616
1523
1433
1484
1471
1243
1280
1480
1568
1453
1299
1333
1357
1378
1287
1135
1301
1656
1559
1124
997
1109
1305
1438
1428
1369
1375
1492
1710
1652
1271
1428
1937
1878
1394
1353
1774
1775
1436
1358
1319
1332
1405
1288
1229
1273
1340
1412
1457
1519
1434
1195
1238
1387
1470
1356
1415
1687
1599
1289
1110
1327
1599
1408
1131
1183
1419
1221
818
899
1437
1648
1401
1326
1424
1692
1682
1417
1224
1334
1477
1360
1287
1325
1406
1530
1535
1423
1367
1248
1079
964
1083
1183
1215
1220
1291
1475
1642
1654
1656
1569
1329
1241
1283
1323
1261
1212
1306
1574
1510
1296
1268
1558
1633
1392
1104
1011
1281
1274
1098
1087
1214
1213
1050
1092
1408
1451
1141
1248
1495
1261
982
1015
1060
1273
1420
1475
1392
1331
1331
1257
1220
1115
1080
976
1085
1149
981
978
1084
966
781
677
606
722
771
759
644
716
885
905
770
741
909
1004
955
840
902
814
604
424
378
476
567
549
446
406
554
570
488
469
425
361
276
315
379
351
374
540
772
726
593
612
677
610
323
260
419
421
316
238
331
448
369
306
342
271
200
260
284
220
161
160
17
-84
66
284
297
173
190
296
152
88
242
207
144
290
476
377
77
-43
55
171
60
-189
-235
-4
186
239
237
328
388
383
354
425
581
527
419
485
492
492
651
667
643
669
724
383
109
345
547
380
118
144
384
341
275
505
582
464
327
382
609
722
727
636
595
649
533
425
402
408
417
312
147
32
40
21
-181
-342
-208
-97
-308
-237
17
66
40
44
57
12
73
52
119
113
47
378
684
472
24
-6
141
-27
-364
-285
-31
-205
-344
-215
-80
-260
-424
-299
-135
-165
-300
-324
-158
-72
-213
-306
-209
153
212
-62
-9
198
117
-201
-219
-61
117
9
-107
18
89
10
-69
-63
-105
-66
9
38
7
43
94
117
103
181
162
56
99
174
33
-145
-102
117
155
-47
-140
-14
115
13
-115
-124
-104
-231
-358
-350
-245
-81
-55
-277
-478
-312
-145
-514
-630
-108
112
-128
-275
-295
-260
-291
-387
-346
-332
-285
-385
-289
-170
-173
-187
-198
-155
-168
-337
-676
-676
-430
-301
-528
-663
-583
-400
-496
-700
-652
-500
-421
-413
-345
-289
-476
-640
-505
-449
-672
-784
-471
-411
-560
-687
-479
-348
-532
-510
-385
-229
-347
-518
-513
-494
-514
-534
-444
-163
-52
-250
-335
-316
-347
-342
-260
-116
-139
-205
-191
-136
-139
-124
61
313
231
129
272
429
292
141
81
103
172
98
-31
-42
198
50
-164
-47
241
164
-6
211
385
234
220
306
181
145
322
480
579
570
525
502
597
626
500
381
316
242
173
141
190
208
152
103
90
-82
-212
-243
-179
-121
-187
-214
-135
-114
-62
33
92
50
-67
270
662
575
527
667
794
738
549
672
874
681
511
780
995
818
595
558
825
816
766
1110
2130
1477
-597
-772
1571
3847
2516
-696
-823
1969
3582
1939
-340
401
2436
2321
1061
298
1139
2820
2402
974
976
1736
1462
629
938
1940
1632
6
-803
301
1745
1193
-522
-614
397
538
-293
-1187
-779
477
451
-962
-1754
-861
-33
-695
-1075
-665
-621
-644
-1075
-913
60
-257
-1366
-1127
409
905
-242
-1070
-115
1512
1784
362
-595
1048
2624
1692
430
1043
2509
2567
1367
902
2139
3312
2378
1249
2330
3562
2785
1345
1373
2545
3164
2028
709
1554
3124
2713
1179
1084
2142
2518
1631
683
941
2075
2046
524
221
1217
1366
748
413
664
744
442
277
672
1034
494
-50
812
1779
1446
597
527
1413
2171
2025
1199
1231
2185
2333
1630
1655
2250
2453
2164
1826
2006
2470
2264
1785
2058
2420
2031
1437
1586
1866
1766
1422
1034
938
1131
987
477
457
512
324
72
85
-129
-319
-247
-144
-316
-301
-113
-350
-462
-651
-569
0
138
-411
-505
31
573
632
160
89
560
996
851
420
712
1073
1060
1090
1329
1463
1487
1713
1923
2077
1841
1527
1569
1816
1778
1539
1732
1749
1543
1643
1723
1671
1616
1545
1299
1325
1366
1083
842
846
900
568
587
819
582
366
291
171
86
76
-3
-108
-122
76
101
-146
-623
-518
245
219
-184
-160
459
669
51
-454
-31
836
931
160
8
807
1363
1140
716
773
1318
1364
872
724
1233
1570
1171
689
1021
1657
1539
981
740
1158
1496
1127
598
612
850
716
12
-445
-78
42
-652
-1290
-1101
-477
-706
-1941
-2209
-1564
-1230
-2237
-3963
-4097
-2129
-169
-754
-4727
-7031
-3855
1759
2948
-2400
-7560
-5310
1181
3445
-732
-4786
-3094
1280
2558
502
-1670
-1181
988
1991
1931
1334
93
-249
1311
3410
3750
1922
-232
-291
2133
3887
2483
291
689
2502
2901
1308
-269
760
2890
2674
436
-837
-279
730
1141
1051
298
-473
-837
-1108
-680
113
-174
-1361
-1962
-1489
-458
-522
-1880
-2557
-735
1833
334
-3472
-3726
99
3033
1424
-2302
-2645
617
2383
654
-657
636
1941
1184
-66
-138
1145
1961
662
-294
715
1393
118
-1084
58
1513
887
-1357
-2895
-1140
1190
208
-2160
-2562
-1372
-1063
-2381
-3609
-3373
-1719
-808
-1579
-2617
-3719
-5150
-3783
27
2016
-609
-6125
-7083
-1643
3295
1520
-4568
-6023
-794
3172
1153
-3488
-4541
572
5356
3136
-2467
-4251
-904
3651
4512
1239
-1544
-1058
1079
2490
2002
738
261
828
1811
828
-986
-826
512
1770
1517
-798
-2303
-1348
246
641
-471
-1171
-1084
-1609
-2052
-1973
-615
310
-832
-2590
-2818
-1449
-939
-1664
-2105
-1324
-609
-1219
-2401
-2383
-949
296
99
-967
-1677
-1355
-473
222
541
609
-48
-935
-238
1070
1449
612
-66
631
1623
1078
-466
-707
859
2165
1447
-439
-1308
-246
1059
791
-645
-1248
-882
-904
-1206
-1620
-1667
-1817
-2685
-3351
-3435
-2879
-2664
-2968
-3215
-3487
-4825
-4995
-3264
-1655
-1709
-3619
-5269
-3890
-1169
-652
-2597
-3635
-1896
214
-254
-2706
-3085
218
2829
1104
-1685
-1374
1097
2485
1308
280
1882
3343
1858
-380
568
3680
4394
1962
61
941
2920
2603
529
493
2517
2547
134
-1284
-30
1967
1973
218
-1228
-453
454
-613
-1590
-642
795
398
-1486
-1888
-483
651
42
-1216
-95
1451
560
-979
-833
1190
2763
1750
-164
-220
1366
2301
1535
751
1277
1719
1301
436
336
1420
1810
826
4
181
327
-687
-1797
-1390
-690
-1366
-3811
-4868
-624
3071
-1063
-9381
-10417
-407
8134
1771
-11842
-13533
211
9994
819
-13262
-10382
4994
10175
-3058
-14975
-6132
10192
9323
-5912
-11036
1238
10493
2647
-7650
-2690
9839
9108
-4888
-9005
4273
13579
4709
-7543
-3488
9978
10492
-3033
-8207
3809
13700
4975
-8588
-5869
7404
10365
-547
-7460
297
8679
2793
-7489
-5153
5756
7214
-3212
-8971
-1953
6191
2795
-6109
-5816
2775
5300
-1915
-7336
-2778
4357
4086
-2611
-5274
238
4508
1496
-2563
-491
4168
3877
-292
-1342
2745
6150
3951
-380
534
4591
4858
1603
211
2787
5452
3837
-193
-742
2824
4460
1377
-1754
-1005
1117
580
-2061
-3113
-1747
-1226
-3877
-4193
125
1762
-4180
-11622
-8767
3034
7485
-3479
-15298
-10822
4638
7861
-5697
-14568
-5577
7970
5873
-9004
-13351
57
11436
4632
-8584
-7555
4867
8648
-371
-5996
1945
10964
5144
-6575
-3961
9386
12355
725
-6425
1880
11365
6329
-5087
-3747
9068
12267
-211
-8720
-1151
9850
7837
-2829
-5060
3207
6924
-546
-6634
-1133
6794
3698
-5322
-6427
1028
5039
-478
-5890
-1562
5648
2077
-7244
-7074
3000
8415
1393
-7168
-5233
3520
5845
-421
-3839
982
5154
1885
-2650
-1395
3942
5584
1095
-2265
251
3607
1932
-1133
268
3595
2538
-2059
-3660
349
3948
809
-4905
-4890
-840
-390
-1759
-1809
-1709
-4500
-7849
-5426
1786
3504
-4926
-12636
-6608
5122
3797
-8663
-12703
-1557
9230
2617
-12121
-11616
3850
11387
593
-10514
-5437
6345
6459
-3529
-6230
3715
9562
563
-8230
-1759
9508
7747
-3335
-5483
4248
9279
892
-7016
-222
10851
7733
-4996
-7566
2856
9911
3292
-5600
-2840
5485
4551
-3775
-5257
2616
7024
751
-6519
-4458
2825
3887
-2216
-4263
1292
3170
-1782
-5733
-1568
5217
4103
-3293
-5833
-58
4967
1494
-3655
-1254
3647
3625
-1024
-3549
653
5414
2955
-2549
-3180
779
2790
108
-2210
-1055
1381
621
-3016
-3682
-694
81
-2658
-5242
-4595
535
3309
-2552
-11392
-10606
1249
9396
1699
-13232
-15839
-660
11955
2780
-14255
-13141
4014
11893
-1620
-16083
-8598
10287
11892
-5254
-13820
-1548
10761
4219
-8095
-4771
9097
9803
-5776
-11554
3669
15860
5562
-10309
-6690
9764
12031
-3520
-11094
2555
15576
5477
-11838
-9123
8363
13306
-468
-10403
-2125
9172
4080
-7896
-5801
7332
9164
-3823
-11106
-2027
8906
5302
-6666
-7828
2909
6844
-1692
-7780
-1580
6906
4732
-4240
-6201
1160
6079
1595
-3872
-1023
4196
2756
-2195
-2493
2975
5694
1132
-3888
-1667
4042
3924
-1380
-3151
311
2656
134
-4076
-3674
141
227
-4245
-7389
-3383
2900
2068
-5782
-12234
-8220
3050
6967
-2570
-13327
-11206
1831
7606
-2150
-12717
-7990
5729
8069
-5228
-13695
-4053
9773
7786
-6312
-10620
720
9016
1973
-7342
-2649
8564
6788
-6275
-8988
4137
12903
3449
-8672
-4043
9002
8630
-4222
-7867
4277
12444
2480
-10123
-6102
7725
9920
-1859
-8407
-539
7215
1618
-7261
-4077
6261
6406
-4047
-9029
-1022
7472
3442
-6155
-6210
2481
5232
-1903
-6792
-1019
6167
3768
-3976
-5298
1419
5413
1121
-3651
-1331
3477
2847
-1793
-2735
1815
4786
1036
-3822
-2650
2063
2522
-1683
-4017
-1649
1139
-1086
-5835
-5927
-1914
-998
-5584
-6692
-1332
1152
-6145
-14010
-8996
5191
8468
-6658
-19593
-10610
8766
9780
-8735
-18125
-4189
12144
5733
-13775
-15289
4351
15587
2151
-14346
-8947
8297
10579
-3478
-9320
2895
12103
1699
-11438
-4702
11460
11327
-4605
-10909
1768
12156
3195
-9815
-4731
10476
10013
-6598
-13239
72
12434
5495
-8940
-8890
3735
7146
-3463
-9368
-944
7522
1644
-9075
-7792
3747
7371
-2375
-9328
-2664
6098
2514
-6775
-6415
3398
7177
-809
-7997
-3337
5688
5418
-2334
-4899
615
4671
1177
-3418
-1491
3365
2662
-2772
-4324
-223
2674
-334
-4520
-3672
-43
-533
-4883
-6956
-4107
-2821
-4599
-3634
-1514
-3302
-10748
-12977
-2744
8288
2383
-14833
-19212
-2331
12314
2864
-15883
-15368
3896
12710
-3511
-19086
-8866
12568
12869
-7379
-16798
-1911
13134
5993
-9164
-6450
9250
10643
-5359
-11646
3118
15705
6191
-9982
-7043
9199
11570
-3664
-10266
3228
14414
3849
-12377
-9006
8333
13375
-1206
-12045
-3799
7752
3777
-7238
-6353
4466
6541
-3388
-9992
-3114
6468
4042
-5360
-6567
1020
4061
-1593
-6030
-1147
5663
3427
-5022
-6525
1281
6425
1368
-4754
-3026
2693
3541
-1115
-3138
796
4155
993
-3812
-3136
1657
2504
-1623
-4551
-2628
91
-1794
-6469
-6772
-3082
-269
-1298
-4753
-8484
-10466
-6950
674
4042
-3665
-14679
-13933
-17
7619
-2439
-14910
-10157
5012
7153
-7920
-16030
-3199
12299
7204
-10252
-13627
1244
11100
2472
-7945
-2611
8324
5004
-7318
-6581
7228
12166
143
-9437
-1820
9646
5939
-6026
-4898
8027
10934
-2689
-11539
-1907
11395
8449
-5119
-8498
1359
6873
-480
-6526
-631
7185
2726
-7866
-8530
1857
7707
820
-7457
-5089
2246
2662
-2910
-4679
468
3799
-78
-4830
-2862
2521
3432
-639
-2833
-510
2035
478
-2290
-1336
2087
1963
-2310
-4423
-1472
2197
1103
-3488
-5305
-2544
-402
-2310
-5841
-5788
-446
2515
-1467
-10789
-13238
-2928
8333
4711
-10537
-17715
-6192
8845
5477
-10515
-14916
-683
10704
310
-16064
-12584
7135
14439
-1535
-16253
-7578
9582
9326
-4976
-8374
4460
10689
-1277
-11229
-1695
13251
9693
-7034
-10103
4739
12795
947
-10249
-1248
13539
8392
-9934
-12635
4548
15122
3119
-11400
-6796
7129
7055
-5804
-9250
3106
10030
-984
-12390
-6304
8074
8726
-4351
-10486
-997
7371
1771
-7360
-4264
5888
5992
-4276
-8145
740
8343
3157
-5924
-4553
3822
5180
-1829
-5280
371
5593
1220
-6039
-4840
2723
4562
-2088
-6917
-4185
734
-328
-6035
-7327
-913
4197
-203
-10586
-13580
-4300
6876
5649
-7683
-16568
-8631
5473
6425
-6345
-13713
-4303
8313
4177
-11124
-13538
2265
13690
3781
-11637
-10167
4924
10420
-162
-7446
1064
9794
2319
-9023
-4332
10479
12184
-2143
-10161
217
11997
5798
-7483
-4949
9870
11803
-3535
-12753
-1680
12984
9120
-6173
-9478
2437
9007
619
-6848
-609
8221
3803
-7925
-8495
3738
10389
1675
-8565
-4701
5576
6246
-2273
-5609
1154
6532
1139
-6567
-4011
4850
6735
-457
-4976
-674
4407
2789
-2342
-2343
2536
3036
-2304
-5003
-1007
3667
1414
-4960
-7127
-2657
662
-3088
-6529
-2469
2972
-2279
-12531
-12186
1641
10991
586
-16217
-14948
3642
11869
-2198
-15870
-7573
10293
9987
-9010
-17520
-901
16548
8826
-11027
-12773
4023
12669
1659
-8729
-1044
11279
6109
-8594
-7807
8446
14604
1473
-9576
-2384
10457
7691
-5219
-5538
8088
12399
-1343
-11637
-2666
11588
9832
-4107
-9022
1046
8199
900
-7296
-1265
8745
4939
-7279
-8813
3096
10957
3381
-7775
-5545
4862
6760
-1567
-5641
942
6993
2834
-5031
-4213
4263
7340
1004
-3825
-480
4155
2709
-2026
-2001
2924
4160
-1165
-5004
-1536
3206
2083
-3876
-6280
-2988
-167
-2659
-5720
-1548
3217
-2442
-12634
-11944
1848
10615
-360
-16976
-14752
3894
11384
-3944
-17562
-7158
11401
9789
-10615
-18253
112
17412
7763
-12718
-12847
5556
13250
242
-9878
-383
12932
6599
-9975
-8195
10222
15438
-311
-11418
-1318
12497
7371
-7647
-6535
9838
14005
-2685
-14088
-2409
13359
9557
-6649
-10517
2105
9446
-463
-9882
-2645
9036
5185
-8306
-9962
2133
9935
2338
-8223
-5582
4115
4506
-3239
-5363
1510
5952
758
-5837
-3590
4056
5837
-562
-4198
128
4011
1812
-2417
-1592
3373
4023
-1547
-4720
-1219
3328
1821
-3934
-5788
-2604
-90
-2452
-4695
-688
2540
-4065
-12340
-8937
4383
9462
-3842
-17360
-10615
7487
9647
-7512
-16436
-2642
12720
5587
-13921
-15679
4991
17307
2872
-14995
-9808
8836
11737
-3429
-10322
2208
12880
2728
-11990
-6043
11838
13061
-3180
-11019
835
12506
5064
-8186
-4287
10666
11016
-5183
-12146
980
13662
7435
-7201
-8313
4398
9293
-1121
-8217
44
9602
4329
-7832
-7981
3782
9952
1647
-7728
-3835
5004
4179
-2989
-3932
2658
6045
39
-5892
-2106
5791
5833
-1887
-4910
422
4800
2001
-2950
-2417
2589
2973
-2562
-4996
-1179
2984
329
-5313
-6441
-2472
-255
-3710
-5459
-809
1286
-6559
-13577
-7403
6261
7232
-8545
-18988
-7704
10233
7526
-11577
-16699
764
13986
2256
-17497
-13974
9722
17667
-1892
-18117
-6968
12615
10922
-6424
-10175
4835
13109
-429
-13251
-2605
15024
11002
-7759
-11471
4490
13936
1386
-11620
-2933
13581
9388
-10191
-13612
4061
15211
3723
-11975
-8635
6642
8377
-4939
-10184
1220
9614
408
-11336
-7141
5920
8391
-2923
-10291
-2681
5977
2328
-5484
-4041
4138
5154
-2693
-6999
-727
6530
3568
-4445
-4629
1957
4146
-252
-3556
-597
3494
940
-4685
-4404
1147
2740
-2187
-6444
-4447
-487
-1420
-5189
-4142
2153
-116
-10550
-14174
-2886
9496
4395
-13361
-18801
-2558
12244
3076
-15825
-14079
5816
12858
-3740
-19758
-9508
13651
14623
-7348
-17923
-2536
13529
7052
-8387
-7537
7335
10807
-4342
-12624
1481
15510
7007
-9553
-8586
6829
11478
-1501
-9706
1554
14034
5654
-11317
-9487
7761
13635
736
-10768
-5061
7342
6640
-4421
-5893
3851
7259
-2125
-9003
-2341
7485
5857
-4876
-8180
287
6535
1028
-5670
-2516
4705
4062
-3664
-6553
193
6878
3222
-4717
-4612
2390
4889
159
-3659
-741
3176
1325
-3473
-3744
1132
2906
-1621
-6492
-5018
-923
-510
-3237
-2111
-432
-5144
-11135
-7947
3903
7282
-5328
-17486
-9878
7593
8503
-8650
-16449
-1962
12246
4313
-14839
-15381
5752
17039
1293
-16502
-9763
9194
11347
-3677
-9901
2071
12083
2314
-11498
-5034
11924
11801
-4360
-10578
1471
11383
3610
-8300
-3428
10654
9422
-6863
-11971
2116
12876
5363
-8284
-8460
3392
7610
-1564
-7283
481
7319
541
-8955
-5869
4970
7760
-1688
-8893
-3009
5671
3107
-4792
-4537
3220
5517
-1299
-6571
-1970
6002
5173
-3011
-5737
411
4888
1561
-3328
-2082
2872
2902
-2366
-4372
-115
3716
254
-5000
-5209
-1026
35
-3370
-5520
-238
3340
-4511
-13139
-9223
5639
10295
-4111
-18806
-11941
7701
11792
-6301
-18035
-5234
11876
7288
-12547
-17049
2469
17242
4764
-15332
-13127
6697
13687
-345
-10440
-1261
11012
4866
-9732
-7079
9993
13714
-1915
-12503
-2340
11967
7938
-6635
-7434
7036
12159
-1926
-12597
-2009
12885
9627
-6302
-11012
1195
9948
2388
-7156
-2564
7129
4528
-6758
-7906
3123
9984
2041
-8705
-6064
4515
6058
-2132
-5803
462
5931
664
-6399
-3592
5441
6999
-1504
-6797
-1420
5377
3954
-2578
-3794
1664
4201
-608
-4580
-1405
3435
2184
-3228
-5090
-2050
848
-1680
-5033
-1191
4385
-30
-10639
-12671
-435
12071
6183
-12731
-18978
-2329
14222
6032
-13190
-14600
3166
13356
-484
-17921
-10364
12555
15502
-5463
-18113
-4811
12992
9976
-5966
-8795
5291
11322
-2141
-11087
1335
15417
8071
-9101
-10205
6088
13932
1517
-10008
-1032
13298
7203
-9404
-9302
7534
15192
2635
-11458
-6348
8255
8853
-3154
-6288
3902
8409
-603
-8231
-2021
9451
9166
-3112
-8401
532
8714
4254
-3384
-2021
4956
5802
-759
-3833
2358
8523
4537
-2685
-2462
3574
6608
3560
-569
160
3703
3327
-543
-864
2952
4227
1217
-2413
-2549
530
2162
-1036
-4352
-2124
4056
4322
-4975
-12410
-5969
9974
12943
-4596
-19616
-10115
11905
15973
-4066
-18702
-5753
15310
12242
-10277
-16560
4127
20480
7595
-14414
-12177
10362
18710
1953
-10875
-273
14208
7978
-7640
-4979
12697
15927
-1758
-12438
1398
17589
9904
-7838
-6547
11031
15502
-1229
-12264
568
17044
11216
-7505
-10825
4928
13817
3599
-7167
-1669
9541
6969
-5052
-6050
6397
12963
3241
-8130
-3828
8983
10397
43
-5275
2043
9364
4923
-3302
-2006
7117
9924
1832
-4889
139
8695
8639
939
-2671
2421
7316
4683
-1012
-629
4881
5736
493
-2731
-148
3772
2868
-2514
-4492
1088
7404
3922
-7117
-11088
-1629
11486
10534
-6230
-17175
-5628
13503
13562
-5809
-16653
-2817
15611
11296
-10189
-15637
4814
20349
7319
-13472
-10906
9971
18136
2928
-10234
-870
14469
9616
-6225
-4900
11951
15885
-57
-10220
1666
16991
10309
-7319
-6332
11983
16755
-693
-12286
344
17353
12353
-6987
-11525
4544
15286
4706
-8259
-3188
9439
8434
-3881
-6829
4329
11619
3269
-7437
-3523
8650
9836
-1052
-5650
2787
10262
4976
-4511
-2998
7136
10313
1896
-4963
313
9105
8388
198
-2577
3580
8557
4505
-2062
-706
5618
6446
-261
-3820
1121
5869
2520
-4074
-4526
665
3683
1693
-1571
-3568
-4788
-4001
1161
6196
1776
-9228
-10894
1645
11232
3063
-11231
-9512
6650
12588
-2118
-14818
-4072
14801
12496
-7262
-14328
1078
15088
7305
-7959
-5903
8872
10726
-2970
-7790
5150
14373
4996
-7520
-3260
10487
11026
-2160
-6303
5926
13529
2667
-9326
-2973
11985
12328
-2185
-9381
764
11203
5893
-4936
-3471
6185
7314
-1621
-6105
912
8458
4671
-4382
-4505
3769
7029
1059
-3772
177
6217
4750
-1724
-2814
3441
7174
2721
-2882
-1527
4337
5684
1326
-1543
1097
4554
3049
-623
-459
3291
4185
486
-2380
-218
3727
2899
-1911
-3794
-819
724
-1079
-829
1763
-291
-7347
-8953
604
9719
3361
-12288
-14728
1838
13800
2308
-15661
-12801
7093
14329
-2536
-17661
-6896
14132
13481
-6839
-15203
200
14701
7298
-8406
-6938
8647
12239
-2446
-10433
2068
14823
7657
-7409
-6726
7685
12438
185
-7962
1809
12916
5831
-8329
-6813
7927
13116
1491
-9065
-3267
8322
7395
-2630
-4958
3207
6789
-77
-5972
-1382
6389
5127
-3422
-5848
1333
6160
1757
-4718
-2774
4286
5406
-856
-4777
-374
5570
4402
-1743
-3436
1129
4961
2762
-1856
-1729
2372
3837
652
-1994
-183
2917
2298
-1161
-2242
535
1983
-712
-3767
-2758
-291
-1047
-3820
-2604
2679
2104
-6931
-11839
-2472
10227
7047
-10170
-17718
-3593
12972
7256
-12739
-16595
1761
14166
1500
-16884
-12449
9118
15237
-3054
-17031
-6058
11970
9555
-7037
-10312
3877
11253
-741
-11472
-1964
13100
9327
-7173
-10151
4961
13311
1499
-10351
-2422
12105
8592
-8154
-11088
4748
14520
3372
-10945
-6999
7670
9541
-2729
-8360
621
8386
2036
-7401
-4889
5395
7088
-1883
-7264
-1208
5791
2924
-3828
-3656
2587
4390
-1079
-4628
-243
5308
3698
-2301
-3757
1304
5489
3556
-996
-1632
1979
4008
2008
-246
460
2259
1901
-97
-697
612
1798
1032
-982
-1858
-1063
-824
-2015
-2619
-987
1877
146
-6467
-10206
-4380
5821
6361
-5520
-14757
-7943
6448
8657
-4466
-13143
-4267
8439
5562
-8792
-12143
2006
13257
4929
-10175
-9918
4978
12070
2299
-6909
-1621
7908
5200
-4873
-3957
8036
11712
641
-8058
-495
11409
8799
-3206
-4782
6155
11198
1175
-8026
-963
11973
10953
-2443
-8211
1351
10571
6006
-3345
-2912
5155
6421
-1495
-5155
1733
8222
3990
-4706
-4650
3859
7892
2273
-3842
-1066
5832
5607
-1162
-3348
2659
7764
3981
-3143
-2760
4401
7897
3079
-2387
-521
5073
5158
354
-1437
2173
4925
1441
-2861
-1012
3940
4217
-958
-4213
-1103
2479
552
-4362
-4492
1789
5402
-820
-10432
-10374
1281
10515
3819
-11007
-14375
-1416
10929
5305
-9713
-12214
1460
11255
2011
-12128
-8862
8048
13875
-9
-13149
-6257
9872
11605
-1384
-7545
1653
9681
2925
-6327
-1528
10451
9880
-3238
-8213
2920
12295
5607
-5114
-2367
8905
9419
-2406
-7488
3057
13157
7203
-6041
-6792
4922
10487
2823
-4590
-360
6639
3811
-4206
-3443
5298
7905
-138
-6610
-1652
6664
6083
-1520
-3635
2734
6981
2583
-3353
-1023
6216
7091
457
-3832
268
6497
6179
665
-1603
1790
4752
2851
-91
1191
4202
3113
-1056
-1534
2840
5276
1285
-3379
-1633
3326
3105
-2571
-5296
-1679
2697
2593
-1643
-4747
-4709
-2574
657
3401
1687
-5178
-9241
-3059
6735
5849
-4852
-9610
-847
8925
4465
-7478
-7602
5776
12800
2388
-9715
-5285
8882
12258
1169
-6551
315
9298
5768
-2946
-1189
8200
9278
-100
-4852
2630
10382
6078
-2708
-995
7877
8138
-1290
-4549
4285
11698
5660
-4856
-4252
5676
9468
2302
-3555
531
6650
3816
-3233
-2879
5005
8382
1422
-5528
-1943
6426
6904
-446
-3685
1665
6358
2935
-2413
-746
5626
6464
126
-3595
693
6447
5267
-485
-2003
2558
5389
2257
-1061
749
4593
3612
-813
-1959
1870
4497
1648
-2418
-2048
1189
1921
-648
-2893
-1639
-308
-1487
-1947
225
896
-3789
-8245
-4077
5473
6505
-4529
-13511
-6269
8315
8599
-6115
-13792
-2540
11038
6465
-9319
-11651
3783
14123
3753
-11160
-7768
8071
12473
472
-8314
-589
10498
6733
-4937
-4488
7426
11417
1137
-6326
720
10384
7232
-2960
-3216
6798
10238
559
-6714
246
10844
8575
-3404
-6931
2073
8974
3753
-4284
-2451
5214
5653
-1728
-4551
1744
7279
2957
-4658
-3932
3454
6036
305
-4415
-858
4899
3471
-2762
-3725
2384
6450
2239
-3872
-2782
3473
5610
1065
-2395
498
4535
3325
-676
-709
3319
4462
408
-2560
-58
4327
3371
-1742
-3285
494
3197
189
-3664
-3062
-15
70
-3092
-2442
1497
1555
-5132
-9630
-3213
6870
5750
-6875
-13662
-4433
8951
6813
-7559
-12508
-1002
10161
4112
-9814
-10443
3714
11848
1908
-10473
-6749
6608
9480
-537
-6613
443
8457
4125
-4578
-2317
7663
9143
-71
-4984
2166
9674
5766
-2749
-1589
7670
9117
-690
-6258
1680
11311
7670
-4022
-6546
2762
8973
3144
-4855
-2765
4628
4548
-2936
-5934
392
6096
1986
-5926
-5720
1643
4480
-941
-5272
-2083
2944
2043
-2932
-3559
1327
4429
1069
-3466
-2238
2804
4260
401
-2537
-126
3475
2687
-845
-1221
2283
4037
1129
-2159
-840
2783
3146
-197
-2151
-562
1475
596
-2002
-2356
-962
-948
-3073
-4079
-1620
1278
-69
-5507
-8520
-4406
2445
3315
-3538
-9863
-7241
1535
4492
-2627
-9228
-5090
4404
5247
-4440
-10148
-2514
8021
6238
-5042
-9000
-92
8349
4938
-3728
-3661
4382
6824
-219
-4300
2111
9238
5699
-3154
-3402
4858
8685
2275
-3291
1233
7689
4662
-3439
-3255
5393
9149
1751
-5760
-2460
5780
5716
-2094
-4638
1376
5131
401
-5400
-3241
3601
4440
-1941
-5618
-1576
3010
1119
-3110
-2557
1269
1646
-1947
-3501
-95
3265
1228
-2817
-2511
1486
2802
-86
-1753
523
2906
1502
-1315
-875
2306
3537
758
-1845
-319
2720
2741
-76
-1308
299
1786
508
-1529
-1241
658
622
-2156
-3426
-2419
-1587
-633
-243
-1762
-4606
-6452
-3750
1563
2728
-3099
-9165
-6902
1400
3628
-2775
-7919
-4490
2945
3293
-4549
-8461
-1617
6530
4324
-4454
-6625
249
6161
3925
-1847
-1626
3477
4016
-487
-1345
3382
6408
2996
-1828
-651
4303
5129
605
-1324
3000
5691
1384
-3638
-1816
4332
6051
453
-4658
-2271
3021
3269
-1226
-2672
435
1813
-1004
-3896
-2025
2114
1879
-2751
-4651
-1546
1408
-214
-3353
-2840
187
905
-2153
-4529
-1877
2217
1625
-2316
-3598
-484
2570
1338
-1829
-2160
416
1776
-38
-1380
348
2146
1192
-929
-1143
958
2212
661
-1243
-813
643
448
-1197
-1429
-277
231
-1299
-3568
-3265
-1585
-1491
-1373
-1052
-2340
-5333
-6947
-3448
1661
1507
-4891
-9928
-6070
2137
2138
-5251
-8287
-2928
3311
628
-7518
-8106
1078
7005
849
-8113
-6808
1977
5956
847
-4886
-2167
4131
2963
-3025
-3018
3116
6060
1314
-3699
-1756
3875
4345
-642
-2133
2366
4093
-784
-4048
-558
4986
4304
-2199
-5326
-1057
3240
1163
-2883
-2263
825
158
-3497
-4716
-1245
2077
-199
-5038
-5291
-1539
201
-1960
-4146
-2936
-750
-1442
-3786
-4116
-1248
690
-1291
-3580
-2707
-200
211
-1393
-1941
-411
517
-553
-1371
-147
1917
1540
-463
-872
481
1518
794
-167
161
850
568
-496
-757
328
625
-1324
-2619
-1891
-899
-1598
-3938
-4963
-2147
952
-846
-6683
-9646
-4786
2201
2519
-5294
-12274
-8571
1407
3373
-4765
-10954
-6489
2441
2527
-6511
-10430
-2540
5978
2716
-7094
-8691
-325
5934
2404
-4399
-3030
3755
3922
-2022
-2934
3391
6899
1685
-4204
-1808
5223
6000
-818
-3584
2482
6538
1088
-5242
-2579
5231
6459
-1085
-6501
-2492
4196
3328
-2826
-4160
57
1631
-2318
-5598
-2590
2628
1539
-4767
-7010
-2380
1743
-613
-4841
-4287
-390
472
-2595
-4514
-1706
1891
433
-3210
-3360
238
2415
759
-1434
-534
1758
1862
-113
-943
1059
2401
976
-914
-519
1834
2451
397
-987
83
1561
637
-1551
-1365
691
651
-1958
-3426
-2148
-701
-2028
-4629
-5148
-2819
-336
-1744
-5810
-8675
-6707
-1183
1274
-3313
-10141
-10201
-2600
2885
-1516
-9253
-9064
-1025
3522
-2619
-10110
-6726
3100
4778
-3844
-9293
-3548
4586
3718
-3391
-4979
1143
4299
-776
-4338
341
5955
3303
-3491
-3851
2632
5534
78
-4276
156
5988
2753
-4671
-4438
3169
6442
73
-6715
-4129
3124
3489
-2714
-5172
-722
2195
-1600
-5844
-3925
1263
1424
-4128
-6848
-2712
1257
-1023
-5255
-4700
-603
575
-3049
-5273
-2180
1408
339
-3726
-4167
-264
2469
477
-2923
-2591
1241
2469
-567
-2400
-52
3033
2075
-1497
-1856
1455
3231
817
-2123
-1278
1656
1791
-1158
-2982
-1082
1267
-630
-4281
-3894
-704
-459
-4102
-7129
-5673
-1566
-126
-3723
-8046
-8575
-5439
-2017
-1428
-4926
-9309
-8618
-3234
-404
-3928
-8520
-7222
-1432
459
-5007
-9448
-5286
1951
2222
-4031
-7392
-3515
2154
1997
-2548
-3023
1444
2578
-1540
-2956
1646
5057
2128
-2494
-1825
3270
4766
126
-2607
1578
5336
1802
-3786
-2796
3231
5110
-115
-4835
-2696
2064
1538
-2833
-3629
-512
440
-2807
-5283
-3493
27
-137
-3959
-5846
-3270
-746
-2213
-4777
-4359
-1976
-1279
-3430
-5010
-2717
-96
-1498
-4409
-3981
-490
1260
-906
-3439
-2303
1352
2183
-1002
-2538
466
3168
2068
-699
-1098
1448
2853
1070
-877
-124
1573
1124
-465
-833
-46
15
-1450
-2611
-1816
-849
-2021
-4420
-5370
-4416
-4130
-5310
-5793
-4286
-3387
-5927
-9546
-8619
-3086
-727
-5471
-11108
-9660
-2618
-91
-5613
-10051
-6076
619
-6
-7191
-9381
-2135
4445
1336
-6296
-6648
543
4602
614
-3710
-1043
4027
2926
-2375
-2203
3642
6065
1252
-3052
-126
4718
3556
-1382
-1881
3065
5073
-72
-4601
-1743
3721
3390
-2174
-4864
-1542
1557
-522
-3905
-2991
-79
-907
-4375
-5397
-2471
-235
-2032
-5085
-5044
-2471
-1700
-3639
-4719
-3085
-1342
-2085
-4103
-4474
-2057
-234
-1668
-3818
-3682
-1188
293
-741
-2290
-1865
-154
558
-574
-1386
-284
750
435
-764
-1006
281
749
-582
-1606
-882
-240
-894
-1769
-1770
-1560
-1911
-2776
-3421
-2844
-2438
-3429
-4715
-4934
-4783
-5190
-5689
-6236
-6868
-6211
-3964
-4065
-7511
-10712
-8885
-2772
-388
-5929
-12151
-9665
-1244
1458
-5397
-10969
-6362
1764
1482
-6863
-9709
-1379
5787
1342
-6872
-5963
2437
5492
-454
-4461
298
5924
2595
-4733
-3118
5442
7127
-470
-5387
-469
5898
3422
-3452
-3333
3548
5441
-1724
-7246
-2766
4242
3100
-4024
-6542
-1633
1830
-1456
-5279
-3355
385
-1064
-5702
-5923
-1302
1023
-2347
-6485
-5158
-873
-717
-4315
-5382
-2091
334
-1999
-5494
-4752
-6
2013
-1518
-4847
-3007
1189
1889
-1179
-3205
-1050
1863
1339
-1341
-1555
1147
1947
-222
-1633
-369
1426
966
-886
-1233
110
79
-1877
-2684
-923
179
-1590
-3875
-3774
-1446
-534
-2955
-4983
-3605
-1769
-2946
-5352
-5217
-3363
-3272
-5386
-6123
-3451
-1898
-5355
-9734
-7379
-349
1425
-5651
-11669
-7401
1790
2754
-5924
-10694
-3775
4396
1700
-7389
-8432
835
6747
729
-7105
-4264
4687
5680
-2025
-4999
1414
6467
1386
-5561
-2556
5839
5835
-2621
-5743
727
5760
1171
-5106
-3011
3851
3854
-3654
-6623
-741
4061
272
-5728
-4965
318
1104
-3551
-5826
-2221
833
-2070
-6367
-5380
-1148
-139
-3331
-5669
-3787
-655
-818
-3525
-4214
-1810
-84
-1191
-3200
-2855
-175
575
-1318
-2863
-1441
1092
1103
-1169
-2225
-339
1969
1261
-1290
-1289
972
1829
498
-984
-370
1258
1213
-676
-1405
14
1016
135
-1270
-1397
-615
-292
-1372
-2320
-1378
-683
-1590
-2661
-2396
-2309
-2640
-2778
-3020
-3298
-3542
-3814
-4513
-4454
-2926
-2014
-3477
-6123
-6960
-4274
-631
-915
-5271
-7275
-3735
341
-1103
-5700
-6021
-494
2898
-1637
-7226
-4699
2707
3972
-2199
-5804
-1317
4315
2331
-3348
-2726
3412
4691
-1279
-4982
-465
5137
2969
-3288
-3594
1841
3580
-1530
-4933
-953
3778
1315
-4694
-4890
579
2737
-1433
-4755
-2314
1140
-291
-4208
-4182
-153
1337
-2147
-5148
-2959
997
757
-2979
-4524
-1993
262
-1123
-3642
-3431
-915
32
-1848
-3176
-2002
-528
-541
-1668
-2015
-934
-169
-1068
-1742
-478
911
196
-1279
-1114
204
991
418
-937
-747
721
893
-348
-686
204
709
-45
-1353
-1709
-653
-113
-1511
-2534
-1750
-1048
-1548
-1942
-1933
-1954
-1801
-2036
-2996
-3057
-2113
-2129
-3167
-3813
-4036
-4285
-4182
-3900
-2717
-2128
-4416
-7284
-6676
-2672
-439
-3283
-6970
-6181
-2278
-1115
-4666
-6729
-2730
1248
-1222
-6425
-6284
-631
2236
-1589
-5284
-2815
1562
595
-3634
-3197
2235
4191
-683
-4817
-1480
4352
3496
-1779
-2426
1864
3353
-657
-3524
-354
4139
2820
-2459
-3768
553
3058
286
-2599
-1556
669
12
-2699
-3004
-174
1295
-1165
-4088
-3417
-762
-162
-1859
-3196
-2360
-656
-985
-3220
-3772
-1738
-357
-1427
-3106
-3822
-2714
-883
-1098
-2598
-2674
-1575
-1678
-2562
-2504
-1145
-115
-877
-2638
-2721
-194
825
-1217
-2358
-765
776
70
-1510
-1722
46
1439
5
-1856
-1113
598
598
-676
-1321
-1098
-564
-795
-1646
-1562
-719
-1193
-2735
-3049
-1969
-1572
-2509
-3637
-3965
-3234
-3235
-4674
-5866
-4792
-2808
-2340
-4546
-6721
-6121
-3483
-2157
-4124
-5527
-3623
-2083
-4032
-5923
-3695
423
397
-3849
-5933
-2611
1331
324
-3570
-2885
1893
2864
-1451
-3726
464
5155
3560
-1476
-2122
2254
4437
1380
-821
2245
5164
2645
-1423
-763
3418
4564
1043
-1595
245
2623
930
-1745
-633
2097
1508
-1791
-3153
-1229
767
-226
-2625
-3089
-1523
-668
-1930
-3119
-2408
-1130
-1176
-2688
-3765
-2795
-1103
-1210
-2470
-3099
-2345
-986
-1339
-2551
-2339
-557
338
-1248
-2822
-1754
510
912
-866
-1826
-124
1699
852
-823
-354
1508
1791
-38
-1044
247
1685
1167
-418
-630
549
941
435
-279
-440
178
178
-760
-1085
-343
-117
-1029
-1816
-1561
-1025
-985
-1486
-2220
-2159
-1511
-1997
-3155
-3548
-3247
-3365
-3839
-4341
-3780
-2836
-4395
-6410
-4263
-737
-1596
-6775
-7854
-1592
3356
-943
-8930
-7977
2089
6434
-1957
-9424
-3953
6189
5565
-4459
-7079
2189
8584
2064
-6116
-2218
7237
6809
-1729
-3813
3363
7846
2314
-4173
-829
6485
5487
-2122
-4100
2313
6232
1540
-4227
-2416
3454
3658
-2494
-4997
-329
3277
225
-4646
-3991
559
1538
-2663
-5604
-3066
739
-260
-4415
-5099
-1613
936
-952
-4423
-3771
401
1767
-1509
-3977
-1575
1972
1372
-2255
-3120
350
3102
851
-2371
-1098
2390
2810
-227
-1852
593
3083
1622
-1305
-1019
1996
2801
323
-1291
321
2303
1489
-907
-1448
355
1531
325
-1310
-758
1050
1154
-633
-1475
-132
723
-356
-1577
-1237
-341
-397
-1455
-2057
-1278
-598
-1153
-2159
-2252
-1598
-1490
-2406
-3198
-3122
-2511
-2825
-3792
-3160
-2353
-3301
-5449
-4482
-703
-130
-4572
-8170
-4501
2111
2093
-5116
-8501
-2502
4144
1838
-5514
-5957
1144
4935
6
-5404
-2021
4742
4500
-1359
-2648
2546
5730
2080
-1937
734
5650
4692
-751
-1816
3177
5861
2177
-1655
144
3729
3394
-350
-1511
1423
3172
629
-2304
-1356
1252
1295
-970
-1996
-847
510
-245
-1890
-1977
-243
643
-1006
-2813
-2182
140
721
-1374
-2824
-1231
851
54
-2036
-1770
355
1178
-486
-1908
-725
1347
1137
-956
-1187
853
2108
942
-352
392
1984
2263
732
-282
882
2041
1404
42
-49
934
1256
449
-292
241
967
481
-445
-370
548
558
-263
-695
-207
302
-171
-976
-807
14
69
-805
-1567
-1393
-829
-629
-1221
-1988
-1819
-1440
-1860
-2279
-2427
-2449
-2658
-3275
-3831
-3413
-2320
-2813
-4231
-4512
-3063
-1961
-1684
-2520
-3988
-4223
-2674
-851
-414
-1604
-3062
-2573
-169
825
-665
-1414
75
1127
925
351
209
1453
2665
2093
1163
1863
2403
1809
1655
2387
3041
2879
1874
678
1375
3125
2905
1219
630
1061
1426
1423
780
410
989
1379
184
-660
62
506
25
-464
-591
-567
-417
-818
-1324
-759
-116
-890
-2125
-1896
-630
25
-574
-1845
-1676
-99
415
-721
-1322
-249
1067
963
-95
-108
767
1395
919
313
1080
2012
1435
270
334
1548
1994
1103
361
546
1305
1623
613
-108
568
1265
1117
236
-75
677
1274
594
-479
-493
256
207
-465
-661
-628
-349
-262
-806
-1216
-818
-742
-1106
-1302
-1249
-1358
-1578
-1510
-1533
-1540
-1564
-1733
-1973
-1924
-1787
-2128
-2117
-2135
-2349
-2186
-2315
-2552
-2672
-1964
-1558
-1887
-2612
-2316
-1190
-821
-1423
-2181
-1302
88
132
-990
-1370
-62
1139
889
-53
170
1570
2242
1350
658
1404
2406
1974
1227
1271
2118
2395
1812
1350
1729
2147
1697
953
1034
1886
1901
938
175
783
1825
1532
206
-387
368
1078
460
-783
-863
104
578
-202
-1098
-869
67
202
-476
-610
211
788
332
-311
-61
952
1128
319
78
843
1483
1375
948
974
1212
1323
1261
1138
1142
1041
1092
1300
1408
1280
1277
1262
1190
1151
1132
1198
1269
1092
967
1130
1243
1144
838
728
987
1273
954
417
285
750
984
394
93
457
784
401
-245
-143
486
537
-112
-450
41
365
16
-509
-503
-277
-166
-366
-664
-709
-705
-880
-1167
-1290
-849
-522
-751
-1208
-867
-217
-395
-512
-504
-373
-316
-36
35
-700
-1118
-855
210
1503
1529
-406
-1594
-12
2134
2276
714
85
757
1463
1717
1624
1974
1961
1132
1061
2132
2725
2096
1228
1268
2307
3037
2289
807
813
2468
3200
2133
870
915
1849
1987
1060
560
692
709
531
623
1004
1243
763
-59
160
827
952
540
316
433
620
883
777
367
539
1247
1482
1021
646
723
865
1033
1035
802
561
728
824
889
1006
978
1009
980
763
967
1186
737
558
743
759
695
953
702
237
571
879
491
0
-65
-3
271
214
-338
-605
-191
135
-219
-450
-289
-101
82
37
-296
-288
30
202
141
56
198
400
464
378
15
-36
321
282
-209
-88
240
235
189
-10
-63
122
249
100
336
306
-391
-674
-24
835
521
-142
-487
-505
-409
-228
206
469
305
-721
-1200
-381
851
1049
202
-454
-145
736
890
287
150
543
498
215
432
833
856
646
605
896
1310
1284
612
464
1422
1860
1255
628
753
1400
1990
1794
1038
992
1398
1349
1147
1520
1592
1248
1155
1381
1580
1502
974
563
1004
1429
1202
776
752
728
667
911
878
674
671
865
1058
1166
819
504
825
1466
1540
944
609
696
1067
1337
1060
774
1096
1415
1214
822
1228
1908
1660
857
695
1347
1773
1416
875
1098
1516
1328
813
754
1085
1192
884
520
418
724
931
593
195
382
651
496
-16
-154
162
-20
-198
1
235
266
167
205
440
650
316
54
380
705
833
1016
1171
946
713
799
1178
1661
1638
991
728
1277
1516
1052
852
949
1408
1875
1595
1176
1379
1844
1834
1603
1280
1299
1638
1674
1144
1123
2110
2297
1300
876
1267
1675
1678
1227
830
883
1350
1396
948
806
916
987
959
717
537
1047
1415
1189
873
1094
1471
1452
1280
1079
1194
1385
1230
816
988
1527
1598
1261
1135
1291
1336
1212
1149
1329
1633
1553
1225
1362
1838
1813
1417
1346
1610
1671
1412
1437
1670
1836
1529
1283
1670
1885
1446
1095
1363
1804
1653
1191
874
1049
1639
1677
954
475
855
1214
770
198
233
629
517
-27
-191
271
465
-94
-538
-228
286
71
-377
-413
-24
190
77
-137
-26
76
-128
-167
-171
-308
-401
-505
-314
-7
255
279
48
76
552
960
857
448
241
436
800
683
462
569
540
416
438
846
1034
649
195
338
869
897
380
253
881
1211
873
618
474
764
1172
742
116
184
461
449
189
315
670
698
524
147
351
786
678
313
321
545
642
473
207
349
644
877
622
264
658
1095
894
861
1053
1010
716
415
651
1376
1404
811
714
1383
1698
1575
1524
1272
1179
1578
1839
1229
523
737
1427
1444
937
876
1220
1192
891
641
808
976
713
468
530
537
579
468
198
418
839
839
255
-43
456
794
595
400
527
812
626
63
-43
485
660
626
541
300
254
686
895
615
626
822
757
472
457
655
897
890
890
1098
1228
1375
1441
1329
1360
1759
1839
1460
1260
1562
1922
1854
1557
1286
1422
1894
1933
1462
1293
1538
1652
1456
1161
1409
2016
2124
1435
1184
1744
1720
1215
1209
1669
1602
1062
1125
1627
1536
1148
954
1246
1454
1106
891
1278
1542
1194
1136
1300
1569
1664
1486
1380
1621
2079
2035
1695
1681
1997
2009
1997
2040
1939
1958
2101
1987
1775
1942
1900
1717
1871
2054
2003
1787
1599
1656
1802
1463
1177
1548
1949
1637
1243
1515
1707
1214
863
1316
1541
1308
933
725
1005
1244
922
369
353
656
784
857
677
326
408
690
649
173
163
705
887
539
492
873
939
725
773
976
956
900
843
967
1079
1065
1139
1237
1151
1179
1445
1352
1052
1277
1578
1324
1342
1725
1738
1494
1477
1519
1570
1511
1391
1346
1396
1230
941
998
878
655
1111
1201
509
202
497
547
445
104
-269
-203
227
468
280
-14
-38
406
698
232
-425
-103
556
598
285
208
350
791
1214
1210
985
861
930
1171
1519
1576
1290
1174
1212
1423
1726
1693
1342
1133
1537
1783
1625
1338
1252
1360
1555
1479
1359
1415
1107
876
1004
1107
1012
717
462
560
771
756
608
442
302
159
107
209
89
-371
-638
-168
394
343
-399
-798
-124
367
88
-210
-67
270
203
-120
-37
513
635
437
739
1017
802
895
1150
939
862
1286
1519
1233
1211
1452
1519
1402
1389
1234
1102
1096
1219
1514
1273
733
690
1118
1419
1256
890
543
558
819
676
327
300
474
335
142
221
108
-26
-153
-240
-183
-234
-460
-590
-290
-102
-288
-362
-345
-164
32
58
130
218
305
473
563
682
655
689
1106
1029
572
568
1002
1243
1237
1295
1211
916
915
1203
1150
758
792
1073
936
545
634
979
784
469
611
771
486
343
437
253
83
133
273
124
-341
-575
-225
-241
-677
-556
-92
-85
-402
-639
-723
-546
-207
-207
-734
-944
-453
-9
-194
-777
-845
-252
-41
-307
-396
-281
-391
-324
-60
-78
-243
-185
-38
-122
-152
-156
-174
-397
-657
-531
-300
-417
-750
-836
-651
-403
-272
-487
-978
-1240
-816
-423
-577
-903
-1055
-1008
-976
-956
-842
-677
-967
-1631
-1794
-984
-521
-802
-1356
-1604
-1000
-707
-1165
-1513
-1146
-849
-991
-976
-1033
-1079
-1036
-936
-705
-611
-738
-1048
-1160
-795
-487
-509
-848
-1159
-820
-352
-412
-624
-534
-452
-579
-596
-576
-544
-530
-704
-877
-849
-851
-870
-685
-604
-836
-674
-358
-444
-657
-809
-730
-714
-706
-581
-281
-388
-953
-1032
-586
-465
-953
-1076
-781
-497
-420
-582
-866
-987
-528
-231
-693
-1078
-909
-455
-283
-438
-564
-626
-679
-781
-717
-534
-570
-723
-614
-572
-630
-635
-699
-890
-821
-437
-553
-1015
-1219
-1002
-652
-764
-1371
-1472
-1032
-769
-852
-998
-1256
-1457
-1349
-1515
-1603
-1324
-1261
-1425
-1519
-1331
-1121
-1260
-1625
-1599
-1129
-875
-983
-1363
-1380
-1163
-970
-833
-1047
-1202
-1180
-1335
-1409
-1216
-1000
-910
-1034
-1024
-933
-1087
-1337
-1333
-1452
-1662
-1365
-967
-1038
-1341
-1457
-1314
-1208
-1399
-1501
-1360
-1633
-2080
-1855
-1261
-1374
-1834
-1747
-1618
-1803
-1790
-1579
-1449
-1543
-1751
-1739
-1573
-1840
-2166
-1901
-1468
-1424
-1676
-1655
-1658
-1877
-1688
-1210
-996
-1321
-1586
-1312
-1003
-919
-1030
-1094
-972
-1093
-1005
-679
-627
-893
-855
-522
-541
-911
-987
-823
-853
-911
-945
-822
-730
-854
-822
-587
-588
-935
-1250
-984
-550
-700
-1136
-1301
-1097
-771
-670
-847
-814
-606
-529
-586
-635
-515
-531
-625
-744
-902
-683
-307
-463
-730
-509
-119
-13
-206
-500
-457
-40
-39
-366
-589
-636
-485
-599
-838
-921
-658
-480
-709
-995
-948
-618
-468
-629
-560
-302
-338
-420
-504
-532
-507
-470
-747
-855
-533
-401
-531
-689
-807
-665
-475
-502
-562
-824
-793
-362
-456
-1123
-1066
-446
-460
-841
-952
-722
-503
-518
-512
-413
-496
-482
-463
-673
-570
-127
-71
-374
-368
-277
-292
-456
-530
-689
-705
-507
-464
-698
-813
-663
-499
-468
-483
-171
-198
-775
-891
-330
-351
-722
-795
-526
-133
-103
-213
-455
-254
14
-290
-360
-105
-71
-268
-343
-206
-122
-226
-192
-10
-19
-253
-229
-99
-75
-100
-237
-249
-243
-98
112
-20
-388
-318
138
86
-486
-631
-212
-227
-637
-562
-71
133
-179
-572
-539
0
390
65
-555
-603
114
473
28
-317
-131
157
217
212
242
323
108
-182
-189
320
582
-74
-586
-324
280
429
27
-598
-547
-9
194
-245
-474
-292
-371
-611
-631
-220
-337
-775
-656
-368
-615
-706
-241
-340
-850
-723
-252
-255
-541
-872
-1018
-795
-422
-184
-390
-1031
-1210
-627
-370
-797
-1085
-886
-730
-620
-412
-438
-686
-812
-602
-355
-265
-330
-573
-834
-653
-162
-6
-333
-738
-739
-542
-426
-496
-804
-1299
-1279
-840
-883
-1104
-927
-833
-1125
-1092
-719
-492
-900
-1410
-1381
-1205
-918
-1075
-1387
-1211
-908
-837
-1129
-1530
-1414
-1269
-1487
-1431
-1142
-1214
-1514
-1605
-1587
-1380
-1297
-1674
-1760
-1569
-1669
-1585
-1176
-1174
-1530
-1619
-1472
-1200
-517
-244
-679
-1281
-1336
-1097
-1041
-1143
-1430
-1464
-1175
-851
-915
-1256
-1576
-1476
-1321
-1467
-1513
-1575
-1785
-1973
-2003
-1479
-873
-1249
-2022
-1887
-1285
-1114
-1323
-1681
-1930
-1804
-1394
-1488
-1844
-1997
-1954
-1723
-1609
-1692
-1866
-1896
-1905
-2092
-2083
-1982
-1979
-1800
-1831
-2003
-1703
-1402
-1671
-1974
-1877
-1607
-1609
-1897
-2244
-2075
-1808
-1921
-2085
-2207
-2002
-1690
-1873
-2034
-1879
-1735
-1637
-1674
-1903
-1909
-1394
-1311
-1643
-1740
-1434
-1456
-1696
-1628
-1494
-1673
-1878
-1878
-1733
-1693
-1840
-1993
-1930
-1868
-2040
-2034
-1951
-2069
-2188
-2018
-2019
-2129
-2045
-1984
-1903
-1736
-1798
-2002
-1905
-1670
-1875
-2064
-1899
-1638
-1638
-1891
-2059
-1932
-1698
-1772
-2079
-2038
-1846
-1738
-1783
-1994
-1986
-1773
-1805
-2048
-1777
-1554
-1961
-2187
-1792
-1450
-1574
-1858
-2126
-2088
-1780
-1696
-1951
-2167
-2055
-1786
-1829
-2009
-2024
-2149
-2263
-2037
-1697
-1766
-2131
-2149
-1968
-2119
-2216
-1842
-1604
-2116
-2459
-1893
-1258
-1496
-1928
-1932
-1614
-1528
-1586
-1581
-1740
-1790
-1583
-1482
-1792
-2081
-1806
-1597
-1883
-1959
-1723
-1643
-1877
-1988
-1758
-1496
-1509
-1706
-1928
-1926
-1644
-1390
-1659
-2181
-2034
-1525
-1539
-1766
-1718
-1630
-1569
-1708
-1946
-2002
-1731
-1640
-2111
-2438
-2131
-1703
-1616
-1883
-1888
-1702
-1504
-1465
-1494
-1573
-1624
-1523
-1631
-1513
-1215
-1092
-1185
-1454
-1610
-1258
-929
-1248
-1517
-1386
-1420
-1425
-1360
-1429
-1585
-1614
-1545
-1533
-1507
-1608
-1789
-1707
-1468
-1534
-1611
-1586
-1822
-2242
-2192
-1830
-1876
-2396
-2622
-2185
-2021
-2434
-2712
-2276
-1851
-2120
-2351
-2153
-1984
-2204
-2439
-2609
-2463
-2276
-2358
-2404
-2208
-2004
-2094
-2090
-1815
-1496
-1548
-1641
-1683
-1672
-1670
-1755
-1509
-1399
-1697
-1829
-1468
-1357
-1477
-1494
-1627
-1679
-1601
-1540
-1755
-1854
-1804
-1510
-1327
-1471
-1595
-1549
-1504
-1889
-1990
-1805
-1794
-1947
-2175
-2180
-2016
-1965
-2051
-2055
-2007
-2123
-2080
-1901
-1933
-2080
-1975
-1809
-1757
-1837
-1809
-1649
-1598
-1567
-1557
-1286
-1007
-1175
-1324
-1124
-1112
-1317
-1330
-1093
-992
-1090
-1200
-1265
-1031
-649
-661
-835
-827
-671
-453
-397
-645
-813
-714
-654
-697
-870
-1002
-1072
-997
-1020
-966
-885
-642
-712
-1043
-1227
-1219
-1351
-1422
-1140
-1234
-1511
-1416
-1077
-1046
-1185
-1261
-1118
-967
-768
-825
-940
-1093
-1315
-1282
-1075
-1112
-1195
-1213
-1308
-1101
-900
-936
-1043
-955
-818
-604
-465
-649
-825
-909
-843
-779
-660
-541
-502
-555
-662
-732
-806
-737
-737
-820
-801
-837
-806
-688
-675
-847
-1053
-1233
-1305
-1192
-1162
-979
-1088
-1500
-1345
-912
-957
-1136
-1005
-939
-1033
-1124
-1217
-1199
-1112
-1112
-1122
-1180
-1107
-981
-1109
-1267
-1233
-1125
-1153
-1323
-1532
-1426
-858
-649
-994
-1346
-1194
-1002
-999
-1125
-1153
-936
-948
-1080
-1021
-800
-660
-905
-1027
-509
-189
-303
-592
-802
-639
-327
-382
-752
-765
-369
-354
-478
-232
63
-27
-398
-461
-272
-286
-500
-570
-526
-464
-506
-536
-613
-568
-366
-335
-504
-598
-516
-510
-639
-865
-932
-817
-603
-582
-616
-486
-281
-290
-457
-535
-370
-244
-539
-565
-270
-174
-327
-369
-48
50
-192
-174
-75
-294
-493
-380
-177
-362
-492
-359
-99
52
-82
-72
-47
-132
-232
-252
-219
-224
-219
-209
-185
-189
-301
-258
-78
-88
-278
-254
-169
-231
-385
-416
-266
-184
-274
-528
-539
-346
-139
-269
-464
-352
-267
-234
-359
-510
-376
-408
-438
-285
103
403
212
-64
30
363
330
-76
-228
124
333
156
26
207
434
378
138
84
264
305
184
107
169
134
50
-17
-57
23
113
101
-118
-209
-182
-271
-348
-370
-302
-129
-231
-273
-61
31
-340
-467
-219
-108
-225
-481
-691
-661
-417
-607
-734
-693
-473
-362
-373
-229
-319
-437
-440
-514
-529
-385
-291
-333
-454
-572
-503
-396
-426
-353
-231
-265
-380
-415
-498
-503
-459
-465
-596
-680
-654
-614
-553
-643
-756
-663
-700
-913
-821
-637
-694
-923
-1039
-1061
-923
-857
-842
-1008
-1244
-1189
-917
-652
-787
-963
-927
-1000
-1069
-1215
-1120
-897
-759
-822
-955
-817
-664
-726
-768
-625
-639
-709
-867
-934
-771
-752
-1068
-1168
-882
-635
-785
-974
-986
-928
-757
-944
-1139
-1132
-1108
-1036
-908
-931
-1063
-1139
-1076
-962
-983
-881
-697
-641
-838
-1053
-919
-796
-839
-888
-904
-1101
-1310
-1308
-1276
-1268
-1453
-1636
-1701
-1689
-1591
-1606
-1840
-1803
-1597
-1539
-1525
-1544
-1436
-1332
-1421
-1519
-1548
-1482
-1493
-1536
-1423
-1358
-1302
-1407
-1541
-1439
-1435
-1635
-1731
-1599
-1537
-1731
-1908
-1952
-1796
-1600
-1560
-1535
-1493
-1369
-1305
-1408
-1586
-1587
-1473
-1347
-1412
-1397
-1243
-1192
-1323
-1501
-1466
-1279
-1352
-1515
-1340
-1199
-1054
-1011
-1260
-1443
-1178
-876
-985
-1348
-1402
-1184
-1178
-1513
-1737
-1448
-1168
-1200
-1182
-990
-822
-833
-973
-1002
-1007
-1140
-1133
-1089
-1094
-1187
-1152
-986
-778
-764
-830
-813
-955
-1020
-878
-753
-866
-1017
-867
-586
-754
-1004
-1022
-810
-722
-934
-973
-683
-531
-566
-467
-331
-225
-222
-378
-358
-395
-439
-357
-275
-265
-442
-473
-360
-247
-181
-374
-473
-462
-309
-214
-201
-192
-155
-98
-110
-38
-151
-313
-310
-90
-30
-274
-433
-416
-231
-130
-286
-445
-395
-309
-311
-540
-857
-500
-77
-130
-373
-461
-329
-282
-236
-13
78
9
-124
-159
-124
-271
-444
-300
-204
-423
-543
-479
-258
-299
-445
-482
-309
-43
-241
-647
-756
-495
-257
-262
-343
-308
-183
-129
-294
-539
-452
-386
-507
-740
-718
-498
-412
-630
-808
-694
-634
-711
-698
-730
-811
-794
-837
-868
-879
-869
-996
-1118
-1224
-910
-743
-935
-1135
-969
-734
-822
-971
-1069
-817
-613
-546
-684
-660
-555
-819
-941
-661
-459
-664
-757
-568
-494
-627
-704
-699
-685
-623
-623
-806
-820
-497
-269
-314
-396
-297
-195
-384
-529
-433
-262
-256
-477
-436
-181
-118
-187
-116
-5
-268
-445
-423
-334
-424
-392
-316
-203
-74
-161
-275
-368
-307
-386
-573
-749
-729
-801
-738
-743
-766
-732
-645
-507
-536
-468
-410
-439
-589
-630
-609
-553
-630
-614
-416
-360
-477
-591
-388
-284
-194
-198
-178
-208
-188
-32
59
178
170
-3
18
170
90
21
63
70
82
119
180
95
3
73
63
-54
-97
-32
83
296
353
250
127
-3
-9
-90
-332
-293
-178
-174
-301
-451
-480
-501
-600
-689
-638
-523
-462
-582
-704
-672
-553
-529
-526
-469
-537
-620
-688
-581
-318
-276
-417
-540
-412
-353
-526
-522
-295
-381
-692
-723
-527
-429
-476
-559
-428
-251
-515
-654
-532
-396
-418
-574
-595
-447
-376
-398
-390
-374
-469
-528
-476
-373
-437
-545
-474
-449
-542
-655
-767
-898
-897
-922
-803
-533
-667
-882
-749
-606
-738
-958
-926
-753
-632
-630
-699
-696
-567
-460
-426
-400
-403
-154
-137
-389
-407
-162
-62
-249
-394
-384
-140
4
-140
-247
-103
7
-45
-140
-142
-38
-24
-37
-39
-45
-91
-293
-397
-254
-205
-309
-314
-374
-388
-272
-195
-272
-386
-290
-343
-401
-411
-388
-445
-599
-796
-856
-844
-936
-1029
-958
-829
-993
-1063
-916
-692
-761
-857
-807
-790
-852
-895
-663
-657
-846
-737
-601
-643
-767
-613
-283
-165
-207
-431
-499
-555
-557
-332
-245
-350
-308
-138
-135
-243
-156
-87
-231
-366
-270
-269
-426
-413
-236
-223
-467
-445
-180
-83
-333
-446
-289
-271
-530
-799
-761
-709
-750
-669
-365
-188
-374
-507
-639
-489
-288
-409
-762
-774
-417
-397
-556
-639
-500
-339
-545
-802
-666
-405
-525
-736
-594
-433
-497
-716
-774
-643
-529
-451
-429
-599
-770
-826
-753
-766
-804
-795
-829
-688
-572
-701
-697
-465
-513
-865
-886
-604
-430
-569
-905
-842
-696
-790
-1220
-1372
-1111
-1053
-1407
-1591
-1300
-1187
-1263
-1380
-1301
-1091
-1136
-1312
-1271
-1160
-1195
-1242
-1189
-1191
-1279
-1217
-1317
-1370
-1168
-1112
-1102
-921
-757
-955
-1061
-898
-797
-843
-794
-665
-678
-880
-990
-1017
-943
-810
-825
-983
-1063
-991
-931
-852
-962
-1027
-1052
-878
-755
-1005
-1197
-1060
-880
-1201
-1456
-1162
-936
-1080
-1236
-1089
-843
-1019
-1243
-1260
-1229
-1144
-1060
-1107
-1208
-1269
-1309
-1287
-1267
-1144
-1013
-1000
-968
-1097
-1225
-1175
-1017
-866
-860
-803
-640
-521
-573
-575
-605
-838
-871
-652
-553
-655
-675
-645
-686
-749
-779
-784
-772
-749
-860
-1069
-1184
-1074
-907
-853
-927
-1032
-1059
-852
-755
-763
-786
-757
-740
-654
-526
-631
-1003
-1008
-736
-681
-820
-828
-626
-370
-377
-712
-926
-662
-359
-537
-708
-495
-54
-90
-445
-415
-100
99
-80
-241
-193
-65
-145
-273
-308
-371
-414
-399
-261
-396
-546
-462
-333
-505
-784
-778
-665
-683
-940
-917
-706
-701
-798
-792
-712
-558
-499
-664
-745
-666
-379
-298
-415
-520
-406
-364
-505
-538
-356
-225
-255
-450
-726
-527
-360
-571
-725
-608
-392
-430
-656
-581
-414
-494
-835
-711
-469
-482
-545
-575
-593
-661
-552
-525
-574
-699
-838
-751
-630
-642
-714
-842
-821
-730
-765
-984
-1178
-945
-537
-395
-424
-494
-580
-562
-577
-666
-584
-683
-827
-722
-507
-554
-657
-640
-731
-698
-792
-844
-832
-712
-541
-635
-793
-627
-345
-417
-559
-447
-143
-159
-433
-497
-266
-209
-415
-420
-356
-311
-254
-113
-215
-395
-432
-293
-42
-39
-212
-344
-244
-243
-314
-215
-83
-291
-575
-442
-248
-134
-38
-92
-271
-161
173
63
-276
-206
63
5
-184
-287
-284
-236
-198
-141
-151
-111
-97
-70
-60
-231
-277
-345
-377
-386
-471
-618
-818
-646
-288
-265
-552
-467
-157
-65
-389
-335
-29
-68
-321
-480
-330
-281
-217
-185
-289
-316
-119
26
-92
-150
-113
-154
-76
-143
-163
-103
-42
-16
34
160
102
75
167
228
-102
-367
-140
178
-39
-453
-509
-301
-202
-494
-489
-186
-91
-398
-498
-264
-229
-353
-439
-411
-265
-15
120
116
1
-59
-2
-26
-51
98
105
-28
52
64
-125
-302
-243
-240
-510
-550
-250
-75
-376
-552
-281
-25
-278
-504
-205
-55
-216
-398
-202
-55
-115
-159
-108
-2
36
-111
-308
-195
2
-196
-668
-586
-324
-411
-584
-237
105
-81
-405
-297
82
156
-59
-193
-117
-97
-273
-147
77
61
36
57
205
310
307
175
216
592
624
339
132
157
414
506
306
-86
-104
221
316
68
-65
83
287
59
-54
252
377
214
112
320
518
653
508
363
440
549
617
588
466
196
306
466
547
753
827
879
792
680
582
517
587
639
506
241
283
571
494
280
282
421
416
265
285
501
392
119
60
169
154
31
116
265
220
68
-143
-326
-258
-98
-73
-152
-103
53
62
47
183
465
481
245
250
406
408
228
99
200
560
688
607
560
728
965
761
435
533
823
834
733
753
718
558
625
945
891
561
712
1033
969
657
668
1039
1223
995
902
1174
1427
1220
1020
1117
1280
1275
1057
934
826
868
913
973
1022
938
969
1145
1209
1076
1100
1058
866
829
1028
1018
806
843
1067
1165
947
767
825
776
782
796
786
736
685
791
795
667
575
771
883
757
801
911
778
620
654
852
1060
971
967
1129
1176
1121
1158
1253
1047
868
1002
1137
923
561
569
675
571
462
562
671
517
482
703
895
852
671
495
543
653
501
370
480
629
584
575
632
710
801
825
584
487
647
699
478
287
474
597
684
497
404
402
457
394
225
308
513
497
327
373
558
542
356
378
517
629
585
505
517
637
643
651
733
747
668
731
714
452
354
393
443
377
324
367
242
168
283
315
321
405
432
334
285
364
267
84
-122
-98
158
342
432
480
396
276
280
120
19
56
213
452
451
264
53
105
342
379
215
343
540
519
460
385
353
222
250
463
656
678
698
874
951
794
632
708
824
676
490
468
516
465
528
535
413
443
571
539
368
293
416
527
431
354
474
568
244
117
143
177
162
46
133
93
5
-11
119
198
162
95
117
174
48
-175
-132
-6
-97
-100
143
387
367
257
391
463
213
5
-70
56
195
167
45
-18
59
193
250
19
-169
26
285
269
134
134
152
126
73
-25
-21
119
81
206
437
381
127
-129
-119
53
-6
-231
-160
72
150
-37
-343
-392
-245
-280
-333
-295
-305
-265
-214
-212
-422
-392
-88
-57
-265
-352
-312
-267
-258
-305
-238
-89
-142
-190
29
161
6
-80
34
45
-59
-58
-34
-89
-291
-330
-238
-332
-305
-288
-270
-122
44
54
-111
-246
-242
-208
-267
-238
86
255
83
14
215
423
320
109
81
155
37
-140
-109
-52
-138
-270
-125
55
93
17
-122
-60
157
225
188
60
-79
-44
45
63
132
150
94
10
59
91
-208
-406
-397
-44
166
13
-250
-88
387
377
-13
-141
160
483
357
-34
-83
225
309
52
-89
75
253
344
557
410
65
-6
113
194
153
29
37
421
554
136
-166
32
224
184
86
69
290
257
-28
-28
375
625
282
42
328
561
273
101
337
435
278
-25
-21
79
43
61
172
285
137
55
138
92
-149
-348
-102
325
475
267
152
309
459
317
164
177
137
38
-52
-4
140
148
175
255
320
432
291
202
208
192
202
171
276
293
298
464
502
340
222
290
405
305
224
277
281
129
-22
13
205
211
-48
-298
-111
176
147
-83
-183
-120
-91
-23
-38
7
-55
-144
-282
-318
-392
-557
-460
-276
-462
-779
-782
-507
-380
-529
-444
-249
-213
-222
-179
-224
-406
-447
-326
-431
-540
-653
-583
-424
-275
-402
-546
-425
-474
-631
-576
-403
-496
-654
-619
-427
-403
-547
-580
-354
-253
-482
-528
-378
-297
-514
-645
-462
-312
-285
-276
-196
2
-197
-457
-357
-205
-183
-373
-476
-445
-413
-501
-405
-267
-224
-172
-232
-244
-120
-327
-403
-311
-252
-225
-233
-231
-115
17
-7
-212
-211
16
121
90
174
325
187
2
102
291
96
-183
-112
212
217
-174
-245
-87
140
121
124
165
97
127
270
401
338
340
529
700
723
750
696
583
477
492
486
465
328
127
60
263
337
144
24
221
351
202
-5
-96
140
209
-2
-73
115
393
445
262
259
422
449
407
264
299
529
579
473
301
425
387
198
263
371
363
258
282
197
190
468
629
473
261
418
690
744
564
544
733
554
407
637
916
734
457
560
932
967
601
498
712
858
711
505
513
627
475
239
353
439
383
326
356
423
489
412
314
307
529
613
421
345
614
758
644
495
429
604
494
261
344
560
609
533
551
817
750
521
645
980
894
654
554
793
798
423
336
461
639
675
374
75
252
610
580
139
6
271
411
229
162
188
207
294
448
420
530
551
504
473
349
374
321
361
313
206
274
263
92
18
81
95
76
107
151
131
-16
-57
94
17
-181
-45
285
480
240
126
443
699
479
167
18
222
328
168
-5
-138
53
147
71
32
50
95
65
-94
-238
-227
-125
-128
-369
-516
-348
-13
57
-116
-278
-315
-97
-42
-223
-376
-300
-142
-188
-219
-175
-90
-209
-425
-311
-170
-256
-363
-343
-387
-632
-869
-779
-585
-558
-798
-880
-613
-255
-250
-385
-269
-237
-352
-293
88
64
-241
-193
-59
-160
-303
-367
-365
-400
-332
-187
-144
-94
-68
-29
13
-66
-329
-282
-38
99
76
-71
-114
82
226
72
-91
-116
53
82
-161
-329
-309
-250
-281
-500
-484
-292
-247
-259
-81
79
-154
-461
-355
95
86
-394
-517
-265
-42
-56
-58
61
186
134
55
8
-52
-107
-99
-162
-238
-178
-316
-435
-386
-363
-293
-195
-124
-112
-239
-248
-286
-243
-93
-38
-49
-35
34
99
85
-150
-319
-229
-277
-410
-330
-99
-147
-390
-529
-604
-616
-818
-909
-729
-577
-730
-870
-704
-554
-615
-712
-621
-603
-671
-714
-699
-663
-734
-855
-831
-724
-755
-818
-854
-902
-816
-886
-882
-764
-808
-763
-684
-603
-662
-616
-656
-734
-800
-682
-702
-822
-885
-794
-674
-707
-788
-806
-514
-358
-579
-935
-956
-993
-991
-857
-907
-1075
-1090
-830
-758
-889
-838
-582
-645
-823
-854
-797
-780
-897
-892
-807
-791
-716
-599
-679
-791
-870
-855
-967
-1082
-1087
-907
-857
-903
-837
-847
-985
-878
-771
-1098
-1303
-1208
-1089
-1164
-1150
-1132
-1041
-1017
-1071
-1118
-1193
-1292
-1434
-1419
-1236
-1207
-1420
-1473
-1222
-1128
-1232
-1396
-1461
-1405
-1410
-1392
-1236
-1159
-1216
-1236
-1178
-998
-910
-966
-1134
-1301
-1324
-1258
-1154
-1122
-1076
-1111
-1209
-1316
-1189
-1088
-1164
-1211
-901
-783
-1056
-1140
-980
-755
-888
-1065
-1028
-940
-1075
-1234
-1202
-1182
-1167
-1058
-910
-976
-1068
-992
-808
-890
-1139
-1163
-1048
-1040
-1084
-1087
-995
-958
-1042
-1113
-1165
-1317
-1401
-1368
-1360
-1471
-1538
-1415
-1287
-1301
-1383
-1464
-1517
-1452
-1447
-1450
-1483
-1544
-1719
-1764
-1627
-1605
-1617
-1577
-1267
-1073
-1309
-1622
-1703
-1366
-1144
-1213
-1315
-1256
-1136
-1156
-1232
-1307
-1264
-1073
-942
-1126
-1177
-1053
-1132
-1363
-1392
-1419
-1547
-1515
-1163
-1191
-1482
-1491
-1336
-1290
-1319
-1108
-935
-896
-966
-1015
-924
-834
-909
-1075
-974
-760
-705
-817
-1090
-1367
-1355
-1179
-1195
-1309
-1511
-1640
-1446
-1199
-1166
-1251
-1164
-988
-967
-1079
-995
-823
-980
-982
-819
-661
-579
-457
-458
-537
-370
-267
-233
-248
-274
-224
-163
-185
-425
-677
-806
-800
-761
-516
-339
-457
-529
-395
-292
-504
-528
-270
-186
-492
-616
-285
-36
-207
-490
-474
-355
-368
-341
-406
-441
-427
-333
-304
-442
-461
-455
-609
-620
-462
-491
-478
-440
-352
-154
-186
-448
-444
-81
5
-367
-555
-151
71
-89
-336
-413
-195
-178
-184
-203
-199
-318
-336
-147
3
-30
2
210
279
92
-32
93
2
-113
-88
-81
-96
-216
-294
-310
-237
-75
-99
-113
-1
72
-134
-398
-288
-135
-6
105
15
-55
-28
-9
19
97
60
-155
-255
-218
-131
71
-45
-237
-225
81
221
-13
-136
58
163
-99
-267
-356
-132
99
31
-177
-292
-33
94
-21
-185
-127
-7
12
-49
-121
98
183
111
134
351
236
-69
26
224
182
1
-12
140
111
-1
36
87
132
113
70
154
59
-25
103
241
212
49
58
216
246
13
-26
104
265
140
-22
-108
-21
153
-2
-264
-481
-280
-85
-147
-432
-510
-232
-219
-436
-455
-240
-132
-138
-162
-168
-159
-194
-240
-309
-237
-149
-211
-452
-377
-109
-131
-317
-385
-150
28
-126
-140
73
46
-284
-432
13
172
-65
-273
-317
-52
20
-145
-142
151
152
-55
-138
19
-39
-125
-160
-115
123
113
-104
-135
170
296
114
-183
-320
-292
-214
-361
-391
-362
-237
-174
-289
-512
-603
-505
-468
-462
-623
-739
-734
-520
-444
-518
-485
-232
-156
-115
-42
-119
-112
-76
-152
-457
-520
-218
-199
-365
-355
-206
-140
-271
-274
-127
-166
-251
-325
-377
-160
-71
-443
-656
-327
-16
-76
-386
-584
-524
-469
-408
-270
-241
-317
-329
-147
-100
-158
-149
-256
-269
-288
-402
-387
-117
-19
-165
-146
-4
4
-150
-230
-220
-151
-52
-6
-127
-136
149
452
433
311
268
333
292
177
304
317
183
3
39
137
92
137
224
248
266
164
234
382
236
185
252
406
445
398
375
442
651
601
532
565
564
599
699
622
538
514
451
429
342
397
314
225
362
515
463
356
521
794
842
732
751
795
625
419
532
627
535
462
554
649
615
635
691
744
665
526
553
654
758
827
692
502
684
1171
1178
667
477
694
800
659
616
555
475
673
639
526
452
604
839
760
495
412
710
887
752
585
598
558
458
514
715
784
581
554
773
888
841
791
853
831
745
825
784
683
735
859
835
654
533
581
571
552
512
417
396
523
743
822
599
523
622
685
692
705
879
979
946
695
566
713
884
850
857
974
1048
1081
977
743
645
888
1139
1035
836
862
1112
1192
962
794
923
1156
1215
1186
1100
1096
977
870
759
686
889
1071
1051
849
849
853
732
734
860
769
651
744
879
1074
1032
955
1068
1172
1220
1078
1017
1041
1143
1117
868
847
1046
1102
922
976
1235
1361
1284
1098
1194
1383
1286
1058
1110
1362
1342
1078
972
1103
1087
968
1071
1205
1213
1228
1339
1377
1228
1163
1193
1228
1244
1342
1435
1365
1217
1224
1288
1140
928
912
1138
1158
962
822
648
630
580
705
914
922
792
848
1074
1154
1016
753
904
1104
1036
928
881
909
1060
1052
923
914
1056
1308
1385
1195
1013
1018
1179
1230
1076
1074
1205
1323
1322
1215
925
636
756
1145
1122
750
575
789
1052
1080
936
798
957
1295
1368
1060
744
931
1259
1150
927
1071
1280
1123
879
997
1106
897
738
779
747
597
502
446
523
538
578
686
839
792
727
715
719
623
459
464
464
588
645
612
579
659
488
322
344
352
393
378
453
550
635
553
377
314
408
575
659
623
631
614
427
405
516
387
276
403
482
441
464
472
423
359
470
626
547
515
479
412
463
534
705
820
759
854
902
922
983
846
566
454
594
777
795
643
446
229
355
581
407
200
166
245
286
176
-113
-293
-156
-48
20
140
240
122
28
60
29
23
-21
-13
198
199
235
302
204
-51
-135
8
-27
-41
-48
-73
-85
-63
-74
-314
-532
-365
-26
63
-103
-112
-140
-206
-270
-396
-290
-53
37
-83
-50
-16
-62
-85
-46
-56
-137
-201
-208
-217
-200
-158
-131
-211
-416
-402
-245
-217
-98
-65
-146
-122
-164
-107
102
75
-157
-381
-245
-172
-221
-267
-226
-82
-205
-342
-289
-270
-407
-450
-392
-318
-289
-212
-59
-19
140
218
103
-155
-119
153
180
-73
-272
-148
76
24
-162
-56
-13
-108
-230
-174
-122
-162
-168
-197
79
91
-156
-244
-115
-184
-325
-330
-330
-280
-238
-170
-140
-201
-322
-450
-494
-263
100
77
-268
-560
-413
-288
-501
-586
-338
-129
-232
-284
-315
-191
-95
-131
-195
-262
-68
94
41
17
34
40
-56
-5
19
-121
-225
-334
-272
-49
16
40
178
266
334
398
417
449
338
309
187
99
132
243
213
160
300
475
511
336
313
458
564
473
95
-38
246
414
319
-63
-202
-119
21
11
-78
-87
-115
-68
20
66
-140
-297
-104
194
11
-321
-213
65
220
119
181
338
259
210
283
332
241
-3
-80
30
45
-78
-212
-137
-57
-146
-178
-19
172
395
426
172
125
280
258
226
203
300
285
216
139
-38
26
223
332
145
27
77
88
-101
-165
-98
88
272
173
14
27
274
249
26
35
260
384
303
313
400
372
262
194
277
312
231
68
96
195
73
-109
-89
-72
-154
-149
-12
-19
-414
-570
-244
95
106
3
117
337
386
372
300
316
366
410
431
285
83
-55
17
123
172
361
493
459
434
301
221
272
456
518
423
430
560
577
380
380
774
964
728
636
844
990
934
848
832
887
776
602
508
559
540
479
439
498
666
726
723
517
266
147
210
232
116
172
534
694
301
29
156
461
503
356
432
655
725
517
486
737
920
932
918
911
852
860
960
871
690
570
672
846
806
720
580
523
603
702
599
501
619
923
1035
975
1014
937
881
814
869
969
898
806
897
1088
1248
1223
1208
1189
1328
1517
1635
1675
1467
1163
1280
1517
1357
1142
1225
1300
1200
1165
1146
1235
1356
1221
974
953
1059
800
529
722
1022
930
733
898
1124
1216
1000
725
852
1353
684
-445
93
1674
2119
1283
364
307
1063
1746
1615
706
30
174
833
1422
1240
352
-215
341
1169
1313
591
-201
-270
196
760
961
574
36
-72
352
913
1076
596
-178
-265
480
1122
886
301
-56
14
354
715
735
375
-81
-84
487
860
606
-33
-301
-26
422
612
348
-260
-372
88
638
736
316
7
89
364
526
351
0
-309
-290
32
410
288
-322
-628
-323
109
137
-67
-255
-184
81
136
-56
-87
10
-64
20
329
414
201
-86
-267
-185
246
406
-74
-439
-244
148
104
-281
-499
-283
-50
117
109
-35
-314
-482
-87
241
98
-112
-153
-70
115
164
203
99
-193
-159
219
548
641
429
112
-255
-184
163
233
72
-102
171
464
273
-4
54
69
-6
98
154
59
130
258
228
176
125
81
60
153
535
746
635
463
252
221
446
639
506
269
261
384
373
460
582
371
-28
-107
267
514
317
133
108
137
251
336
370
265
358
540
477
389
273
364
409
355
617
841
715
550
779
1021
793
510
694
857
726
519
597
863
842
747
797
820
633
520
591
783
778
624
598
496
290
281
573
760
767
679
641
663
547
289
243
344
445
328
289
496
712
741
597
679
811
808
637
436
443
638
576
171
49
344
503
325
252
553
627
502
394
496
556
420
430
495
559
591
534
388
253
180
338
259
-83
-155
22
30
-24
179
230
-11
-51
222
394
234
152
-36
-325
-253
-106
-73
-272
-316
-125
-112
-117
-18
77
88
31
-22
52
78
-192
-426
-85
173
-22
-307
-309
40
58
-69
-152
-155
-141
-296
-451
-423
-261
-256
-274
-341
-323
-156
-130
-323
-297
32
-3
-393
-568
-516
-478
-407
-293
-307
-278
-212
-261
-305
-120
50
-181
-308
-326
-250
-211
-236
-263
-179
-22
-74
-198
-176
-202
-276
-337
-395
-229
-285
-443
-332
-155
-328
-383
-340
-310
-279
-403
-303
-348
-476
-452
-376
-420
-334
-295
-311
-298
-360
-442
-569
-551
-424
-492
-616
-631
-569
-415
-469
-607
-576
-403
-395
-641
-714
-586
-605
-657
-636
-558
-526
-444
-189
-260
-589
-677
-548
-609
-662
-565
-626
-857
-898
-714
-575
-591
-632
-503
-458
-545
-657
-561
-416
-586
-598
-523
-393
-129
-183
-437
-364
-137
-128
-359
-457
-281
-248
-444
-544
