SAMPLES:	15777
BITSPERSAMPLE:	16
CHANNELS:	1
SAMPLERATE:	16000
NORMALIZED:	FALSE
200
330
243
73
168
234
116
99
190
293
309
222
235
147
72
90
48
-17
-154
-123
-45
-129
-209
-208
-74
-48
-153
-283
-325
-92
202
201
153
231
263
144
74
108
-74
-79
-34
81
72
-7
3
-97
-104
-26
-48
-126
-144
0
274
266
156
124
81
154
205
117
168
271
286
270
264
351
202
116
50
25
-40
-186
-272
-307
-183
49
78
27
141
253
258
75
15
68
-16
-261
-416
-312
-253
-220
-56
32
53
133
346
403
270
86
-41
-71
-169
-154
-80
-65
-91
27
219
308
193
174
81
9
-34
-119
-56
-112
-155
-122
-13
-154
-279
-158
-108
-189
-110
189
320
312
379
346
259
223
200
184
103
100
19
5
103
174
260
365
355
245
182
191
234
136
18
-113
-70
-7
-38
-75
-207
-127
49
72
78
68
197
340
333
203
163
369
391
207
283
441
472
493
358
360
383
309
201
158
234
240
218
233
272
230
279
160
74
182
61
32
139
106
94
-51
-41
-56
64
82
-79
-78
-25
3
10
20
-53
-154
-143
-68
27
73
64
109
134
114
223
349
504
556
511
608
553
502
441
380
377
428
472
445
295
135
76
81
-35
-48
-59
-115
-84
-62
48
74
101
165
239
275
389
443
408
417
449
467
387
333
324
419
331
398
515
397
342
358
432
285
242
208
-7
48
56
11
-57
-125
-157
-79
47
-31
-208
-4
203
212
95
198
415
346
188
190
335
425
438
385
418
238
106
212
468
511
461
585
506
343
217
391
511
324
260
341
380
295
292
326
379
377
418
409
130
-9
86
73
-25
24
44
-47
13
312
425
288
160
273
238
129
126
135
264
322
383
464
452
388
347
554
603
479
355
373
395
302
347
290
179
164
169
186
229
234
206
44
-124
-174
-47
45
-32
12
8
-77
-114
104
260
151
118
159
351
411
377
312
129
138
100
20
-52
-83
63
-29
-116
-42
177
295
256
375
455
462
381
367
434
391
366
279
240
264
320
307
271
486
481
240
218
439
336
166
307
324
156
199
233
62
40
62
160
133
22
-86
7
205
172
76
-71
7
63
12
-25
19
-33
-68
-83
-124
-20
-7
12
63
221
401
323
190
445
481
430
555
731
657
514
584
726
683
521
548
603
428
274
287
328
237
-83
-52
48
-60
-252
-316
-260
-72
-23
-98
84
264
275
276
310
296
175
69
90
127
241
289
469
447
380
441
396
204
82
126
51
54
247
356
280
304
400
443
372
444
589
757
793
623
584
431
258
188
101
-90
-206
-188
-164
-196
-286
-153
69
19
-63
70
202
164
255
313
361
418
477
614
680
700
524
496
593
509
295
89
126
128
89
6
-11
-56
-97
-11
26
-12
178
389
338
368
431
517
586
654
607
514
593
628
508
308
303
346
319
286
377
442
559
471
335
358
289
248
130
84
60
-61
-31
-17
138
194
234
200
73
44
90
119
60
3
151
205
88
207
424
416
257
297
414
525
520
521
527
583
576
615
715
575
371
178
140
75
-42
-67
-215
-176
-187
-106
-48
60
144
188
244
208
264
234
200
161
114
121
174
286
323
197
191
193
138
40
60
2
133
253
230
196
245
312
246
155
109
207
70
-8
82
158
148
42
60
196
222
198
185
217
271
228
112
-73
-39
29
-33
-47
-14
-4
11
84
157
68
77
215
209
146
179
135
44
-18
-25
-100
-27
30
20
-22
-1
-5
-47
17
-7
45
124
156
72
103
206
198
108
69
180
197
148
165
173
95
3
-53
-17
68
71
166
187
133
215
325
319
249
278
195
103
160
334
356
276
260
273
214
279
362
319
342
394
461
364
402
333
120
27
-89
-5
3
-65
-108
-42
-9
-46
-34
61
101
198
316
367
380
422
566
427
273
173
271
352
288
298
154
158
198
150
21
-31
13
-65
-60
-77
4
35
97
227
292
277
337
446
468
338
180
174
294
293
202
206
234
188
183
142
174
256
299
409
332
323
391
462
348
337
368
349
310
253
134
-89
-109
-149
-236
-242
-59
52
-160
-245
-156
-126
-176
-190
-88
-131
-122
89
201
275
341
522
661
559
513
433
295
280
403
442
416
471
461
404
422
225
67
63
175
209
115
5
-92
-120
-97
-6
-133
-166
-91
-4
112
51
-80
-157
-97
-25
15
43
226
257
107
46
-56
17
-7
-86
-184
-161
-166
-146
-144
-206
-58
56
101
106
105
185
182
143
170
82
4
-29
30
35
-73
-120
-109
-257
-244
-56
-95
-164
-70
17
-174
-313
-1
115
-41
12
128
175
126
94
56
-146
-273
-228
-174
-212
-337
-215
-141
-272
-280
-90
-37
46
89
171
157
17
-10
99
224
171
202
307
352
398
282
151
-61
-102
-6
-36
-41
-139
-248
-224
-187
-192
-235
-272
-201
-202
-167
-185
-241
-266
-231
-218
-188
-91
25
-54
-170
-140
-247
-292
-205
-80
-204
-213
-152
-85
96
22
-148
-176
-209
-198
-74
-205
-234
-290
-172
-9
-64
-101
-17
-101
-208
-96
-60
-5
-68
-52
62
95
39
143
118
118
89
-83
-271
-196
-6
83
-3
5
156
89
70
39
-76
23
190
226
162
-20
44
144
109
75
-148
-263
-124
-140
-198
-242
-239
-86
-105
-198
-177
-77
15
49
4
43
358
323
179
216
281
274
338
459
531
505
422
348
314
202
74
60
3
-64
66
275
393
284
6
-38
-54
-171
-127
-94
-46
-60
-112
-214
-229
-8
87
96
87
289
312
304
407
461
425
160
93
126
-1
-118
-154
67
140
41
25
2
-31
-14
18
59
92
156
280
400
372
274
238
9
121
450
426
371
415
468
402
256
237
346
297
42
4
101
34
-77
56
178
117
126
113
181
26
-130
-78
-1
-4
45
257
235
207
302
473
431
265
271
219
211
142
-47
-105
-182
-107
-59
-155
-94
171
212
232
229
266
241
280
453
557
539
422
427
262
-44
-103
-130
-213
-71
-8
-93
-144
32
136
85
-126
-204
70
258
282
255
152
199
146
209
287
345
329
178
169
312
287
185
248
206
114
54
220
299
212
241
215
162
63
36
10
-46
0
149
203
144
262
249
174
191
246
214
147
253
362
236
280
420
322
81
88
200
106
-128
-107
-11
-36
11
0
33
5
-61
45
105
67
106
281
282
196
78
59
58
-99
-166
-160
-180
-154
-39
68
46
0
43
116
142
132
186
232
147
77
-26
-2
72
12
-13
-152
-315
-243
-19
24
-81
-77
-34
17
-67
-115
20
-44
-28
61
153
266
245
262
188
46
84
166
214
-6
86
195
19
-61
-194
-219
-202
-98
57
139
51
-15
73
165
96
185
136
-5
-12
-98
-117
-135
-84
-72
-70
-277
-310
-246
-335
-227
-222
-296
-194
73
170
54
55
89
71
120
215
203
226
243
220
254
153
102
43
55
37
34
98
-9
-79
-165
-56
189
68
-31
118
207
106
-14
-136
-157
-187
-194
-148
-96
59
47
73
64
36
-30
24
188
210
43
76
328
297
153
99
147
155
52
-90
-210
-61
-59
-15
42
13
7
0
138
218
304
429
386
153
264
358
138
11
189
212
-11
-75
96
139
98
156
199
163
222
287
279
182
65
127
201
185
109
-6
28
140
69
33
-129
-150
-38
-109
-152
-76
45
19
32
184
36
-116
-105
-25
-33
-129
-18
28
-23
16
202
395
442
389
284
165
87
12
7
10
-141
-222
-165
-155
-141
101
301
382
306
146
41
69
91
-14
9
-1
-65
-71
1
71
29
19
182
337
243
118
155
209
59
-54
-71
-111
-90
-38
-78
59
219
138
103
221
279
193
127
85
-38
-89
53
24
42
94
37
60
57
6
-174
-327
-196
-17
94
86
222
338
210
96
-7
42
132
61
-107
-128
-54
-102
-172
-95
-36
-56
-181
-189
-93
-60
-26
-237
-280
-187
-28
-132
-234
-265
-361
-255
-161
-245
-369
-354
-196
-51
-81
-51
188
217
-3
-79
-151
-57
72
117
120
-1
40
165
197
142
78
-71
-50
75
64
-91
-104
-70
-11
-8
-150
-237
-271
-290
-366
-357
-307
-229
-225
-245
-148
-111
36
67
-41
-8
36
99
38
-12
-5
55
-64
-165
-164
-87
-87
-271
-327
-133
-44
-86
-233
-408
-200
-24
-78
-253
-326
-273
-189
-177
-230
-222
-82
-91
-239
-165
22
-7
-206
-18
101
-19
-124
23
133
-15
62
266
323
155
155
186
206
61
-90
-23
-94
-246
-337
-325
-261
-198
-190
-136
-86
-160
-206
-227
-117
-101
-185
-151
9
-6
-144
-22
72
-132
-226
-41
43
14
68
20
-144
-210
-50
104
63
44
136
89
115
112
116
35
26
14
-32
-89
-68
-80
-282
-239
-86
-73
-188
-140
-39
-59
-96
64
198
139
11
-19
-95
47
128
122
189
84
38
0
-73
-84
-69
-121
-257
-298
-320
-358
-323
-319
-234
-177
-163
-48
102
276
287
286
390
384
287
105
68
-19
-134
-153
-56
80
-14
-24
140
95
81
53
103
55
35
136
76
148
201
213
147
137
231
195
230
366
340
335
401
402
178
16
-43
-10
15
-83
-185
-110
-57
-238
-288
-115
-90
-210
-227
-210
-290
-171
61
-33
-11
133
122
107
100
103
270
349
295
159
160
198
28
-328
-487
-354
-280
-363
-239
2
81
127
83
33
-17
-73
-13
3
-16
6
93
44
-61
-46
-86
-173
-186
0
-47
-90
-45
-84
2
163
-16
-328
-298
-148
-28
-161
-146
-10
-86
-183
-138
-99
-174
-196
-210
-194
-139
-180
-76
-19
-197
-243
-188
-169
-196
-190
-188
-105
5
-64
-101
-157
-124
-191
-278
-291
-211
-216
-309
-417
-379
-306
-261
-188
-234
-149
2
156
287
221
32
-55
-143
-260
-280
-245
-331
-428
-207
48
74
79
82
159
119
-44
-66
-80
-208
-299
-158
-172
-318
-340
-207
-174
-136
-25
30
14
-26
37
-121
-335
-242
-92
-105
-143
4
118
61
84
172
244
67
-101
-19
37
-42
-57
-46
-244
-277
-178
-152
-239
-238
-77
-44
-214
-144
-7
36
127
235
253
77
-23
-76
-107
-153
-58
-64
-90
-136
-108
7
-86
31
117
147
155
104
217
304
320
222
69
75
114
77
37
98
135
-17
-157
-193
-129
-39
-97
-177
-26
31
-73
-105
-69
-151
-275
-288
-52
46
7
203
245
157
99
46
45
79
124
125
45
58
111
396
524
338
211
323
298
204
184
152
86
17
49
27
41
16
-10
-33
-111
-83
80
7
-160
-133
24
45
-26
87
6
-46
-45
-56
42
164
225
200
116
39
55
-21
-87
-91
-99
13
160
188
3
9
48
-107
-208
-178
-217
-224
-110
-26
-66
22
143
64
-85
-17
70
-67
-170
-128
-102
-148
-4
105
114
0
114
219
149
68
29
-1
20
219
236
76
-146
-54
158
96
2
6
-50
-197
-186
-181
-45
120
129
11
-45
-6
-32
11
64
123
99
-36
52
17
-219
-368
-242
-75
-100
-194
-84
1
-16
-7
-27
61
34
-6
-53
21
59
-27
-163
-121
-159
-285
-179
115
270
212
170
266
162
-152
-221
-156
-25
-114
-26
29
-95
-124
-31
-89
-238
-330
-130
-111
-236
-97
-43
-84
-51
11
-43
-78
-176
-55
177
269
149
144
162
149
137
54
-11
-215
-170
-33
-36
26
230
321
77
40
134
185
67
30
135
34
-89
-69
76
147
51
40
144
48
-112
-95
-107
-148
-214
-218
-101
-60
-138
-102
86
66
-85
-48
105
191
140
54
35
41
20
53
153
227
218
106
63
99
118
117
111
102
126
-9
-47
-108
-112
-138
-77
-19
-170
-90
-38
114
145
203
176
247
224
111
177
163
127
94
191
227
274
254
129
113
245
144
-13
106
151
222
127
130
143
136
32
-30
-43
-89
-17
39
-53
-174
-112
-71
52
6
8
185
339
227
202
242
275
205
175
347
281
174
208
334
268
226
283
315
402
417
235
137
197
349
257
117
98
100
19
-146
-20
107
272
212
27
141
167
123
100
79
97
102
28
100
169
159
-43
-162
-29
50
107
98
113
27
57
60
178
149
97
3
-73
-33
-47
-178
-252
-42
59
3
64
294
337
237
258
398
282
106
148
181
285
344
189
22
25
63
44
4
97
138
49
237
328
215
296
529
549
233
130
288
237
42
43
88
17
66
172
176
79
-41
-71
-11
-34
-188
-230
-128
-72
79
148
43
-107
-47
76
-47
-102
21
129
138
63
88
97
75
33
60
32
55
213
304
285
187
75
139
252
196
104
21
130
116
133
278
180
89
158
106
-77
-89
83
202
167
145
212
248
292
288
271
374
432
250
202
233
272
240
129
154
44
117
138
53
75
62
93
41
2
136
235
138
141
179
256
205
87
220
263
268
134
188
246
290
281
250
323
381
421
375
338
318
201
145
100
119
185
176
203
223
247
129
4
-10
40
74
165
327
346
426
487
375
325
360
479
440
385
324
205
134
89
285
425
383
257
309
427
339
185
188
284
189
46
-79
-5
73
108
223
341
288
240
196
158
177
235
265
103
129
77
61
98
105
185
257
287
560
616
496
550
712
643
432
449
408
289
195
294
418
511
470
305
238
188
184
82
17
-96
-180
-143
-105
-117
-117
-67
-46
50
31
-91
53
294
239
178
276
353
422
319
235
336
383
360
427
445
367
464
489
660
659
557
541
612
626
636
579
533
642
689
568
424
453
435
277
204
297
259
116
54
107
154
225
167
223
405
360
216
311
444
442
490
353
367
581
511
363
377
366
276
353
392
445
506
377
211
242
348
388
441
527
534
459
329
296
331
261
352
287
317
319
364
434
428
481
378
295
213
298
291
291
368
498
490
335
390
490
547
488
434
408
493
556
477
409
600
667
495
414
466
534
494
386
348
541
549
500
400
442
432
486
518
457
241
234
353
315
342
471
465
285
228
307
280
341
298
113
132
13
-38
-233
-141
4
239
245
268
547
605
562
484
523
410
312
366
336
175
203
275
163
113
396
509
362
348
611
609
463
547
402
180
71
183
321
341
322
389
495
462
476
431
344
312
362
385
404
498
438
399
465
555
437
282
277
266
460
371
246
358
382
317
151
65
52
164
47
90
238
385
527
624
564
433
497
469
353
242
201
241
231
83
87
259
434
327
265
388
331
238
239
124
12
189
217
312
293
351
360
357
387
531
568
391
406
403
369
382
376
375
358
436
535
434
353
360
335
286
271
349
345
296
314
252
131
88
151
240
238
205
124
171
332
342
205
163
107
85
-11
40
141
145
27
-36
36
72
110
154
174
269
121
97
217
230
188
239
317
309
405
514
472
339
283
181
256
299
227
233
189
98
31
6
-35
-62
53
101
2
58
155
76
41
21
79
222
310
304
351
419
502
318
188
306
342
341
412
394
264
125
121
303
146
51
288
387
210
155
223
169
70
93
293
269
147
181
360
301
244
243
328
353
373
459
454
443
439
381
248
355
492
409
338
360
420
273
197
347
425
388
376
357
348
227
126
224
167
112
193
213
130
78
82
74
101
99
184
237
294
414
421
313
367
465
430
335
468
620
556
325
197
204
187
275
384
453
390
343
358
250
156
134
77
-34
-12
7
-52
104
206
178
167
275
339
292
109
-7
26
19
48
102
117
201
263
85
54
219
356
312
166
36
10
19
-27
-58
94
70
53
68
-4
21
69
79
106
172
277
342
257
243
277
270
113
-76
18
133
15
38
168
159
-24
-130
-115
-209
-157
-75
-30
-126
-177
-62
-70
-57
-88
52
47
-16
-171
-305
-162
-108
-29
75
307
368
332
186
59
137
195
260
182
87
64
200
99
-48
-93
-275
-295
9
167
33
-66
23
9
-83
-85
-134
-71
53
190
204
116
133
154
45
-52
-95
49
-41
105
319
147
-27
35
71
-92
-231
-227
-25
19
6
-78
-235
-137
-65
-83
-67
-48
24
-145
-44
194
216
216
120
21
-89
-104
-105
-7
163
261
191
323
372
282
198
186
286
238
235
324
150
-29
-163
-239
-322
-417
-345
-360
-382
-217
-10
-37
-6
110
90
-74
-195
-255
-91
172
164
75
81
257
394
161
61
229
285
246
124
86
203
297
124
43
139
174
230
87
-40
-29
45
-45
-223
-155
-57
-262
-341
-348
-165
-137
-203
-119
112
313
360
365
210
287
275
231
110
61
181
145
76
125
151
269
237
237
229
87
211
259
42
-125
-89
-26
-55
-41
95
133
-25
-61
-33
-115
-264
-245
-103
-129
-170
-61
216
161
38
13
135
234
54
-44
-89
-171
-214
-213
-93
69
72
125
267
266
279
256
2
-149
-29
-66
-171
-121
-44
-35
46
-6
-100
-152
-168
-185
-132
-145
-210
-42
44
-116
-132
-7
60
109
54
101
-19
10
47
145
187
-28
14
116
140
109
113
15
-38
-80
-216
-212
-251
-184
-136
-141
-108
-107
-69
-116
-156
-419
-541
-426
-448
-614
-620
-550
-617
-488
-490
-525
-558
-481
-397
-443
-350
-314
-311
-264
-85
-47
-156
-56
171
82
-158
66
234
121
55
133
260
37
-126
-149
-25
45
-2
-19
91
209
245
120
-174
-218
-118
-125
-158
-64
-17
-273
-432
-233
-267
-448
-497
-471
-478
-418
-330
-347
-406
-502
-550
-511
-329
-258
-219
-194
-176
-224
-433
-508
-589
-535
-487
-437
-302
-358
-354
-308
-350
-489
-504
-534
-580
-531
-418
-157
-17
117
181
169
-15
-66
136
-68
-345
-382
-345
-336
-242
-190
-131
20
-32
-24
-120
-258
-280
-284
-398
-517
-438
-341
-302
-439
-481
-254
-113
-138
-70
108
-2
-107
73
58
-21
-115
-130
-94
-241
-450
-497
-445
-574
-567
-433
-250
-52
-24
-63
-75
-107
-160
-192
-303
-327
-365
-487
-476
-372
-354
-340
-183
-21
86
28
8
-55
-55
-87
-231
-176
31
144
3
-110
-10
14
-67
-45
80
158
-80
-204
-102
-166
-338
-306
-172
-312
-427
-295
-173
-132
-53
53
51
-52
-146
-195
-367
-451
-267
-168
-223
-130
24
-36
-252
-272
-212
-202
-219
-324
-367
-365
-405
-451
-329
-181
-242
-287
-345
-281
-172
-137
-304
-424
-309
-335
-262
-201
-257
-100
128
283
300
58
50
36
-101
-175
-112
-76
-101
-45
9
-63
-310
-374
-362
-386
-524
-562
-627
-546
-293
-110
-219
-356
-282
-99
-201
-224
-91
-82
-15
-29
-133
-172
-38
-105
-141
-138
-96
-105
-229
-217
-207
-146
-125
-319
-305
-270
-379
-549
-469
-309
-393
-261
-167
-348
-440
-540
-519
-473
-426
-534
-602
-443
-262
-290
-304
-341
-189
-154
-390
-307
-128
-312
-445
-289
-324
-418
-488
-216
-148
-304
-168
-33
-59
-162
-204
-191
-312
-348
-346
-264
-289
-365
-389
-252
-239
-438
-463
-350
-334
-408
-203
48
4
-87
-47
-49
-77
-236
-299
-419
-423
-323
-459
-638
-730
-655
-638
-777
-759
-574
-466
-467
-465
-418
-315
-220
-218
-278
-225
-255
-394
-595
-711
-652
-634
-578
-570
-584
-528
-315
-331
-443
-294
-169
-281
-343
-197
-296
-469
-558
-477
-468
-520
-574
-700
-616
-516
-483
-444
-169
16
-70
-143
-50
-6
-28
-95
-64
32
46
-170
-228
-89
-179
-237
-284
-325
-357
-490
-592
-668
-697
-635
-616
-527
-462
-396
-438
-538
-719
-668
-714
-715
-559
-432
-450
-424
-316
-338
-575
-684
-758
-857
-801
-699
-617
-563
-382
-265
-324
-443
-386
-318
-380
-393
-191
-204
-348
-162
-37
-55
-230
-183
-113
-266
-283
-174
-194
-290
-276
-202
9
-22
-110
-120
-114
-42
-92
-188
-251
-237
-347
-417
-377
-426
-461
-423
-474
-520
-637
-678
-646
-540
-435
-392
-389
-410
-416
-399
-427
-536
-531
-558
-544
-499
-367
-289
-275
-277
-244
-191
-176
28
121
-1
-98
51
133
-33
-155
-36
-80
-202
-332
-426
-396
-383
-371
-320
-429
-329
-251
-177
-215
-288
-205
-184
-135
-92
-49
-100
-92
-77
-12
-148
-125
-73
-171
-239
-301
-214
-115
-52
-128
-257
-323
-307
-347
-468
-485
-481
-563
-464
-359
-421
-605
-503
-436
-425
-464
-516
-544
-503
-399
-404
-301
-292
-268
-223
-129
-77
-135
-145
-48
-2
-238
-229
-98
-91
-188
-381
-465
-430
-361
-397
-413
-357
-443
-321
-167
-75
-152
-318
-350
-230
-162
-222
-163
-138
-169
-324
-382
-361
-240
-223
-265
-270
-384
-430
-392
-387
-412
-470
-394
-403
-509
-542
-512
-542
-692
-567
-453
-612
-580
-442
-418
-449
-527
-494
-472
-494
-451
-411
-295
-162
-19
-120
-396
-384
-272
-146
-226
-331
-452
-503
-333
-242
-244
-278
-197
-115
-292
-393
-264
-242
-281
-248
-12
100
208
232
-2
-75
-121
-231
-360
-399
-530
-726
-767
-673
-509
-415
-294
-253
-308
-368
-419
-443
-528
-502
-409
-417
-457
-418
-318
-379
-398
-357
-291
-219
-141
-122
-335
-374
-299
-297
-310
-397
-405
-431
-344
-275
-271
-227
-369
-541
-498
-345
-405
-565
-547
-419
-393
-413
-422
-382
-272
-221
-169
-245
-199
-61
-53
-214
-385
-449
-549
-521
-516
-616
-742
-633
-526
-406
-437
-547
-501
-524
-644
-709
-714
-660
-563
-489
-583
-429
-114
-24
-34
-136
-242
-287
-149
-130
-198
-296
-242
-162
-100
-200
-326
-432
-445
-272
-331
-435
-392
-273
-233
-211
-331
-437
-354
-277
-292
-481
-488
-416
-419
-413
-354
-208
-195
-267
-291
-241
-168
-229
-267
-225
-318
-385
-301
-294
-301
-341
-261
-377
-522
-577
-584
-506
-490
-508
-446
-385
-434
-474
-487
-380
-481
-456
-441
-485
-511
-539
-597
-498
-283
-347
-403
-459
-351
-284
-293
-305
-270
-174
-85
16
191
279
165
41
22
12
-35
-203
95
155
41
-39
-222
-384
-413
-311
-381
-393
-321
-105
-208
-258
-115
-212
-302
-235
-237
-185
-132
-133
-154
-142
-148
-233
-358
-436
-308
-191
-197
-254
-237
-278
-280
-381
-423
-368
-384
-340
-421
-355
-196
-150
-323
-469
-531
-482
-430
-309
-196
-144
-258
-329
-253
-193
-116
-340
-530
-534
-466
-528
-612
-655
-693
-565
-376
-330
-548
-640
-525
-385
-280
-226
-120
6
90
159
8
-33
38
-12
-56
-122
-259
-528
-642
-575
-539
-620
-546
-379
-303
-263
-312
-382
-415
-466
-454
-337
-370
-512
-468
-401
-387
-263
-142
-185
-275
-164
-115
-162
-199
-149
-207
-166
-196
-267
-388
-298
-205
-306
-322
-319
-183
-64
-146
-303
-379
-497
-607
-619
-538
-571
-544
-477
-473
-331
-321
-393
-359
-349
-262
-353
-365
-275
-284
-427
-265
-232
-353
-511
-560
-511
-566
-485
-386
-300
-304
-293
-255
-238
-145
-183
-249
-273
-491
-509
-343
-155
-245
-326
-220
-119
-89
-272
-286
-21
34
11
-82
-286
-362
-325
-308
-288
-339
-499
-516
-360
-397
-521
-705
-613
-419
-421
-445
-271
-179
-288
-402
-492
-436
-498
-534
-549
-593
-644
-592
-435
-384
-641
-686
-677
-590
-428
-479
-447
-424
-489
-479
-268
-353
-460
-505
-555
-629
-639
-640
-559
-367
-242
-282
-426
-338
-326
-373
-445
-460
-481
-476
-302
-180
-64
-120
-92
4
-57
-85
-150
-181
-260
-356
-282
-405
-647
-683
-497
-429
-590
-621
-464
-403
-564
-725
-725
-693
-742
-700
-562
-417
-287
-244
-337
-341
-129
-99
-269
-263
-321
-438
-412
-422
-416
-371
-298
-286
-161
-279
-300
-274
-397
-386
-409
-426
-482
-579
-643
-715
-637
-600
-738
-744
-660
-550
-544
-496
-399
-368
-398
-524
-658
-569
-584
-855
-988
-906
-725
-756
-762
-631
-627
-623
-670
-657
-587
-522
-386
-348
-516
-608
-411
-319
-341
-362
-479
-530
-555
-462
-556
-689
-623
-654
-577
-641
-572
-573
-686
-663
-611
-531
-611
-542
-422
-426
-567
-597
-509
-518
-523
-441
-484
-562
-558
-539
-508
-718
-893
-770
-769
-894
-871
-979
-876
-717
-783
-781
-561
-454
-452
-488
-597
-627
-629
-621
-716
-756
-654
-603
-631
-592
-650
-636
-509
-498
-496
-552
-561
-565
-629
-578
-546
-590
-673
-624
-596
-613
-582
-588
-544
-430
-158
-75
-60
-262
-41
454
878
1117
1280
1559
1504
1331
985
466
-11
-634
-1250
-1975
-2204
-1895
-1721
-1555
-1624
-1369
-1018
-731
-560
-523
-300
-296
-345
-175
-69
614
1260
2086
2299
2336
2284
1964
1786
1025
171
-753
-1727
-2415
-2899
-2794
-2676
-2323
-1772
-1494
-1405
-1175
-650
-644
-764
-646
-695
-718
-595
-239
-18
-191
-98
-163
-413
-789
-1132
-1477
-1889
-2186
-2537
-2662
-2609
-2473
-2222
-1837
-1577
-1439
-1433
-1436
-1367
-1315
-1229
-1078
-991
-772
-504
-351
14
270
441
681
673
428
30
-156
-490
-880
-1235
-1413
-1338
-1200
-991
-833
-841
-773
-644
-469
-222
58
294
519
860
1117
1362
1663
1949
2004
2057
2034
1842
1428
1022
774
332
-106
-301
-282
-267
-349
-373
-223
-200
-120
1
121
61
-130
-190
-171
-73
-97
10
-12
-19
-239
-416
-453
-579
-681
-871
-1063
-1267
-1339
-1294
-1465
-1686
-1769
-2014
-2073
-2157
-2314
-2532
-2650
-2794
-2876
-2807
-2948
-2844
-3051
-2815
-2874
-2599
-2792
-2770
-3702
-4237
-3027
-1106
924
668
1775
2621
4102
4113
3600
4232
3816
2673
571
-1131
-1082
-1547
-1535
-2453
-2654
-3157
-2989
-2656
-2912
-2391
-2433
-2702
-2543
-2299
-1322
-593
672
1591
2006
2374
2840
3532
3447
3158
2512
1787
861
-298
-691
-576
-868
-1365
-1657
-1716
-1795
-2112
-2448
-2484
-2550
-2816
-2761
-2452
-1870
-1236
-678
280
1043
1705
2179
2527
2543
2706
2640
2330
1978
1717
1028
890
1010
1150
826
382
289
85
-131
-189
-147
-342
-510
-375
-302
217
908
1394
1840
1854
1906
2003
2207
1980
1640
1511
1189
905
505
163
-56
-286
-587
-1071
-1425
-1680
-1767
-2054
-2218
-2034
-1861
-1795
-1767
-1716
-1419
-1273
-1468
-1582
-1749
-1840
-2024
-1985
-2022
-2202
-2571
-2753
-3113
-3710
-4142
-4659
-5126
-6708
-6856
-6203
-3612
-1491
254
1313
2896
4773
5476
5978
6165
5870
4729
2305
871
-7
109
-325
-999
-1590
-2230
-2482
-2894
-3100
-3204
-3663
-4287
-4987
-4807
-3775
-2311
-738
550
1812
2727
3668
4544
5076
4875
4204
3459
2399
1489
726
278
-7
-485
-1046
-1512
-1795
-2228
-2809
-3298
-3755
-4141
-4406
-3981
-3251
-2380
-1263
66
1018
2128
3424
4311
4619
4579
4751
4481
4415
3842
3266
2714
2104
1494
700
48
-388
-856
-1074
-1349
-1511
-1419
-898
-357
168
934
1549
1841
2352
2560
2724
2610
2398
2051
1581
1107
835
404
38
-269
-563
-788
-1023
-1389
-1727
-2000
-2249
-2620
-3025
-3057
-2969
-3095
-3277
-3439
-3644
-4119
-4393
-5057
-5648
-6201
-6677
-6974
-7051
-5762
-4289
-2134
-13
2334
4388
5752
6685
6808
7191
6500
5228
3639
2102
1084
-77
-738
-1339
-1944
-2470
-3115
-3627
-4417
-4778
-5286
-5791
-5681
-5482
-4531
-3227
-1409
553
2418
4275
5464
6282
6511
6397
5860
4949
3820
2693
1901
1157
483
98
-281
-852
-1520
-2225
-3179
-3881
-4500
-5156
-5499
-5466
-4839
-3739
-2477
-902
1063
3023
4458
5255
5927
6433
6618
6425
5836
5013
4018
3240
2318
1482
789
-16
-628
-1252
-1793
-2007
-1975
-1677
-1227
-792
-453
147
994
1640
2129
2431
2714
2875
2641
2537
2475
2276
1941
1564
1139
806
555
422
195
-74
-579
-1004
-1360
-1619
-1959
-2484
-2837
-3236
-3475
-3737
-3695
-3599
-3608
-3509
-3570
-3412
-3734
-4512
-5207
-6023
-7072
-7639
-7204
-5730
-3509
-1228
1146
3179
5134
6796
7648
8244
7653
6428
4707
2931
1329
-22
-475
-814
-1488
-2395
-2794
-3090
-3547
-4053
-5002
-5702
-6162
-6336
-5541
-4137
-2317
-194
1936
3750
5250
6377
6875
6905
6514
5652
4430
3162
2291
1650
1117
623
243
-414
-914
-1420
-2091
-2776
-3840
-4673
-5276
-5473
-5215
-4414
-2922
-1152
647
2208
3824
5442
6514
6838
6683
6208
5563
4830
3921
3148
2359
1693
1285
645
60
-300
-502
-733
-1014
-1385
-1608
-1177
-717
-341
320
1126
1822
2243
2537
3097
3242
3143
2841
2517
2354
2313
2099
1919
1871
1635
1142
765
246
-447
-1064
-1652
-2164
-2800
-3207
-3536
-3903
-4235
-4102
-4156
-4232
-4380
-4535
-4615
-4926
-5312
-5798
-6489
-7400
-7040
-5604
-3631
-1158
1467
4124
6106
7460
8485
9502
9507
8149
6223
3868
1963
399
-657
-1044
-1422
-1878
-2591
-3257
-3697
-3623
-4026
-5104
-5489
-5434
-5078
-4043
-2212
319
2580
4566
6190
7482
8534
9023
8718
7746
6710
5251
3851
2936
1967
1327
888
225
-475
-1025
-1680
-2470
-3281
-4070
-4726
-5080
-4954
-4086
-2596
-916
1347
3779
6015
7338
8339
8935
8610
8001
7322
6206
4888
3786
3014
2257
1791
1302
870
500
87
-520
-935
-824
-750
-769
-470
-7
524
1184
2066
2869
3522
3871
3917
3906
3880
3609
3326
3188
3075
2723
2367
2090
1689
1317
663
-431
-1317
-2142
-2834
-3522
-4263
-4657
-4800
-5062
-5057
-4790
-4241
-4234
-4242
-4444
-4752
-5503
-6331
-6418
-5924
-4331
-2224
506
3378
5491
7427
8798
9987
10385
9364
7784
5630
3285
1074
-223
-970
-1630
-2196
-2913
-3300
-3781
-3978
-4003
-4672
-5192
-5562
-5389
-4646
-3207
-1272
886
2933
4530
6071
7350
8331
8757
8423
7754
6566
4987
3792
2871
2221
1677
1168
484
-156
-859
-1752
-2463
-3353
-4197
-4706
-4482
-3750
-2337
-647
1169
2626
3916
5293
5958
6446
6392
5943
5257
4322
3413
2927
3071
2795
2534
2233
1791
1122
534
241
-168
-919
-1685
-1907
-1820
-1324
-387
395
1015
1554
1914
2129
2102
2247
2244
2027
1722
1458
1548
1479
1423
1155
813
65
-708
-1758
-2850
-3863
-4841
-6092
-7232
-7737
-8074
-8359
-8201
-8184
-8388
-8649
-9076
-8795
-7912
-4501
-914
2547
4664
7051
9799
11891
13275
12824
11847
10153
7185
3741
711
-427
-1497
-2875
-4588
-5690
-5919
-6147
-5960
-6291
-6641
-6908
-7315
-7174
-6394
-4336
-1810
513
2249
4050
6382
8092
9331
9840
9549
8662
7179
5793
4236
2897
2109
1381
452
-457
-1164
-1908
-2417
-3029
-3758
-4325
-4866
-4949
-4358
-3363
-2127
-733
830
2184
3346
4574
5490
5979
6039
6003
5614
4980
4686
4434
4107
3668
3005
2427
1801
1209
602
81
-488
-910
-1235
-1323
-1140
-649
-8
568
740
929
1158
1502
1580
1603
1623
1361
1259
1317
1323
1189
1105
1077
775
119
-447
-917
-1804
-2771
-3501
-4685
-5773
-6683
-7524
-8541
-9048
-9215
-9384
-9806
-10606
-10291
-9272
-6040
-2072
1835
4568
6817
9409
11410
12975
12824
12011
10594
7771
4568
1776
563
-239
-1274
-2864
-4610
-5462
-5794
-5799
-6390
-6921
-7174
-7659
-7707
-7009
-5088
-2387
80
1896
3584
5690
7325
8617
9327
9225
8596
7380
6249
4999
3935
3170
2457
1467
414
-400
-978
-1403
-2152
-3056
-3710
-4191
-4424
-4039
-3326
-2475
-1190
274
1503
2834
4186
5164
5960
6322
6386
6039
5575
5194
4502
4117
3765
3254
2605
1990
1348
537
59
-411
-762
-953
-1171
-1104
-961
-589
-255
78
682
963
1043
1175
1559
1565
1404
1413
1367
1340
1185
1171
1074
886
506
-337
-1308
-2040
-2854
-3577
-4839
-5657
-6819
-7345
-8172
-8746
-9409
-10045
-10714
-11594
-11460
-10156
-6109
-1526
2653
4954
7466
10339
12981
14260
13544
12526
10722
7725
3868
819
-63
-529
-1587
-3384
-4701
-5690
-5914
-5980
-6834
-7571
-8506
-9148
-9078
-8238
-6043
-3238
-417
1717
3913
6195
8381
9930
10127
9897
8926
7389
6020
4642
3582
2781
1979
947
246
-288
-999
-1470
-2349
-3305
-4256
-4670
-4628
-4229
-3380
-2084
-690
758
2333
3504
4314
5222
5555
5541
5332
4938
4644
4198
3707
3208
3201
2943
2660
2230
1794
1339
577
59
-545
-908
-996
-1073
-1010
-641
-152
238
771
1077
1122
1128
1026
839
513
252
145
61
-159
-130
31
-63
-365
-647
-1142
-1912
-2880
-3903
-4897
-6422
-7530
-8703
-9540
-10243
-10811
-11163
-11696
-11684
-11536
-7980
-3233
1571
4316
6537
9621
12307
14192
13913
13270
11930
9483
6321
2812
1473
1036
300
-1837
-4046
-5262
-6069
-6354
-7511
-8379
-8985
-9898
-10149
-9768
-7803
-5125
-2322
315
2326
4688
7022
9196
10308
10585
10123
8866
7823
6404
5135
4324
3505
2170
832
-64
-1007
-1754
-2433
-3322
-4235
-5168
-5552
-5477
-4854
-3514
-1967
-205
1553
3185
4909
6355
7258
7585
7639
7083
6320
5570
4768
4091
3461
3000
2335
1837
1441
1155
753
263
-143
-520
-508
-539
-560
-430
-162
204
651
1007
1254
1434
1649
1623
1349
1232
1141
814
574
335
-51
-232
-379
-984
-1918
-2448
-2992
-3667
-4723
-5643
-6456
-7480
-8422
-9237
-9791
-10296
-10955
-11114
-11259
-9129
-4934
235
3804
5736
8604
11248
13710
13984
13296
12400
10503
7779
4222
2157
1520
1184
-152
-2284
-3808
-4802
-4802
-5588
-6724
-7732
-8983
-9798
-10125
-8872
-6582
-3870
-1352
698
3081
5377
7647
9209
9836
9805
8878
7751
6435
5377
4689
4120
3439
2470
1683
849
174
-690
-1914
-3106
-4548
-5576
-5995
-6097
-5590
-4181
-2386
-573
1090
2888
4702
6118
6852
7153
7003
6442
5788
5303
4558
4055
3876
3619
3095
2434
1851
1431
936
461
-24
-532
-770
-958
-880
-522
-124
344
996
1450
1705
1781
1956
1935
1667
1455
1312
1138
865
725
512
318
-123
-876
-1788
-2790
-3637
-4695
-6075
-7276
-8407
-9439
-10163
-10987
-11342
-11527
-11697
-11654
-10829
-6796
-1905
2842
5241
7567
10446
12895
14494
13702
12694
10973
8357
4943
1810
796
475
-154
-2155
-3890
-4799
-5270
-5497
-6461
-7341
-8421
-9288
-9309
-8657
-6806
-4218
-1454
676
2867
5175
7211
9144
9868
9676
8768
7372
5899
4529
3683
3197
2516
1674
977
515
-13
-405
-1052
-1891
-2762
-3859
-4344
-4148
-3786
-3261
-2088
-387
1181
2604
4080
5191
5768
5992
6128
5689
5055
4363
3663
3347
2930
2622
2335
2251
2103
1866
1686
1435
1100
763
520
149
-306
-338
-207
-82
324
715
1003
1198
1496
1734
1749
1596
1501
1347
1151
777
475
70
-340
-684
-1239
-2105
-3303
-4162
-5394
-6381
-7648
-8514
-9558
-10206
-10906
-11113
-11518
-11652
-11565
-9576
-5125
-141
4221
6533
9270
11960
14549
15398
14372
13052
10856
7764
4053
1652
761
-148
-1207
-3120
-4867
-5781
-5868
-6163
-7342
-8096
-8867
-9568
-9590
-8555
-6284
-3546
-855
1397
3648
6000
8415
10185
10550
10278
9266
7820
6222
4609
3721
2921
1978
1092
362
-215
-715
-1132
-2081
-2825
-3543
-4195
-4475
-4219
-3327
-2185
-918
615
2055
3315
4493
5446
6061
6083
5867
5453
5128
4412
3737
3269
3055
3029
2662
2416
2295
2091
1874
1448
1147
702
217
-105
-282
-299
-176
259
706
1149
1333
1426
1697
1859
1796
1510
1537
1519
1253
818
740
781
430
-141
-867
-1862
-3074
-4191
-5385
-6438
-7725
-8997
-10112
-10848
-11681
-11964
-12380
-12358
-12009
-9354
-4615
777
4873
7095
10032
12652
15447
15848
14839
13723
11478
8022
4212
2036
1332
600
-815
-3012
-4449
-5430
-5606
-6204
-7367
-8276
-9470
-10137
-10050
-8890
-6589
-3748
-774
1547
3931
6472
9144
10858
11109
10656
9391
8055
6617
5502
4855
4101
3251
2318
1558
673
115
-495
-1854
-3076
-3892
-4749
-5281
-5113
-4453
-3429
-1995
-236
1501
3112
4610
5864
6608
7083
6859
6241
5679
4965
4211
3771
3489
2949
2465
2162
1883
1459
1154
813
455
63
-343
-767
-916
-834
-645
-69
496
936
1444
2114
2504
2622
2704
2586
2165
1706
1507
1133
715
291
-111
-770
-1619
-2742
-3846
-4916
-6024
-7132
-8187
-9237
-10345
-11047
-11595
-11668
-12192
-12210
-11875
-8458
-3289
2385
5857
8300
11297
13706
16043
15905
14780
13055
10294
6726
2771
663
-127
-552
-2162
-4490
-5854
-6587
-6659
-7366
-8165
-9012
-10145
-10577
-9998
-8184
-5783
-2806
-139
2079
4567
6927
9069
10410
10837
10139
8709
7393
6060
4763
3878
3090
2042
1226
769
382
114
-600
-1761
-2748
-3603
-4418
-4803
-4495
-3671
-2686
-1310
353
1728
3077
4409
5511
5895
6159
6190
5870
5323
4684
4377
3902
3447
2965
2643
2269
1917
1760
1399
978
475
-114
-719
-1230
-1409
-1381
-1108
-571
-11
410
1025
1620
1996
2254
2449
2306
2068
1755
1464
984
434
-5
-671
-1418
-2331
-3323
-4165
-5082
-6317
-7312
-8341
-9340
-10275
-10738
-11519
-11912
-12254
-12052
-11622
-8417
-3397
1901
5543
8005
10839
13393
15978
16023
15003
13266
10615
7122
3232
1138
244
-601
-2175
-4228
-5704
-6508
-6611
-7220
-8170
-9138
-10209
-10603
-10217
-8624
-6101
-3155
-504
1794
4330
6976
9283
10432
10647
10153
8816
7344
5793
4503
3746
2866
1808
1035
663
271
-241
-964
-1771
-2889
-4316
-5076
-5268
-5223
-4690
-3661
-2213
-774
775
2411
3852
4921
5437
5947
5851
5678
5273
4567
3848
3489
3280
3076
3012
2995
2675
2249
2063
1669
919
150
-496
-1214
-1686
-1812
-1703
-1187
-610
-209
342
897
1245
1530
1721
1583
1309
881
618
335
43
-441
-1054
-1891
-2662
-3477
-4514
-5454
-6533
-7912
-9301
-10075
-11213
-11929
-12550
-12630
-13087
-12736
-12019
-8834
-3476
1733
5009
7327
10404
13028
15101
15002
14008
12422
9793
5945
2304
412
-347
-1141
-2910
-5038
-6452
-6878
-6983
-7835
-8816
-9609
-10396
-10932
-10550
-8760
-6133
-3212
-604
1701
4151
6959
9185
10123
10314
9561
8304
7045
5589
4265
3397
2618
1552
610
-179
-723
-1145
-1945
-3073
-4279
-5412
-6093
-6280
-5785
-5047
-4145
-2643
-923
688
2094
3758
4780
5054
5219
5030
4786
4367
3888
3280
2811
2719
2748
2540
2235
1956
1689
1249
492
-350
-1022
-1527
-1964
-2233
-2083
-1737
-1216
-506
5
300
788
1212
1213
1038
978
814
463
113
-146
-307
-636
-1018
-1706
-2473
-3391
-4384
-5347
-6547
-7796
-9220
-10337
-11250
-12023
-12281
-12741
-13093
-13070
-11797
-7845
-2823
2214
4911
7829
10390
13086
14790
14488
13748
11714
8869
4822
1720
257
-762
-1887
-4068
-5898
-7151
-7502
-7578
-8389
-9136
-10169
-10844
-11058
-10209
-8071
-5418
-2451
-208
2067
4470
7045
8935
9905
9993
9165
7989
6636
5309
4096
3206
2415
1395
437
-240
-755
-1320
-2199
-3217
-4294
-5248
-6024
-5988
-5450
-4546
-3744
-2089
-353
1263
3000
4413
5301
5542
5742
5395
4957
4371
3812
3159
2635
2403
2164
1944
1827
1685
1353
1010
456
-307
-823
-1169
-1525
-1889
-1765
-1341
-768
-79
417
790
1229
1551
1522
1434
1161
751
429
62
-418
-746
-1140
-1503
-2130
-2842
-3820
-4686
-5514
-6655
-7893
-9199
-10287
-11229
-11926
-12174
-12577
-12936
-13017
-11751
-7696
-2394
2927
5785
8587
11108
13854
15323
14720
13562
11441
8457
4243
1030
-373
-1133
-1958
-4007
-5802
-7067
-7280
-7254
-8154
-9062
-10030
-10706
-11029
-10154
-8029
-5229
-2358
-50
2306
5027
7747
9595
10386
10216
9170
7776
6023
4339
3262
2336
1305
413
-237
-708
-1030
-1373
-2154
-3293
-4337
-5224
-5820
-6064
-5622
-4834
-3702
-2206
-293
1320
3043
4468
5269
5450
5447
5204
4767
4319
3524
3087
2685
2532
2261
2003
1896
1498
1209
741
184
-696
-1345
-1810
-2247
-2484
-2414
-1968
-1428
-727
-106
194
562
779
997
938
629
450
220
-61
-409
-773
-1295
-1689
-2326
-3104
-4025
-4824
-5978
-7147
-8364
-9519
-10576
-11490
-12108
-12591
-12976
-13215
-12585
-11166
-7308
-2189
2996
6012
8838
11502
13863
15071
14454
13330
11238
8248
4368
1300
-382
-1307
-2328
-4371
-6017
-7127
-7498
-7621
-8385
-9180
-9944
-10385
-10757
-10112
-8006
-5351
-2513
-75
2504
5031
7595
9531
10293
10217
9360
8155
6594
4850
3659
2861
1863
687
-53
-432
-774
-1220
-1978
-2935
-3878
-4505
-4945
-5135
-4964
-4180
-3024
-1527
101
1655
3357
4713
5543
5878
5986
5680
5139
4466
3808
3161
2843
2814
2572
2180
2037
1807
1455
957
424
-157
-822
-1349
-1908
-2011
-1756
-1423
-1172
-745
-261
129
522
726
754
700
613
405
124
-48
-498
-816
-958
-1365
-2117
-3050
-3802
-4488
-5306
-6497
-7635
-8959
-10001
-10954
-11651
-12065
-12599
-13110
-12689
-11496
-7807
-2937
2091
5260
8102
10787
13172
15051
14787
13837
11708
8856
4986
1606
-187
-1337
-2356
-4338
-6295
-7657
-7968
-7929
-8615
-9326
-10031
-10520
-10875
-10006
-7978
-5364
-2540
-133
2161
4684
7353
9336
10076
10040
9237
7736
5970
4349
3114
1965
923
-58
-1027
-1711
-2061
-2332
-2987
-3811
-4646
-5234
-5539
-5694
-5336
-4462
-3433
-1944
-241
1472
3077
4373
5032
5234
5530
5213
4537
3857
3277
2692
2377
2283
2023
1416
1254
1387
1100
713
202
-408
-1104
-1620
-2268
-2597
-2369
-1849
-1365
-940
-350
410
947
1023
954
929
690
241
-43
-256
-675
-1325
-1779
-2168
-2658
-3372
-3976
-4509
-5538
-6739
-7931
-9001
-9897
-10805
-11306
-11756
-12207
-12729
-12370
-11329
-9043
-4520
388
4361
6629
9372
11714
14023
14548
13683
12428
9994
6598
2938
637
-879
-2086
-3617
-5749
-7223
-8080
-8073
-8273
-8770
-9074
-9428
-9616
-9432
-7795
-5298
-2577
-119
1962
4232
6732
8996
10265
10522
10014
8757
7243
5608
4131
2935
1856
735
-282
-1044
-1334
-1773
-2422
-3176
-3992
-4624
-5115
-5221
-4811
-4051
-2938
-1606
98
1936
3734
5189
6090
6543
6799
6739
6101
5391
4546
3930
3359
2870
2668
2621
2272
2022
1847
1561
1015
505
-292
-1011
-1468
-1721
-1392
-878
-366
273
904
1501
2277
2781
2879
2775
2593
2159
1824
1455
1053
693
183
-436
-1232
-1982
-2642
-3298
-4273
-5249
-6260
-7332
-8316
-9047
-9903
-10332
-10732
-11060
-11586
-10986
-9627
-6214
-1437
3373
7001
9439
11985
13870
15616
15225
14150
12039
8816
5005
1479
-657
-1938
-2807
-4361
-6323
-7458
-7745
-7375
-7522
-7605
-7802
-8126
-8029
-7103
-5083
-2505
105
2338
4203
6521
8772
10389
10875
10628
9595
8178
6578
5054
3915
2888
1812
629
-327
-901
-1348
-1782
-2428
-3263
-4168
-4640
-4611
-4329
-3544
-2683
-1359
327
2067
3597
5132
6240
6740
6954
6753
6419
5901
5294
4525
3995
3771
3423
3195
3052
2832
2427
2258
1675
777
9
-655
-1308
-1823
-1787
-1293
-560
202
854
1528
2118
2464
2601
2848
2917
2594
2029
1735
1522
1154
788
253
-273
-877
-1599
-2289
-3146
-3837
-5168
-6221
-7123
-7750
-8535
-8965
-8910
-9588
-9998
-10495
-10273
-9565
-7959
-4194
46
4297
6987
9682
12064
13966
15450
14962
13579
10762
7410
3459
270
-1577
-3033
-4561
-6693
-8080
-8724
-8610
-7963
-7732
-7429
-7673
-7307
-6670
-5161
-2839
-555
1499
3323
5175
7122
8851
10127
10563
10227
9086
7633
6014
4395
2925
1644
439
-728
-1499
-1620
-2120
-2786
-3183
-3550
-4046
-4376
-4241
-4005
-3223
-1885
-472
1102
2783
4647
6078
7076
7646
7618
7429
6842
6200
5186
4229
3624
3016
2747
2470
2135
1686
1320
1174
855
254
-521
-1027
-1395
-1362
-1144
-671
86
808
1635
2432
2990
3365
3658
3695
3275
2679
2291
2035
1847
1441
1091
399
-332
-1029
-1660
-2509
-3463
-4231
-5371
-6135
-6976
-7549
-8239
-8717
-8960
-8926
-9322
-9763
-9891
-8894
-7577
-4432
-370
3790
6481
8917
11596
13559
15240
14501
13047
10425
7260
3512
115
-2292
-4311
-5980
-7787
-8970
-9115
-8539
-7542
-7053
-6507
-6274
-5932
-5338
-4029
-2121
-114
1884
3547
5044
6845
8662
10102
10394
9848
8813
7338
5642
3639
2025
614
-856
-2129
-2974
-3326
-3546
-3759
-4031
-4229
-4556
-4641
-4610
-4274
-3615
-2427
-1078
497
2009
3691
5345
6263
6941
7263
7179
6569
5568
4591
3406
2479
1834
1208
686
39
-355
-783
-1038
-1344
-1559
-1931
-2197
-2261
-2250
-1844
-1180
-443
414
1215
1861
2459
3112
3381
3130
2850
2357
1644
814
169
-468
-1037
-1547
-2101
-2521
-3025
-3751
-4757
-5547
-6384
-7000
-7611
-8385
-8924
-8959
-9208
-9167
-9258
-9410
-9652
-9466
-8429
-6682
-3136
406
4081
6508
9011
11041
12745
13251
12040
10182
7473
3943
0
-2913
-4863
-6397
-7439
-8848
-9316
-8810
-7631
-6525
-6135
-5548
-5192
-4725
-4249
-3122
-1512
129
1844
3273
4992
6786
8433
9441
9571
8826
7525
5757
3835
1936
311
-1160
-2389
-3268
-3751
-3731
-3579
-3384
-3303
-3495
-3769
-3890
-3779
-3491
-2779
-1699
-356
1195
2828
4485
6106
7191
7684
7703
7264
6096
4934
3746
2280
822
145
-600
-1323
-1374
-1121
-1044
-1071
-767
-610
-844
-1011
-996
-934
-646
-64
643
1458
2288
2808
3077
3286
3289
2923
2330
1518
684
-118
-753
-1374
-1622
-1971
-2331
-2762
-3193
-3833
-4524
-5177
-5873
-6567
-7111
-7646
-8099
-8354
-8375
-8224
-8272
-8527
-8963
-9182
-8598
-7192
-4297
-918
2512
4754
7085
9088
10565
11743
11058
9642
6998
4044
385
-2672
-4686
-6126
-6993
-7922
-8532
-8197
-7158
-5749
-5125
-4727
-4547
-4388
-4194
-3637
-2394
-963
610
1820
3141
5053
6832
8048
8381
7933
6640
4991
3330
1628
242
-938
-1958
-2736
-3045
-2950
-2821
-2900
-2912
-3124
-3486
-3753
-3768
-3558
-3159
-2476
-1313
142
1979
3505
5224
6428
7160
7312
6772
5866
4404
3060
1332
-140
-1121
-1719
-1924
-1761
-1163
-793
-265
-41
23
-102
-193
-122
-432
-439
-209
267
989
1671
2305
2837
3354
3394
3000
2606
1916
1159
380
-166
-814
-1301
-1573
-1711
-1955
-2344
-2695
-3240
-3767
-4449
-5017
-5694
-6244
-6698
-6923
-7069
-7367
-7522
-7648
-7840
-8082
-8218
-7636
-6937
-4297
-1239
2373
4583
6751
8762
10162
11177
10476
9482
7074
4276
1128
-1737
-3429
-4765
-5448
-6418
-6877
-6685
-6010
-4863
-4388
-3933
-3960
-4009
-3941
-3185
-1872
-377
1162
2634
4092
5771
7323
8318
8364
7958
6977
5581
4200
2832
1611
614
-427
-1132
-1340
-1236
-1216
-1422
-1618
-2023
-2435
-2849
-2968
-2832
-2333
-1767
-836
775
2481
4301
5712
6765
6919
6764
6280
5170
3879
2658
1304
3
-701
-744
-654
-281
214
648
1097
1294
1163
1052
998
634
420
495
668
798
1276
1966
2430
2638
2817
2813
2613
2375
1998
1459
945
597
284
86
58
45
-150
-362
-944
-1717
-2431
-3098
-4071
-5010
-5609
-6243
-6829
-6903
-6750
-6828
-6812
-7308
-7988
-8213
-8260
-7941
-7069
-4656
-2063
1444
3690
6178
8139
10236
11337
10808
9644
7381
4787
1491
-978
-2887
-4313
-4935
-5764
-6094
-5696
-4785
-3815
-3546
-3089
-3182
-3212
-3245
-2821
-1881
-651
754
1995
3410
5206
6765
7772
7953
7606
6765
5625
4249
2758
1632
628
-316
-862
-1228
-1541
-1685
-1815
-2012
-2446
-2669
-2781
-2831
-2764
-2504
-1670
-744
355
1738
3278
4613
5258
5722
5736
5479
4553
3397
2620
1853
1091
414
273
722
1026
1586
1887
2066
1981
1658
1494
1081
577
3
-121
-107
-40
307
849
1604
2068
2337
2783
3040
2904
2839
2563
1976
1468
1079
802
622
290
-275
-856
-1495
-2199
-2918
-3722
-4289
-5000
-5524
-5988
-6114
-6248
-6384
-6285
-6844
-7158
-8054
-8760
-9496
-8806
-8203
-6145
-3133
322
3427
5804
8244
10067
11805
11781
10654
8721
6150
3217
258
-1880
-3416
-4177
-4710
-5452
-5337
-4855
-3860
-3496
-3318
-3459
-3750
-3769
-3278
-2230
-1075
399
1948
3510
5338
6704
7833
8339
8164
7563
6589
5424
4004
2703
1661
765
-54
-757
-1005
-1237
-1556
-1887
-2201
-2679
-3005
-3045
-3002
-2651
-2125
-1145
15
1549
3050
4645
5770
6316
6581
6328
6123
5101
4200
3330
2366
1550
1076
1218
1261
1399
1460
1212
987
530
338
-122
-595
-822
-868
-637
-339
433
1378
2192
2920
3614
4229
4519
4691
4417
3981
3542
2959
2215
1649
1108
280
-548
-991
-1455
-2222
-2747
-3309
-3876
-4130
-4468
-4844
-5326
-5353
-5254
-5157
-5054
-5164
-5337
-6026
-6873
-7169
-7013
-6486
-5876
-4080
-1577
1625
4356
6531
8293
9684
10665
10047
9028
7466
5576
2736
25
-1901
-3188
-3847
-4395
-4659
-4679
-4327
-3587
-3141
-2682
-2366
-2156
-1806
-1372
-411
698
2292
3717
4753
6050
7263
8196
8544
8510
7573
6534
5282
3924
2516
1220
171
-1028
-1857
-2427
-2581
-2665
-2933
-3112
-3146
-2996
-2780
-2206
-1355
-142
1240
2573
3992
5385
6444
7067
7472
7536
7215
6509
5776
5019
3982
3098
2512
1857
1046
456
131
-169
-369
-666
-640
-613
-629
-644
-427
354
1056
2059
2981
3982
4899
5289
5561
5629
5426
4966
4455
3830
3086
2396
1403
639
89
-462
-907
-1343
-1639
-2197
-2640
-3021
-3532
-3783
-3814
-4046
-4172
-4019
-3642
-3609
-3526
-3388
-3595
-4384
-5411
-6227
-6785
-6497
-6269
-5821
-4432
-2278
614
2917
5221
7040
8601
9509
8840
7926
6569
5164
2962
815
-756
-1817
-2098
-2482
-2521
-2490
-2317
-1976
-1881
-1655
-1698
-1520
-1350
-1120
-517
591
2079
3275
4271
5529
6302
6776
6906
6578
5618
4607
3302
1573
213
-539
-1141
-1874
-2250
-2221
-2129
-1936
-1815
-1778
-1608
-1191
-734
-297
331
1405
2518
3596
4540
5353
6182
6286
6271
6034
5485
4268
3104
2001
809
-70
-826
-1035
-1109
-986
-814
-468
44
373
770
1105
1618
1918
2263
2738
3066
3560
3905
4164
4168
4168
4174
3859
3166
2480
1695
854
102
-543
-1125
-1514
-1893
-2005
-1913
-2092
-2310
-2364
-2236
-2496
-2813
-3064
-3270
-3558
-3686
-3509
-3879
-3897
-3934
-4123
-4710
-5171
-6189
-7193
-8124
-8684
-9012
-8937
-7931
-6121
-2872
65
2731
5037
7266
9222
10044
9613
8783
7579
5850
3193
910
-1025
-1904
-2574
-3173
-3403
-3214
-2796
-2361
-2012
-1937
-1951
-1913
-2088
-1869
-1230
-122
832
1532
2502
3554
4458
4659
4745
4300
3395
2524
1481
473
-289
-643
-1161
-1427
-1204
-791
-506
-545
-481
-522
-832
-993
-1129
-972
-742
-153
560
1508
2443
2998
3648
4036
4422
4066
3588
2814
1869
861
-70
-457
-763
-582
-310
47
464
1067
1833
2293
2767
3096
3166
3043
2826
2659
2690
2633
2483
2258
2192
2143
2079
1806
1461
839
234
-142
-482
-866
-1011
-901
-923
-928
-914
-935
-952
-954
-1193
-1738
-2337
-2717
-2993
-3372
-3665
-3932
-4309
-4327
-4674
-5002
-5454
-6115
-7092
-8110
-8863
-9492
-9276
-8754
-7661
-6085
-2946
379
3272
5887
8140
9992
10789
10748
9769
8024
6057
3816
1470
-597
-1953
-2410
-2746
-3047
-3342
-3054
-2705
-2570
-2634
-2482
-2414
-2635
-2562
-2156
-1471
-476
523
1567
2595
3529
4230
4588
4597
4567
4010
3184
2498
1861
1191
379
131
-131
-369
-548
-670
-1011
-1398
-1712
-1820
-1984
-2065
-1665
-938
-285
525
1661
2792
3823
4433
4736
4708
4365
3571
2774
2002
1192
414
109
183
638
1053
1581
1931
2042
2161
2073
1917
1666
1419
1006
771
907
973
1200
1636
2143
2378
2525
2594
2353
1977
1678
1220
737
281
-23
-103
-140
-103
-268
-641
-1067
-1385
-2000
-2447
-2833
-3252
-3658
-3959
-4141
-4012
-3887
-3685
-3724
-3761
-3654
-3990
-4039
-4751
-5479
-6522
-7321
-7338
-7189
-6525
-5535
-3970
-1654
604
3182
5047
7004
7990
8281
7972
6676
5782
4180
2608
798
-582
-1331
-1884
-2060
-2534
-2705
-2477
-2527
-2402
-2495
-2361
-2292
-2201
-1996
-1670
-651
575
1700
2600
3340
4177
4509
4852
4860
4480
3816
3129
2323
1514
889
510
-81
-528
-998
-880
-1017
-1297
-1368
-1338
-1276
-1388
-1081
-771
-361
171
757
1531
2099
2659
2979
3116
3358
3195
2791
2255
2017
1330
957
869
736
602
514
743
827
710
697
788
763
704
719
677
739
1114
1557
1701
1752
2123
2359
2380
2280
2166
1923
1503
1027
654
339
27
-307
-549
-883
-1087
-1163
-1256
-1562
-1863
-1825
-1966
-2194
-2426
-2302
-2234
-2317
-2296
-2110
-2006
-2255
-2470
-2742
-3378
-3859
-4623
-5293
-6457
-7376
-8289
-8608
-8604
-8367
-7383
-6254
-4116
-1774
737
2875
4708
6329
6973
7367
7277
6835
5890
4420
3259
1642
606
-329
-918
-1343
-2015
-2375
-2746
-2806
-2965
-3072
-2956
-3115
-2794
-2382
-1660
-723
199
1132
1870
2630
3107
3629
4111
4055
3758
3349
2724
2170
1676
1157
511
-94
-675
-1249
-1534
-1774
-2009
-2095
-2152
-2116
-1737
-1076
-182
552
1084
1846
2279
2959
3383
3539
3299
3048
2564
2064
1578
1191
1010
877
656
589
611
912
971
951
971
949
833
586
613
731
766
649
704
939
1112
1312
1595
1856
2050
1950
1902
1506
1210
915
352
-218
-561
-738
-1093
-1334
-1596
-1650
-1767
-1890
-1954
-2009
-2171
-2203
-2093
-2012
-2020
-2220
-2318
-2438
-2616
-3006
-3354
-3806
-4526
-5321
-6422
-7159
-7915
-7990
-7741
-7019
-6185
-5201
-3344
-1350
933
2940
4721
5938
6778
7042
7034
6831
6079
4775
3363
1864
618
-459
-1421
-2317
-2928
-3470
-3941
-3919
-3509
-3136
-2689
-2269
-1827
-1215
-321
541
1611
2539
3036
3319
3684
3964
3952
3582
3051
2364
1578
1191
756
171
-291
-501
-862
-1217
-1292
-1374
-1411
-1332
-1265
-1101
-725
-335
120
618
1144
1546
1994
2258
2492
2435
2212
1944
1541
1183
818
553
370
245
90
76
153
550
866
1057
1381
1672
1812
1773
1650
1625
1685
1449
1363
1520
1621
1384
1245
1447
1366
1222
1026
772
500
203
-296
-744
-1028
-1158
-1340
-1391
-1365
-1415
-1421
-1246
-1045
-942
-940
-889
-1006
-1355
-1553
-1862
-2121
-2376
-2498
-2941
-3470
-3924
-4293
-4948
-5387
-6416
-7096
-7654
-7582
-7394
-6893
-5795
-4363
-2099
-103
1945
3299
4491
5360
5491
5532
4922
4391
3423
1969
573
-183
-201
-439
-611
-976
-1402
-1416
-1411
-1251
-1274
-1466
-1642
-1813
-1641
-1376
-666
78
605
1163
1472
1922
2317
2678
2848
2398
2085
1730
1392
887
748
768
434
-95
-348
-310
-559
-885
-934
-976
-1015
-981
-742
-239
209
391
657
1052
1263
1318
1177
1139
1103
1020
1032
877
953
1096
1390
1535
1805
1973
1911
2045
2091
1993
1631
1193
899
783
661
289
127
112
187
77
140
383
366
235
294
437
487
433
483
672
750
637
585
541
351
151
-17
-149
-261
-289
-448
-613
-871
-1075
-1213
-1523
-1662
-2162
-2623
-3041
-3385
-3799
-4320
-4455
-4826
-5063
-5587
-5885
-6031
-6110
-5759
-5596
-4913
-4526
-3714
-2456
-1318
-71
1063
2603
3484
4004
4379
4533
4592
4289
3713
2966
2013
1365
413
-222
-820
-1365
-1797
-2310
-2404
-2340
-2124
-1809
-1584
-1207
-717
-284
205
831
1251
1564
2017
2356
2407
2432
2664
2828
2698
2277
1906
1667
1112
509
130
-315
-823
-1208
-1264
-1391
-1403
-1516
-1275
-817
-503
-43
334
661
853
965
1202
1484
1811
1843
1952
2049
1976
1963
1970
1921
1802
1661
1524
1458
1222
1031
653
401
307
238
56
-155
-37
-9
75
136
271
575
901
1317
1529
1758
2073
2334
2487
2392
2104
1678
1291
958
599
19
-661
-838
-968
-1279
-1581
-1605
-1602
-1784
-1829
-1773
-1870
-2020
-2000
-2049
-2217
-2660
-3088
-3248
-3466
-3645
-4035
-4221
-4388
-4555
-4424
-4628
-4462
-4078
-3522
-2954
-2462
-1800
-1112
-418
194
863
1491
1785
2026
2259
2437
2446
2319
2237
1693
1467
1085
450
-137
-643
-953
-1318
-1520
-1550
-1680
-1335
-880
-258
67
233
662
1125
1525
1655
1670
1625
1522
1430
1264
1168
943
774
683
431
-35
-303
-201
-215
-370
-332
-378
-425
-141
482
1008
1200
1532
1897
2118
2143
2192
2119
1908
1722
1675
1451
1326
1388
1314
1173
1088
1192
1358
1183
966
911
1062
813
647
829
835
781
717
1088
1445
1500
1378
1465
1487
1412
1371
1446
1350
1139
893
752
664
596
445
152
-44
-314
-638
-804
-826
-930
-960
-1049
-853
-883
-855
-587
-340
-340
-433
-557
-872
-1103
-1431
-1911
-2342
-2491
-2828
-3269
-3652
-3621
-3586
-3664
-3612
-3388
-2996
-2481
-2130
-1552
-835
-206
264
571
1039
1278
1725
2075
2329
2251
2020
1962
1617
1198
743
272
-210
-502
-799
-935
-857
-913
-843
-716
-480
-190
208
468
621
936
1144
1381
1695
2064
2121
2329
2561
2495
2148
1738
1416
1090
635
361
213
-96
-170
-139
-117
14
468
891
1089
1337
1426
1571
1783
1853
1880
1995
2148
2396
2407
2346
2416
2326
2169
1785
1577
1350
1089
782
455
155
12
115
30
132
311
537
578
761
966
1095
1373
1389
1393
1405
1242
1140
1147
1206
1175
893
726
639
641
540
322
148
57
229
351
296
163
144
233
135
-73
-108
-48
-208
-589
-831
-1254
-1450
-1835
-2244
-2607
-2767
-2813
-3242
-3566
-3779
-3793
-3818
-3386
-2895
-2396
-2002
-1334
-813
-518
-340
95
635
792
757
600
617
570
410
386
458
249
-63
-101
-151
-433
-750
-893
-828
-1052
-1320
-1298
-1001
-602
-255
167
655
1044
1480
1793
1941
1927
2136
2136
1943
1715
1389
1174
867
602
338
2
-233
-446
-582
-630
-543
-397
-151
25
384
932
1126
1136
1405
1662
1644
1741
1882
2031
1935
1873
1756
1636
1516
1228
848
513
277
130
38
-31
-148
-153
-8
131
297
577
862
1086
1269
1331
1545
1454
1280
1177
1035
869
596
516
563
524
477
504
607
458
265
208
48
-206
-435
-458
-582
-601
-536
-462
-518
-413
-254
-282
-368
-443
-586
-933
-1290
-1558
-1882
-2159
-2402
-2571
-2705
-2777
-2683
-2653
-2487
-2293
-1970
-1699
-1590
-1303
-1073
-935
-736
-581
-444
-570
-500
-517
-574
-736
-745
-712
-766
-877
-833
-775
-757
-669
-488
-488
-498
-433
-248
-143
-26
110
261
393
539
662
673
736
922
1057
1091
1114
1128
1130
1068
874
664
641
582
500
399
373
560
810
928
1063
1246
1415
1437
1640
1730
1769
1761
1810
1793
1710
1474
1168
1135
1057
890
809
730
663
432
315
231
172
48
-99
-45
-38
178
380
644
720
882
995
1059
1300
1386
1291
1252
1211
1139
966
835
795
737
482
151
179
317
199
62
39
23
-66
-96
48
146
163
285
330
324
92
-32
1
-59
-248
-453
-533
-691
-908
-1105
-1299
-1544
-1878
-2111
-2268
-2590
-2842
-2909
-2993
-2867
-2598
-2424
-2269
-1911
-1512
-1232
-1008
-857
-658
-461
-258
-201
-338
-501
-561
-666
-679
-522
-372
-269
-132
122
211
282
445
396
346
151
98
-77
-269
-339
-205
141
252
147
256
664
910
777
726
820
778
631
456
381
445
539
418
408
430
565
636
746
854
779
654
726
1044
1205
1343
1447
1563
1603
1640
1704
1542
1271
1115
904
642
355
285
275
209
114
142
349
629
740
633
701
747
607
500
347
193
90
-77
-76
31
29
30
64
119
244
418
394
365
381
282
233
220
140
136
163
267
219
147
278
386
222
113
-137
-326
-487
-761
-919
-1183
-1288
-1305
-1487
-1479
-1344
-1401
-1450
-1478
-1473
-1528
-1545
-1573
-1428
-1377
-1057
-713
-739
-658
-432
-7
-10
-83
-72
-17
-212
-493
-660
-1061
-1334
-1460
-1453
-1362
-1272
-1257
-1152
-876
-509
-296
-88
-3
-45
2
259
438
464
598
602
677
1001
1171
1344
1359
1285
1150
985
980
868
745
557
498
347
166
285
454
535
599
791
990
1125
1302
1556
1762
1908
2048
2086
2029
1909
1764
1656
1427
1191
924
878
787
525
502
524
516
348
277
436
558
402
314
328
416
449
705
943
945
948
1050
1123
1120
1059
924
901
861
667
537
497
622
678
704
867
889
704
546
432
344
280
101
-84
-116
-119
-174
-270
-415
-383
-321
-290
-180
-188
-226
-311
-467
-605
-639
-565
-603
-440
-238
-216
-215
-137
-51
-78
-32
65
-7
-133
-94
-54
-8
-34
-135
-116
-94
-30
-320
-560
-448
-479
-611
-641
-466
-353
-416
-207
45
60
128
415
618
576
553
746
841
675
588
708
610
298
188
240
194
-88
2
63
-28
-14
62
256
340
304
458
694
777
849
1080
1353
1461
1555
1674
1700
1599
1545
1474
1133
735
652
435
426
385
298
240
148
126
142
234
228
187
315
673
922
1015
1139
1391
1379
1312
1319
1315
1260
1124
806
491
354
267
43
-70
35
65
-26
-38
48
166
175
55
-241
-330
-200
-194
-339
-440
-176
84
208
335
439
430
427
487
489
376
172
33
-92
-172
-436
-576
-740
-793
-775
-747
-520
-428
-420
-428
-315
-416
-456
-395
-396
-383
-330
-282
-392
-452
-436
-347
-232
-267
-329
-430
-412
-438
-456
-505
-517
-459
-567
-654
-598
-458
-261
-104
104
335
395
361
293
259
170
-2
-86
-212
-422
-702
-879
-811
-606
-551
-566
-281
26
133
152
422
389
323
546
744
788
771
684
676
671
708
866
722
431
247
140
-30
-187
-302
-328
-251
-284
-68
211
360
450
679
860
902
744
628
477
395
405
179
-15
-163
-111
-39
-19
14
128
152
205
363
391
221
-4
-207
-309
-395
-332
-198
-126
-92
26
292
434
555
755
866
830
741
881
771
486
432
376
306
139
34
-22
-135
-235
-183
-71
-105
-135
-138
-234
-137
129
344
398
325
431
652
578
458
230
82
44
-108
-369
-371
-73
60
38
76
317
346
157
84
-55
-136
-95
10
-9
-32
96
403
494
406
545
749
603
275
239
335
167
-152
-334
-315
-312
-339
-321
-240
-90
-26
-48
-52
-153
-101
66
63
55
112
424
506
482
448
411
421
375
181
44
8
-22
-148
-165
60
211
303
326
422
320
288
293
95
-95
-367
-306
-146
-214
-240
-237
-215
-110
-75
-47
-119
-196
-172
-235
-258
-368
-496
-491
-331
-270
-424
-459
-324
-348
-585
-746
-640
-724
-1043
-1180
-1121
-1149
-1283
-1138
-715
-531
-613
-572
-368
-244
-290
-268
-230
-64
73
253
342
229
271
308
176
-92
30
82
-339
-715
-783
-823
-1089
-1109
-883
-757
-877
-847
-605
-516
-762
-958
-700
-616
-680
-622
-589
-684
-524
-251
-197
-243
-250
-312
-447
-490
-631
-787
-817
-889
-980
-1043
-1288
-1453
-1423
-1198
-1050
-1115
-1084
-823
-680
-787
-723
-515
-402
-393
-348
-409
-401
-159
-99
-336
-293
-18
111
-51
-166
-42
-60
-328
-293
-191
-227
-282
-361
-291
-164
-103
-176
-238
-150
-155
-431
-489
-263
-106
-374
-801
-846
-581
-572
-807
-932
-808
-844
-1001
-1043
-1004
-1038
-1157
-998
-931
-923
-961
-846
-715
-738
-706
-742
-945
-1088
-950
-948
-1071
-1115
-991
-908
-885
-846
-854
-747
-471
-291
-221
-174
5
104
158
322
397
437
313
342
419
253
-143
-281
-292
-472
-563
-586
-631
-577
-474
-515
-450
-356
-173
-201
-265
-59
17
-74
-193
-93
-158
-430
-518
-172
-37
-318
-323
-146
-219
-486
-511
-283
-226
-387
-480
-483
-839
-1026
-617
-472
-636
-757
-498
-195
-288
-344
-314
-353
-346
-348
-485
-504
-519
-435
-280
-247
-251
-173
-11
34
115
280
361
132
128
357
371
128
125
189
115
143
298
211
12
213
277
-47
-244
-79
-211
-642
-776
-646
-674
-781
-744
-584
-449
-494
-444
-508
-549
-599
-558
-400
-443
-537
-377
-18
73
-176
-240
73
-47
-694
-1056
-882
-879
-1132
-1053
-785
-788
-745
-509
-417
-315
-49
123
233
243
312
406
421
389
350
284
212
224
242
166
182
188
329
397
230
117
113
206
99
-125
-91
-9
-114
-71
77
183
185
63
-48
-22
27
-82
-231
-413
-585
-651
-584
-544
-537
-454
-243
-194
-159
82
230
223
171
365
516
460
374
321
151
-200
-331
-221
-194
-460
-536
-387
-498
-628
-730
-698
-465
-306
-224
-114
174
511
632
682
845
1132
1077
997
1208
1376
1043
734
818
942
699
460
604
611
442
207
370
384
238
122
26
44
38
11
-121
-174
-18
166
110
34
284
471
434
541
557
334
138
158
127
-172
-269
-107
-164
-441
-496
-212
-283
-426
-330
-189
-187
-287
-215
-154
-14
68
121
264
467
463
389
473
507
400
235
303
376
272
110
-87
11
156
69
131
240
266
163
161
329
271
81
112
283
-123
-444
-261
-217
-546
-633
-364
-530
-720
-567
-415
-761
-995
-792
-739
-1007
-1094
-837
-732
-812
-789
-562
-449
-401
-319
-357
-363
-465
-570
-687
-908
-945
-787
-631
-779
-963
-889
-623
-580
-737
-584
-341
-335
-285
-252
-253
-214
-260
-273
-290
-308
-292
-414
-607
-647
-662
-865
-957
-680
-353
-594
-783
-383
-184
-545
-670
-322
-364
-719
-749
-566
-571
-854
-979
-730
-472
-566
-612
-613
-633
-697
-839
-842
-849
-722
-759
-891
-910
-738
-687
-925
-803
-657
-715
-817
-789
-593
-478
-537
-601
-560
-478
-428
-373
-311
-241
-164
-126
-200
16
146
12
-77
39
246
224
62
-61
-9
-112
-159
-198
-148
-203
-371
-558
-519
-464
-681
-643
-566
-337
-183
-80
1
-203
-338
-194
-334
-728
-681
-435
-529
-726
-581
-491
-500
-644
-807
-584
-576
-577
-414
-465
-426
-373
-433
-413
-478
-611
-657
-855
-857
-749
-660
-713
-786
-613
-537
-699
-814
-621
-529
-459
-483
-383
-220
-153
-65
-118
-117
20
41
-63
-266
-244
-221
-464
-402
-273
-470
-699
-546
-359
-437
-487
-513
-401
-486
-488
-462
-626
-672
-569
-515
-624
-569
-532
-790
-962
-776
-761
-943
-1009
-766
-739
-1015
-1077
-778
-715
-915
-944
-791
-664
-726
-813
-602
-454
-604
-783
-701
-373
-442
-496
-361
-356
-538
-573
-366
-328
-397
-377
-169
-71
-172
-296
-209
-51
-333
-638
-646
-664
-684
-749
-627
-475
-576
-630
-445
-504
-725
-754
-530
-457
-523
-471
-630
-468
-270
-146
-252
-434
-592
-639
-497
-382
-442
-462
-498
-600
-591
-545
-394
-432
-444
-341
-239
-436
-654
-632
-499
-504
-582
-716
-717
-667
-673
-834
-856
-660
-446
-368
-426
-353
-298
-278
-216
-189
-256
-252
-249
-287
-283
-406
-536
-387
-355
-438
-422
-383
-487
-550
-558
-609
-444
-393
-497
-324
-166
-196
-236
17
104
-34
-192
-49
-7
-187
-328
-389
-365
-311
-345
-492
-463
-412
-337
-393
-454
-460
-574
-727
-769
-741
-773
-710
-754
-820
-642
-390
-267
-316
-369
-260
-221
-264
-247
-235
-356
-525
-517
-463
-460
-318
-254
-353
-456
-429
-307
-512
-504
-135
13
-40
-141
-147
-89
-34
-199
-259
-147
-160
-334
-572
-474
-513
-724
-898
-886
-784
-728
-723
-661
-523
-590
-724
-660
-366
-373
-474
-442
-483
-657
-875
-901
-786
-849
-915
-703
-532
-596
-582
-546
-564
-520
-551
-489
-256
-373
-606
-657
-455
-447
-699
-712
-538
-402
-442
-422
-456
-529
-459
-452
-599
-695
-543
-488
-685
-706
-642
-676
-771
-742
-686
-790
-833
-749
-550
-484
-393
-116
-22
-25
-123
-134
-75
-143
-270
-446
-404
-409
-681
-853
-635
-421
-536
-471
-391
-434
-579
-540
-483
-738
-868
-698
-612
-758
-780
-647
-444
-371
-436
-345
-160
-221
-333
-292
-304
-398
-378
-393
-478
-438
-431
-563
-687
-733
-721
-648
-637
-655
-705
-653
-540
-506
-390
-275
-223
-177
-292
-327
-412
-492
-477
-429
-427
-629
-522
-390
-414
-512
-374
25
56
-189
-206
27
42
-2
90
67
85
-33
-39
-114
-379
-512
-494
-510
-597
-570
-536
-427
-415
-401
-337
-260
-198
-87
-90
-130
-88
-142
-323
-305
-111
-220
-338
-231
-155
-354
-428
-314
-270
-372
-289
-162
-154
12
45
16
125
220
137
85
242
483
491
451
598
618
391
295
354
309
261
269
432
453
345
168
104
169
173
92
-1
79
90
123
235
141
52
-2
138
170
97
186
213
86
-71
-77
76
170
48
117
309
250
255
447
577
425
364
431
380
186
127
144
89
95
116
-5
-44
65
191
280
212
212
289
302
236
150
86
-156
-262
-193
-183
-104
-54
106
28
77
-43
39
268
182
175
265
386
361
253
334
449
411
414
439
440
322
207
49
8
-3
-134
-119
-37
-115
-190
-161
-21
93
-43
-132
-56
-20
12
-119
-108
-129
-79
2
-75
-127
-97
-33
-48
-124
-39
63
-51
-97
57
54
-5
-114
-26
140
101
68
99
175
203
49
138
254
201
294
349
300
280
366
458
563
616
631
649
724
693
597
538
602
483
403
318
326
284
169
238
159
-6
46
53
-172
-239
-120
104
105
-41
67
183
168
256
253
242
322
346
340
273
222
213
143
103
21
-41
-129
-147
32
74
32
127
162
126
6
30
12
-149
-34
117
157
131
248
343
351
398
378
332
306
262
363
428
374
495
626
495
287
312
265
231
213
159
30
-18
-45
-90
-201
-301
-283
-353
-404
-351
-56
109
75
180
473
647
534
418
427
322
130
55
48
51
218
350
240
228
248
236
169
20
-72
-49
-33
2
96
-44
-31
239
290
143
262
509
425
364
418
516
496
398
480
442
316
383
442
415
298
338
382
301
344
428
315
124
82
133
192
211
241
168
221
236
335
411
444
490
379
241
222
217
250
239
91
74
170
284
248
185
199
319
377
286
266
305
251
173
69
216
263
247
265
227
227
156
143
46
140
166
235
146
61
217
268
241
207
168
162
249
310
335
269
282
459
463
439
457
361
325
251
204
228
140
61
94
33
-151
-191
-103
-158
-176
-46
-26
-100
12
286
284
144
210
141
119
141
4
-105
-38
9
60
94
79
98
41
-6
-59
-173
-141
-171
-235
-275
-146
-89
52
278
336
449
520
584
494
481
491
382
498
445
307
263
225
216
195
77
-37
-28
87
92
-69
-23
92
71
-52
-116
-55
-30
-80
120
298
257
334
528
504
449
524
501
318
102
107
75
121
53
114
248
219
136
132
243
112
97
66
-88
-142
-233
-238
-214
-157
-165
-89
-35
47
259
400
462
370
401
369
337
223
200
185
119
72
31
133
190
193
180
144
316
350
101
214
443
513
358
367
407
144
94
278
132
-71
57
281
170
69
193
366
416
397
369
295
278
320
271
120
148
135
113
165
269
251
200
157
174
220
192
357
423
382
290
116
149
240
200
218
168
106
272
399
306
242
294
308
282
323
404
316
130
25
170
204
86
250
560
600
519
550
613
551
433
361
240
104
198
263
180
126
65
259
389
238
98
200
301
311
130
151
338
164
-18
147
331
247
214
396
342
156
143
131
100
-17
114
209
122
-3
-27
20
6
49
229
330
311
348
452
480
346
238
144
194
272
214
148
112
209
390
499
474
496
568
432
412
466
398
304
305
273
299
220
214
372
298
240
225
197
174
241
131
165
180
178
139
68
145
174
175
107
186
165
162
128
14
-1
75
38
136
327
436
409
270
353
585
565
360
253
143
58
209
321
287
194
208
304
370
358
313
265
329
393
395
451
360
253
97
35
166
197
149
217
310
288
137
86
113
108
106
28
-72
-7
62
94
129
170
201
292
445
433
419
357
360
368
263
178
276
391
463
409
324
302
213
215
158
-41
-164
-278
-319
-314
-201
-266
-307
-67
51
-148
-223
7
71
40
31
174
41
-113
58
197
193
122
166
203
155
192
271
141
107
126
196
206
180
171
24
51
-13
-126
-95
-20
-6
-107
-35
17
14
82
180
82
-16
-46
123
330
196
92
145
265
244
62
39
26
-37
-107
-157
-37
-20
-222
-258
-150
-68
-60
-51
81
70
90
143
20
-64
10
164
185
111
2
32
39
-10
27
139
147
60
96
339
449
242
109
56
25
-112
-240
-156
-81
-97
-138
-140
-137
-189
-114
-131
-136
-206
-184
-103
-73
2
-8
-49
-244
-249
-260
-235
-307
-284
-376
-346
-236
-241
-326
-526
-488
-553
-527
-549
-553
-535
-439
-289
-147
-93
-52
91
155
207
183
86
8
23
10
-136
-168
-111
-11
-112
-334
-359
-289
-250
-322
-213
-76
131
152
13
-8
53
27
-109
-178
-126
-82
-154
-253
-196
-123
-195
-253
-254
-301
-344
-378
-388
-429
-485
-453
-360
-292
-281
-262
-244
-179
-238
-258
-156
-178
-269
-263
-275
-381
-488
-422
-444
-579
-668
-612
-613
-857
-793
-555
-348
-265
-120
-165
-299
-232
-227
-145
-144
-125
-113
-177
-346
-502
-534
-612
-564
-516
-710
-773
-693
-833
-790
-612
-518
-575
-560
-406
-292
-328
-454
-302
-142
-69
-14
-3
57
-28
-243
-245
-156
-90
-103
-129
-76
-130
-303
-329
-423
-553
-463
-336
-358
-506
-551
-696
-845
-928
-847
-771
-892
-835
-625
-580
-683
-724
-640
-494
-470
-377
-263
-268
-417
-523
-666
-694
-590
-591
-554
-582
-545
-475
-561
-468
-411
-376
-299
-191
-280
-358
-162
-231
-431
-510
-515
-586
-576
-508
-450
-433
-379
-395
-535
-507
-496
-459
-499
-418
-398
-500
-563
-503
-414
-501
-503
-487
-294
-180
-317
-375
-344
-479
-553
-457
-381
-465
-487
-500
-649
-618
-545
-643
-805
-626
-320
-241
-316
-445
-418
-338
-362
-404
-389
-269
-207
-275
-394
-470
-364
-275
-357
-491
-453
-427
-391
-478
-539
-687
-724
-573
-638
-874
-861
-595
-650
-773
-673
-600
-628
-650
-648
-604
-533
-479
-507
-494
-589
-608
-415
-238
-292
-340
-281
-289
-401
-518
-373
-152
-177
-238
-102
-57
-134
-191
-226
-281
-196
-217
-323
-350
-529
-624
-530
-625
-741
-689
-700
-806
-843
-625
-472
-608
-584
-568
-635
-578
-483
-328
-319
-264
-165
-189
-224
-272
-305
-317
-417
-534
-463
-515
-515
-578
-717
-670
-630
-569
-490
-392
-277
-227
-167
-82
-141
-148
-153
-128
-152
-212
-239
-254
-190
-202
-256
-361
-416
-330
-264
-342
-395
-367
-303
-301
-432
-586
-506
-377
-261
-294
-487
-555
-622
-654
-646
-705
-867
-966
-819
-835
-797
-851
-825
-808
-659
-581
-489
-567
-545
-286
-335
-389
-347
-220
-366
-464
-368
-240
-215
-229
-221
-337
-360
-361
-343
-277
-338
-422
-430
-361
-333
-319
-329
-208
-112
-100
-123
-247
-263
-378
-403
-386
-443
-390
-364
-355
-432
-367
-260
-249
-164
-108
-243
-345
-329
-475
-548
-610
-505
-406
-501
-503
-468
-525
-527
-589
-639
-748
-740
-681
-631
-579
-568
-392
-260
-210
-264
-331
-267
-244
-261
-217
-224
-250
-357
-477
-531
-594
-543
-615
-696
-583
-383
-185
-173
-166
-47
51
39
-147
-258
-374
-459
-473
-532
-525
-472
-529
-424
-352
-328
-468
-516
-494
-547
-513
-598
-780
-619
-346
-402
-472
-210
-61
-200
-259
-233
-206
-250
-181
-118
-177
-130
-111
-124
-232
-526
-559
-528
-598
-671
-703
-629
-531
-618
-661
-519
-352
-357
-353
-229
-338
-438
-358
-306
-305
-344
-266
-154
-165
-39
-109
-192
-215
-154
-210
-382
-337
-296
-271
-235
-190
-129
-126
-141
-187
-239
-46
30
-135
-240
-269
-296
-495
-485
-462
-566
-657
-746
-685
-657
-655
-686
-751
-782
-578
-433
-479
-545
-412
-189
-144
-92
-12
-51
75
182
164
115
-84
-149
-76
-206
-339
-404
-385
-352
-516
-659
-626
-615
-569
-558
-468
-283
-303
-244
-153
-65
-101
-152
18
90
69
44
85
168
63
-63
-114
-164
-335
-413
-351
-266
-314
-529
-441
-315
-217
-314
-300
-307
-254
-163
-250
-194
-271
-295
-408
-445
-456
-472
-586
-681
-564
-472
-491
-671
-798
-706
-514
-464
-597
-576
-416
-372
-333
-346
-362
-306
-332
-209
-237
-223
-112
-22
110
114
100
120
154
-33
-181
-168
-77
-64
-63
-18
-53
-128
-253
-331
-254
-308
-347
-282
-240
-188
-166
-276
-176
-94
-95
-103
-153
-107
-215
-473
-449
-286
-355
-475
-492
-597
-720
-823
-920
-901
-858
-847
-833
-779
-551
-442
-578
-551
-515
-516
-453
-278
-102
30
86
16
-62
-162
-194
-235
-273
-365
-366
-232
-294
-312
-182
-159
-209
-109
75
30
-80
-99
-273
-395
-385
-268
-223
-440
-529
-493
-536
-573
-435
-428
-436
-345
-378
-454
-367
-241
-333
-500
-506
-318
-181
-189
-368
-440
-413
-278
-122
-133
-144
-224
-326
-267
-338
-270
-371
-509
-422
-412
-465
-457
-244
-241
-192
-53
-12
29
-134
-250
-300
-176
-151
-211
-264
-309
-248
-171
-237
-247
-244
-221
-127
-227
-231
-338
-500
-676
-631
-594
-635
-534
-512
-413
-402
-472
-544
-434
-199
-58
-74
-49
-13
-115
-98
-120
-243
-374
-291
-90
-96
-246
-338
-417
-481
-639
-560
-392
-376
-482
-515
-540
-560
-503
-500
-449
-370
-215
-61
-81
-22
-66
-282
-382
-437
-367
-300
-187
-164
-264
-79
-22
-125
-382
-425
-280
-277
-394
-472
-255
-157
-166
-290
-206
-155
-142
-164
-197
-267
-336
-260
-198
-339
-453
-403
-499
-552
-445
-389
-248
-105
-120
-162
-253
-293
-243
-294
-182
-122
-249
-313
-279
-273
-279
-359
-504
-522
-523
-482
-602
-714
-721
-737
-647
-560
-678
-774
-551
-344
-384
-508
-446
-284
-274
-276
-145
-39
-127
-207
-196
-39
-130
-158
-54
6
-97
-210
-131
-54
-28
-20
-73
-229
-178
-166
-264
-292
-349
-347
-316
-214
-124
-170
-282
-278
-322
-495
-535
-452
-451
-690
-744
-518
-487
-733
-784
-606
-477
-581
-650
-486
-233
-125
-113
-239
-313
-197
-113
-132
-265
-253
-248
-381
-296
-212
-305
-473
-511
-287
-181
-188
-231
-317
-371
-370
-355
-402
-405
-455
-380
-217
-287
-178
-93
-152
-95
-88
-210
-356
-389
-352
-368
-332
-289
-217
-99
-139
-218
-227
-203
-161
-138
-178
-177
-111
-129
-170
-137
-196
-409
-357
-141
-129
-158
-157
-259
-487
-567
-459
-485
-512
-466
-314
-174
-139
-178
-113
46
-56
-125
-221
-219
-139
-147
-26
-33
-76
-3
45
-226
-380
-292
-158
-193
-319
-271
-224
-221
-245
-211
-227
-155
-85
-191
-211
-133
-206
-299
-371
-301
-202
-49
-92
-83
90
44
-92
-174
-211
-183
-185
-230
-257
-295
-297
-383
-260
-207
-244
-190
-98
-73
-132
-130
1
71
-202
-288
-213
-130
-175
-255
-300
-361
-231
-153
-160
-254
-182
-128
-249
-334
-272
-110
-50
-82
33
99
100
85
-191
-186
-31
37
137
46
32
108
298
438
342
257
213
150
110
86
-21
-150
-169
-111
-128
-10
31
39
92
42
-38
-151
-109
-149
-250
-314
-311
-282
-223
-173
-126
-261
-301
-241
-275
-301
-327
-247
-134
-54
-101
-126
-72
66
178
148
214
311
300
212
326
334
183
212
236
152
101
53
-10
-21
-181
-169
-8
80
144
135
70
57
45
-68
-98
-139
12
198
185
115
94
126
42
-68
-193
-212
-101
-5
-45
-72
106
244
146
9
48
93
-4
7
146
245
167
106
116
152
234
212
225
234
173
93
134
156
106
108
49
31
-24
12
117
79
-27
-101
-57
-86
-93
103
231
324
283
97
96
186
239
139
-22
13
93
27
-37
-43
89
63
-14
70
-22
59
181
5
-84
82
121
-6
93
340
486
322
216
301
306
153
13
144
266
393
455
510
348
198
211
215
151
47
40
-6
65
91
38
46
128
96
17
102
280
350
134
92
238
293
350
411
332
152
215
291
178
128
272
391
283
224
297
321
378
401
445
278
208
161
86
72
105
125
43
-5
-10
122
58
-58
-50
-45
-112
-123
-203
-204
-127
-95
-26
80
162
204
319
334
310
373
495
506
369
298
324
403
410
456
382
189
136
84
7
117
77
22
-44
17
-20
-33
147
198
98
45
-8
-33
-69
48
174
132
86
151
224
134
220
143
61
166
219
193
160
305
295
420
518
599
643
527
490
370
309
258
290
165
47
131
239
220
116
82
-44
28
70
129
103
119
258
253
82
-132
-159
-187
-144
-83
-88
-47
-54
-58
82
74
-136
-220
-53
-66
-295
-331
-161
-63
-347
-368
-139
0
-109
-64
87
-32
-172
-84
49
10
21
-14
94
119
188
217
280
363
254
329
420
490
583
525
467
341
356
346
310
310
278
143
226
284
159
31
-142
27
-51
-231
-191
-30
-58
-123
9
121
124
98
154
248
252
201
105
61
26
6
-72
-189
-142
-138
-23
16
-70
-41
100
64
32
88
93
107
84
136
101
187
206
134
226
221
104
55
152
251
54
-37
-25
-33
-55
-68
-63
-115
-77
80
298
273
410
488
338
327
335
252
199
256
222
52
-4
-51
-32
33
52
89
142
210
261
251
142
-15
-63
-95
-101
-145
-166
-32
57
53
19
-8
-72
-54
18
-30
-80
-43
-78
-99
68
24
8
29
-77
-124
-145
-91
-32
23
4
117
124
138
110
107
35
113
155
101
115
10
25
88
69
-52
38
45
1
107
155
227
272
267
291
281
227
121
75
66
98
130
184
227
210
70
30
201
121
64
93
65
13
-31
-127
-76
-55
-88
-115
-15
104
162
85
7
-1
-79
-128
-173
-150
-190
-198
-78
-25
-27
10
9
-11
-136
-182
-94
-97
-115
-89
-23
-32
2
115
116
49
-1
124
216
74
-103
44
282
324
303
302
303
269
153
170
82
243
352
265
253
126
144
146
83
88
84
92
88
-126
-280
-258
-190
-265
-327
-319
-274
-279
-204
-51
-116
-99
-26
-26
-118
-139
-3
-14
-218
-270
-145
-104
-156
-198
-110
-22
-14
-88
-156
-66
-32
81
25
-50
207
387
403
218
111
201
416
424
247
181
234
226
97
54
129
299
341
433
392
333
284
258
176
21
-63
-23
41
-80
-141
-220
-176
-100
-55
-37
-113
-64
23
84
2
-5
89
-6
67
115
145
61
-43
-85
-77
-60
-128
-193
-236
-81
63
33
-70
-82
68
-5
-158
-87
-90
-51
22
64
-65
-97
95
166
83
302
363
271
338
435
594
517
505
583
557
306
52
-219
-366
-328
-229
-42
-121
-197
-166
11
151
-8
-230
-183
-50
-218
-299
-117
-40
-384
-645
-440
-257
-271
-257
-222
-300
-259
-99
-147
-293
-216
75
322
114
37
195
266
313
212
71
-90
65
111
-59
-80
-158
-146
-16
76
64
77
337
446
77
-175
-92
-87
-130
-194
-121
-147
-321
-229
-38
-24
-41
-16
150
209
201
375
394
259
133
82
18
-132
-223
-147
-162
-292
-255
-142
-94
-34
-112
-116
34
-1
-109
-142
-169
-60
48
94
113
66
82
-8
-92
-176
-173
-253
-412
-474
-471
-455
-444
-121
27
-51
-90
108
32
-139
-169
-132
74
137
190
105
151
209
203
173
-28
-26
167
40
-180
-199
-109
-50
-146
-130
-123
-190
-99
18
-17
-146
-106
-33
-216
-282
-134
59
66
26
124
210
147
62
-165
-252
-218
-316
-334
-186
-130
-97
-154
-242
-222
-24
-59
-138
-78
12
49
-43
-60
-74
40
-9
-59
-35
-127
-117
-26
106
56
78
230
145
163
192
232
91
62
76
-37
-108
-68
13
-113
-71
69
136
30
-77
110
245
257
184
151
42
8
88
100
155
58
114
129
157
111
66
54
146
264
135
59
31
50
-118
-172
-284
-305
-175
-30
-57
-170
-54
-70
-200
-246
-182
-179
-178
-83
40
-38
-88
-29
98
24
-24
169
318
428
333
252
232
263
271
330
342
199
144
200
370
334
190
178
247
100
-123
-217
-161
-175
-221
-83
-52
-30
-50
-53
-84
-160
-90
-113
-208
-268
-262
-141
-11
21
27
104
119
13
24
14
-26
-124
-190
-113
-17
-40
-68
-112
-210
-146
-80
2
-97
-191
-328
-378
-315
-128
41
-33
-79
19
242
324
274
304
437
525
327
28
-114
-163
-180
-182
-210
-215
31
74
-71
30
136
70
31
61
174
271
128
-19
-39
71
30
-166
-122
-8
-80
-225
-279
-226
-94
-68
-138
-115
-125
-36
-24
-55
-71
-100
-53
52
36
-160
-52
194
320
319
364
432
383
217
157
173
-98
-232
-118
-99
-334
-287
-133
-171
-173
-143
80
24
-126
-96
-13
-64
-185
-161
-204
-113
-95
-105
-215
-185
-109
-71
-68
-11
63
96
186
159
135
146
121
-40
55
185
64
-100
84
112
115
55
14
-73
-273
-155
-137
-240
-352
-288
-190
-242
6
195
357
493
555
587
518
438
361
258
210
196
118
75
52
60
-81
-202
-271
-144
-132
-235
-195
-127
49
45
-54
-65
-6
38
-56
-101
-25
14
-40
-136
-214
-146
-55
26
-31
-63
40
99
107
137
-16
-104
68
314
315
211
409
562
466
337
453
558
502
453
338
180
237
184
105
194
155
101
30
-1
21
-99
-124
-231
-275
-299
-395
-399
-452
-428
-465
-488
-403
-293
-94
41
-65
-185
-86
16
116
276
346
213
173
205
200
159
-27
-90
-133
-99
-136
-200
-327
-316
-209
-128
-182
-184
-7
121
113
25
138
332
191
81
145
85
89
131
182
75
79
212
277
212
65
98
201
282
126
13
18
150
75
-79
-134
-267
-265
-300
-396
-378
-322
-379
-435
-265
-167
-150
-92
-35
-27
-112
-153
-108
12
-13
-39
21
135
281
352
350
224
151
167
67
-59
-114
-103
-148
-129
-130
-122
-160
-94
-4
-98
-280
-174
88
105
-5
-60
-55
-81
-157
-113
6
72
177
283
254
228
111
35
128
204
252
227
212
57
19
-109
-153
-98
-71
-134
-104
71
129
174
81
-61
-210
-228
-292
-291
-333
-383
-343
-197
21
-2
-135
-85
19
-44
-153
-175
-182
-220
-176
-42
-27
101
340
541
593
409
357
336
195
-31
-35
130
143
-83
-76
7
-7
-96
-32
-56
-125
-186
-202
-183
-148
146
175
103
147
221
100
-73
-52
-58
-97
-134
-68
-144
-223
-79
-24
-216
-380
-252
-49
35
-82
20
85
29
-55
-162
-133
-6
47
-58
43
-30
-127
-169
-281
-204
-127
25
251
337
373
356
325
333
295
251
156
178
261
274
171
47
18
-68
-219
-310
-254
-174
-225
-335
-279
-236
-174
-46
12
28
53
68
57
-35
-53
-50
-36
-31
23
7
-43
-105
-105
-59
-96
32
62
-101
-44
-88
-261
-370
-221
-112
-206
-266
-152
-82
-116
-77
-79
25
28
-30
104
146
98
216
342
283
303
287
179
141
131
144
113
171
182
159
165
25
27
32
-24
20
-29
-13
-85
-185
-169
-148
-80
-13
-13
-136
-172
-201
-298
-325
-215
-120
-176
-115
5
99
94
154
125
27
-81
-178
-165
-233
-270
-247
-215
-209
-174
-59
-140
-205
-311
-390
-417
-372
-352
-355
-290
-160
-118
-141
-142
-135
26
51
152
281
293
192
184
125
-29
-107
-61
-33
-123
-149
109
161
-14
88
174
125
63
83
133
130
76
-38
10
115
142
104
-12
-45
-10
110
75
-33
-204
-180
-21
-7
-181
-284
-118
-239
-309
-195
-31
26
-63
-28
42
-92
-203
-199
-189
-102
-48
-12
-113
-256
-203
-47
-32
-213
-202
5
86
168
232
269
247
192
253
374
346
283
306
271
240
338
258
167
120
202
288
175
3
14
135
162
36
103
218
-56
-206
-236
-231
-317
-373
-251
-284
-377
-226
-142
-275
-372
-258
-272
-374
-319
-265
-262
-155
2
-77
-280
-239
57
296
361
302
282
227
206
250
246
171
171
210
198
174
5
-134
-152
-227
-189
-66
-79
-215
-172
-107
-274
-386
-257
-3
-33
22
153
154
29
79
130
70
49
119
126
56
1
24
80
125
97
38
119
-39
-66
-46
-106
-228
-288
-158
-40
-78
-243
-199
-201
-221
-250
-196
-11
109
192
295
316
266
248
305
247
43
6
27
1
-57
25
-45
-147
-53
108
-47
-280
-309
-211
-209
-236
-107
-105
-275
-196
-32
-80
-105
0
13
-86
-92
-141
-187
-228
-219
-160
-156
-319
-510
-228
-70
-62
1
-6
25
68
156
132
-58
-132
-31
-113
-166
-141
17
121
28
-55
31
175
114
30
78
129
-59
-153
-290
-344
-405
-343
-268
-180
-51
-35
-32
46
100
15
-107
-250
-172
-201
-304
-344
-219
-76
-128
-88
-10
88
119
12
35
43
-69
-213
-266
-114
-137
-208
-122
-27
-64
-114
-6
101
95
9
-37
-162
-222
-9
151
89
-35
19
123
90
158
154
213
122
13
145
299
284
294
222
131
81
41
90
121
337
400
172
102
311
320
2
-194
-118
-163
-220
-261
-356
-365
-277
-229
-322
-505
-460
-212
-143
-247
-147
-73
-205
-303
-283
-17
83
95
130
168
203
37
-11
27
-63
-73
-37
142
238
256
272
185
115
145
240
163
162
47
72
89
118
-34
-111
-78
-215
-224
-237
-211
-268
-310
-236
-276
-248
-188
-141
-97
-209
-407
-571
-463
-350
-323
-193
-116
-175
-235
-253
-309
-364
-147
100
18
-138
-35
78
101
23
-82
-53
-4
-81
-113
-173
-314
-287
-301
-314
-224
-228
-193
35
229
246
302
400
382
165
134
243
154
14
-59
-79
-96
-62
-85
-102
10
102
100
73
-15
-185
-363
-479
-447
-417
-457
-396
-264
-97
14
23
116
285
351
372
229
90
124
169
62
-82
-85
-19
72
154
214
343
258
253
183
53
-25
-44
99
51
-3
109
263
206
209
228
100
-88
-53
74
88
177
21
-27
27
110
165
19
-7
-48
30
91
-91
-336
-421
-473
-465
-398
-338
-289
-166
-35
-53
-55
-17
90
254
299
244
