SAMPLES:	15295
BITSPERSAMPLE:	16
CHANNELS:	1
SAMPLERATE:	16000
NORMALIZED:	FALSE
-212
-249
-307
-247
-215
-292
-453
-346
-123
-224
-540
-527
-360
-362
-487
-630
-452
-274
-201
-308
-455
-524
-330
-166
-141
-178
-273
-407
-491
-543
-572
-550
-571
-561
-576
-517
-559
-648
-678
-766
-854
-694
-442
-325
-407
-436
-305
-253
-325
-349
-305
-229
-174
-201
-159
-160
-258
-343
-233
76
98
-153
-295
-276
-168
-284
-464
-464
-236
-106
-305
-305
-313
-388
-416
-317
-236
-331
-398
-307
-258
-367
-447
-398
-245
-199
-469
-446
-105
46
-71
-193
-50
74
-81
-177
44
142
-124
-222
52
326
199
74
155
226
151
-49
-141
-20
0
-212
-372
-278
-56
-16
-114
-99
-53
-30
-156
-291
-131
-228
-316
-217
-63
-29
63
238
288
150
-127
-224
-250
-152
-97
-178
-138
-7
156
99
-97
-80
-82
-173
-124
73
115
75
200
266
268
312
164
194
397
447
438
518
685
793
729
583
677
641
678
834
781
700
651
648
552
509
771
799
598
581
714
697
540
618
789
827
782
905
1011
932
946
1037
1036
824
811
1087
1201
1083
991
1046
1099
1011
791
729
863
776
730
777
828
808
743
751
785
767
651
630
602
576
724
701
820
1065
846
602
609
722
738
633
518
516
440
259
137
193
413
425
351
298
145
80
90
153
229
275
260
193
315
470
364
254
464
436
189
264
514
645
492
411
666
726
518
650
922
988
713
286
395
766
755
194
-109
192
482
249
-103
0
291
331
162
156
306
399
296
242
147
215
336
236
76
65
335
360
120
47
258
298
182
227
320
385
313
148
150
328
183
-72
-113
23
105
-90
-245
7
184
107
90
143
206
248
252
208
181
222
369
316
78
84
194
123
82
74
93
138
209
128
-147
-155
21
-144
-467
-419
-88
31
-216
-246
63
102
-303
-481
-122
151
2
-24
-42
-48
-71
52
63
-194
-175
-37
-120
-320
-284
-92
-59
-129
-141
-42
-50
-51
96
255
112
-89
46
108
-47
-63
141
254
231
170
187
73
-12
-12
-70
-156
-232
-88
56
-13
-88
-79
-247
-396
-128
-46
-180
-177
-185
-301
-309
-406
-679
-727
-566
-459
-417
-407
-270
-90
-190
-247
-358
-343
-326
-592
-707
-546
-376
-456
-527
-364
-244
-294
-316
-348
-564
-663
-393
-99
-130
-369
-316
-139
-72
-108
-150
-46
123
261
33
-151
27
108
-37
-220
-25
260
252
139
131
140
-49
-346
-395
-64
42
-8
42
180
54
-5
211
182
82
53
-39
-382
-600
-443
-216
-342
-328
-185
-126
-129
-226
-134
42
-9
-380
-518
-271
62
-149
-461
-248
146
183
-47
-154
-175
-189
-373
-484
-351
-195
-214
-424
-502
-365
-405
-601
-634
-240
17
-255
-402
-324
-412
-632
-798
-759
-530
-371
-427
-560
-507
-478
-548
-645
-765
-893
-966
-1044
-1060
-1028
-980
-984
-978
-809
-787
-798
-864
-885
-948
-1112
-1120
-870
-809
-885
-832
-652
-487
-613
-857
-796
-587
-708
-942
-869
-825
-796
-705
-625
-672
-802
-816
-562
-224
-399
-703
-834
-766
-754
-832
-803
-760
-707
-495
-321
-459
-496
-453
-609
-790
-824
-894
-851
-702
-682
-916
-1008
-924
-905
-1089
-1128
-853
-682
-732
-956
-1077
-997
-991
-1004
-1012
-1038
-928
-897
-920
-879
-831
-796
-724
-775
-813
-711
-640
-724
-834
-941
-1016
-915
-895
-949
-1120
-1094
-867
-670
-581
-770
-956
-833
-643
-783
-941
-817
-594
-583
-681
-575
-490
-568
-624
-554
-539
-432
-345
-304
-387
-549
-657
-659
-548
-568
-633
-586
-560
-601
-665
-757
-830
-852
-854
-845
-905
-966
-1019
-991
-983
-868
-814
-1002
-979
-727
-603
-712
-734
-717
-684
-632
-713
-836
-936
-990
-894
-734
-729
-814
-866
-751
-675
-835
-997
-735
-482
-655
-930
-868
-707
-794
-869
-896
-958
-894
-662
-497
-506
-698
-766
-608
-594
-780
-837
-618
-594
-711
-640
-566
-628
-853
-708
-627
-582
-622
-638
-579
-611
-545
-629
-635
-496
-430
-601
-864
-877
-610
-506
-765
-977
-947
-627
-677
-873
-769
-552
-490
-800
-963
-785
-602
-663
-889
-1019
-1051
-1114
-1254
-1302
-1216
-1166
-1097
-1044
-1122
-1253
-1274
-1100
-993
-1161
-1238
-1121
-872
-743
-860
-980
-903
-894
-954
-914
-808
-857
-969
-989
-989
-1007
-929
-860
-902
-1006
-1026
-774
-712
-947
-1210
-966
-735
-927
-1134
-1029
-841
-940
-1076
-1140
-1058
-909
-724
-894
-1260
-1226
-1003
-917
-1034
-1025
-777
-636
-646
-650
-541
-454
-459
-461
-427
-379
-363
-469
-586
-503
-442
-558
-720
-713
-583
-511
-393
-406
-532
-806
-843
-643
-622
-645
-622
-496
-530
-664
-724
-668
-645
-592
-527
-406
-323
-445
-507
-599
-780
-944
-1007
-904
-938
-940
-1004
-918
-949
-1102
-994
-974
-1099
-1169
-1081
-999
-839
-918
-1160
-1133
-731
-455
-702
-1010
-1012
-728
-591
-741
-889
-906
-1021
-1247
-1336
-1314
-1157
-1205
-1366
-1291
-1147
-1201
-1393
-1448
-1361
-1238
-1287
-1376
-1183
-1189
-1244
-1261
-1223
-961
-1020
-1232
-1149
-1047
-1206
-1256
-1026
-932
-1079
-1209
-1145
-1045
-1034
-1174
-1189
-1031
-971
-1188
-1351
-1238
-1125
-1345
-1494
-1319
-1186
-1292
-1402
-1222
-806
-789
-1054
-1052
-975
-969
-1031
-862
-712
-823
-1074
-1045
-660
-517
-749
-850
-586
-499
-668
-726
-696
-899
-1091
-897
-829
-994
-1047
-904
-970
-1107
-973
-994
-1133
-1177
-1115
-963
-867
-822
-909
-974
-782
-635
-758
-959
-905
-652
-760
-983
-778
-432
-502
-934
-1141
-916
-747
-983
-1254
-1172
-900
-667
-642
-633
-704
-786
-816
-735
-683
-737
-838
-821
-658
-716
-789
-867
-724
-628
-548
-479
-456
-520
-483
-468
-341
-126
-1462
-2244
-1114
349
-121
-1503
-2176
-1817
-917
-362
-567
-1528
-2085
-1726
-974
-566
-1035
-1803
-2062
-1565
-656
-242
-892
-1914
-2097
-1337
-599
-600
-1394
-2221
-2151
-1267
-693
-938
-1580
-2113
-1930
-1132
-487
-681
-1509
-1929
-1502
-788
-577
-947
-1501
-1798
-1530
-894
-702
-1165
-1737
-1970
-1570
-1026
-985
-1476
-1943
-1920
-1490
-1191
-1151
-1672
-2283
-2042
-1264
-895
-1395
-2065
-2096
-1637
-1418
-1368
-1401
-1660
-1991
-1875
-1368
-1185
-1547
-2264
-2328
-1549
-1015
-1165
-1585
-1741
-1393
-1070
-1041
-1174
-1507
-1877
-1835
-1313
-1077
-1296
-1723
-1868
-1765
-1472
-1204
-1208
-1634
-1812
-1416
-933
-909
-1611
-1979
-1727
-1258
-1115
-1376
-1570
-1718
-1679
-1542
-1382
-1402
-1751
-1871
-1633
-1532
-1487
-1530
-1590
-1638
-1587
-1298
-1015
-1036
-1620
-1830
-1394
-1079
-1465
-1855
-1753
-1573
-1547
-1409
-1285
-1242
-1373
-1642
-1431
-1288
-1508
-1836
-1761
-1531
-1491
-1701
-1615
-1544
-1614
-1373
-1259
-1469
-1617
-1315
-1318
-1400
-1209
-991
-1195
-1593
-1473
-1124
-1153
-1330
-1451
-1384
-1339
-1471
-1313
-1227
-1110
-1211
-1250
-1250
-1016
-1048
-1472
-1691
-1509
-1201
-1305
-1640
-1702
-1317
-1115
-1206
-1220
-1140
-1252
-1461
-1320
-1057
-1129
-1426
-1434
-1305
-1243
-1393
-1518
-1466
-1418
-1432
-1511
-1430
-1351
-1597
-1833
-1824
-1704
-1570
-1633
-1598
-1700
-1703
-1546
-1379
-1558
-1838
-1794
-1514
-1477
-1783
-1921
-1782
-1621
-1641
-1737
-1602
-1401
-1561
-1688
-1689
-1570
-1527
-1571
-1427
-1337
-1412
-1553
-1469
-1302
-1491
-1781
-1721
-1448
-1496
-1749
-1597
-1307
-1326
-1643
-1818
-1766
-1596
-1466
-1628
-1693
-1682
-1770
-1902
-1891
-1636
-1600
-1795
-1742
-1555
-1567
-1601
-1564
-1646
-1794
-1881
-1785
-1779
-1727
-1735
-1930
-2048
-1972
-1852
-2048
-2371
-2295
-2029
-1841
-1782
-1944
-2022
-1890
-1654
-1652
-1910
-2039
-1773
-1598
-1679
-1929
-1894
-1702
-1797
-1983
-1907
-1719
-1670
-1859
-1849
-1681
-1681
-1668
-1703
-1657
-1489
-1374
-1443
-1617
-1713
-1567
-1550
-1760
-1762
-1565
-1580
-1812
-1787
-1584
-1551
-1628
-1635
-1613
-1605
-1542
-1515
-1459
-1422
-1583
-1668
-1578
-1485
-1469
-1583
-1547
-1398
-1334
-1320
-1468
-1400
-1111
-1144
-1478
-1684
-1613
-1451
-1354
-1464
-1455
-1352
-1336
-1406
-1451
-1354
-1344
-1269
-1184
-1172
-1217
-1256
-1003
-910
-1023
-1303
-1317
-1019
-1029
-1065
-1106
-1057
-1164
-1209
-1137
-1268
-1475
-1367
-1110
-1036
-1161
-1339
-1306
-1165
-1152
-1290
-1283
-1164
-994
-921
-1024
-1028
-1038
-1034
-778
-698
-685
-655
-699
-634
-648
-820
-1003
-1027
-848
-799
-957
-934
-632
-581
-884
-1174
-1133
-917
-970
-1156
-1089
-967
-986
-1036
-1024
-806
-733
-624
-562
-709
-871
-1110
-1226
-1022
-890
-952
-978
-837
-694
-685
-749
-762
-739
-786
-795
-582
-503
-573
-739
-901
-872
-707
-666
-805
-670
-556
-709
-917
-957
-868
-705
-469
-503
-541
-513
-552
-657
-698
-593
-673
-797
-724
-581
-599
-835
-893
-682
-612
-679
-500
-240
-296
-545
-598
-406
-329
-401
-379
-410
-470
-443
-498
-424
-357
-184
-90
-314
-549
-452
-336
-335
-197
-196
-350
-479
-341
-321
-436
-337
-225
-175
-271
-342
-380
-435
-575
-512
-242
-55
1
-210
-221
-67
-24
-280
-387
-269
-306
-420
-394
-326
-294
-267
-327
-364
-317
-364
-326
-119
-71
-138
-280
-268
-123
-73
-136
-69
59
103
-87
-452
-515
-360
-309
-520
-597
-317
-208
-439
-591
-455
-283
-124
-154
-309
-457
-391
-106
-115
-240
-258
-326
-285
-130
-172
-182
-53
-148
-315
-305
-277
-196
-298
-425
-494
-362
-268
-441
-466
-321
-282
-438
-649
-629
-574
-559
-562
-610
-632
-754
-664
-535
-564
-662
-587
-395
-284
-342
-483
-510
-573
-716
-843
-862
-804
-804
-713
-656
-815
-930
-767
-580
-625
-625
-518
-391
-491
-586
-412
-410
-587
-454
-333
-402
-499
-510
-416
-439
-434
-266
-181
-364
-524
-507
-391
-350
-306
-297
-172
-181
-294
-437
-558
-525
-535
-578
-484
-321
-469
-537
-498
-263
-224
-369
-402
-283
-261
-442
-447
-303
-339
-489
-231
-163
-377
-590
-444
-138
-151
-363
-356
-281
-278
-150
-149
-160
-162
-101
-41
-119
-28
50
-128
-429
-376
-7
15
-326
-327
28
7
-285
-439
-332
-134
-140
-286
-347
-286
10
44
-236
-362
-218
-73
-146
-194
-154
-265
-390
-240
-109
-353
-634
-475
-263
-394
-499
-364
-267
-341
-443
-304
-163
-228
-254
-166
-148
-250
-289
-370
-351
-368
-382
-246
-196
-143
-122
-258
-414
-388
-348
-235
-328
-559
-609
-473
-359
-529
-442
-327
-391
-445
-387
-431
-571
-657
-617
-433
-373
-435
-437
-258
-271
-392
-369
-395
-512
-417
-266
-350
-613
-828
-622
-288
-256
-438
-379
-137
-28
-202
-408
-455
-422
-307
-313
-489
-501
-255
-110
-135
-229
-128
-56
-233
-341
-290
-297
-365
-426
-265
-97
-171
-320
-191
-137
-270
-426
-364
-197
-96
-131
-339
-484
-422
-211
-69
-44
-109
-161
-67
46
-111
-246
-129
-9
-24
-15
-10
-44
-104
-150
39
288
318
243
316
438
481
361
261
350
421
349
306
444
507
511
507
538
597
548
469
346
292
353
492
531
570
660
669
791
950
858
832
963
983
810
648
631
598
525
614
659
574
650
818
770
572
406
419
379
512
630
466
463
568
777
759
440
394
654
753
520
498
741
904
964
934
1047
1228
1360
1267
1114
986
886
791
783
886
949
981
974
1248
1424
1270
928
845
798
635
757
827
634
433
389
353
430
531
504
484
673
811
766
817
843
660
509
639
698
581
514
731
910
904
860
862
1147
1029
710
642
855
965
746
619
835
1034
856
690
716
766
834
702
604
679
869
1054
1073
914
848
974
980
899
863
920
762
525
663
870
900
932
914
822
734
815
908
707
485
555
808
843
692
708
946
1077
1038
1012
1014
1088
1097
1063
967
927
983
1129
1124
1074
1202
1203
1178
994
904
952
1002
1011
838
715
780
868
866
924
950
869
1055
1101
847
854
1220
1537
1394
1138
1220
1538
1581
1446
1503
1604
1412
1251
1381
1488
1464
1290
1251
1337
1389
1305
1275
1257
1136
1117
1302
1340
1175
1090
1144
1426
1605
1452
1362
1292
1186
1170
1309
1357
1220
1129
1341
1541
1433
1277
1200
1311
1459
1442
1308
1327
1250
1152
1156
1243
1207
1037
1211
1414
1547
1551
1510
1587
1603
1435
1252
1258
1308
1296
1377
1422
1365
1324
1461
1473
1321
1387
1426
1381
1330
1313
1297
1377
1455
1379
1396
1474
1538
1507
1484
1600
1758
1765
1720
1650
1615
1676
1672
1659
1639
1508
1417
1389
1400
1510
1429
1408
1375
1337
1461
1583
1645
1555
1463
1584
1744
1764
1583
1446
1617
1790
1761
1657
1513
1504
1594
1471
1324
1427
1630
1504
1194
1101
1327
1446
1313
1258
1485
1649
1647
1589
1755
1757
1392
1524
1972
2018
1660
1563
1772
1612
1348
1433
1646
1788
1711
1542
1428
1524
1589
1322
1084
1097
1247
1389
1532
1554
1552
1631
1658
1508
1390
1514
1733
1713
1563
1620
1598
1579
1585
1505
1492
1472
1694
1721
1406
1202
1297
1381
1151
989
1166
1386
1427
1555
1689
1679
1674
1727
1854
1695
1431
1619
1937
1752
1445
1517
1824
1839
1669
1614
1787
2028
1754
1411
1587
1821
1597
1342
1429
1789
1909
1614
1466
1714
1929
1940
1982
2021
1926
1953
2045
2130
2141
1956
1920
2065
2043
1844
1627
1640
1628
1534
1731
1949
1913
1689
1566
1573
1614
1512
1385
1524
1610
1400
1348
1598
1760
1588
1443
1456
1542
1486
1444
1489
1448
1294
1138
1209
1158
1088
1061
1153
1296
1248
1067
1017
1034
994
1063
1156
1107
1105
1102
983
1059
1337
1427
1143
994
1013
1163
1285
1222
1203
1190
1105
1062
1084
1064
1086
1101
1186
1081
1126
1364
1227
1018
1024
1177
1101
969
1051
1218
1095
1060
1241
1351
1290
1101
986
1120
1265
1105
911
897
918
698
687
855
989
897
791
717
611
808
945
1019
957
971
1093
1158
1212
1157
1117
1136
1200
1067
974
1022
1031
1210
1294
1163
1050
1320
1511
1231
764
813
1099
981
725
670
834
988
879
759
903
917
833
753
613
701
826
784
724
899
954
723
529
614
787
731
612
749
910
699
450
435
551
505
510
602
706
680
415
286
382
575
451
122
74
405
476
223
313
650
767
584
486
653
841
837
741
427
354
684
1008
949
722
738
887
900
853
759
819
816
611
598
699
644
570
763
852
624
514
544
560
383
243
299
295
181
75
202
177
-17
-114
-59
-79
-68
82
160
167
30
-2
104
60
-193
-207
-26
137
35
-101
90
456
430
23
-51
392
857
686
202
111
360
339
86
90
160
20
110
277
280
229
227
196
205
417
534
346
170
295
656
668
490
571
826
892
679
550
609
473
388
550
544
437
350
304
278
390
322
163
110
219
467
539
453
309
314
466
461
219
112
270
500
397
370
508
354
89
72
261
179
46
-73
30
204
271
237
128
176
195
179
-28
-78
197
320
287
304
262
262
279
363
474
256
141
376
668
679
378
244
499
613
516
484
587
645
541
401
335
317
292
204
344
632
525
180
213
549
669
531
479
616
645
481
543
838
892
582
388
710
1003
890
667
695
706
605
583
475
426
282
457
591
600
617
603
558
454
569
718
800
718
607
532
520
479
501
537
507
536
712
794
599
474
608
760
578
458
531
564
547
348
333
459
569
648
705
813
817
657
315
283
627
736
493
423
657
810
782
736
788
923
867
749
708
834
941
782
647
735
910
821
558
512
761
765
359
325
728
867
727
564
435
487
499
520
637
603
520
439
301
331
512
716
562
461
682
983
803
400
214
115
293
379
394
372
540
621
455
360
485
475
315
244
203
350
432
317
128
166
307
364
304
331
533
562
400
388
595
605
384
312
577
827
810
645
667
796
810
758
659
605
678
923
927
694
554
577
553
539
445
412
520
617
542
424
499
421
220
330
667
658
420
371
354
404
338
392
533
623
458
420
676
716
570
377
431
737
891
611
368
477
563
378
64
76
437
464
75
-142
28
169
199
-12
42
254
240
189
158
155
175
193
47
-17
66
484
541
174
38
269
506
347
62
90
415
344
-12
-90
122
293
215
36
100
391
342
112
383
836
823
519
356
601
616
485
578
702
554
380
641
669
419
421
670
718
513
499
671
577
486
476
668
707
669
582
403
440
462
508
443
526
777
639
629
932
1056
765
550
742
756
549
598
619
390
418
482
469
536
563
610
637
646
534
515
536
426
303
361
416
194
101
209
229
183
143
189
300
320
330
303
228
112
42
47
33
110
332
405
328
350
320
331
227
12
-81
55
49
71
253
341
217
33
33
89
-122
-204
42
226
138
24
196
372
499
511
538
521
543
609
560
436
395
549
709
814
645
458
438
537
525
369
257
331
548
503
307
352
600
708
653
755
772
703
584
465
509
641
840
850
748
693
675
686
889
929
497
98
232
599
653
562
602
513
315
368
512
317
57
361
752
685
505
638
786
522
138
147
394
456
381
346
491
526
537
661
584
388
601
800
771
596
468
562
723
767
671
577
544
836
1089
1130
1101
1081
1070
1145
1318
1355
1383
1364
1310
1390
1452
1307
1146
1390
1676
1720
1538
1511
1803
2172
2191
1937
1781
1900
1996
1845
1638
1673
1880
1903
1743
1581
1670
1684
1544
1518
1617
1647
1688
1716
1675
1487
1517
1578
1556
1420
1252
1242
1390
1509
1448
1323
1191
1185
968
935
934
869
860
963
1181
1255
1246
1196
1249
1309
1244
1103
1037
1049
1186
1432
1319
1073
974
1105
1183
1017
924
1175
1523
1436
1167
1278
1521
1468
1190
1166
1291
1197
1056
1105
1180
1017
1065
1352
1443
1376
1397
1516
1440
1128
1094
1273
1345
1363
1520
1608
1474
1348
1442
1527
1398
1145
1142
1393
1487
1376
1223
1201
1328
1453
1387
1353
1436
1498
1641
1701
1699
1642
1594
1535
1678
2002
2105
1972
1829
1832
1874
1978
2008
2055
1974
1838
1757
1538
1481
1427
1400
1320
1435
1594
1453
1302
1272
1445
1543
1321
1251
1590
1719
1349
1147
1566
1864
1703
1480
1636
1897
1783
1504
1506
1750
1798
1559
1448
1649
1895
1774
1682
1752
1711
1659
1645
1758
1662
1358
1426
1588
1553
1502
1773
2061
1940
1798
1922
2157
2184
2091
2100
2380
2443
2241
2096
2144
2181
2056
1892
1825
1998
2212
2216
2085
2003
1949
1917
1869
1895
1984
1999
1926
2169
2400
2300
2194
2364
2481
2384
2395
2475
2378
2085
2133
2357
2403
2213
2090
2111
2083
2006
2050
2109
2016
1941
1929
2098
2193
2125
2157
2210
2149
2174
2438
2491
2371
2211
2276
2352
2213
2135
2205
2275
2321
2391
2495
2468
2313
2259
2162
2067
1972
1953
2038
2016
2016
2222
2383
2409
2367
2435
2558
2415
2308
2424
2657
2567
2471
2603
2800
2855
2577
2417
2587
2744
2443
2132
2174
2339
2266
2029
2072
2398
2571
2374
2364
2541
2544
2323
2135
2119
2334
2551
2376
2245
2351
2502
2456
2247
2253
2325
2332
2228
2138
2184
2273
2175
2079
2307
2369
2276
2199
2191
2200
2135
2190
2308
2299
2276
2426
2540
2556
2385
2397
2558
2458
2333
2364
2540
2321
2033
2123
2273
2174
1999
2049
2046
2222
2433
2404
2198
2221
2471
2686
2548
2150
2054
2386
2625
2522
2208
2281
2563
2614
2408
2298
2395
2259
2048
1930
2057
2143
2106
1985
1879
1823
1825
2002
2234
2098
1758
1904
2231
2211
1979
1982
2140
2122
2065
1920
2012
2253
2162
1908
1675
1945
2211
2063
1870
1882
1968
1928
1819
1783
1927
1981
1912
1927
1999
1895
1755
1854
2204
2285
2029
1965
2048
2229
2181
1953
1909
1775
1708
1870
2074
1913
1864
2011
2132
2112
2013
2039
1989
1856
1647
1683
1668
1458
1343
1517
1800
1794
1657
1810
1914
1711
1605
1832
1888
1689
1674
1860
1866
1626
1753
2020
1941
1654
1547
1556
1499
1398
1267
1358
1467
1377
1249
1311
1453
1363
1254
1361
1530
1543
1502
1733
2026
1891
1678
1753
1822
1688
1714
1866
1824
1570
1511
1752
1872
1538
1361
1641
1739
1474
1242
1343
1547
1555
1309
1245
1624
1668
1408
1335
1452
1466
1386
1444
1608
1624
1552
1708
1723
1684
1553
1373
1326
1266
1209
1331
1341
1199
1197
1242
1267
1449
1581
1439
1331
1457
1491
1605
1627
1485
1465
1654
1844
1925
2041
1938
1658
1561
1732
1746
1591
1547
1617
1776
1878
1844
1915
1957
1870
1883
1866
1708
1725
1778
1717
1688
1606
1546
1673
1640
1547
1477
1405
1375
1409
1536
1562
1458
1184
1153
1488
1739
1524
1206
1424
1793
1909
1727
1459
1462
1795
1846
1562
1291
1479
1770
1606
1409
1477
1526
1391
1386
1310
1199
1249
1279
1151
1080
1067
1022
1057
1165
1193
1027
1190
1555
1727
1553
1395
1661
1917
1853
1615
1708
1999
2075
1894
1691
1674
1797
2035
1969
1794
1847
2109
1916
1502
1479
1645
1662
1445
1342
1378
1447
1426
1456
1420
1446
1460
1389
1296
1517
1692
1471
1055
949
1303
1480
1440
1207
1128
1198
1200
1119
968
1067
1182
1279
1275
1301
1446
1256
1142
1346
1508
1449
1255
1261
1314
1207
1272
1358
1394
1357
1119
1058
1272
1569
1515
1333
1357
1548
1659
1540
1493
1522
1442
1364
1341
1332
1418
1260
1073
1201
1485
1464
1280
1289
1523
1582
1349
1261
1382
1515
1351
1318
1564
1595
1433
1580
1798
1653
1455
1543
1768
1765
1499
1397
1424
1435
1471
1373
1380
1576
1661
1428
1409
1642
1605
1364
1404
1583
1588
1576
1817
2135
2160
1939
1775
1843
1945
1936
1794
1707
1641
1511
1620
1847
1854
1613
1480
1639
1832
1803
1660
1486
1532
1740
1757
1620
1679
1937
1982
1769
1850
1926
1879
1733
1709
1743
1671
1748
1815
2044
2007
1791
1775
1945
1964
1768
1729
1730
1782
1781
1706
1678
1734
1758
1749
1889
1995
1877
1836
2017
2098
1900
1925
2120
2230
2174
2014
1999
2113
2249
2130
2106
2173
2304
2344
2188
2095
2011
1936
1798
1856
1961
1927
1856
1767
1695
1627
1536
1701
1904
1632
1336
1517
1857
1794
1585
1767
2154
2400
2240
2112
2169
2128
1856
1653
1722
1976
1954
1647
1442
1384
1562
1600
1445
1281
1227
1440
1518
1315
1104
1230
1364
1217
1132
1265
1320
1194
1121
1345
1596
1545
1444
1571
1639
1372
998
1020
1311
1356
1102
1152
1506
1466
1200
1082
1165
1140
1042
1017
1141
1268
1296
1452
1493
1236
1064
1206
1025
611
545
914
1188
870
618
728
930
989
983
856
603
400
441
553
456
409
551
789
855
745
666
781
657
452
569
734
526
280
424
543
326
76
156
277
290
325
269
132
61
324
432
332
380
628
807
708
678
653
668
603
585
636
637
594
690
836
833
764
721
663
616
614
617
478
192
34
224
520
670
647
609
678
769
856
679
443
461
537
575
601
575
507
463
361
424
569
573
447
280
301
309
232
86
255
382
147
104
199
261
268
331
416
575
707
762
691
534
618
803
710
651
848
845
653
611
579
687
700
675
652
558
604
501
514
553
375
85
-84
182
481
428
282
268
484
636
473
491
704
663
401
516
742
751
538
549
687
701
569
552
581
476
513
567
703
787
786
761
552
615
966
1161
1162
1116
1078
965
837
808
909
1035
924
731
567
729
957
923
882
1085
1410
1128
857
1013
1080
955
848
950
1088
926
800
909
1021
902
536
507
812
1045
1001
1097
1225
1041
873
828
1003
1060
1143
1184
1130
982
810
741
791
720
600
779
861
801
799
1000
1008
814
812
1112
1287
985
680
797
1055
967
723
623
741
771
661
719
754
893
999
808
540
422
544
750
735
669
814
853
746
916
1119
1084
921
762
847
918
841
735
637
679
746
834
939
763
498
477
651
628
612
817
1043
1073
891
790
823
896
843
749
658
714
837
955
950
782
685
723
962
1076
905
836
989
1104
920
814
1227
1536
1468
1370
1580
1776
1482
1129
1159
1432
1543
1214
1000
1348
1557
1308
1066
1180
1313
1326
1202
1112
1173
1198
1215
1269
1478
1556
1611
1608
1521
1534
1477
1404
1347
1253
1373
1461
1415
1424
1494
1671
1807
1824
1764
1682
1617
1645
1848
1973
1918
1883
1925
2037
1969
1806
1758
1831
1815
1704
1713
1955
2178
2225
2042
1900
1951
2019
2097
2044
2043
1978
2009
2038
2067
2134
2151
2227
2168
2240
2148
1944
1956
2001
1917
1915
2079
2146
2117
2096
2214
2308
2134
1798
1882
2022
1987
1790
1737
1945
2064
1880
1656
1837
1935
1732
1705
1898
1870
1719
1803
1993
1984
1862
1937
2023
2021
1862
1747
1879
1926
1707
1551
1606
1681
1703
1669
1706
1724
1785
1613
1464
1622
1821
1749
1483
1362
1467
1572
1597
1672
1869
1987
1961
1987
2193
2391
2264
2147
2122
2204
2191
2140
2118
2073
2193
2245
2044
2051
2205
2207
2036
1980
2068
2102
1938
1896
2109
2171
2040
2083
2227
2340
2414
2379
2356
2378
2419
2152
1853
1827
2100
2195
1991
1949
2057
2103
2003
1960
2086
2185
2046
1921
1903
2099
1971
1815
1888
1874
1704
1726
1929
2013
2105
2108
1998
1776
1830
2052
2116
2029
1938
2056
2133
2082
2091
2131
2170
2125
1971
1934
2014
2041
1994
1865
1955
2111
2061
1942
1920
1955
1951
1983
1998
2055
1855
1765
2038
2407
2498
2237
2137
2176
2193
2176
2133
1935
1910
2040
2016
1885
1903
2254
2358
2099
1891
1995
2026
2009
1920
1903
2219
2412
2310
2253
2344
2360
2155
2048
2160
2191
2273
2310
2185
2037
2071
2190
2233
2197
2284
2356
2031
1860
2036
2171
2129
1870
1862
2044
1943
1582
1842
2344
2361
1942
1892
2334
2436
2346
2274
2328
2276
2125
2124
2282
2425
2445
2424
2412
2557
2681
2602
2505
2489
2428
2405
2324
2407
2552
2578
2544
2507
2446
2399
2268
2143
2247
2341
2384
2407
2435
2328
2379
2624
2626
2452
2345
2388
2519
2643
2629
2408
2414
2517
2479
2301
2049
2161
2452
2545
2343
2241
2207
2206
2422
2541
2596
2461
2446
2438
2457
2464
2253
2216
2405
2592
2347
1980
1965
2181
2187
1868
1823
2119
2400
2235
2148
2203
2211
2086
2058
2309
2479
2480
2486
2548
2691
2735
2602
2514
2436
2573
2724
2632
2351
2151
2231
2188
2076
1995
1946
1957
1922
2166
2236
2055
1970
2069
2199
2143
2174
2282
2371
2303
2314
2424
2468
2450
2286
2267
2370
2368
2214
2312
2500
2725
2744
2623
2644
2617
2610
2619
2779
2954
2977
2818
2692
2767
2766
2613
2621
2641
2548
2493
2475
2428
2413
2494
2456
2437
2580
2598
2641
2779
2833
2646
2574
2724
2636
2551
2524
2552
2610
2819
2780
2527
2435
2528
2579
2532
2593
2701
2570
2383
2419
2551
2347
2113
2088
2198
2477
2515
2511
2676
2795
2784
2731
2772
2920
2842
2641
2715
2885
2947
2981
3084
3297
3276
3159
3197
3322
3327
3140
2960
2862
2976
3003
3036
3109
3371
3528
3352
3147
3142
3243
3113
2984
2969
3122
3133
3113
3094
3186
3237
3121
2956
2803
2890
2957
2811
2689
2873
2926
2784
2815
2993
3247
3185
2979
2990
3133
3260
3279
3253
3211
3109
3077
3231
3188
3022
3010
2960
2884
2821
2658
2686
2552
2451
2511
2498
2478
2332
2367
2486
2533
2368
2472
2582
2416
2425
2614
2697
2728
2881
3139
3142
2913
2896
2928
2839
2841
2817
2650
2738
3021
3129
3086
2990
3126
3116
2835
2713
2729
2656
2735
2824
2791
2666
2592
2579
2568
2532
2304
2213
2167
2212
2233
2323
2582
2653
2601
2563
2646
2763
2741
2637
2602
2571
2682
2683
2617
2570
2612
2671
2534
2431
2528
2639
2418
2228
2272
2354
2273
2212
2188
2346
2519
2494
2366
2283
2313
2429
2633
2649
2608
2537
2554
2712
2708
2563
2550
2566
2518
2549
2704
2803
2728
2716
2893
3020
2942
2821
2754
2845
2845
2977
2945
2729
2622
2880
3063
2848
2697
2791
2972
2960
3048
3292
3444
3170
2904
3164
3436
3418
3277
3303
3418
3366
3352
3380
3487
3362
3085
3104
3381
3499
3262
3148
3257
3326
3336
3236
3100
3047
3030
2906
2835
2927
2918
2943
3056
3107
3116
3117
3190
3306
3358
3391
3371
3269
3193
3147
3202
3227
2995
2883
3060
3183
3089
2922
2853
2919
3044
3184
3236
3204
3238
3347
3403
3282
3133
3041
3107
3145
2898
2848
2968
3063
3062
3115
3023
2884
2828
2767
2720
2599
2614
2678
2820
2794
2631
2609
2908
2966
2711
2627
2805
2992
2886
2781
3124
3237
2808
2513
2696
2982
2828
2645
2698
2885
2943
2820
2835
3003
3038
3016
2861
2916
3053
2877
2707
2682
2914
2991
2824
2901
3033
2852
2881
2949
2848
2732
2642
2805
3043
3104
2742
2408
2670
2970
2810
2513
2591
2652
2516
2367
2645
2757
2939
3048
2792
2619
2507
3079
3191
2724
2217
2568
3004
2716
2083
2110
2629
2790
2289
1714
1971
2495
2477
1916
1721
2225
2566
2224
1891
2054
2549
2812
2403
2319
2889
3258
2923
2484
2416
2548
2618
2446
2126
2064
2188
1970
1734
1751
1978
2004
1756
1560
1606
1902
1893
1456
1343
1527
1650
1644
1459
1527
2584
2956
1856
144
200
2480
3939
2383
-585
-666
2136
3707
1619
-659
213
2873
3130
396
-632
1905
4069
2469
-24
738
3512
3562
1129
384
2923
4931
2693
-440
422
4124
4892
1659
-727
939
3445
2763
253
174
2651
3325
1220
-228
1179
3020
2301
300
190
2103
2893
1314
104
1237
2891
2559
810
305
1443
2384
1847
980
1344
2213
1960
843
657
1692
2394
1592
429
597
1761
2098
1179
863
1939
2582
1722
751
1199
2540
2806
1608
945
1873
2900
2457
1571
1762
2586
2680
1662
1170
2038
2863
2323
1457
1496
2104
2111
1560
1384
1867
2361
1997
1375
1370
1935
2207
1885
1666
1877
2117
1667
1263
1675
2164
1858
1188
1169
1799
2085
1803
1373
1415
1731
1719
1391
1249
1657
2197
2100
1625
1658
2139
2247
1642
1218
1717
2149
1517
816
1116
1571
1459
962
946
1278
1198
794
793
1288
1492
1162
887
1148
1332
1165
977
1124
1288
1369
1188
1207
1390
1760
1913
1636
1187
1057
1739
2014
1793
1262
1315
1614
1796
1720
1665
1826
1728
1516
1463
1750
1988
1796
1477
1379
1741
2040
1674
1341
1466
1752
1806
1369
1045
1270
1698
1897
1573
1209
1233
1326
1132
921
885
893
580
302
448
835
916
585
356
340
371
360
520
756
567
-31
26
856
1109
657
372
636
892
936
646
420
536
939
1353
1188
791
208
750
2088
2586
1475
533
1410
2850
2993
1814
1375
2554
3946
3458
2244
2401
3530
3717
2957
2476
2884
3142
2360
1907
2532
3281
2638
1480
1318
2337
2865
1903
896
1310
2368
2249
1482
1304
1868
2219
1765
1346
1555
1912
1812
1479
1400
1653
1784
1429
1054
1282
1818
2004
1343
747
950
1643
1685
1001
754
1163
1442
1131
739
763
955
951
687
317
463
559
474
431
1238
1390
-48
-1381
-588
2038
2808
402
-2295
-95
3374
3459
-610
-1826
2736
6505
3688
-2255
-1647
4977
7808
2378
-2011
1302
6715
5417
-201
-345
5616
8081
2691
-1908
1617
7529
6602
689
-964
4294
7860
3677
-1374
1099
7123
6972
828
-1836
2401
6748
4470
-463
1
4603
5009
589
-1346
2020
5352
3349
-647
-740
2997
4432
1567
-438
1796
4433
3394
562
329
3214
4677
2808
522
1768
3929
3544
1397
1321
3700
4663
2531
377
2062
4952
5174
2486
1399
3040
4508
3809
2366
2768
4197
4235
2848
2419
3237
3993
3308
2435
2912
3683
3241
2060
1999
3141
3662
2668
1407
1574
2613
2612
1440
690
662
712
722
535
607
840
408
-173
-206
303
256
-522
-985
-563
-206
309
1455
1308
-1044
-3923
-2191
3847
6595
1140
-5648
-3504
5547
8540
1086
-4751
-70
8032
6946
-1535
-3600
4517
10259
5098
-2022
283
7419
7190
473
-959
6345
10137
2757
-4701
178
10371
10124
102
-4631
1938
8582
5152
-2147
-1344
5584
6693
136
-3622
851
5984
3822
-1713
-1912
3074
4576
-90
-3091
674
5144
3556
-1808
-2884
1670
4950
2608
-1125
-406
2607
3406
1174
406
2279
4027
3099
1373
2169
3885
3471
1769
2655
5321
5650
2467
399
2811
6478
6182
2773
1375
3220
5037
4014
2426
2657
4057
3665
1716
1446
2996
3686
1948
506
1209
2392
1572
-305
-284
1411
1795
-183
-1783
-1492
-601
-749
-1532
-889
957
707
-2485
-4942
-2415
3145
5083
488
-5216
-4207
2635
6060
1617
-3353
-1302
4740
5615
26
-2491
2781
8086
5378
-551
-246
4881
6516
2636
547
4604
8323
4411
-1772
-76
7477
9632
3095
-2576
69
6170
6058
323
-1533
2900
5524
1578
-2840
-1142
3578
4006
-185
-2561
214
2610
382
-2362
-549
3209
2982
-1074
-3354
-553
2976
2379
-770
-1266
984
1864
-11
-1164
994
3717
3046
328
-448
1438
3300
3030
1978
2121
2838
2529
1952
2872
4622
4791
2967
1590
2217
3923
4072
2410
1785
2825
3065
1622
754
2005
3422
2817
696
-282
936
1720
617
-255
134
478
-273
-1489
-1679
-688
-422
-1568
-2568
-2346
-2051
-2409
-2939
-2521
-854
-353
-2529
-5856
-5374
-188
3751
1100
-5240
-6761
-542
5196
2389
-3839
-3550
2729
5262
205
-4063
-207
6250
5640
-795
-2699
2284
5504
2248
-1437
1391
6417
4464
-2434
-3261
3993
8642
3880
-3237
-2534
3883
5678
487
-2830
942
4632
1602
-3590
-3042
2007
3467
-750
-3839
-1465
1555
22
-3283
-2365
1332
1941
-1756
-4527
-2359
1401
1303
-1721
-2769
-863
710
-361
-1368
732
3413
1685
-2380
-2277
2717
5435
2382
-1557
-390
3833
3996
149
-749
2949
4794
1622
-1599
-263
3351
3473
174
-800
1783
2848
-89
-2048
524
3269
1566
-2445
-3261
-145
1815
-406
-3317
-2997
-1394
-1974
-3694
-3886
-2481
-2287
-4230
-6019
-4782
-1129
-624
-4277
-8015
-6442
-357
2997
-1443
-8626
-8170
239
5270
-144
-7153
-4983
3080
5376
-1517
-6236
-1052
6055
4385
-2532
-3189
3063
5588
323
-3581
1214
7354
3747
-4840
-4477
4877
8577
907
-6474
-3038
5069
5018
-2625
-5717
-47
4243
-236
-5992
-4063
1738
1925
-3493
-5895
-1850
1627
-1570
-6308
-4595
695
1137
-3782
-6387
-2919
1487
422
-3870
-4526
-878
731
-1818
-3254
-112
2594
94
-3351
-1908
2787
3415
-758
-2487
1611
5003
2146
-2107
-668
4116
4322
-56
-2180
545
3595
1783
-1644
-915
2251
1635
-2147
-2616
750
2058
-1170
-4430
-3192
432
250
-3768
-5364
-2613
-1284
-3709
-6303
-5614
-3385
-3118
-5207
-4937
-2236
-2954
-7667
-9012
-2500
3424
327
-8614
-11247
-2970
5618
1937
-7939
-8213
929
5810
-584
-7718
-3779
5686
6411
-2170
-5767
1000
6264
2112
-3154
-328
6047
4462
-3834
-5379
3592
9490
2699
-6407
-4871
3686
5765
-1079
-5728
-1578
3462
149
-6313
-5805
417
1985
-3175
-7123
-4389
81
-1173
-5677
-5763
-969
628
-3875
-7829
-5310
-261
414
-3609
-6064
-3712
-856
-1723
-4109
-3325
506
1659
-2347
-5506
-2806
2836
3578
-804
-3414
-591
2781
1487
-1276
-12
3303
2150
-1997
-2759
1165
3740
591
-3133
-2056
1483
992
-2675
-3199
313
1645
-1885
-5437
-4449
-742
-248
-3530
-5642
-4635
-3670
-5191
-6617
-5762
-4365
-5042
-7130
-5915
-3534
-4768
-9441
-9730
-2888
2158
-2839
-12118
-11907
-1224
5386
-1383
-10549
-8180
1651
4220
-3971
-8940
-2089
6362
3369
-5942
-6118
2797
6313
-265
-4962
152
6611
2569
-6212
-4642
5845
8850
-682
-8233
-3494
5478
5080
-3162
-6269
-354
3455
-1787
-7289
-4250
2077
1436
-4965
-7787
-3238
653
-2358
-6953
-5050
34
-304
-5708
-7870
-3362
959
-785
-5693
-6268
-2634
-581
-2493
-4307
-2272
1492
565
-4829
-6230
-343
5712
3443
-3352
-5147
54
4074
1843
-1672
-218
2528
544
-2641
-1569
2755
3438
-920
-3689
-1287
2075
39
-4004
-3007
890
397
-4496
-6936
-3703
400
-959
-5801
-7512
-4836
-3364
-5271
-6924
-5816
-4765
-4512
-5122
-6472
-7776
-8220
-5415
-1144
-602
-6917
-11864
-7456
1601
2862
-4804
-9775
-5225
2230
1354
-5894
-6882
1386
5786
-398
-6556
-2771
4492
4040
-2094
-3215
2960
5173
-1757
-6559
-9
8353
4999
-5199
-7531
459
6215
1450
-5670
-4094
2188
1488
-5229
-6840
-865
2719
-1734
-7531
-6509
-1249
-415
-5039
-6819
-2752
-222
-3901
-8331
-6583
-1481
12
-3834
-6980
-5206
-1700
-1709
-3965
-3702
-57
1161
-3308
-6635
-3263
3690
4619
-1498
-5325
-1503
3416
2523
-1197
-825
2208
1378
-2240
-2744
1102
3650
823
-3253
-2682
720
752
-2503
-3264
-537
194
-3220
-6385
-4888
-795
-495
-4754
-7491
-5898
-4093
-5318
-6851
-6398
-4837
-3570
-5137
-8881
-10743
-7386
-1655
140
-4998
-11566
-10497
-1933
3072
-2150
-8509
-6389
260
1782
-3607
-6717
-1427
5245
3096
-4339
-5308
1116
4776
1226
-2178
715
5048
2270
-4205
-3240
5408
8504
644
-6853
-3635
4374
5358
-832
-4217
42
3309
-989
-6107
-3762
2157
2084
-3811
-7343
-4395
-429
-1768
-5684
-4944
-1034
-1291
-6128
-8095
-4100
120
-924
-5201
-6706
-4114
-1845
-2953
-3827
-1052
1096
-1944
-6012
-4100
2218
4304
-108
-4164
-2121
2268
2337
-625
-572
2561
2685
-998
-2705
62
3110
2090
-1343
-2274
-36
375
-2078
-2372
628
1330
-2222
-5298
-4532
-1316
-193
-3004
-5915
-5348
-4279
-5575
-6533
-4748
-2157
-3087
-7340
-11388
-9372
-2041
1498
-3791
-10967
-10622
-3699
743
-2783
-7957
-6172
354
1265
-4774
-7602
-2160
4239
3122
-2910
-4865
-230
3028
253
-2206
1397
5366
1790
-4723
-3815
4485
8474
2207
-5524
-4013
3310
4677
-1187
-4147
273
3957
256
-5586
-4751
1429
3240
-1926
-6242
-4174
-925
-2359
-5669
-4787
-994
-795
-5538
-8527
-4955
126
-277
-4796
-6418
-3681
-1714
-3384
-4848
-2286
1888
1646
-3710
-6747
-2081
4365
4524
-477
-3319
-1322
1418
1635
789
2011
2898
195
-2690
-844
3219
3389
-228
-2150
-395
1306
-436
-3211
-2017
1294
748
-3784
-6207
-3943
-1061
-1787
-4840
-6244
-5322
-5086
-5983
-4134
-1982
-4593
-10531
-10646
-3200
1738
-3436
-11764
-10709
-801
3415
-4833
-11727
-5957
4252
3927
-6006
-9880
-1474
6785
3033
-5207
-4409
3489
4770
-1681
-3652
3123
8140
2445
-5412
-2783
6983
8435
-607
-5935
17
6803
3460
-4306
-4564
2654
5318
-845
-5976
-2753
2652
1365
-4121
-5268
-1321
153
-3998
-7388
-4203
604
-822
-6344
-7613
-3364
-317
-2217
-5607
-5335
-2671
-2165
-4617
-5355
-2706
467
-474
-4366
-5155
-1512
2370
1515
-2030
-2947
-408
1345
437
-249
1549
2763
584
-1508
56
3340
3490
193
-1569
433
2259
519
-2147
-1058
1811
736
-3152
-4656
-2039
-105
-2190
-5461
-5912
-4391
-4363
-3941
-2963
-3970
-8724
-10776
-4941
1990
-530
-10515
-13574
-4220
4648
-805
-11817
-11020
734
5892
-2820
-11271
-5827
5554
6032
-3797
-7423
767
6790
1894
-4187
-226
7800
5850
-4018
-5798
4892
11784
4095
-6285
-3661
6955
8739
-89
-5198
958
7719
3934
-4342
-4000
3610
5857
-550
-5583
-2408
2578
854
-4882
-5064
387
2334
-3034
-7575
-4497
1241
1424
-3888
-6518
-3237
668
-664
-3976
-3517
536
2139
-835
-3955
-2923
1604
3852
1706
-1272
-937
997
1814
1668
2498
3106
1480
-481
-18
3327
4874
2142
-912
-112
2732
3090
457
-1268
376
2080
537
-2712
-3347
-1486
-447
-2070
-4464
-4933
-2095
-233
-2899
-7849
-9159
-3697
2377
464
-8760
-12975
-5378
4008
1302
-8925
-11066
-1964
5063
-213
-9175
-7203
3214
6187
-2036
-7387
-1338
6029
3722
-2978
-1890
5878
7067
-1204
-5505
2562
11288
7031
-3425
-4428
4844
9929
3568
-3799
-850
6717
5925
-1814
-4157
2184
6571
2415
-4154
-3798
1871
2958
-2272
-5039
-1212
1971
-1489
-6599
-5520
-127
1923
-2352
-6802
-5064
-748
-416
-3476
-4326
-2128
-229
-181
-1860
-3233
-2176
693
2462
1511
-840
-1965
-366
2703
3933
2353
270
-336
584
2747
3901
2318
393
405
1595
2173
1950
816
-101
637
1467
240
-1852
-2503
-1772
-1012
-1882
-4522
-4862
-1083
188
-4528
-9818
-7656
297
3598
-3895
-13248
-10723
1399
5366
-4640
-12585
-6726
3920
3799
-6800
-11431
-2277
7077
2596
-7361
-6214
3346
5918
-642
-3993
2100
8042
3435
-4675
-2173
8568
10915
1438
-4932
723
9119
7962
108
-2129
4380
8396
3019
-3079
-258
6489
6538
443
-2910
338
4240
2191
-2400
-1868
2184
2240
-2665
-5069
-1824
2100
1225
-3602
-5619
-2430
529
-1021
-3659
-3095
-888
-353
-1164
-2430
-3089
-1480
938
2185
1216
-1066
-2321
-238
3714
4692
1635
-702
276
2503
4000
3667
2038
1538
2157
2137
1860
2335
2278
1176
1116
1967
1520
111
-1082
-1130
57
20
-2543
-2744
173
-51
-5415
-8926
-4051
3194
2360
-7458
-13414
-5854
5222
2985
-8993
-12098
-2128
5557
-255
-10224
-8628
2765
6775
-2508
-9675
-3311
5464
3400
-3966
-3532
4264
6480
-881
-5479
1922
10732
7238
-2691
-3700
5087
10126
4608
-1965
500
7492
7147
-494
-2739
3644
8148
4186
-1657
-1226
3420
4621
790
-1722
903
3664
1134
-3068
-2499
1622
3498
836
-2976
-2760
458
1513
-711
-2192
-921
326
-312
-1003
-1039
-1150
-771
510
1998
1686
-720
-2187
220
4118
4264
579
-1419
657
3626
4475
2823
1353
1880
2927
2493
2360
3351
3148
1475
1048
2222
2468
1212
-434
-457
1040
818
-1843
-1274
1915
826
-5625
-7939
-877
5989
1784
-9469
-11761
-684
8216
1229
-10500
-8904
3089
7138
-2662
-10791
-4613
6815
5944
-5205
-8308
947
6937
1045
-5262
-865
6947
4820
-4215
-5224
4830
10775
3066
-5895
-2606
7051
8251
367
-3520
2229
7951
4180
-2959
-1751
5576
7195
1116
-3253
-268
4272
2943
-1913
-2324
1955
3299
-1219
-4758
-1982
2794
2634
-1915
-4353
-1894
1087
-121
-2841
-2570
-228
39
-1974
-2087
340
1509
-619
-1876
533
3128
1078
-2734
-1747
2887
4429
558
-2533
-293
3715
3716
814
-220
1557
2605
985
-334
1067
2535
675
-1687
-886
1268
883
-1773
-2869
-1393
-558
-2332
-2813
-266
204
-4777
-9025
-4590
3835
4136
-6072
-12942
-6035
5366
3797
-8158
-11531
-1484
6574
125
-10652
-8861
3220
7258
-2204
-9213
-3188
5137
2947
-4287
-3402
4844
6576
-1633
-6222
1489
10341
6752
-3266
-4629
3713
8655
3657
-2528
133
6756
5933
-1199
-3292
2839
7050
3435
-2232
-2007
2566
3294
-992
-2850
938
3654
214
-4710
-4069
932
3052
-358
-4156
-3346
-115
-44
-2521
-2855
-196
926
-1381
-3417
-1362
1926
672
-2404
-1857
2252
3267
-912
-3208
552
4896
3015
-2032
-2471
2155
4161
1072
-1252
477
2798
1626
-927
-682
1915
2138
-839
-2259
-272
1136
-1035
-3345
-2791
-549
-1083
-3210
-1983
126
-2122
-8075
-7415
1036
5520
-2234
-12340
-9969
2377
6618
-4104
-12790
-6351
5220
3775
-7971
-11568
-1123
7665
1795
-8638
-6985
3253
5209
-2184
-5187
1762
6792
743
-6758
-2589
8289
9027
-1424
-6782
433
8250
5184
-2741
-2838
4602
7051
483
-4647
-185
6267
4916
-1455
-3512
848
3699
511
-2897
-703
2814
846
-4328
-4988
-400
2625
218
-4257
-4690
-1509
-167
-2192
-3827
-2373
-452
-1330
-3539
-2779
319
436
-2474
-2922
774
2953
-161
-3252
-814
4263
4214
-727
-2874
770
4419
2897
-336
-586
1832
2633
564
-860
826
2329
418
-1775
-984
516
-782
-3027
-3355
-1709
-1543
-2149
-1848
-1769
-4634
-8333
-5270
1789
2350
-6619
-12802
-6708
3876
3297
-7442
-11524
-2524
5723
131
-10071
-8669
2610
6623
-2138
-9399
-3947
4827
3497
-3842
-3918
3800
5645
-2096
-6537
802
9258
5532
-4198
-4933
3752
8283
2600
-3360
-47
6459
5111
-1950
-3704
2289
6412
3073
-2253
-2162
1986
3097
-397
-2189
455
2242
-770
-4561
-3268
1088
2053
-1552
-4381
-2923
-470
-1146
-3005
-2267
-97
-231
-2814
-3793
-946
1856
145
-3164
-2286
1525
2353
-1082
-2765
589
4223
2368
-1815
-1603
2636
4251
1485
-442
936
2604
1600
-167
442
2686
2229
-534
-1035
1012
1867
-495
-2293
-1767
-619
-1513
-1973
-367
53
-4609
-9215
-4332
4297
3722
-7481
-13493
-4994
6140
2863
-9623
-11842
-582
6967
-1060
-11546
-7824
4656
6979
-3467
-9456
-2261
5602
2148
-5079
-3054
5276
5362
-3868
-7141
2042
10008
4366
-5384
-4507
4840
8083
922
-4468
435
7095
4416
-3003
-3431
3288
6476
2149
-2984
-1944
2438
2628
-1142
-2307
710
2290
-894
-4352
-2812
1349
2057
-1493
-4431
-3169
-621
-1004
-2892
-2911
-1235
-940
-2592
-3550
-2083
185
173
-2393
-3455
-1296
630
-29
-1701
-1172
956
1229
-766
-1517
717
2645
1132
-935
-189
1477
1717
572
58
920
1525
490
-780
-338
608
-152
-1815
-2360
-2250
-2321
-2834
-1320
56
-2191
-7664
-8993
-1828
4922
669
-10183
-12335
-2501
5479
-698
-10904
-9244
1586
4781
-5181
-12400
-5153
5623
3715
-6689
-8859
-270
4644
-696
-5572
-963
6157
3042
-5845
-5410
4857
9233
1007
-6720
-2567
6456
6428
-1208
-3544
3102
7112
1472
-4828
-2333
4757
5504
-349
-4274
-1289
2866
1220
-3039
-2536
1548
1693
-2924
-5560
-2146
2145
1556
-2915
-4892
-2398
-105
-1069
-3103
-2464
-640
-567
-2802
-3690
-1433
1489
607
-3146
-3478
-210
1917
-138
-2306
-880
1919
1470
-1527
-1987
1455
3423
853
-1485
-51
2060
1288
-655
-840
1046
1703
-550
-2421
-942
1253
-209
-2831
-3603
-2708
-2165
-1506
125
-762
-5000
-8982
-5461
3024
4537
-5475
-13170
-6897
4682
4233
-7607
-11918
-2256
6971
1077
-10895
-9515
3302
7972
-1471
-9244
-3550
5212
3028
-4603
-3835
4940
6446
-3086
-7922
980
10480
5745
-5237
-5733
4062
8676
1756
-4690
-85
7876
5524
-3078
-4520
2760
7166
2657
-3228
-2179
2784
3079
-1381
-2691
1438
3446
-563
-4939
-3345
1549
2636
-1277
-4110
-1991
620
-548
-2973
-2232
416
814
-1805
-3995
-1847
2175
2062
-1771
-3252
155
2727
989
-1392
-544
2400
2718
-191
-1403
1416
3762
2109
-391
190
2355
2151
340
-119
1598
2558
480
-1746
-985
1147
1092
-1172
-2535
-2168
-1694
-2660
-1869
827
239
-5367
-9888
-4895
4238
4742
-5879
-13394
-6707
5315
4436
-7848
-11912
-1877
7070
873
-10413
-8859
3664
8470
-861
-8431
-2669
5582
3231
-3862
-2470
6064
7050
-2215
-6577
2276
11281
6226
-4346
-4430
4877
8724
1701
-4152
583
8245
5804
-2755
-3953
3652
7639
2664
-2954
-1772
2992
2938
-1522
-2608
1647
3626
-591
-4908
-2964
1982
2728
-1156
-4026
-2056
647
-525
-2980
-2224
650
1141
-1532
-3390
-1228
1845
1954
-1339
-2712
-184
2157
1385
-322
301
2197
2589
377
-785
1199
3697
2512
-54
514
2878
2607
598
397
2182
2820
723
-1463
-809
1573
1260
-1646
-3070
-2218
-1685
-2657
-3001
-402
422
-3871
-10114
-8128
1306
5107
-3507
-12620
-9032
2322
5133
-5279
-12110
-5053
5316
2479
-8945
-10763
90
7359
1026
-7814
-5746
2876
3690
-2654
-3577
3697
6758
-848
-6837
-810
8809
7372
-2217
-4992
2440
7890
3138
-2859
-171
6563
5491
-1960
-4382
1193
5837
2826
-2585
-2877
1067
1716
-1887
-3161
379
2572
-576
-4951
-4506
-110
1876
-926
-4193
-3274
-664
-926
-3162
-3173
-862
314
-1893
-4504
-3466
401
1718
-1274
-2991
-974
1157
109
-1274
229
2676
2042
-998
-1575
1645
3861
1556
-996
18
2319
1859
-249
-441
1815
2987
393
-2000
-901
1651
1104
-1220
-2169
-1924
-1885
-3176
-4138
-3772
-1035
-268
-3423
-8256
-9373
-3535
3077
1304
-8859
-13362
-5569
3863
848
-8920
-10198
-792
5440
-1771
-11319
-7568
4681
6841
-3316
-9138
-2207
5227
2567
-3808
-2278
5000
4678
-3799
-6044
3365
10456
4461
-5028
-4069
4927
7852
1144
-3629
1444
7348
3503
-3839
-3069
4226
6753
1547
-3475
-1847
2538
1782
-2448
-2508
1400
1712
-3103
-5999
-2571
2162
1531
-3207
-5136
-2108
89
-2041
-4048
-1980
753
-483
-4097
-4528
-346
3031
818
-2581
-1615
1645
1598
-662
-372
2487
3308
307
-1556
1185
4836
3549
119
419
3124
3344
885
47
2105
3974
1747
-1865
-1346
2265
2815
-516
-2249
-648
533
-1821
-4820
-4067
-781
1197
-1412
-5617
-8267
-6624
-651
3472
-946
-10027
-11402
-2270
5051
-149
-9460
-8808
1003
4710
-3887
-10843
-4367
6297
5196
-4886
-7892
41
5437
933
-3973
249
6542
2739
-5789
-3874
7391
10830
1171
-6689
-1336
8273
7031
-2045
-3677
4541
8352
1059
-5421
-1085
6987
6341
-1279
-4617
-358
3327
29
-3872
-1466
2613
406
-5546
-6503
-1190
2520
-361
-5183
-5188
-1439
-860
-3665
-4081
-1202
194
-2478
-5214
-3838
269
1827
-1317
-3335
-1265
829
-353
-1335
644
2858
1636
-1514
-1614
1792
4338
1978
-844
330
2443
1734
99
628
2632
2997
401
-1798
-679
2105
1699
-1242
-2407
-1387
-1176
-2630
-3906
-3430
-2615
-3034
-2537
-2202
-4675
-9659
-8939
-681
3839
-3508
-14081
-12783
-427
5871
-3514
-13484
-8838
3157
3789
-7615
-12166
-2448
6923
2250
-8080
-7652
2103
5055
-1710
-4929
1560
6594
344
-6914
-1971
9197
9106
-2118
-7035
1088
9151
4942
-3364
-2401
5733
6692
-1235
-5413
555
7099
4274
-3005
-4511
615
2833
-1072
-4171
-1192
1994
-772
-5828
-5580
-611
1579
-1963
-6047
-4780
-1511
-1807
-4448
-4184
-1225
-636
-3709
-5727
-2726
1771
1226
-2954
-3880
-308
2315
588
-1653
-237
2534
2166
-613
-745
2336
3572
1581
225
1077
2207
1744
710
1308
2808
2422
-43
-818
983
2072
480
-1260
-1214
-543
-1081
-2633
-3286
-2860
-3287
-4645
-3054
-1311
-3730
-9191
-9438
-2184
3107
-2198
-12527
-12532
-1207
5460
-2873
-12704
-8949
2509
4602
-5353
-10950
-3000
6809
3648
-6275
-6901
1783
5266
-344
-3855
1292
6550
1978
-5275
-2082
7961
9118
-465
-5785
490
7914
5310
-2131
-2574
4138
6156
-372
-4756
10
5923
3937
-2278
-3764
604
3060
-200
-3380
-1178
2080
-3
-4852
-5076
-700
1559
-1267
-4880
-4173
-1299
-1172
-3675
-3843
-1107
-135
-3071
-5428
-3170
1300
2154
-1687
-3703
-1051
2135
1389
-638
202
2546
2654
417
31
2758
4685
2824
732
1803
3576
2880
1370
2054
3908
3716
918
-769
1124
3348
1902
-874
-978
536
277
-1754
-2847
-2211
-1831
-3795
-4764
-2186
-597
-4150
-9090
-7739
-893
2362
-3167
-10498
-8880
123
3262
-3811
-9338
-4896
2644
2354
-4726
-7225
-670
5416
2469
-3874
-3234
2739
4239
418
-1030
3076
6100
2421
-2234
593
7808
8349
1476
-2137
2271
7299
5508
370
124
4755
6254
1788
-1696
938
4960
4019
-42
-1716
498
2303
389
-1846
-634
1582
226
-3168
-3627
-623
1582
-91
-3280
-3641
-1172
64
-1566
-2778
-1694
-117
-334
-1703
-1758
132
1355
549
-412
650
2376
2188
1190
1468
2943
3666
2716
1602
2296
3973
4287
3269
2472
2890
3611
3711
3124
2786
2844
2355
2000
2097
2078
1518
752
129
-80
-110
-605
-1607
-2447
-2684
-2989
-2338
-1237
-1723
-4451
-7180
-5829
-1173
1170
-2862
-8521
-7539
-981
1622
-3135
-7219
-3947
2156
1719
-4434
-5997
473
5887
2719
-2789
-1805
3421
4942
1801
623
4714
7372
3395
-687
2721
9017
8434
2302
-100
3965
7760
5296
970
1988
6248
6130
1248
-823
2709
6048
4201
19
-917
1667
2583
57
-1474
546
2479
594
-2720
-2782
285
1905
-214
-2983
-2623
-144
523
-1391
-2205
-650
1388
1199
-999
-1446
905
2909
2156
420
632
2216
2656
2198
2684
3917
4174
2583
1938
3728
5328
4414
2340
2266
4153
4892
3415
2150
2917
4112
3027
999
638
1945
2523
1012
-428
-276
453
-339
-1990
-2285
-1862
-2575
-3906
-3195
-1251
-1518
-5642
-8421
-4495
1831
1676
-5676
-9824
-4789
2438
1762
-5083
-7013
-603
4381
678
-4971
-3038
3927
5823
872
-2532
745
5222
4210
1101
2614
6773
6185
1251
69
5505
9900
6784
504
-145
5216
7541
3590
38
2224
5677
4139
-258
-827
3016
5061
2334
-1089
-585
1721
1472
-623
-847
1098
1291
-1518
-3586
-1793
1134
1000
-1736
-3394
-1899
52
-22
-1506
-1940
-569
405
-81
-409
304
616
565
1187
2311
2327
1362
1145
2377
3809
3582
2066
1726
3031
3846
3496
2905
2785
3057
3107
2701
2150
2241
2236
1543
1265
1261
910
399
-65
-446
-506
-728
-1697
-2502
-2612
-3009
-4100
-4729
-4106
-2579
-2096
-3897
-7060
-7432
-3525
163
-871
-5560
-7967
-4691
623
824
-3687
-5607
-1666
1916
-45
-3525
-2821
1782
4149
1516
-1428
-164
3090
3677
2184
2622
4713
4178
1121
624
4389
7583
5298
502
-74
3684
5719
2967
133
1373
3695
2613
-635
-1525
1136
2821
429
-2812
-2885
-846
-555
-2286
-2557
-1067
-984
-3244
-4922
-3220
-355
-144
-2599
-4139
-3062
-1430
-1310
-1914
-1765
-755
-156
-1049
-1037
266
1247
325
-698
842
2653
2171
361
800
3247
4602
2625
491
1492
3810
4014
2034
1154
2148
2636
1618
972
1836
2636
1528
-188
-523
587
1001
-551
-2019
-1597
-543
-1112
-2838
-3643
-3407
-3414
-4518
-5048
-3905
-2321
-2733
-5252
-7258
-6089
-2496
-300
-2024
-5929
-6524
-2907
622
19
-3338
-4068
-382
2372
335
-2793
-1480
3240
5030
1961
-918
649
4154
4632
2735
2719
4497
4177
1655
1512
4975
7217
4348
113
104
3640
4945
2259
194
1455
3185
1881
-812
-830
1582
2425
-55
-2179
-1448
-122
-699
-1649
-810
477
-217
-2542
-3128
-918
1311
410
-1710
-2044
-925
-297
-534
55
1433
1654
131
-786
636
2789
2513
1254
1720
3449
3311
1403
1325
4120
6010
4096
1137
1216
4004
5313
3834
2260
2329
2953
2280
1206
1817
3126
2412
-103
-750
846
1729
539
-782
-647
10
-626
-2306
-2824
-1737
-1500
-3279
-5075
-4305
-2254
-1388
-2853
-4733
-5421
-4219
-2374
-1252
-1438
-3078
-4159
-3153
-624
323
-1016
-1961
-133
2171
1602
-910
-974
2624
4992
3098
73
462
3520
4785
3296
2601
3821
4345
2590
1322
3324
5842
4657
1138
386
3046
4493
2552
638
1688
3213
1974
-818
-1053
1367
2359
343
-1574
-1055
58
-133
-980
-804
67
64
-1303
-2096
-655
1178
724
-806
-783
643
996
61
-49
1513
2588
1904
698
982
2411
2769
2599
2868
3423
2904
2140
2546
3873
4541
3623
2185
2049
3409
3780
2833
2120
2422
2676
2212
1647
1627
2140
1870
753
-65
314
453
-164
-373
0
-77
-1225
-2143
-1796
-758
-864
-2385
-3259
-2930
-2091
-1638
-1394
-1900
-2275
-2880
-3548
-3037
-873
1154
-95
-2988
-3853
-708
2722
2166
-1447
-2264
1380
3553
1087
-1590
596
4965
5370
1417
-870
1965
5470
4752
1863
2013
4029
3436
732
730
4474
6184
2556
-1469
-42
4105
4378
756
-668
1593
2799
521
-1751
-313
2483
2160
-866
-2108
-339
1128
99
-1173
-440
737
135
-1619
-1627
751
2189
744
-1230
-740
1070
1345
242
488
2320
3017
562
-1585
415
4225
4648
1384
-475
1209
3682
3504
1948
1883
2985
2511
567
453
2450
3323
1602
-256
264
1919
1741
55
52
1480
1229
-1157
-2325
-614
1297
593
-2008
-2911
-1262
-65
-1154
-2402
-1945
-1639
-2693
-3839
-3155
-1623
-1231
-2505
-3989
-2344
-1096
-2464
-4515
-2529
1407
1308
-3590
-6899
-2879
3501
3604
-3141
-5747
-461
4356
1738
-3370
-1934
3984
5118
-505
-3571
938
5848
3386
-1485
-486
3789
3928
-549
-1785
2869
6131
1835
-3825
-2362
3404
4363
-251
-2917
-643
2230
578
-2430
-1635
2003
2243
-1579
-3464
-1012
1398
276
-1437
-881
712
130
-2006
-1798
972
1939
-335
-2297
-1150
931
1203
596
380
702
80
-689
-68
1858
2264
581
-479
409
1662
1415
587
411
1262
1601
570
-696
60
1681
1492
71
-537
55
401
42
-495
-375
-286
-1000
-1857
-1441
-298
-543
-1639
-1945
-1250
-842
-1177
-1841
-2027
-1609
-1457
-2118
-2692
-2469
-2100
-2311
-2603
-2674
-2502
-1292
-1357
-3200
-4692
-3016
322
673
-3193
-6505
-3622
2212
2686
-3195
-5812
-1012
3694
1381
-4075
-3561
2622
5015
-206
-4233
-182
5120
2957
-2209
-1308
3925
4569
-894
-3298
1862
6605
2718
-3593
-2441
3916
5280
127
-2693
396
4086
2288
-1685
-1175
2931
3316
-737
-2377
557
3131
1566
-1200
-989
1684
2216
-470
-1558
1041
3016
1213
-1284
-557
1965
2329
57
-1037
901
2525
847
-1188
-4
2214
1845
-408
-791
869
2013
854
-631
166
1801
1264
-845
-617
1475
2109
102
-1426
-285
1492
1144
-651
-685
754
936
-466
-700
764
1399
221
-1165
-836
575
691
-795
-1439
-241
329
-988
-2095
-1452
-225
-399
-2010
-3153
-2440
-1326
-295
-1139
-2989
-4657
-3469
482
2247
-1198
-5638
-3988
2155
3975
-1729
-5501
-1315
4499
2785
-3614
-3885
2701
5752
711
-3619
-38
5039
2783
-2235
-853
4921
5151
-1401
-3974
2268
7513
3242
-3587
-2253
4293
5213
-307
-2759
1549
5119
1796
-3097
-1602
3672
3396
-1592
-3070
821
3149
-36
-3331
-1042
3406
2230
-3118
-3960
1023
3383
-168
-3550
-1761
1999
1549
-2068
-2544
883
1988
-1361
-3331
-708
1893
475
-2498
-2461
415
1259
-1311
-2771
-332
1971
141
-2738
-1954
956
1482
-1046
-2545
-746
1170
-161
-2298
-1326
791
163
-2131
-2168
-186
743
-972
-2690
-1811
-41
-623
-2748
-2741
-959
-688
-2841
-3902
-2340
-490
-1775
-4700
-4718
-2141
-1050
-2281
-3444
-3414
-3442
-3284
-1691
-228
-1303
-4080
-4313
-596
1785
-1028
-4200
-2490
1746
1991
-1885
-3242
378
3464
1298
-2048
-932
2540
2241
-703
-593
2425
2922
-511
-2406
732
4086
2262
-1827
-2062
1428
2961
511
-1809
-785
1325
592
-1753
-1526
799
1076
-1262
-2624
-1138
508
-317
-1919
-1596
202
208
-1923
-2563
-696
641
-712
-2430
-1887
68
258
-1381
-1916
-214
732
-685
-1980
-1018
664
452
-1172
-1639
-66
796
-534
-1645
-514
900
84
-1719
-1486
577
1201
-643
-2048
-1022
637
201
-1481
-1658
-487
-281
-1414
-1925
-1197
-411
-945
-2111
-2015
-1004
-1213
-2605
-2837
-1530
-1125
-2536
-3423
-2415
-1131
-1998
-3721
-3701
-2151
-1432
-2416
-2690
-1795
-1932
-3437
-3490
-1102
619
-1100
-4089
-3624
-86
1425
-1007
-2800
-817
1689
682
-2025
-1585
1707
2933
441
-1397
298
2616
1987
232
830
2705
2155
-252
-515
1946
3533
1415
-1248
-670
1835
2299
507
-469
560
1287
-137
-1674
-487
1831
1562
-921
-1727
187
1448
375
-880
-64
1073
276
-1314
-1214
506
1099
-300
-1501
-521
873
435
-817
-710
455
448
-1117
-1572
47
1479
516
-1278
-1292
68
572
-352
-824
-246
172
-708
-1498
-776
452
478
-689
-1114
-193
448
-324
-1041
-407
219
-343
-1378
-1224
-3
531
-289
-967
-583
103
-272
-992
-923
-252
-506
-1625
-1872
-804
-276
-1569
-2344
-1718
-949
-1827
-2835
-2077
-629
-794
-2646
-3179
-1510
-109
-1095
-2384
-1806
-753
-1025
-2096
-1757
-284
263
-917
-1767
-650
542
211
-373
392
1230
850
32
185
1280
1978
1362
633
1042
1878
1903
1497
1375
1359
1172
881
739
999
1520
1359
709
480
787
1111
899
389
313
608
457
-226
-368
194
396
-170
-517
-245
-5
-40
-350
-492
-406
-452
-944
-1127
-821
-767
-913
-1005
-828
-679
-776
-1038
-1145
-809
-681
-1144
-1349
-1108
-936
-1185
-1410
-1305
-816
-718
-1222
-1336
-893
-812
-1241
-1151
-845
-578
-465
-475
-609
-563
-455
-584
-675
-623
-335
-300
-548
-620
-387
-398
-912
-1327
-1058
-610
-955
-1539
-1565
-1343
-1384
-1935
-2621
-2861
-2448
-1951
-2088
-2883
-3252
-2921
-2347
-2296
-2827
-2812
-2127
-1679
-1866
-2145
-1677
-935
-765
-1046
-1072
-410
6
-283
-400
184
556
261
-132
453
1447
1590
1114
771
1074
1545
1647
1453
1247
1295
1288
788
433
984
1249
778
243
387
729
505
64
-86
421
572
-217
-1070
-741
-14
-156
-806
-983
-525
-417
-698
-893
-745
-720
-1213
-1601
-1160
-550
-832
-1374
-1304
-879
-960
-1401
-1362
-884
-518
-777
-1318
-1013
-248
-146
-640
-854
-359
205
7
-565
-444
172
344
-103
-34
182
107
66
-91
-221
-432
-390
-449
-513
-381
-375
-706
-844
-517
-602
-891
-1177
-1244
-1232
-1417
-1690
-1898
-1863
-1716
-1724
-1849
-1972
-2375
-2503
-2346
-2241
-2304
-2434
-2475
-2404
-2046
-1481
-1331
-1549
-1522
-1085
-373
130
-346
-915
-346
1027
1711
1191
371
1
990
2375
2213
944
707
1142
1383
1659
1877
1682
1154
907
1133
1604
1681
1009
359
813
1472
954
176
-143
249
870
642
-397
-738
42
478
341
228
134
-343
-522
-215
273
682
357
-370
-261
472
800
630
446
469
624
874
955
883
1220
1358
759
507
938
1236
998
709
668
1029
1216
880
715
1121
1434
1050
782
1017
1395
1402
1126
1007
1055
1021
574
316
789
1290
768
165
239
406
235
52
-17
30
-73
-539
-829
-473
-22
-194
-367
-150
-53
-28
43
121
142
-18
-49
0
60
46
-99
8
332
227
-192
-316
365
1009
888
328
343
924
1067
541
238
751
1261
1133
1051
1480
1824
1764
1640
1685
1700
1894
1883
1642
1677
1870
1771
1481
1456
1811
2099
1986
1598
1602
2110
2450
2069
1800
2028
1914
1735
1874
2051
2170
2015
1701
1618
2078
2353
1852
1770
2036
2264
2019
1569
1543
1868
2197
1975
1576
1657
2111
2116
1748
1538
1691
2000
1800
1167
1068
1603
1799
1232
850
1145
1220
971
790
935
1076
933
572
680
1142
1070
747
820
1099
1005
725
672
645
575
379
168
267
512
347
-31
-47
218
380
253
281
376
536
540
252
117
358
958
980
364
40
490
965
653
151
353
991
998
570
257
471
638
329
46
264
906
1033
640
451
705
900
746
624
672
759
814
810
989
1440
1510
1098
1041
1429
1681
1681
1524
1324
1406
1856
2140
2017
1930
1968
2087
2261
2481
2510
2378
2430
2533
2601
2500
2426
2691
2919
2660
2251
2462
2717
2657
2450
2164
2094
2058
1889
1730
1843
2071
1929
1525
1318
1427
1590
1503
1303
1158
1291
1532
1541
1503
1698
1923
1969
1670
1334
1557
1860
1791
1510
1393
1445
1396
1415
1558
1421
1114
1123
1350
1428
1182
1180
1546
1710
1477
1532
1909
2076
1844
1678
1715
1697
1783
1744
1717
1658
1499
1327
1201
1257
1159
906
688
752
763
378
118
228
415
502
367
230
342
331
493
746
672
427
361
528
708
873
628
242
232
416
574
617
415
277
431
617
654
578
795
1105
1119
1309
1485
1535
1623
1542
1607
1909
1978
1743
1591
1816
2129
2080
1897
1665
1552
1717
1673
1543
1463
1310
1050
1059
1121
944
721
649
517
346
562
649
507
479
458
364
484
795
689
472
399
453
527
426
12
-60
397
390
85
68
324
585
714
385
224
442
563
360
74
421
1090
1078
551
390
885
1361
988
223
315
859
674
41
-40
300
435
489
427
328
293
347
249
113
-105
-285
-178
-242
-397
-463
-204
-48
-152
-356
-439
-214
-195
-399
-561
-412
-392
-546
-544
-285
-149
-207
-271
-224
-249
-369
-308
-354
-390
-411
-420
-262
-160
-179
-301
-326
-220
-188
-239
-352
-589
-726
-618
-436
-401
-710
-909
-483
50
72
-131
-314
-417
-420
-464
-409
-121
12
-193
-369
-215
-61
-212
-316
-291
-127
62
120
119
69
136
216
116
-32
-168
-20
190
164
100
234
341
333
250
88
-48
-10
155
340
345
199
293
583
708
578
406
358
390
275
143
-28
-239
-409
-384
-365
-365
-305
-215
-201
-501
-853
-919
-716
-553
-642
-710
-612
-451
-456
-634
-820
-788
-620
-665
-842
-891
-641
-458
-623
-750
-582
-380
-308
-483
-758
-725
-352
-323
-620
-425
-54
-113
-281
-101
131
118
-145
-303
-139
23
137
-80
-305
-105
-41
-132
-351
-407
-261
-243
-498
-677
-328
-96
-395
-833
-698
-466
-611
-934
-1070
-908
-702
-606
-669
-562
-470
-526
-610
-351
33
79
36
34
302
612
490
614
885
849
528
663
1244
1422
1278
930
942
1328
1459
1280
1353
1580
1591
1382
1200
1282
1352
1322
991
724
761
1012
849
597
842
994
803
511
561
710
760
524
21
-231
-121
67
26
-145
-69
11
-108
-414
-280
8
-148
-412
-254
136
52
-121
204
652
569
287
192
449
780
654
564
711
727
661
578
537
578
718
647
384
211
502
718
463
26
-85
178
330
88
-26
247
282
4
-107
97
51
-268
-547
-489
-238
-216
-527
-754
-487
-334
-663
-872
-929
-812
-727
-1066
-1394
-1083
-533
-578
-959
-991
-801
-745
-880
-963
-771
-529
-529
-747
-665
-462
-451
-728
-937
-764
-491
-426
-581
-506
-350
-420
-661
-729
-484
-349
-606
-768
-658
-517
-448
-549
-574
-569
-540
-626
-768
-827
-845
-890
-944
-1016
-1046
-953
-1005
-1159
-1214
-966
-841
-1090
-1139
-1150
-1232
-1431
-1741
-1706
-1385
-1243
-1342
-1456
-1406
-1156
-1003
-908
-1125
-1278
-1101
-982
-1252
-1534
-1448
-1280
-1226
-1112
-1018
-1032
-1005
-940
-862
-988
-1185
-1339
-1298
-1216
-1139
-1128
-1308
-1399
-1239
-1104
-1265
-1355
-1304
-1252
-1634
-2010
-1781
-1528
-1762
-1999
-1821
-1675
-1765
-1910
-1806
-1814
-2006
-2120
-2150
-2246
-2283
-2182
-2327
-2525
-2718
-2639
-2339
-2161
-2016
-2080
-2033
-1866
-1863
-1958
-1983
-1794
-1684
-1761
-1786
-1751
-1858
-1863
-1616
-1279
-1227
-1275
-1269
-1174
-1226
-1471
-1566
-1467
-1275
-1189
-1286
-1391
-1227
-1212
-1514
-1648
-1399
-1140
-1218
-1498
-1699
-1579
-1411
-1637
-2009
-2069
-1754
-1477
-1806
-2095
-1772
-1454
-1687
-2041
-2001
-1722
-1666
-1899
-1998
-1866
-1694
-1688
-1483
-1174
-1157
-1427
-1569
-1552
-1433
-1342
-1334
-1352
-1331
-1310
-1407
-1255
-1207
-1223
-1243
-1349
-1317
-1354
-1311
-1265
-1178
-1006
-911
-838
-799
-783
-894
-1001
-857
-852
-1041
-1031
-842
-938
-1162
-1212
-999
-961
-1081
-1129
-1284
-1442
-1506
-1503
-1606
-1611
-1399
-1133
-1119
-1195
-1147
-1099
-1057
-953
-895
-888
-824
-589
-443
-413
-596
-777
-540
-211
-222
-460
-392
-265
-510
-662
-473
-211
-18
26
55
197
352
274
241
337
429
448
382
404
335
346
431
447
401
394
611
704
518
217
91
107
-21
-92
-134
-49
98
-180
-536
-378
135
195
-241
-322
-32
53
-156
-151
-29
-11
-263
-546
-455
-314
-297
-357
-234
-85
-9
-135
-311
-266
-192
-175
-90
-65
-10
56
161
116
-116
-37
202
399
357
179
119
328
450
392
346
451
500
355
117
37
206
158
-80
-231
-78
-49
-290
-406
-490
-526
-562
-668
-667
-588
-554
-635
-576
-439
-391
-561
-488
-301
-322
-536
-604
-435
-463
-655
-863
-701
-466
-347
-421
-598
-627
-437
-512
-667
-504
-284
-238
-398
-497
-571
-514
-342
-373
-524
-465
-268
-276
-233
4
-24
-183
-246
-185
-305
-428
-474
-474
-346
-342
-588
-913
-1031
-864
-685
-743
-1083
-1199
-960
-789
-911
-1088
-1028
-791
-810
-1008
-1120
-1051
-1028
-1089
-1172
-1125
-982
-999
-918
-949
-1243
-1377
-1164
-1070
-1187
-1040
-699
-564
-731
-807
-585
-411
-302
-281
-388
-380
-136
-10
-232
-368
-375
-171
-143
-295
-223
-47
144
5
-401
-454
-165
-39
-207
-439
-404
-313
-245
-510
-717
-652
-730
-711
-598
-415
-198
-175
-260
-386
-488
-568
-594
-657
-554
-527
-511
-498
-635
-624
-601
-519
-625
-704
-836
-899
-677
-487
-592
-725
-704
-587
-378
-271
-249
-305
-322
-150
-89
-95
-7
-32
46
220
56
-57
232
467
328
45
35
183
224
-26
-130
-58
11
-106
-227
43
476
555
297
132
69
121
-54
-434
-486
-295
-254
-370
-420
-189
-38
-34
-165
-321
-350
-281
-267
-191
-1
-38
-67
6
108
156
157
114
71
106
134
-27
-26
145
360
399
227
214
300
364
306
237
369
515
461
446
644
743
670
645
694
772
807
731
534
444
551
522
322
172
165
285
267
159
90
26
-91
-3
183
122
-174
-250
-178
-29
17
-142
-154
-112
-118
-180
-290
-278
-207
-286
-324
-178
97
39
-226
-313
-209
-50
-83
-137
111
357
374
321
354
452
355
105
165
276
283
183
-138
-220
-113
122
115
-7
-112
-82
87
-133
-511
-504
-239
-138
-327
-441
-298
-305
-541
-516
-386
-266
-332
-389
-399
-382
-259
-277
-291
-422
-641
-879
-963
-791
-692
-832
-926
-798
-723
-662
-647
-548
-542
-642
-596
-426
-110
-5
-171
-383
-265
-16
-82
-319
-520
-325
-268
-431
-447
-275
-85
-272
-252
2
100
7
-191
-75
125
94
-179
-347
-283
-318
-429
-330
-299
-520
-612
-486
-476
-513
-445
-463
-504
-472
-508
-707
-791
-920
-939
-799
-562
-565
-646
-803
-987
-814
-685
-758
-921
-939
-849
-710
-672
-639
-548
-400
-334
-313
-242
-260
-311
-224
3
-59
-71
143
314
232
6
38
142
64
-166
-319
-241
-277
-462
-394
-294
-236
-294
-396
-349
-275
-337
-530
-571
-467
-379
-499
-701
-735
-538
-513
-715
-884
-711
-352
-215
-268
-407
-502
-404
-238
-101
-80
84
361
466
395
266
158
143
253
443
618
225
-57
59
221
244
308
501
540
577
471
402
420
580
693
561
464
552
575
523
519
610
539
355
503
535
370
138
43
75
-56
-198
-299
-222
38
246
105
-54
-94
-162
-249
-451
-435
-458
-608
-573
-178
-66
-247
-305
-164
-198
-339
-478
-624
-463
-425
-458
-455
-215
-40
-99
-186
-431
-471
-384
-355
-281
-179
-255
-286
-279
-468
-601
-544
-424
-373
-275
-331
-384
-448
-560
-732
-854
-773
-557
-535
-619
-463
-447
-558
-822
-782
-559
-578
-797
-819
-740
-801
-865
-745
-635
-758
-908
-762
-716
-818
-777
-674
-597
-597
-527
-456
-445
-475
-468
-483
-526
-449
-469
-629
-695
-490
-375
-527
-544
-285
-209
-381
-587
-668
-597
-451
-453
-456
-367
-429
-626
-757
-526
-454
-549
-554
-241
-195
-541
-680
-618
-543
-586
-619
-539
-419
-376
-486
-569
-590
-581
-599
-759
-762
-661
-453
-385
-387
-340
-315
-348
-310
-315
-360
-332
-295
-222
-69
-2
100
265
336
322
140
94
265
272
-79
-304
-172
158
118
53
119
157
174
92
-69
-48
86
129
122
-69
-162
-109
-67
-166
-61
-62
-233
-489
-651
-651
-673
-745
-760
-583
-280
-431
-679
-705
-498
-322
-338
-556
-643
-207
-3
-248
-621
-430
-120
-179
-317
-266
-118
-26
49
-8
-134
-128
-75
-126
-182
-197
-36
-52
-275
-306
-63
141
106
5
-69
44
221
61
-196
-424
-417
-323
-246
-113
-242
-372
-255
-339
-583
-490
-295
-238
-356
-381
-377
-379
-422
-472
-297
-37
-185
-569
-551
-224
-24
-160
-523
-854
-906
-620
-357
-541
-885
-916
-750
-528
-626
-712
-566
-553
-610
-670
-605
-479
-573
-669
-695
-800
-748
-671
-688
-678
-775
-900
-984
-1010
-995
-1021
-912
-773
-806
-1078
-1211
-1029
-1140
-1437
-1346
-1212
-1302
-1275
-1205
-1242
-1294
-1163
-974
-1020
-1043
-1020
-958
-871
-814
-856
-895
-798
-567
-620
-818
-779
-661
-718
-840
-755
-526
-467
-729
-807
-548
-284
-239
-341
-334
-272
-434
-577
-429
-215
-308
-554
-634
-379
-165
-552
-906
-537
-194
-460
-773
-603
-375
-594
-842
-691
-366
-521
-898
-898
-689
-824
-1097
-1028
-905
-957
-1179
-1184
-965
-830
-878
-960
-1107
-1100
-765
-621
-951
-1092
-976
-1090
-1324
-1204
-946
-927
-837
-685
-603
-593
-648
-823
-1003
-1071
-988
-727
-494
-673
-952
-898
-626
-500
-457
-385
-325
-323
-365
-281
-139
-194
-643
-856
-584
-356
-637
-1120
-1085
-707
-626
-857
-876
-757
-579
-866
-1039
-843
-769
-721
-776
-784
-702
-622
-613
-700
-793
-610
-326
-478
-811
-853
-657
-530
-568
-397
-348
-427
-522
-567
-620
-639
-480
-459
-370
-316
-226
-96
-90
-133
-197
-174
-21
-21
-256
-460
-467
-294
-351
-519
-496
-237
-255
-632
-845
-526
-404
-574
-726
-719
-598
-475
-493
-756
-939
-869
-737
-637
-573
-521
-314
-235
-280
-262
-304
-214
-133
-169
-409
-571
-437
-317
-312
-502
-428
-132
-59
-261
-319
-203
-145
-321
-452
-332
-75
57
31
-114
-176
-84
-101
-271
-350
-122
-47
-344
-628
-422
-182
-237
-656
-667
-160
-10
-441
-637
-489
-492
-690
-759
-655
-640
-572
-356
-371
-696
-729
-274
-121
-376
-489
-488
-481
-607
-636
-619
-607
-395
-213
-312
-417
-274
-25
-124
-356
-338
-159
-259
-432
-380
-144
-71
-168
-315
-412
-204
110
-114
-596
-465
-165
-361
-774
-618
-210
-158
-413
-353
-66
-102
-213
-323
-316
-359
-298
-126
-97
-159
-288
-389
-567
-747
-723
-419
-235
-335
-498
-291
55
27
-152
-260
-108
-46
-180
-328
-257
-132
-233
-306
-121
151
-38
-314
-179
67
-106
-310
-240
-173
-389
-529
-328
-339
-595
-446
-95
-190
-383
-388
-581
-790
-834
-864
-841
-790
-824
-842
-736
-804
-894
-806
-823
-793
-636
-611
-870
-968
-840
-794
-855
-996
-941
-678
-466
-547
-553
-490
-490
-531
-581
-661
-745
-823
-856
-858
-833
-818
-826
-769
-637
-505
-452
-410
-338
-526
-827
-837
-682
-539
-600
-709
-696
-814
-845
-851
-875
-944
-1125
-1304
-1493
-1444
-1437
-1609
-1729
-1510
-1165
-1235
-1457
-1475
-1425
-1341
-1296
-1333
-1542
-1581
-1255
-1171
-1400
-1524
-1391
-1336
-1459
-1508
-1540
-1552
-1466
-1579
-1800
-1757
-1554
-1681
-1976
-1847
-1631
-1676
-1684
-1532
-1484
-1596
-1719
-1661
-1587
-1508
-1498
-1603
-1522
-1462
-1609
-1890
-1940
-1667
-1739
-2026
-2145
-1969
-1874
-1974
-2004
-2044
-2146
-2267
-2232
-2273
-2319
-2364
-2394
-2448
-2286
-2094
-2184
-2341
-2402
-2235
-2236
-2396
-2396
-2212
-2072
-2270
-2554
-2504
-2251
-2233
-2449
-2503
-2374
-2158
-2208
-2320
-2184
-1999
-1930
-2033
-2048
-1973
-1931
-2046
-1993
-1873
-1916
-1984
-2094
-2174
-1995
-1732
-1820
-2081
-2104
-1968
-1991
-2155
-2303
-2257
-2306
-2439
-2326
-2111
-1982
-1963
-2051
-2173
-2170
-1976
-1985
-2183
-2264
-2057
-1886
-2027
-2230
-2212
-2137
-2196
-2315
-2332
-2308
-2200
-2162
-2269
-2284
-2322
-2465
-2409
-2162
-2065
-2138
-2146
-2147
-2118
-2118
-2214
-2075
-2027
-2053
-2106
-2167
-2007
-1849
-2030
-2286
-2274
-2096
-2089
-2176
-2116
-1806
-1685
-1891
-1870
-1762
-1934
-2119
-1837
-1496
-1525
-1864
-1946
-1718
-1591
-1744
-2006
-1949
-1638
-1598
-1700
-1795
-1812
-1785
-1807
-1764
-1710
-1644
-1699
-1682
-1481
-1380
-1469
-1468
-1280
-1135
-1112
-1095
-1281
-1385
-1342
-1322
-1328
-1267
-1160
-1265
-1445
-1569
-1625
-1725
-1649
-1687
-1852
-1826
-1724
-1722
-1723
-1702
-1614
-1495
-1464
-1514
-1498
-1438
-1369
-1324
-1409
-1386
-1347
-1385
-1376
-1205
-994
-1069
-1182
-1101
-732
-439
-721
-976
-988
-693
-732
-911
-954
-926
-885
-836
-736
-686
-659
-648
-604
-626
-631
-711
-926
-1036
-963
-739
-648
-773
-820
-651
-511
-586
-626
-642
-629
-589
-607
-599
-573
-668
-848
-716
-634
-738
-731
-634
-516
-558
-625
-590
-477
-384
-357
-428
-429
-217
-205
-363
-459
-377
-218
-250
-339
-419
-447
-480
-624
-557
-421
-481
-522
-480
-428
-605
-818
-705
-604
-826
-994
-779
-353
-273
-636
-618
-384
-378
-551
-506
-334
-421
-430
-267
-226
-416
-500
-511
-564
-500
-444
-456
-516
-478
-562
-667
-535
-439
-452
-476
-285
-324
-493
-584
-557
-512
-454
-350
-228
-78
70
2
-36
-31
-23
-16
-205
-276
-145
-139
-368
-446
-379
-462
-544
-584
-569
-528
-699
-924
-874
-708
-652
-586
-664
-615
-447
-491
-715
-848
-762
-780
-788
-557
-258
-281
-531
-453
-216
-172
-257
-437
-363
-143
-115
-172
-176
-172
-104
-123
-130
-141
-130
-101
-80
-149
-379
-451
-343
-248
-329
-436
-250
-16
-19
-249
-375
-319
-352
-559
-650
-454
-343
-416
-516
-507
-358
-315
-311
-283
-234
-303
-167
1
-112
-224
-147
6
-9
-178
-274
35
154
-225
-512
-311
21
-181
-265
-37
54
-192
-441
-297
131
384
373
211
251
472
563
465
272
437
667
632
579
556
590
565
459
298
269
333
139
-142
-103
12
-24
-12
-60
-110
-134
-60
20
-80
-279
-461
-455
-435
-534
-564
-406
-271
-211
-266
-375
-342
-230
-180
-302
-331
-225
-221
-224
-59
190
330
136
93
402
581
479
373
509
569
416
283
335
295
196
155
152
34
-7
217
249
117
39
97
118
47
9
147
226
185
152
147
19
-122
-238
-234
-158
-162
-170
7
24
-216
-506
-508
-210
-324
-790
-898
-541
-390
-357
-286
-275
-312
-326
-242
-262
-244
-277
-357
-272
-256
-290
-394
-293
-149
-147
-147
-246
-285
-469
-594
-555
-687
-695
-568
-510
-587
-298
-1
-105
-192
-128
-215
-534
-657
-542
-469
-618
-743
-646
-361
-320
-463
-581
-651
-684
-690
-819
-1024
-1002
-754
-697
-976
-1044
-883
-814
-982
-960
-851
-917
-885
-636
-563
-705
-635
-508
-549
-751
-775
-605
-484
-477
-411
-158
-38
-45
-224
-461
-563
-526
-642
-826
-749
-760
-866
-897
-922
-938
-1091
-1271
-1249
-1131
-1140
-1295
-1312
-1279
-1233
-1177
-1186
-1182
-1199
-1231
-1345
-1493
-1590
-1529
-1263
-1160
-1214
-1199
-1011
-958
-1190
-1278
-1171
-1161
-1383
-1524
-1547
-1419
-1229
-1197
-1056
-948
-1052
-1058
-873
-695
-796
-1085
-1117
-988
-907
-994
-1046
-924
-743
-716
-977
-1273
-1242
-1110
-1211
-1343
-1335
-1178
-1071
-1007
-989
-1022
-1206
-1393
-1442
-1445
-1382
-1440
-1481
-1471
-1444
-1528
-1436
-1091
-1001
-1092
-961
-786
-772
-913
-910
-897
-972
-951
-764
-743
-935
-857
-660
-652
-941
-1039
-756
-737
-1013
-905
-839
-871
-1040
-1069
-868
-819
-742
-696
-609
-766
-795
-730
-612
-534
-669
-799
-636
-575
-780
-821
-826
-841
-915
-996
-1039
-926
-913
-848
-880
-934
-841
-772
-520
-417
-485
-718
-696
-551
-433
-542
-694
-489
-131
-14
-99
32
323
522
446
164
97
196
220
160
-1
54
215
83
-138
4
220
138
-84
-244
-147
38
7
-248
-253
98
194
64
166
411
512
302
101
25
5
-58
-381
-491
-241
-186
-332
-401
-290
-204
-404
-437
-463
-483
-433
-601
-709
-554
-267
-30
-219
-488
-383
-316
-313
-333
-325
-290
-56
108
112
-86
-221
-135
-182
-302
-442
-315
-230
-274
-232
-32
103
87
2
-147
91
383
142
-46
21
41
-148
-236
-190
-60
20
137
90
-124
-120
-49
18
-111
-259
-213
135
199
44
158
211
95
-3
-62
-133
-253
-339
-331
-284
-279
-326
-191
72
125
38
77
158
225
60
-334
-489
-308
-177
-269
-282
22
290
261
182
172
173
204
297
289
76
-37
14
162
76
18
116
-102
-270
-245
-252
-438
-473
-559
-458
-279
-327
-306
-102
-23
-117
-239
-337
-368
-494
-506
-457
-480
-451
-467
-768
-890
-706
-642
-698
-610
-434
-465
-764
-876
-598
-456
-760
-959
-754
-519
-633
-783
-603
-481
-412
-447
-304
-233
-198
-58
163
185
-34
-88
37
295
228
-46
8
139
-10
-267
-117
262
94
-186
-200
-93
-52
-203
-178
-24
92
52
205
285
161
57
95
183
181
163
182
243
176
117
157
435
511
279
13
-29
-43
-116
60
286
398
232
171
209
262
51
-164
49
336
366
256
281
304
228
200
314
188
87
65
218
111
-127
1
300
323
196
107
80
244
196
21
-5
194
210
37
103
309
525
576
541
644
649
503
477
580
516
369
323
305
195
216
264
223
296
232
136
31
-116
-95
30
114
-80
-284
-230
-56
-26
-31
53
165
211
234
280
228
230
415
333
157
162
265
312
239
186
218
260
148
151
279
371
204
397
631
441
247
417
553
444
368
404
562
589
435
228
278
260
53
-30
-4
-56
-139
-93
103
27
-177
-271
-127
9
-175
-451
-557
-400
-395
-456
-373
-334
-428
-496
-592
-637
-592
-679
-759
-770
-714
-623
-738
-831
-555
-488
-786
-715
-456
-474
-515
-500
-567
-487
-230
-261
-441
-361
-132
-134
-382
-355
-290
-498
-790
-813
-711
-699
-706
-611
-574
-799
-837
-773
-943
-1124
-1192
-1226
-1347
-1321
-1313
-1301
-1351
-1329
-1239
-1181
-1173
-1350
-1407
-1313
-1254
-1501
-1646
-1544
-1359
-1274
-1364
-1392
-1179
-1096
-1226
-1468
-1503
-1198
-1074
-1394
-1518
-1123
-837
-930
-1109
-975
-921
-1191
-1271
-1329
-1453
-1465
-1342
-1452
-1601
-1396
-1192
-1263
-1192
-993
-1049
-1279
-1334
-1085
-1176
-1351
-1276
-1166
-1280
-1356
-1246
-1221
-1386
-1368
-1377
-1437
-1377
-1190
-1066
-1251
-1189
-1099
-1074
-1176
-1222
-1079
-1056
-1233
-1464
-1470
-1303
-1255
-1442
-1534
-1425
-1275
-1265
-1347
-1261
-987
-1114
-1364
-1422
-1258
-1005
-1132
-1362
-1309
-1177
-1269
-1365
-1370
-1515
-1603
-1326
-1049
-1085
-1396
-1488
-1352
-1357
-1474
-1578
-1445
-1276
-1260
-1321
-1450
-1461
-1289
-1148
-952
-932
-1031
-1187
-1381
-1297
-1200
-1221
-1445
-1454
-1189
-1015
-1220
-1512
-1392
-1196
-1146
-1101
-1159
-1184
-1078
-1142
-1338
-1345
-1254
-1260
-1371
-1403
-1479
-1464
-1418
-1590
-1721
-1809
-1875
-1855
-1885
-1917
-1683
-1568
-1578
-1726
-1936
-1903
-1850
-1973
-2068
-1967
-1955
-1942
-1875
-1878
-2120
-2274
-2075
-1967
-2161
-2199
-1922
-1774
-1894
-2004
-1763
-1649
-1697
-1588
-1413
-1442
-1517
-1415
-1381
-1347
-1302
-1330
-1363
-1416
-1405
-1374
-1486
-1701
-1598
-1392
-1543
-1629
-1505
-1489
-1542
-1350
-1139
-1262
-1398
-1483
-1531
-1306
-1180
-1175
-1096
-1014
-1237
-1399
-1403
-1251
-1308
-1522
-1604
-1775
-1752
-1579
-1350
-1302
-1471
-1594
-1526
-1192
-1055
-1375
-1513
-1260
-1024
-1429
-1696
-1565
-1379
-1195
-1186
-1229
-1282
-1289
-1327
-1270
-1174
-1154
-1159
-1006
-938
-1028
-981
-1063
-1249
-1224
-1203
-1192
-1286
-1186
-875
-905
-1166
-1273
-1136
-1077
-1166
-1312
-1389
-1563
-1548
-1499
-1637
-1688
-1444
-1196
-1411
-1677
-1444
-1239
-1476
-1727
-1668
-1364
-1220
-1378
-1406
-1049
-845
-1144
-1379
-1151
-891
-915
-1182
-1151
-843
-751
-903
-1093
-1055
-1023
-1130
-1294
-1289
-1124
-1122
-1198
-1002
-812
-867
-959
-942
-935
-1124
-1357
-1253
-1043
-1122
-1301
-1284
-949
-501
-458
-540
-462
-402
-534
-661
-650
-919
-1074
-1026
-798
-758
-782
-726
-524
-555
-935
-1139
-995
-830
-1000
-1035
-882
-756
-850
-921
-760
-502
-459
-599
-594
-625
-682
-627
-659
-731
-592
-387
-496
-726
-714
-554
-474
-649
-749
-502
-454
-569
-595
-483
-446
-407
-432
-422
-200
-141
-256
-535
-584
-446
-336
-275
-195
-152
-372
-557
-576
-449
-557
-733
-723
-560
-457
-431
-394
-592
-696
-578
-456
-538
-687
-701
-653
-773
-882
-699
-342
-455
-1072
-1152
-674
-513
-875
-985
-627
-562
-952
-1138
-926
-871
-1225
-1365
-1051
-758
-702
-817
-739
-583
-551
-694
-792
-600
-468
-729
-926
-788
-609
-553
-534
-709
-893
-857
-686
-772
-704
-578
-787
-832
-644
-734
-1064
-1257
-1222
-1125
-1170
-1291
-1348
-1215
-1198
-1227
-1224
-1164
-990
-966
-1108
-1205
-1185
-1187
-1118
-1001
-1077
-1082
-950
-779
-832
-936
-846
-997
-1305
-1209
-1004
-1253
-1470
-1382
-1214
-1300
-1406
-1315
-1234
-1210
-1242
-1236
-1381
-1462
-1423
-1294
-1253
-1250
-1141
-1124
-1066
-1131
-1188
-1259
-1311
-1330
-1343
-1382
-1396
-1266
-1199
-1195
-1222
-1121
-1023
-1070
-1118
-873
-910
-1063
-1114
-1163
-1162
-1321
-1345
-1170
-1064
-1007
-851
-807
-1016
-1238
-1333
-1340
-1340
-1348
-1271
-1153
-1130
-1103
-981
-945
-983
-907
-608
-531
-705
-891
-1119
-1206
-1194
-1138
-1126
-994
-788
-684
-600
-778
-822
-764
-878
-1088
-1055
-815
-799
-976
-1130
-1013
-922
-968
-1015
-948
-875
-849
-899
-968
-928
-873
-834
-844
-763
-672
-762
-660
-582
-652
-688
-526
-480
-722
-906
-854
-681
-654
-851
-825
-588
-666
-703
-533
-413
-562
-612
-407
-273
-194
-248
-241
-58
-119
-190
-179
-333
-661
-734
-547
-495
-620
-693
-624
-643
-583
-419
-497
-693
-745
-737
-806
-893
-857
-761
-698
-517
-414
-454
-493
-530
-563
-649
-702
-723
-811
-899
-781
-561
-501
-695
-681
-573
-564
-610
-828
-883
-812
-771
-658
-588
-477
-457
-347
-332
-450
-445
-433
-488
-606
-663
-764
-709
-526
-424
-499
-495
-356
-345
-501
-559
-520
-513
-514
-757
-845
-816
-789
-698
-650
-645
-644
-661
-661
-779
-914
-932
-770
-657
-632
-565
-623
-673
-604
-565
-593
-689
-714
-573
-424
-555
-838
-842
-633
-576
-759
-734
-703
-745
-708
-496
-398
-538
-587
-416
-302
-229
-214
-292
-307
-300
-246
-456
-558
-558
-696
-985
-1048
-725
-526
-444
-588
-724
-685
-537
-523
-825
-909
-753
-450
-534
-690
-548
-323
-491
-706
-681
-738
-805
-974
-931
-831
-869
-855
-726
-612
-775
-864
-683
-587
-673
-728
-578
-527
-630
-660
-510
-597
-792
-729
-406
-271
-429
-581
-437
-247
-330
-524
-494
-487
-554
-724
-758
-798
-868
-709
-568
-612
-700
-526
-348
-562
-846
-806
-677
-661
-875
-813
-577
-595
-786
-790
-660
-719
-913
-989
-897
-907
-894
-858
-811
-740
-566
-532
-835
-1038
-707
-474
-846
-1020
-673
-448
-580
-604
-478
-344
-326
-262
-158
-133
-184
-382
-433
-308
-154
-258
-341
-74
170
219
-73
-39
206
162
37
13
-43
-225
-172
-14
-164
-318
-316
-273
-197
-169
-242
-306
-306
-268
-149
-95
-155
-174
-186
-266
-335
-302
-237
-338
-320
-2
76
-193
-301
-187
-36
3
194
324
287
168
8
-100
-54
236
345
219
260
528
561
486
453
437
333
315
424
383
313
538
595
392
326
730
852
582
333
352
529
372
245
292
410
396
355
485
642
645
546
516
548
647
629
523
627
740
740
660
621
605
642
581
446
446
750
941
840
581
482
578
648
651
545
501
612
759
745
666
540
472
495
467
477
566
553
584
575
441
364
513
715
745
625
387
300
410
399
214
201
376
535
509
456
515
680
690
672
705
616
538
591
638
377
285
337
468
613
576
294
168
401
554
312
163
303
349
202
127
267
330
219
146
354
596
564
435
406
381
336
279
403
584
665
563
402
434
376
284
198
128
178
258
249
-76
-233
-5
-68
-305
-240
25
158
115
121
178
163
237
324
398
464
332
328
466
469
381
257
181
138
159
296
326
261
175
232
141
84
235
350
214
70
139
248
152
-10
170
374
479
242
175
367
366
120
-12
291
422
281
142
426
480
320
399
453
420
385
465
494
383
326
326
428
440
315
234
275
347
321
400
470
424
232
225
388
452
367
317
463
597
546
391
454
702
650
536
578
578
435
261
278
320
185
258
419
502
391
326
239
290
634
775
672
526
572
414
364
375
306
218
157
230
111
124
174
102
154
189
227
369
457
334
178
161
141
-46
-161
-127
-23
110
86
133
228
265
225
-80
-279
-120
53
-12
-252
-262
-78
136
194
37
-30
64
138
82
-91
-150
-41
231
262
-83
-185
125
375
52
-280
-179
34
-95
-372
-383
-232
-117
-248
-122
158
137
-102
-360
-268
-294
-492
-503
-244
-92
-293
-518
-593
-408
-424
-447
-436
-538
-482
-175
-139
-556
-754
-602
-451
-543
-493
-310
-222
-260
-333
-424
-584
-495
-410
-613
-614
-272
-166
-225
-243
-112
-77
-261
-369
-322
-259
-182
-186
-369
-548
-513
-394
-340
-405
-449
-234
-11
-72
-282
-426
-362
-200
-59
-12
-188
-234
-131
-112
-143
-253
-195
-14
2
-220
-163
113
160
34
-180
-172
-308
-621
-622
-464
-463
-631
-491
-39
169
-32
-127
-88
-41
-88
-166
-101
71
-4
-128
181
481
371
327
405
311
355
498
297
-92
-110
130
200
69
197
374
483
448
188
136
257
155
-54
-48
3
-163
-369
-176
144
71
-179
-61
164
49
9
223
322
189
26
-4
82
75
-21
-200
-389
-458
-436
-410
-357
-419
-415
-332
-324
-288
-79
-27
-285
-306
47
268
-15
-309
-230
-174
-203
-296
-454
-326
-130
-154
-348
-514
-460
-264
-309
-557
-589
-511
-370
-344
-348
-322
-269
-362
-672
-721
-667
-607
-550
-442
-389
-365
-287
-194
-406
-589
-470
-431
-580
-717
-710
-735
-978
-1113
-984
-860
-854
-965
-1028
-1061
-937
-1052
-1331
-1294
-895
-658
-841
-912
-832
-741
-773
-938
-1153
-1161
-1055
-950
-841
-718
-766
-898
-788
-542
-406
-396
-400
-389
-389
-534
-683
-510
-459
-688
-722
-377
-125
-315
-523
-517
-173
45
-164
-364
-306
-189
-215
-454
-541
-403
-381
-308
-310
-486
-574
-491
-470
-531
-552
-478
-305
-369
-579
-448
-400
-572
-708
-609
-383
-258
-362
-484
-469
-398
-457
-695
-663
-396
-353
-587
-613
-473
-505
-556
-560
-646
-691
-534
-364
-452
-584
-552
-510
-554
-577
-622
-732
-689
-531
-587
-832
-925
-790
-632
-673
-832
-910
-916
-786
-734
-782
-701
-486
-416
-708
-829
-699
-705
-851
-841
-571
-527
-726
-862
-540
-401
-655
-773
-771
-630
-652
-722
-535
-200
-101
-169
26
289
235
-31
-263
-235
-234
-329
-405
-491
-368
-214
-241
-353
-309
-286
-467
-470
-279
-359
-739
-794
-382
-195
-297
-328
-165
-95
-194
-268
-309
-191
-32
96
81
103
145
138
111
-123
-271
-70
98
-203
-524
-398
-167
-189
-283
-244
-46
14
23
24
-218
