SAMPLES:	13154
BITSPERSAMPLE:	16
CHANNELS:	1
SAMPLERATE:	16000
NORMALIZED:	FALSE
171
52
78
222
302
158
180
288
370
397
408
403
325
215
51
2
73
215
284
327
371
355
195
74
132
220
360
461
383
299
331
394
207
-29
-127
-138
-150
-184
-135
-20
-5
19
102
266
480
454
263
246
355
356
377
486
497
421
362
312
484
565
517
402
362
442
449
246
181
283
399
396
252
312
474
616
671
678
668
700
556
349
352
489
483
330
284
421
500
481
419
383
343
289
262
219
155
141
108
63
143
197
64
-119
-155
86
172
12
-81
-85
-47
-187
-369
-395
-409
-485
-459
-361
-324
-338
-306
-166
-124
-109
-110
-195
-286
-317
-196
-141
-208
-197
68
134
-57
-174
72
351
92
-146
-42
95
-34
-125
-11
14
-114
-134
57
65
-99
28
445
644
390
148
191
238
105
32
221
311
215
172
292
318
116
100
244
295
256
257
292
308
203
102
144
179
223
374
336
311
471
525
450
242
232
439
511
443
422
532
587
454
457
460
389
448
426
285
188
176
234
214
153
245
398
488
397
428
611
638
570
473
397
322
286
232
165
321
508
579
526
385
383
412
420
470
379
377
445
398
290
214
367
443
432
565
820
908
747
666
747
822
634
501
608
743
656
498
537
579
526
509
602
518
316
172
128
228
202
196
244
332
436
465
361
393
492
529
462
417
524
582
587
508
468
427
464
447
382
303
348
426
511
515
405
487
648
760
721
584
664
815
897
763
568
626
684
619
480
374
441
606
546
408
421
409
301
129
62
80
69
56
87
206
302
234
99
32
-22
-84
-125
-43
-26
-170
-271
-205
-193
-242
-125
26
59
-73
-149
-69
-279
-483
-524
-403
-310
-313
-371
-282
-126
-148
-239
-231
-108
-107
-131
-172
-73
-44
-100
-71
-92
-281
-358
-218
-271
-336
-279
-261
-414
-679
-686
-497
-368
-364
-493
-505
-381
-448
-493
-464
-262
-348
-535
-545
-452
-340
-391
-479
-632
-680
-643
-644
-795
-838
-812
-703
-690
-910
-971
-784
-729
-872
-916
-821
-750
-879
-1028
-1128
-1099
-935
-873
-763
-758
-832
-726
-561
-575
-667
-608
-524
-412
-440
-437
-371
-437
-453
-367
-236
-213
-330
-286
-184
-132
-199
-215
-135
-217
-281
-420
-401
-323
-328
-330
-356
-350
-214
-48
-42
-122
-150
-71
-120
-238
-221
-63
-7
-20
85
192
125
126
138
-33
-190
-342
-354
-400
-453
-390
-314
-317
-446
-430
-383
-394
-479
-472
-358
-329
-342
-266
-227
-275
-262
-275
-128
-142
-136
111
189
0
-70
229
347
142
-56
118
361
373
196
202
307
314
220
275
504
481
306
355
512
481
428
546
671
610
413
361
471
526
543
605
599
495
361
385
625
679
589
605
585
596
507
374
382
466
648
730
597
410
457
645
812
808
813
890
903
871
964
1023
918
891
999
1093
1003
907
938
1031
981
848
884
1026
1084
1049
996
1040
1080
965
952
1007
1077
1128
1116
1089
941
880
988
931
992
1018
1081
1041
796
634
541
536
543
403
404
572
539
445
502
602
585
491
459
430
364
317
409
410
216
124
227
401
388
227
273
534
519
373
339
350
229
19
-55
37
82
-26
-202
-242
-326
-342
-275
-220
-157
-175
-26
-13
-104
-253
-223
-137
-93
-34
-91
-102
-126
-155
-220
-293
-231
-223
-285
-388
-379
-333
-304
-325
-356
-401
-516
-524
-477
-387
-308
-309
-437
-477
-417
-465
-499
-622
-624
-559
-496
-385
-313
-258
-324
-467
-659
-677
-482
-259
-251
-412
-250
-26
-157
-307
-232
172
299
178
185
316
340
146
100
211
329
324
206
201
256
255
221
57
-40
-74
25
74
-52
8
181
180
-33
-22
110
221
161
126
308
408
385
336
460
634
652
486
384
478
491
376
357
491
538
506
588
764
752
532
414
481
561
417
248
208
334
434
531
535
587
686
564
415
479
708
848
736
778
971
1042
865
577
582
747
641
487
479
537
556
455
593
815
800
676
711
753
649
491
496
560
528
539
653
802
806
713
780
883
676
597
930
1153
1043
940
1081
1120
1013
841
869
1004
1007
1039
1047
988
945
1051
1166
1238
1269
1411
1537
1429
1302
1234
1286
1237
1076
996
1107
1273
1338
1282
1151
1182
1201
1190
1134
1194
1310
1263
1041
693
611
756
906
959
1019
1204
1383
1320
1226
1248
1199
1126
1228
1288
1212
1104
1143
1301
1131
952
1145
1392
1270
987
926
998
994
872
807
930
1097
1030
958
949
912
777
684
760
822
753
735
792
707
654
681
762
657
468
448
542
589
610
630
685
762
707
597
575
746
908
1036
958
759
708
766
797
811
826
632
503
670
864
855
746
754
839
841
704
662
682
672
566
453
540
666
594
478
498
864
988
848
652
613
788
719
572
486
666
800
662
493
463
476
491
438
521
711
820
736
554
598
757
951
1020
1036
1214
1426
1363
1052
928
1065
1239
1225
1334
1416
1386
1192
1145
1180
1062
918
911
1149
1221
1129
1039
1130
1097
1173
1254
1268
1155
1101
1171
1238
1174
999
858
853
859
779
798
833
911
919
744
760
933
869
753
709
809
747
543
506
650
716
563
355
351
383
284
126
215
309
263
152
100
212
246
94
212
546
479
232
145
265
381
286
185
196
146
-37
-144
-32
209
263
156
10
-52
-20
29
-27
-142
-159
-86
-121
-179
-210
-105
75
90
60
83
82
55
12
10
120
172
58
-42
6
196
217
87
129
342
416
355
314
401
460
343
280
214
140
47
-89
-75
-81
-90
-6
-61
-111
-191
-177
4
65
0
-95
-78
85
195
172
71
47
47
-53
-179
-52
74
61
90
197
228
79
-7
-16
-29
-111
-202
-300
-319
-275
-306
-421
-437
-314
-209
-212
-357
-295
-123
-135
-156
-126
-22
35
45
38
72
33
-163
-256
-129
21
132
43
-62
-8
-3
-89
-115
72
45
-115
-275
-226
-93
-197
-378
-312
-271
-248
-136
-211
-325
-354
-261
-269
-415
-506
-493
-469
-555
-615
-531
-250
-122
-176
-329
-394
-406
-419
-387
-335
-355
-298
-76
-73
-123
-273
-317
-233
-260
-282
-206
-76
-232
-396
-349
-263
-318
-376
-305
-356
-515
-522
-503
-370
-311
-312
-347
-445
-482
-465
-421
-493
-438
-397
-350
-291
-404
-527
-465
-354
-323
-483
-562
-443
-249
-334
-527
-591
-462
-295
-289
-305
-335
-202
-203
-335
-412
-424
-298
-262
-297
-246
-258
-246
-132
-182
-245
-249
-211
-228
-219
-167
-22
-35
-283
-324
-203
-120
-127
-218
-161
-96
-101
-74
0
-32
-100
25
141
95
-36
-73
-94
-135
-157
-49
102
153
11
-80
-130
-183
-102
-41
-25
-79
-5
196
243
86
-89
-60
82
112
75
18
-76
-94
19
108
115
106
152
350
414
361
482
471
428
338
311
456
539
437
380
415
516
544
575
685
698
586
441
398
278
183
233
275
368
442
562
546
519
635
664
497
329
464
711
762
532
355
435
535
480
488
517
484
600
735
796
849
981
941
856
760
762
786
776
744
781
796
784
855
840
866
901
886
852
739
709
723
697
738
846
914
926
988
983
1014
980
935
946
937
1008
984
943
1013
1023
947
882
885
789
568
518
629
605
503
486
796
959
801
754
893
1005
1007
1022
1119
1217
1238
1274
1366
1482
1426
1348
1386
1432
1363
1285
1307
1366
1371
1356
1310
1362
1416
1478
1569
1525
1422
1463
1483
1487
1518
1588
1794
1806
1705
1552
1570
1624
1487
1428
1310
1287
1424
1476
1403
1400
1358
1318
1308
1326
1322
1225
1064
1027
1223
1390
1310
1125
1039
1176
1258
1170
1120
1105
1057
849
736
750
794
789
794
799
752
786
677
554
551
639
708
687
683
810
819
856
857
842
864
721
679
663
709
758
728
714
705
597
466
530
672
680
457
356
420
411
347
290
404
489
522
431
282
281
422
419
193
124
215
332
303
338
349
426
488
455
487
540
548
438
283
214
269
197
109
19
139
302
250
124
56
135
127
-21
-124
-44
-72
-155
-230
-276
-298
-400
-362
-404
-406
-327
-335
-307
-331
-440
-488
-524
-626
-706
-616
-457
-571
-740
-848
-629
-476
-501
-606
-588
-329
-183
-354
-539
-484
-342
-258
-253
-88
-80
-200
-259
-208
-107
-178
-301
-281
-101
-55
-110
-113
-156
-176
-207
-224
-408
-527
-468
-431
-356
-311
-310
-272
-298
-418
-443
-350
-263
-323
-293
-123
-3
-108
-268
-364
-356
-438
-559
-556
-499
-471
-467
-428
-401
-477
-479
-260
-53
-53
-134
-200
-286
-317
-223
-139
-194
-145
28
116
70
-63
-26
115
184
151
-96
-447
-648
-522
-402
-271
-178
-4
12
-222
-389
-320
-210
-297
-274
-237
-244
-247
-156
-121
-24
-10
-57
-7
11
40
-75
-196
-270
-320
-371
-378
-386
-395
-361
-244
-337
-484
-433
-174
-95
-266
-321
-235
-206
-292
-215
-53
37
-2
-121
-34
114
66
-26
48
215
243
231
163
104
98
145
46
2
230
300
99
-115
-169
-60
-80
-130
-57
93
172
128
4
65
15
-156
-105
64
126
-77
-80
70
140
117
102
119
114
144
52
-46
-82
-135
3
169
251
152
54
-3
24
9
22
101
126
-42
-208
-222
-180
44
33
-42
-182
-90
92
123
-65
-284
-209
-59
71
140
249
238
213
190
212
162
189
364
497
482
423
420
354
260
213
260
247
58
-149
-255
-208
-155
-47
12
-72
-156
-137
-48
-148
-254
-133
-31
-59
-171
-95
108
112
-107
-279
-214
-214
-259
-327
-358
-241
-175
-290
-339
-326
-273
-347
-468
-394
-334
-489
-631
-605
-566
-647
-717
-531
-496
-525
-458
-372
-406
-497
-484
-510
-627
-697
-601
-539
-619
-655
-550
-367
-448
-603
-528
-322
-314
-326
-350
-403
-446
-444
-328
-215
-230
-249
-173
-225
-370
-390
-234
-294
-456
-528
-438
-456
-611
-772
-860
-885
-848
-830
-851
-806
-852
-833
-939
-855
-595
-510
-621
-862
-801
-626
-650
-782
-793
-670
-653
-718
-675
-681
-718
-755
-650
-557
-509
-642
-816
-658
-620
-743
-845
-761
-533
-478
-575
-583
-350
-298
-525
-611
-456
-469
-625
-747
-706
-697
-720
-751
-847
-784
-708
-727
-871
-861
-779
-858
-906
-729
-528
-509
-610
-539
-338
-398
-490
-431
-346
-357
-485
-602
-544
-433
-394
-273
-248
-281
-288
-272
-265
-367
-367
-276
-162
-81
-81
46
83
43
122
171
220
361
552
590
426
215
271
393
372
244
194
253
272
180
146
136
69
108
122
152
144
29
-235
-335
-115
-42
-184
-257
-187
-84
-92
-76
-147
-264
-256
-140
-108
-176
-94
116
112
-118
-226
-217
-148
-213
-266
-140
-16
-14
-213
-349
-357
-336
-360
-404
-316
-235
-196
-265
-195
-94
-49
-109
-55
49
12
19
-93
-137
-107
-130
5
210
222
52
-96
-164
-190
-260
-349
-350
-163
75
8
-148
-174
-126
-79
35
102
-41
-244
-289
-255
-374
-308
-30
94
3
-90
-136
-3
11
-129
-138
-150
-50
91
131
278
384
408
313
224
267
306
356
397
316
193
274
285
238
184
244
253
123
110
31
-133
-213
-159
-19
-126
-192
72
364
420
361
389
409
204
205
479
652
495
386
534
633
390
114
189
417
360
187
248
433
469
401
454
467
406
363
431
514
577
604
633
664
669
640
761
803
823
695
535
596
628
602
623
599
526
383
401
557
678
743
775
806
837
885
847
799
781
812
907
934
924
1019
1164
1151
955
958
1001
878
767
793
979
1041
923
792
865
943
910
821
763
858
777
541
315
355
573
734
615
612
710
651
498
288
355
510
401
304
304
333
327
340
351
302
248
266
225
205
177
230
285
267
312
303
474
457
378
260
185
195
216
210
170
256
386
489
493
410
378
468
451
358
322
351
334
265
261
327
345
462
738
763
498
370
524
657
622
547
619
790
808
706
572
436
411
420
386
367
427
606
595
532
445
504
528
500
422
354
460
554
625
572
566
738
823
772
733
701
816
886
843
677
577
646
606
689
612
483
356
286
277
218
364
571
579
461
324
328
524
590
539
502
566
623
599
573
481
491
592
745
900
903
1042
1160
1234
1216
1152
1147
1127
1034
945
969
1081
989
847
829
874
964
967
990
860
755
762
803
854
815
837
883
930
901
963
1055
1064
1055
1042
1114
1203
1178
1137
1028
1070
1204
1170
898
688
855
958
775
517
654
909
830
680
713
852
819
693
773
984
953
786
764
819
760
775
896
1079
1145
1022
845
728
652
679
792
887
924
891
890
846
769
714
749
886
897
822
846
1018
1054
916
1028
1184
1095
813
774
927
957
777
752
818
782
698
605
753
874
834
744
691
674
770
933
816
629
686
787
644
518
531
520
522
602
796
792
792
881
1006
1051
955
865
828
751
713
698
658
668
689
795
761
720
629
625
639
612
522
469
480
445
450
422
344
233
154
126
273
438
322
181
243
334
243
209
404
532
452
385
416
418
407
505
609
615
534
397
364
315
243
118
-26
-205
-235
-192
-165
-241
-244
-130
-51
-91
-66
71
144
90
7
32
48
38
-24
-49
-45
69
69
-85
-104
-77
-25
94
46
-32
-134
-195
-128
-160
-127
-103
-128
-201
-385
-301
-164
-249
-252
-239
-143
-165
-342
-413
-368
-367
-303
-202
-319
-546
-551
-347
-404
-672
-710
-522
-626
-982
-1087
-874
-710
-860
-1005
-832
-698
-763
-847
-786
-629
-553
-697
-772
-700
-548
-506
-642
-774
-806
-640
-573
-717
-663
-358
-247
-542
-730
-568
-533
-694
-832
-902
-832
-773
-653
-562
-683
-787
-723
-569
-505
-609
-729
-689
-640
-592
-427
-240
-317
-466
-469
-510
-567
-577
-566
-555
-606
-587
-578
-575
-624
-648
-694
-737
-683
-708
-852
-1012
-962
-776
-698
-728
-727
-679
-558
-509
-421
-366
-288
-286
-428
-523
-501
-441
-469
-438
-387
-350
-357
-413
-376
-324
-310
-397
-413
-515
-592
-513
-466
-366
-235
-185
-246
-215
-37
52
-21
-87
-27
30
-111
-208
-141
-69
-1
-89
-189
-89
-58
-118
-215
-247
-220
-227
-147
-200
-191
-22
117
131
104
42
10
-46
-95
22
127
-2
-84
-54
73
211
317
362
296
234
89
221
341
259
137
121
205
192
78
-46
104
278
250
222
265
254
103
-82
-26
125
171
68
53
33
-45
-86
23
147
61
-117
-30
200
122
-62
-54
142
318
331
275
389
521
539
397
368
327
329
412
501
411
307
409
660
750
668
608
696
721
547
538
513
462
245
151
154
278
338
332
331
322
489
522
477
385
395
365
246
232
318
484
576
427
304
252
291
201
151
354
557
685
624
632
648
652
596
475
421
401
585
770
714
692
842
953
845
581
631
839
822
561
460
620
602
509
595
915
1076
1052
898
783
803
866
968
798
509
493
704
818
665
567
679
924
957
821
758
806
817
696
672
915
1220
1154
1103
1272
1324
1055
810
903
971
942
963
1114
1324
1365
1243
1037
1100
1206
1095
893
775
1014
1219
1135
993
1007
1140
1135
837
646
715
715
544
409
517
770
759
547
473
568
663
545
372
293
403
434
375
411
513
532
515
493
435
466
529
553
349
311
383
467
446
300
242
268
382
447
566
717
827
799
675
659
754
780
692
633
673
835
765
552
572
630
641
522
544
596
587
512
509
491
450
413
343
211
48
129
301
216
91
194
416
360
162
162
347
521
514
475
437
557
648
659
577
646
780
685
604
826
1132
1086
953
970
1142
1232
1213
1087
910
872
947
994
1000
1064
1152
1199
1023
825
746
657
575
423
447
621
709
511
343
336
452
621
791
868
716
614
627
674
697
704
743
674
502
472
446
510
508
601
634
501
282
216
324
371
391
440
523
572
466
374
418
614
700
525
556
612
645
711
797
715
558
481
459
349
312
468
547
536
583
754
752
533
390
400
387
267
221
341
476
491
493
652
694
624
603
514
443
352
283
254
253
288
261
230
207
192
209
79
-61
-108
-46
1
-29
-64
-208
-108
129
132
-47
-17
138
138
-76
-187
46
176
55
-79
74
266
294
246
274
329
287
177
134
237
352
397
439
451
528
636
624
686
585
443
476
547
602
502
517
690
803
705
576
615
824
1009
918
828
906
912
840
769
720
634
616
696
791
636
519
628
613
513
432
466
497
466
452
498
616
466
360
545
740
833
605
407
471
519
499
563
592
638
632
519
384
441
572
694
753
757
819
803
748
604
633
864
1101
1119
978
850
972
1310
1350
1147
949
932
808
624
648
714
755
761
813
849
811
814
941
1065
1037
856
913
1019
955
969
1182
1279
1141
992
1115
1308
1199
863
725
903
994
845
702
817
973
1057
1025
973
971
1027
1091
1148
1077
984
1061
1101
1005
885
1053
1352
1390
1292
1275
1297
1291
1172
1089
1070
1088
1140
1127
1085
1111
1112
1057
1078
1143
1106
1148
1322
1310
1259
1220
1310
1336
1268
1308
1469
1470
1296
1220
1183
1287
1463
1533
1331
1300
1390
1355
1189
1025
975
988
964
1016
1044
1133
1281
1260
1192
1111
1039
1082
1186
1252
1239
1382
1501
1503
1422
1484
1609
1626
1725
1758
1704
1635
1609
1514
1536
1650
1665
1591
1591
1638
1518
1370
1358
1428
1528
1449
1387
1403
1518
1537
1329
1174
1305
1513
1429
1250
1243
1382
1386
1313
1387
1583
1706
1617
1520
1546
1626
1513
1321
1360
1401
1331
1162
1199
1229
1131
930
949
1114
977
754
680
721
777
731
611
639
674
693
662
606
600
601
658
772
799
821
849
873
913
989
1065
966
909
965
1067
1025
946
912
905
857
816
916
1007
935
729
775
953
974
878
855
978
958
828
774
930
1071
1064
1034
1112
1168
1117
1151
1182
1197
1172
1179
1337
1331
1205
1126
1106
1119
1136
1140
987
860
936
1095
1209
1145
1095
1064
976
929
823
612
617
742
832
750
742
941
1169
1115
925
951
1090
1174
1140
1035
1060
1013
973
917
887
1033
1142
1084
939
914
1032
1140
1085
1015
975
863
786
909
1069
1039
911
923
1069
1041
797
594
710
862
813
784
735
845
952
933
833
714
628
731
743
645
547
607
785
862
916
857
760
676
773
783
799
779
818
933
753
637
557
562
641
666
639
518
327
222
358
494
591
581
601
579
547
530
544
663
833
940
1008
1072
1108
1104
1138
1206
1130
1071
923
868
869
835
843
738
602
591
718
724
620
612
673
658
490
408
551
618
505
424
581
757
731
508
372
465
583
613
448
245
216
359
514
472
360
435
410
351
398
480
486
472
535
443
337
175
54
59
95
180
201
201
207
174
73
132
273
215
53
197
355
341
148
114
279
332
318
163
203
298
309
173
176
300
295
241
101
-1
-100
-134
-166
-152
-158
-63
30
-3
28
-3
-45
-138
-206
-219
-254
-310
-388
-312
-303
-436
-478
-471
-486
-453
-390
-327
-459
-510
-483
-417
-328
-400
-359
-379
-401
-399
-303
-394
-490
-404
-333
-223
-353
-450
-325
-221
-321
-318
-233
-246
-304
-360
-361
-344
-415
-414
-266
-203
-359
-610
-720
-598
-448
-360
-321
-367
-395
-346
-260
-274
-222
-91
26
58
-41
-53
20
84
79
122
178
289
212
128
100
59
-121
-418
-407
-266
-228
-346
-346
-263
-194
-181
-289
-372
-384
-421
-473
-565
-568
-499
-470
-515
-600
-540
-483
-516
-599
-489
-395
-475
-578
-616
-609
-518
-501
-666
-690
-527
-525
-495
-291
-310
-487
-643
-691
-745
-671
-738
-678
-640
-722
-660
-548
-401
-423
-459
-456
-495
-584
-614
-643
-732
-827
-778
-717
-630
-451
-359
-324
-399
-504
-565
-566
-473
-553
-682
-612
-544
-682
-772
-763
-593
-550
-683
-767
-770
-793
-829
-708
-606
-687
-802
-887
-855
-767
-840
-944
-884
-893
-983
-974
-914
-802
-903
-1047
-912
-831
-906
-937
-815
-874
-1039
-1023
-879
-778
-794
-778
-658
-565
-589
-645
-890
-1002
-1029
-1071
-1005
-970
-942
-948
-1058
-1042
-1001
-1018
-947
-939
-957
-1101
-1261
-1282
-1217
-1135
-1113
-1162
-1072
-966
-962
-1107
-1366
-1460
-1433
-1436
-1485
-1382
-1253
-1106
-1063
-1078
-1147
-1326
-1442
-1639
-1718
-1715
-1591
-1598
-1577
-1393
-1272
-1231
-1331
-1378
-1420
-1378
-1363
-1413
-1416
-1435
-1352
-1301
-1380
-1408
-1330
-1301
-1399
-1410
-1310
-1292
-1387
-1388
-1146
-1161
-1279
-1267
-1131
-1029
-1218
-1411
-1429
-1354
-1428
-1603
-1757
-1776
-1704
-1652
-1690
-1793
-1968
-1952
-1892
-2040
-2214
-2273
-2063
-1781
-1757
-1844
-1722
-1589
-1767
-1951
-1892
-1706
-1590
-1615
-1599
-1549
-1646
-1825
-1865
-1660
-1381
-1377
-1437
-1476
-1524
-1612
-1849
-1975
-1825
-1689
-1699
-1826
-1848
-1679
-1471
-1373
-1329
-1364
-1332
-1275
-1251
-1243
-1320
-1440
-1511
-1483
-1342
-1234
-1270
-1230
-1149
-1038
-1178
-1466
-1567
-1653
-1807
-1974
-2011
-2010
-1939
-1820
-1756
-1707
-1723
-1710
-1863
-1980
-1993
-1793
-1766
-1840
-1794
-1731
-1732
-1768
-1777
-1754
-1855
-1935
-1804
-1742
-1645
-1682
-1668
-1702
-1848
-1905
-1736
-1605
-1528
-1579
-1644
-1427
-1239
-1237
-1407
-1327
-1295
-754
-1173
-2410
-2405
-1446
-54
-1053
-2096
-2048
-1042
-183
-1150
-1982
-1622
-433
-767
-1944
-2176
-1080
-302
-1078
-1942
-1896
-1266
-1402
-1684
-1673
-1542
-1751
-2243
-2451
-2345
-1965
-2202
-2629
-2551
-2319
-2338
-2703
-2594
-2209
-2002
-2501
-3159
-3001
-2255
-2099
-2616
-2806
-2687
-2448
-2347
-2416
-2248
-1960
-2019
-2195
-1912
-1272
-936
-1235
-1375
-1096
-683
-660
-1300
-1524
-836
-356
-747
-1346
-1122
-168
228
-153
-666
-441
64
18
-187
-304
-108
8
-75
-410
-524
-382
-397
-416
-509
-525
-602
-676
-635
-634
-741
-1001
-1216
-1076
-952
-997
-884
-683
-619
-642
-674
-788
-743
-509
-336
-506
-644
-534
-414
-579
-902
-983
-768
-689
-953
-1032
-902
-773
-747
-925
-975
-874
-782
-827
-837
-622
-455
-353
-433
-319
-323
-61
147
425
-168
-147
291
817
707
-295
209
261
729
398
234
723
715
615
-159
40
146
479
148
-73
-39
-240
-98
-384
-14
-117
-374
-802
-894
-894
-813
-801
-1050
-930
-981
-863
-1569
-1546
-1470
-1337
-1564
-2165
-2231
-2336
-2167
-2806
-2930
-1866
-503
-1483
-4822
-6021
-2804
1541
226
-5309
-7409
-2304
2736
180
-5708
-5509
1452
3709
-2691
-8288
-3865
4388
3789
-4050
-7027
-624
4283
474
-4813
-2403
3579
2810
-3307
-4583
1211
4273
193
-3643
-848
2957
683
-3362
-1400
4047
3655
-2425
-4590
616
4451
790
-3968
-2294
2395
1478
-3752
-4317
981
3619
-398
-4460
-2607
1336
804
-2534
-2787
-83
360
-2557
-3874
-1677
1000
273
-2448
-3055
-1054
137
-998
-1346
-227
668
-608
-1869
-1378
233
1140
-41
-1007
-789
32
-152
-444
139
938
600
-1210
-1927
-877
490
-77
-1156
-1534
-1147
-942
-1800
-2223
-1432
-507
-1178
-3346
-3999
-2666
-1232
-1064
-2538
-3267
-2976
-2399
-2592
-2689
-2043
-1618
-1678
-2580
-3000
-2579
-1417
-760
-1237
-1947
-2455
-2095
-1475
-1053
-733
-433
-588
-1097
-1251
-674
155
429
235
-132
-374
-408
-403
59
682
660
-43
-740
-639
190
840
586
124
-18
-98
-446
-525
128
830
617
-403
-1336
-1203
-468
-380
-567
-747
-890
-1250
-1740
-1596
-1082
-756
-937
-1505
-2080
-2209
-2038
-1529
-1140
-1419
-1788
-2181
-1831
-1265
-519
-615
-1148
-1045
-709
-376
-604
-408
-197
246
228
-326
-572
-43
929
663
-262
-834
-597
-61
-220
-748
-894
-737
-1191
-1858
-2243
-1947
-2178
-544
464
-2242
-6052
-7008
-269
3752
-851
-9107
-8754
879
4171
-3592
-10793
-4489
5191
2884
-8893
-11358
980
8664
830
-10083
-6291
4527
4629
-4885
-7077
1997
6518
-1021
-8187
-1958
6630
3922
-4521
-4266
3700
4301
-3173
-5191
3098
8170
967
-7086
-2477
7148
6155
-2524
-4120
3487
6450
-582
-5342
717
7534
4306
-3329
-3562
2840
4433
254
-1838
1251
3332
-247
-3423
-1086
2677
2272
-598
-1406
44
448
-375
-537
695
1061
-8
-1099
-806
460
555
833
844
604
-285
-719
537
1824
1870
541
97
363
743
706
872
1036
716
80
-838
-698
-158
595
54
-1353
-2434
-2902
-563
1923
-639
-5692
-7737
-897
4769
226
-8588
-9324
1438
6628
-1898
-11944
-6926
6193
6711
-6472
-13715
-2328
9788
4701
-9222
-9513
3714
8367
-1706
-9023
-1363
8293
4248
-6348
-5443
4996
7249
-1076
-5182
2096
6797
355
-5624
111
8900
5499
-5079
-5340
5134
8430
-313
-6008
739
8370
3401
-5850
-3955
5814
7630
-959
-6037
-100
5369
1825
-3602
-2110
3301
2634
-2749
-3484
1203
3525
486
-2458
-795
1411
247
-1659
-816
1780
1668
-1261
-2043
443
2226
1153
-298
357
1461
881
-207
204
1904
2375
766
-388
489
1851
2135
1268
500
643
805
452
14
407
815
176
-993
-1699
-1540
200
1852
-1047
-5274
-6278
-821
3668
-38
-6997
-7810
349
4620
-1830
-9778
-6088
4382
4957
-5824
-12361
-3286
7834
4648
-7462
-9349
1552
7474
107
-7533
-2434
6847
5371
-4189
-5647
3381
8048
2119
-3678
579
6385
3294
-2652
-279
7361
7072
-1511
-4171
3897
9189
3360
-3545
-44
7627
5630
-2963
-3517
5187
9112
1785
-5253
-1240
6035
4920
-1477
-2467
2963
4740
-214
-3343
274
4491
2658
-1587
-1675
2033
2567
-503
-1684
1088
3785
1029
-2091
-1066
2140
3057
805
-696
206
1671
1390
315
687
2349
2436
635
-229
781
2434
2383
839
295
736
892
343
-68
227
128
-560
-1094
-57
1528
145
-3852
-5443
-758
4375
1878
-5884
-8434
-700
5984
1239
-8353
-7903
2839
6938
-2445
-11288
-5293
7064
7387
-4756
-10500
-999
8472
4130
-6214
-5546
4664
7671
-795
-6513
198
8399
5296
-2934
-2374
4998
6336
468
-1573
4446
7883
1906
-3932
456
8392
6860
-1454
-2725
4859
7908
1146
-4038
1225
8405
5068
-3829
-4175
4099
7529
1237
-4205
-883
4344
2504
-2722
-2242
2986
4173
-417
-3263
91
3303
1665
-1694
-960
2368
2137
-965
-1586
1863
4109
1729
-1233
-244
2534
2421
101
-508
1541
2414
685
-874
270
2476
1941
-358
-1376
-110
870
-266
-1668
-1890
-1071
-1411
-1708
-743
-53
-1981
-5415
-4827
-812
1581
-2627
-7761
-6050
470
2098
-4483
-8889
-3816
3663
1560
-7370
-9317
-691
5930
748
-7463
-6400
2260
5058
-1229
-5714
-1457
4623
2710
-3558
-3967
2169
5398
1556
-2303
-23
4016
2956
-290
420
3943
3467
-837
-1649
2920
5819
2399
-1220
750
4745
3398
-1423
-1539
3302
5016
279
-3776
-1179
3573
3071
-1239
-2387
611
1999
-681
-2542
-397
1587
520
-3313
-3027
101
1555
-364
-2818
-1106
432
289
-1819
-1421
611
1066
-502
-2093
-468
818
840
-615
-803
64
55
-494
-1028
4
685
-15
-2010
-1898
-464
-468
-1305
-2403
-2111
-1910
-1307
-1053
-1595
-2254
-4070
-4219
-2903
-592
-2193
-5854
-6852
-3530
251
-2703
-7670
-7084
-836
1150
-4866
-9325
-5113
2352
1641
-5240
-8244
-2351
3231
320
-5342
-4697
1256
2645
-2175
-4919
-742
3701
1905
-2235
-2035
1883
2362
-537
-1083
1965
2971
-519
-2843
388
4378
2719
-1654
-1816
2275
3236
-703
-2677
720
4129
1312
-3620
-3128
1779
3109
-869
-3358
-903
1779
-15
-2687
-1773
748
562
-2158
-2889
-848
451
-795
-2091
-1433
136
-231
-1387
-1210
254
621
-1053
-1740
-351
817
-584
-1646
-635
426
-248
-1742
-1675
-490
250
-792
-2448
-2701
-1540
-1111
-2318
-3489
-2891
-2009
-1813
-2495
-3291
-3431
-4088
-3673
-2861
-1537
-3218
-5734
-5404
-2901
-1398
-3716
-5722
-4901
-1867
-1542
-4729
-6229
-3449
530
-651
-4784
-5989
-1922
1731
-15
-3577
-3377
641
1784
-1285
-3159
-391
3032
1820
-1496
-1930
1176
2688
1211
-53
882
1854
476
-604
879
2974
2166
-455
-845
1359
2374
724
-459
909
2452
986
-1596
-1472
1556
2741
227
-1896
-632
1791
1214
-1033
-1411
308
965
-691
-2306
-1542
436
301
-1490
-2051
-843
26
-493
-1030
-596
133
97
-690
-1062
-292
89
-348
-651
-468
-208
-323
-843
-882
-118
-61
-1376
-1979
-1616
-1002
-1913
-2565
-2219
-1538
-1063
-1838
-2987
-4472
-3063
-1362
-624
-2721
-5023
-4085
-1996
-804
-2787
-4168
-3462
-1654
-1360
-3649
-4617
-3066
254
-120
-3279
-4744
-2168
1059
251
-2140
-2714
-363
993
-383
-1481
-124
2287
2093
61
-1045
519
2006
1391
520
901
1542
690
-67
1224
3040
2576
737
210
1423
2365
1233
356
1301
2294
1127
-881
-457
2092
2959
981
-949
-541
1340
1381
-16
-598
227
568
-642
-1255
-556
707
398
-808
-1122
-547
-244
-600
-442
6
-83
-668
-815
-216
577
163
-970
-903
-75
-43
-905
-806
-6
17
-936
-1614
-1312
-1097
-1151
-1848
-2450
-2506
-1653
-1470
-2364
-3367
-3622
-2297
-1550
-1431
-3152
-4221
-3482
-1856
-1151
-3014
-4027
-2764
-433
-827
-3520
-4078
-1691
839
-845
-3608
-3627
-487
1411
-446
-2259
-1178
1307
1105
-850
-1099
1050
2425
1209
33
330
1754
2038
1659
1977
2209
1758
796
1159
2608
3253
1782
624
1599
2656
2096
637
1017
2410
2342
470
-495
1050
2863
2351
467
464
1669
1907
816
482
1780
2315
1103
-307
158
2065
2683
1138
-18
783
1996
1896
853
1003
1697
1588
838
581
913
1156
1286
1002
385
-82
387
809
718
263
-303
-627
-816
-438
-467
-1498
-1241
-337
-81
-1511
-2336
-1934
-1859
-953
-981
-529
-1972
-3369
-2772
-515
563
-1906
-3446
-2224
-25
-489
-2800
-2961
-735
1256
-577
-3042
-2660
542
2002
-184
-2096
-1336
998
1243
-213
-687
1139
2688
1406
-253
61
2172
2838
1684
1125
1713
2350
1910
1810
2658
3327
2369
1194
1512
2720
3057
1971
1492
2123
2569
1445
541
1361
2864
2630
1001
246
1070
2189
1954
1080
611
1080
1138
811
597
1139
1525
1223
950
693
977
1229
1439
1248
950
986
1105
1363
1397
1579
1152
344
211
840
1191
300
-412
48
313
-501
-1181
-822
-529
-863
-1148
-1143
-856
-1442
-1663
-2373
-1765
-1195
-1056
-1334
-2543
-2815
-2099
-411
-742
-2775
-3202
-1366
27
-1650
-3203
-2231
188
352
-1950
-2890
-893
1644
998
-1437
-1918
152
1427
107
-1102
-264
1595
1143
-663
-941
704
1734
716
-13
706
1386
613
-100
800
2134
1690
-153
-312
1300
2111
805
-284
710
1958
1139
-454
-225
1531
2053
364
-820
-6
1433
1436
-236
-416
502
1395
208
-1250
-427
1110
1495
-57
-941
-399
770
1191
561
147
27
673
677
229
68
448
633
178
-173
-200
15
-98
9
-450
-1231
-1492
-1249
-1107
-1531
-1474
-1651
-1447
-1546
-1658
-2620
-3337
-1958
-411
-717
-3750
-4736
-2440
158
-481
-3505
-3856
-1480
274
-1591
-3884
-3157
-335
587
-2051
-3825
-2241
970
1104
-1571
-2525
-700
775
-430
-1661
-797
1007
887
-664
-1083
190
1397
818
385
986
1156
26
-479
1115
2419
1471
-407
-254
1534
2009
598
-197
1041
2030
773
-841
-269
1578
1900
272
-892
-204
606
890
293
-143
313
254
-12
-555
-215
247
250
55
9
293
-109
194
791
978
-52
-873
252
796
338
-442
-152
22
-301
-414
-696
-1018
-891
-99
-1039
-2216
-1948
-802
-969
-1926
-2251
-1001
-328
-1822
-3191
-2896
-769
129
-1224
-3392
-3658
-1677
-215
-1004
-2789
-2784
-1079
-207
-1724
-3409
-2487
-209
346
-1943
-3336
-1430
1206
1096
-1079
-1565
-67
976
319
-65
603
1167
1033
401
327
680
873
964
1334
1844
1376
387
627
2452
3377
2014
269
530
2167
2420
1043
604
1725
2506
1430
104
778
2400
2405
974
-145
264
1110
1390
1167
-77
-129
540
769
-1
-11
1125
1510
858
426
717
431
687
1630
1578
262
-306
1145
1893
969
17
503
984
344
-339
-176
241
159
-259
-836
-1039
-720
-515
-1304
-1803
-1394
-1189
-1997
-2641
-3117
-2701
-1417
-459
-1439
-3950
-3675
-1103
132
-1964
-3775
-2530
-1032
-978
-2436
-3005
-1421
394
225
-1907
-2611
-824
1204
657
-1088
-1237
-96
417
-169
-215
401
945
807
385
363
758
1101
1242
1665
1684
764
231
1265
2819
2673
1126
275
1295
2270
1867
941
871
1625
1596
340
-372
553
1743
1505
205
-526
-275
292
442
436
-379
-717
29
723
-287
-1119
-400
219
-266
-1262
-640
-310
-414
343
625
-401
-1456
-437
961
151
-1152
-740
185
-131
-992
-1140
-881
-859
-844
-923
-1388
-1796
-1612
-1257
-1387
-2097
-2150
-1897
-1814
-3219
-3835
-2085
-471
-1313
-4140
-4094
-1938
-490
-1626
-3365
-2607
-1174
-781
-2142
-3063
-2084
-393
12
-1920
-2844
-1468
787
663
-1218
-1349
-137
377
-445
-621
74
341
-93
-342
-52
464
1007
1162
1410
1385
638
119
673
2059
2197
1013
112
757
1612
1236
619
988
2218
2274
1031
325
1084
2164
1884
791
115
594
996
1009
679
717
1198
749
193
152
836
1238
568
95
453
962
782
531
698
1023
556
-108
224
1061
1292
604
211
522
573
388
190
-169
-289
-331
-537
-928
-1577
-1175
-501
-1129
-2160
-1360
-357
-1585
-4358
-3628
-428
322
-2556
-5174
-3917
-984
20
-2467
-4370
-2582
23
-401
-3521
-4006
-1171
865
-893
-3839
-3555
-633
983
-317
-1545
-1023
-93
-187
-623
-181
353
679
619
528
460
508
638
999
1697
1541
186
-515
892
2621
2266
582
-12
1164
2144
1444
502
904
1870
1451
35
-226
1102
1934
1444
326
-165
157
625
675
1173
736
-161
-321
-441
644
568
542
-124
-407
382
362
-127
-345
560
555
-469
-1222
-318
962
354
-361
-601
0
185
19
19
91
-380
-942
-632
-1056
-1598
-1999
-1418
-1488
-1519
-461
-1337
-4083
-4311
-604
916
-1899
-5361
-4603
-952
111
-2148
-4629
-3080
-265
-675
-3236
-4136
-1576
888
149
-2954
-3906
-1659
914
585
-1527
-1558
-419
52
-540
-891
26
493
228
-275
-186
-62
64
649
1630
1895
148
-921
141
2287
2431
502
-464
752
1984
1289
65
185
1752
1977
89
-1204
-337
1401
1641
162
-1014
-735
368
715
300
61
317
401
-165
-220
402
808
513
133
278
216
-81
221
1323
1479
172
-624
92
1182
870
-92
-327
89
197
-154
-467
-495
-174
-399
-1084
-1452
-1295
-1175
-1425
-1622
-1589
-517
-1157
-3035
-4231
-2981
-522
-423
-2624
-5026
-3742
-547
142
-2501
-4313
-2085
35
-1141
-4207
-4068
-590
1365
-696
-3944
-3254
172
1524
-607
-2239
-916
468
182
-610
137
1384
1541
673
256
826
1005
853
1180
2432
2229
173
-604
1279
3415
2448
149
-89
1812
2694
1394
453
1399
2623
1776
-226
-613
946
2393
1933
373
-483
267
910
841
412
804
599
-233
-274
-2
1255
933
499
129
406
872
154
500
1502
1920
513
-55
1154
1949
1643
685
447
212
285
621
638
49
-426
-77
70
-1156
-1977
-612
-34
-1543
-1538
-320
-1287
-4447
-4533
70
2477
-951
-5525
-4573
7
1361
-1798
-4205
-2172
807
-107
-3560
-4219
-845
1693
444
-2865
-3806
-1193
1455
1071
-1069
-1531
-199
434
-67
-208
503
1093
953
213
91
593
974
1603
2584
2736
987
-464
880
3418
3505
1225
-170
851
2456
1916
511
902
2309
2377
556
-758
305
2194
2629
1176
-567
-473
910
1645
1341
856
1119
561
-87
77
1363
1867
727
6
227
1351
685
114
1484
2371
1154
-1010
-350
1606
2072
774
10
187
437
630
266
270
378
96
-638
-918
-968
-1041
-1055
-1291
-1481
-430
29
-2414
-5015
-2987
1273
1457
-3246
-6180
-3225
625
100
-3330
-4253
-1710
146
-1225
-3866
-3851
-845
1224
-594
-4006
-4277
-1007
1725
304
-2113
-1779
-108
201
-748
-807
277
896
506
61
32
195
583
1428
2477
1924
-143
-744
1228
3397
2752
412
-418
1210
2370
1181
-159
658
2262
1739
-241
-1006
313
1960
1838
404
-796
-691
290
978
712
449
-180
-575
-288
130
701
105
15
278
301
360
-259
203
1449
1695
-175
-1377
215
2026
1660
-479
-792
232
733
-151
-808
-85
-104
-724
-994
-912
-1550
-1614
-1016
-1416
-2246
-1021
-217
-2606
-5252
-3464
573
523
-3456
-5806
-3387
-158
-225
-2903
-4350
-2450
-241
-1353
-4387
-4607
-1116
1287
-757
-4296
-3982
-638
1165
-767
-2459
-1213
-12
-469
-1365
-954
118
396
156
-20
213
256
271
1042
2189
1731
-464
-1266
594
2697
2167
0
-527
1109
2162
1048
-280
581
1871
1270
-673
-1460
-338
1315
1391
32
-1029
-1005
-261
214
-124
-491
-293
-945
-1501
-1399
173
507
-538
-896
-929
-268
-676
-240
584
662
-494
-1536
-147
1142
877
-434
-370
216
-259
-832
-725
80
-319
-896
-1404
-1353
-1547
-1441
-1702
-2666
-2950
-1960
-710
-2546
-5181
-5449
-1403
698
-2313
-6050
-5477
-1611
-189
-2363
-5016
-4408
-1461
-645
-2712
-5124
-3330
125
598
-2780
-5088
-2622
863
588
-2113
-2410
-387
345
-677
-1160
174
777
403
-203
52
343
-96
144
1500
2530
891
-1226
-445
2298
2999
638
-1149
-82
1999
1650
-366
-506
1517
2289
375
-1587
-828
1376
2126
813
-651
-553
379
738
584
339
671
347
-97
-497
96
1033
823
101
-565
318
312
-135
164
1200
1167
-894
-1110
709
1840
202
-856
303
991
136
-945
-36
705
-243
-1526
-1495
-752
-968
-1305
-1337
-1403
-1892
-1062
-419
-2339
-4818
-3736
352
1078
-2908
-6192
-4134
177
496
-3421
-5562
-2497
543
-1228
-4757
-4668
-814
1383
-688
-4043
-3644
-161
1327
-800
-2568
-1279
131
-424
-1273
-261
984
664
-39
32
423
-31
-587
623
2483
2108
-705
-1812
696
3276
2294
-338
-606
1458
2620
1146
-100
1089
2575
1751
-472
-1048
491
1981
1714
423
-364
-10
645
844
676
940
1046
363
-172
282
1542
1644
864
79
854
1553
772
465
1572
2573
834
-601
488
2023
1622
211
533
929
453
-77
502
1003
236
-284
-107
-210
-722
-666
-369
-1074
-1640
-239
1310
-1004
-3950
-3316
651
2379
-481
-3666
-3764
-625
1653
-120
-3235
-3116
123
1260
-1337
-4061
-2320
1539
2159
-1514
-4014
-1363
2359
2070
-910
-1531
397
1083
-13
-511
581
1316
1136
668
861
1116
672
855
2447
3454
1872
-562
46
3089
4234
1841
-197
769
2916
2570
318
156
2251
3133
1267
-592
135
2116
2700
1488
76
-202
341
577
551
747
794
824
362
-302
-528
858
2508
1743
-432
-344
1226
1107
1039
1853
1632
-364
-475
1987
2439
565
143
1484
1452
68
-274
552
1200
547
-88
-716
-1471
-1190
-96
-397
-2043
-1773
842
636
-2687
-4545
-2784
645
972
-1786
-4893
-3965
-69
1495
-1417
-4477
-2654
835
493
-2769
-4097
-1079
1830
713
-3182
-4123
-810
1765
357
-1655
-1121
295
470
-217
94
1197
1586
1210
661
1064
1202
914
1311
2714
3003
1073
-402
913
3530
3672
1135
-586
768
2766
2174
426
481
2192
2519
711
-602
413
2307
2379
766
-438
-314
364
834
759
826
550
-85
-244
85
440
323
176
408
207
15
-68
144
1164
1270
343
-771
-663
610
1233
408
-821
-361
392
326
-84
-128
95
-236
-421
-825
-1448
-1751
-810
-487
-1532
-2949
-1121
768
-1535
-4530
-3944
275
741
-2044
-4425
-3393
-1137
-689
-1549
-3185
-3003
-1186
-138
-1459
-3774
-2535
543
1268
-1774
-3530
-1252
1435
871
-1161
-803
680
818
-167
-132
1200
1675
1486
948
1350
1665
1300
1179
2083
3225
2090
174
171
2402
3395
1639
-13
574
2429
2078
246
44
1775
2420
533
-1221
-583
1248
1519
274
-502
-60
580
384
302
901
1325
392
-120
346
1034
990
339
691
1030
764
509
689
1125
1155
1309
886
-30
-178
1223
1711
41
-550
585
999
-507
-1009
106
395
-596
-1164
-853
-836
-1345
-1385
-1380
-1630
-2099
-983
-797
-2591
-4460
-3069
124
-334
-2778
-4278
-3285
-2127
-1328
-2025
-3971
-3803
-1510
-327
-2924
-4708
-2245
884
653
-2923
-3785
-1227
1243
254
-1552
-835
608
512
-671
-184
1018
1238
854
496
883
722
559
781
1945
2512
1141
-173
388
2561
3066
1653
311
676
1861
1526
427
527
2029
2264
510
-716
-97
1156
1327
751
136
-108
-73
-13
388
563
477
208
21
-183
17
536
689
420
-168
-441
-215
278
691
956
699
119
-356
69
761
623
294
207
239
-24
-173
-65
-94
-99
-184
-659
-1185
-1070
-699
-698
-1076
-1547
-1399
-1286
-330
-1043
-2252
-3415
-2160
-295
-581
-2285
-4249
-2812
-769
-696
-2897
-4168
-2137
-360
-993
-3742
-4005
-1519
237
-547
-2904
-2677
-807
459
-369
-1077
-561
-219
-351
-887
-509
132
399
414
215
252
-182
-312
144
1365
1552
168
-850
-27
2028
2090
629
-330
635
1732
989
-376
-102
1544
1711
33
-1136
-471
756
791
82
-425
-518
-695
-885
-740
-300
-425
-560
-470
-772
-1271
-880
156
157
-432
-1096
-894
-1013
-460
701
242
-1227
-1775
-92
565
-594
-949
-101
-73
-1385
-1543
-997
-210
-92
-468
-946
-1723
-1342
-949
-632
-1428
-2181
-2355
-1008
-835
-1791
-1760
-1969
-3815
-3772
-900
-583
-3887
-5387
-2731
-929
-2293
-4672
-4566
-1972
-1040
-2790
-5137
-4286
-1756
-972
-2173
-3572
-3043
-1987
-987
-1415
-2045
-1390
-248
-60
-1414
-1241
71
389
-251
-648
-323
-508
-632
17
1235
1343
106
-791
-283
1311
1205
94
-221
631
1075
333
-382
107
1645
1798
209
-907
-301
974
913
253
-119
-107
-208
-587
-640
-291
-23
-304
-1042
-929
-384
276
-398
-1721
-812
288
398
-1319
-1426
164
589
-484
-1058
-115
-594
-832
-127
495
-345
-1325
-103
511
-465
-1452
-451
458
-409
-1295
-962
-575
-1042
-1446
-1487
-1654
-1535
-1852
-424
-648
-2717
-4850
-3273
184
-387
-3222
-5574
-3340
-531
-928
-3716
-4701
-2099
-917
-2017
-4388
-4460
-1808
10
-627
-3382
-3702
-1532
465
-435
-1913
-1455
-317
-123
-1155
-1088
-167
355
504
-136
-509
-918
-525
333
1285
1430
97
-945
-478
1560
1921
537
-390
418
1704
875
-307
67
1734
2049
407
-974
-589
938
1417
693
-304
-486
29
63
-198
-274
340
259
-803
-1161
-306
-351
-720
-378
-89
-950
-1868
-1111
-6
328
-60
-535
-881
-568
250
26
-904
-835
421
336
-985
-960
396
651
-357
-659
-506
-593
-747
-350
-524
-1363
-1833
-1401
-801
-1330
-2255
-1462
108
-1278
-3485
-4662
-2006
-110
-1030
-3384
-4771
-3476
-2048
-1837
-3553
-4285
-3205
-2421
-2768
-4840
-4602
-2285
-436
-1583
-4263
-3832
-1627
-527
-1545
-1909
-1176
-1334
-1932
-2099
-863
-314
-222
-523
-809
-704
-812
-555
-76
1047
971
-289
-1168
-343
1675
1961
841
-291
474
1212
492
-61
498
1694
1449
-62
-971
-224
1149
1025
134
-424
-318
-749
-1015
-490
174
326
-796
-1784
-1796
-964
-571
-106
-866
-1247
-972
-1548
-906
-251
957
-1
-1409
-1246
-127
676
22
-34
-13
373
-296
-755
371
1008
865
-612
-822
-148
-144
89
233
-36
-784
-736
-1101
-1377
-1064
-715
-1194
-1466
-37
-983
-2641
-3730
-1427
652
-628
-3048
-4541
-2344
-320
-665
-3181
-3804
-1309
-817
-1977
-3875
-2783
-342
348
-1159
-3282
-2269
-76
813
-221
-631
-94
-118
-65
70
1144
1374
1174
1215
1295
1465
929
1305
2200
3118
2540
976
512
1592
3359
3265
2027
1097
1726
2561
2107
1553
1634
2547
2502
1061
121
635
2110
2383
1320
434
658
945
854
1195
1292
1160
468
27
18
230
802
745
1152
857
-135
-604
122
1271
1482
1226
475
-150
468
2050
1919
642
1146
2366
2065
606
727
2520
2952
1512
457
1253
1786
1749
1944
2238
1955
748
655
1297
1276
438
-36
478
388
-40
695
54
-825
-1345
-313
364
-840
-1645
-1826
-725
-612
-1185
-1926
-1805
-807
-658
-514
-1501
-2137
-918
783
1054
-993
-1291
539
1667
747
226
1023
1718
2042
1445
1448
1860
2329
2688
2393
2702
2579
2294
2289
3014
3334
2649
2143
2460
3578
3675
2943
2413
3072
4092
3254
2066
2270
3509
3772
2492
1224
1490
2578
2851
2219
1708
1912
2151
1492
1190
1083
1119
1376
1222
745
442
485
635
1212
1555
1418
695
36
991
1859
2185
1276
442
1134
1792
1965
1581
1558
1901
1975
1557
1264
1784
2382
2798
2258
1330
1071
1625
2094
2048
1670
1059
1071
1592
1453
384
436
1496
921
-688
-895
87
848
-953
-1446
-1337
-1485
-914
-983
-520
-1550
-1879
-1394
-759
-1087
-2145
-1519
-558
-186
-1376
-2474
-1280
170
994
-125
-643
110
1049
973
622
1081
1577
1630
872
1127
1676
1631
1734
1758
2091
1483
1152
1807
3007
3277
2288
1628
1860
2690
2628
2238
2149
2464
2792
2192
1784
2197
2999
3123
2465
1772
1631
1690
1885
1855
1837
1921
1699
1380
1420
1771
2010
1916
1559
1327
1086
903
1025
1248
1179
1112
1185
1374
1544
822
1213
2092
2500
1985
1312
1479
1551
1903
2402
2346
1575
1620
2440
2544
2322
2204
2678
2529
1808
1934
2135
2096
2083
2080
2066
1667
984
1288
2005
1326
157
110
935
622
-438
-282
984
1059
-315
-1684
-1284
884
827
-629
-952
-68
212
-892
-878
272
661
-67
-247
116
-140
-237
427
1667
1473
561
323
1054
1920
1911
1566
1330
1524
1381
1301
1599
1963
2353
2258
2172
1898
1741
2179
2830
3354
3006
2195
2036
2847
3475
3135
2737
2986
3216
2605
1963
2078
2760
3143
2594
1823
1586
1676
1876
2022
2111
1908
1488
1108
1228
1396
1201
1230
1149
861
460
224
509
883
1310
1162
359
-243
74
831
1634
1190
-366
-416
120
755
449
188
623
855
941
831
1005
856
1077
1443
988
302
163
1262
1727
1192
752
678
763
701
901
839
67
-482
-68
117
-684
-1274
-837
-279
-1230
-1771
-1406
-1395
-1103
-1154
-1570
-2600
-2729
-1785
-1731
-2003
-2001
-1703
-2082
-2585
-2415
-1889
-1580
-1891
-1665
-1468
-1630
-1659
-1390
-548
-417
-935
-1501
-1215
-500
-315
-498
-512
-45
-102
-399
-406
189
857
643
328
102
-14
261
864
1197
1063
906
928
1068
952
1096
1369
1342
1271
958
860
938
1128
1325
1385
1206
650
140
153
610
777
427
-150
-404
-482
-549
-373
-285
-338
-407
-431
-742
-1183
-934
-332
-280
-1136
-1666
-1186
-597
-749
-987
-258
-210
-729
-1359
-805
328
51
-196
-349
-161
59
333
539
597
884
619
240
87
599
943
652
669
277
-2
25
431
736
681
440
18
-62
-114
38
237
-63
-368
-380
-361
-1033
-1333
-698
-65
-455
-1551
-1287
-1045
-1169
-1210
-674
-783
-1686
-1908
-1879
-1497
-1649
-1915
-1560
-1546
-1770
-2565
-2262
-1185
-862
-1372
-1716
-1266
-1148
-1213
-1186
-686
-182
-504
-690
-825
-284
204
320
324
402
631
478
530
838
1400
1506
1131
848
870
1394
1606
1574
1395
1591
1557
1086
1199
1622
1987
1717
1210
1121
1080
1018
1070
1403
1325
845
445
338
306
139
306
355
42
-308
-276
-126
-362
-521
-112
54
-735
-1257
-606
-57
-284
-767
-213
462
-587
-1029
-344
1042
1070
-129
-201
84
623
830
824
504
469
1113
1099
802
678
1787
2289
1599
1416
1771
2028
1580
1861
2076
1454
959
1503
2195
1266
1030
1699
1613
403
514
1894
718
-1017
-114
1540
-107
-2357
-860
1326
22
-2550
-1977
45
-385
-2243
-2476
-563
-166
-1822
-2935
-2030
-708
-1128
-2014
-2025
-1273
-1256
-1725
-1636
-1003
-389
-615
-1008
-1055
-577
97
382
321
139
348
498
470
446
739
1336
1360
1167
1169
1384
1735
1922
2045
2016
2070
1945
1759
1741
2276
2769
2364
1592
1399
1916
1970
1444
1261
1574
1733
1175
697
848
1106
962
480
77
37
104
-146
-453
-356
72
-129
-1024
-1287
-548
289
45
-626
-561
-105
-389
-718
-250
-23
-203
-260
331
433
-186
-136
604
1107
676
334
395
913
1586
1608
1145
823
1538
2044
1624
1165
1421
2032
1830
1302
1183
1618
1833
1674
1671
1657
1464
1101
974
1107
1085
584
-15
5
177
85
-322
-380
-235
-110
-500
-1219
-1589
-804
-675
-1914
-2606
-1831
-508
-1740
-3257
-3200
-1050
-588
-2499
-3715
-2662
-683
-682
-1893
-2554
-1731
-56
-33
-1304
-2193
-428
1338
328
-1539
-1061
1328
1616
132
-212
1196
1964
1002
548
1285
2389
1966
957
1140
2523
3003
1567
978
2468
3499
2139
497
1317
3122
3331
1477
625
1859
2864
1885
565
1093
2219
1909
443
-44
927
1613
975
147
494
1061
549
-369
-138
576
447
-287
-748
-316
200
-138
-485
-208
67
-217
-644
-469
-23
57
-19
-121
-274
-10
335
413
325
597
894
586
256
633
1231
1185
754
965
1448
1534
1219
1274
1702
1539
1087
909
1080
1109
1066
1180
1259
1121
1027
885
764
963
944
527
251
459
356
-111
-2
75
-372
-530
-336
-443
-1040
-1065
-957
-1125
-1169
-1534
-1767
-2361
-1729
-415
-952
-3101
-4042
-1964
231
-1220
-3789
-3727
-1134
-365
-2241
-3790
-2643
-196
251
-1489
-2814
-1533
813
896
-802
-1219
331
1090
376
44
1077
1743
922
246
957
2056
1795
1088
1641
2965
3039
1419
780
2292
3875
2988
1147
1134
2710
3255
1869
924
1655
2449
1894
694
619
1177
1420
1232
669
231
-9
-101
114
38
-172
-382
-599
-847
-756
-388
-487
-799
-671
-333
-613
-1178
-1070
-428
-108
-396
-693
-688
-557
-343
-115
-16
-261
-144
326
373
132
252
735
887
479
181
524
978
1074
1005
858
1040
1361
1325
1287
1473
1611
1532
1330
1282
1198
1033
1001
1133
1171
749
407
627
745
548
5
-166
-271
-433
-287
-516
-547
-669
-535
-829
-1228
-865
-727
-1222
-1189
-700
-1308
-2042
-2114
-993
-624
-1674
-2143
-1626
-1274
-1993
-2180
-1066
-540
-1103
-2013
-1729
-1105
-706
-759
-879
-499
-134
-104
-524
-593
303
1094
767
39
375
1135
1349
1078
1166
1616
1683
1315
955
1415
2166
2254
1682
1269
1211
1068
949
954
1065
910
562
378
454
772
755
647
630
484
290
-142
-15
303
269
86
-223
-195
-112
-267
-305
-45
-181
-685
-717
-357
-382
-655
-385
-171
-358
-706
-410
251
102
-247
-107
89
-344
-450
22
336
271
-60
-69
36
62
31
157
434
511
485
439
388
366
621
710
386
168
266
464
469
612
781
811
773
547
405
532
658
752
549
288
362
366
85
156
345
-161
-453
-144
27
-175
-341
-232
-199
-453
-828
-671
-546
-1024
-1419
-1007
-588
-1105
-1283
-1019
-671
-566
-824
-1010
-1269
-1143
-931
-711
-764
-1072
-983
-515
-166
-523
-543
-39
378
288
20
192
472
659
666
766
812
591
731
988
1281
1257
1183
1324
1628
1710
1294
1082
1360
1797
1850
1426
1137
1377
1861
1966
1520
1150
1294
1499
1234
1089
1241
1384
1332
1054
938
834
817
779
629
485
525
495
480
675
724
690
636
536
90
42
497
618
145
101
696
769
388
253
732
1039
676
118
330
997
1027
517
406
913
1067
656
633
1347
1584
886
387
938
1445
875
165
693
1196
562
-398
-206
659
638
94
77
785
936
304
15
335
736
509
70
131
510
456
-120
-231
316
354
-126
-279
18
414
128
-281
-104
203
190
-326
-311
-8
-126
-340
-271
-125
-325
-428
-96
-49
-275
-487
-444
-89
-4
-77
-227
-28
93
-96
-106
80
239
-3
-301
-224
6
107
-20
202
702
902
578
303
654
992
785
495
740
1150
1015
777
1008
1344
1243
1086
1262
1510
1397
1147
1246
1468
1583
1460
1301
1462
1783
1743
1467
1289
1391
1379
1056
900
1083
1144
1058
1085
1142
1252
1172
1030
1052
1009
1018
917
842
980
1003
795
557
742
867
586
416
826
1100
660
701
1212
1299
586
503
1121
1126
477
290
720
694
390
434
757
843
577
367
485
651
498
178
28
172
471
766
392
245
583
795
496
323
657
504
375
315
474
324
412
535
202
89
205
478
218
-143
-66
-64
-179
-296
-222
-78
-72
-99
69
192
-70
-117
41
160
3
-65
234
194
34
48
127
324
292
183
-4
-24
89
132
-88
-350
-182
-48
-83
-250
-201
63
171
85
99
236
193
159
249
371
258
109
207
262
161
96
188
258
202
112
38
-46
78
362
435
182
69
248
349
216
177
251
308
204
95
140
142
143
74
147
274
198
31
81
217
236
305
137
51
209
295
114
29
395
736
455
34
358
545
274
-155
-41
572
661
325
215
744
720
218
-104
77
371
171
8
170
509
406
173
82
-4
40
-21
-177
-335
-47
228
-3
-26
136
352
231
207
383
525
347
-24
271
685
521
12
305
906
858
517
377
713
763
331
216
553
881
639
393
571
867
633
225
545
882
751
443
535
676
416
384
456
222
157
437
462
29
-339
-142
122
-5
-286
-286
-37
70
-139
-145
4
38
57
-76
-231
-101
108
-91
-362
-325
-146
-293
-583
-499
-106
-24
-76
-37
218
425
385
298
425
780
649
286
178
550
975
910
706
448
394
612
810
640
387
411
612
327
49
385
444
26
-98
291
327
-20
-121
186
293
59
-26
128
363
350
21
-72
86
243
310
251
246
257
376
361
309
424
398
282
369
328
234
203
69
-9
-61
-10
88
-54
-139
55
322
419
208
18
171
217
-25
-119
-81
-256
-158
149
93
-428
-563
64
390
-20
-485
-327
88
90
-333
-471
-42
318
-84
-339
78
554
367
-75
190
616
626
183
99
488
514
348
209
466
624
193
-154
-139
148
134
66
191
316
265
254
372
437
589
599
604
695
869
705
534
720
800
864
789
938
1127
1076
972
775
860
1130
1228
1105
791
782
1099
1324
1151
899
1039
1257
1129
1005
1100
1041
889
858
884
821
835
1008
1023
797
682
801
536
370
720
1038
951
696
574
427
541
671
571
559
695
850
634
543
651
867
906
657
731
1006
888
559
543
794
720
298
315
413
237
76
227
395
297
45
115
332
223
47
162
283
233
111
-44
82
126
-80
-260
-354
-171
-18
-236
-716
-793
-170
-74
-543
-785
-339
-132
-569
-558
-222
-109
-469
-694
-495
-307
-547
-778
-434
-235
-391
-453
-347
-297
-282
-340
-380
-295
-218
-263
-365
-95
150
187
137
72
315
639
458
99
458
1115
896
469
756
1254
1029
491
917
1367
1052
541
730
1088
962
703
684
935
859
581
412
344
415
337
115
273
333
156
-47
-53
-18
-218
-104
144
80
-231
-250
81
36
-331
-503
-387
-386
-516
-493
-417
-392
-330
-240
-45
205
301
274
253
331
350
270
110
137
424
473
174
229
489
471
445
697
672
468
801
1092
797
401
493
678
522
177
87
342
601
446
313
448
646
529
261
339
483
487
-56
-381
270
485
-317
-661
-42
281
-279
-670
-613
-257
-148
-420
-572
-203
48
-391
-615
-335
-145
-367
-723
-758
-538
-301
-542
-760
-230
376
313
-174
-119
312
357
-110
-407
-52
404
488
239
79
480
788
549
274
496
666
286
76
353
540
429
179
83
231
389
487
253
328
561
489
145
-162
-275
-197
-4
-60
-374
-372
24
26
-230
-145
66
-61
-312
-416
-254
-178
-384
-408
-91
1
-220
-391
-169
25
-29
-156
-89
254
532
429
145
359
698
685
374
394
705
752
303
161
490
540
268
224
588
829
535
140
153
530
713
474
342
587
935
768
366
424
723
522
4
-16
373
399
74
17
281
387
354
450
401
313
502
696
415
196
472
671
422
138
223
314
202
87
96
376
426
131
-97
-83
114
243
66
-107
-34
95
-41
-206
144
514
194
-261
-62
469
336
3
228
479
415
231
311
411
336
357
730
666
261
484
1199
1155
665
568
799
796
506
668
987
748
289
458
791
588
190
316
586
557
421
326
139
-9
251
637
494
198
287
340
-111
-434
-147
142
-25
-375
-65
260
42
-171
-30
214
-130
-407
-246
14
-6
-341
-438
-262
-140
-294
-546
-563
-347
-201
-250
-439
-291
-13
-202
-663
-640
-268
-206
-441
-301
92
46
-271
-68
418
369
127
191
405
225
-32
-19
6
-141
-271
-173
-89
-152
-120
29
34
-167
-153
-222
-395
-355
-161
-135
-530
-676
-428
-96
-233
-576
-427
-159
-382
-663
-684
-699
-1009
-1297
-990
-598
-794
-1031
-824
-643
-885
-1063
-727
-575
-782
-886
-610
-420
-623
-691
-522
-293
-284
-501
-364
-79
-31
-102
123
152
-161
-282
-235
-199
-240
-151
-250
-424
-301
-341
-647
-772
-607
-501
-480
-446
-612
-780
-620
-417
-678
-711
-430
-431
-631
-695
-449
-443
-467
-534
-520
-307
-305
-551
-793
-801
-608
-535
-730
-872
-787
-625
-786
-964
-950
-731
-734
-865
-783
-770
-778
-730
-543
-479
-546
-506
-442
-472
-672
-759
-645
-384
-399
-611
-651
-589
-674
-878
-922
-816
-764
-1084
-1061
-720
-596
-719
-591
-443
-538
-594
-666
-704
-700
-733
-864
-750
-429
-207
-374
-469
-390
-517
-662
-596
-525
-565
-499
-386
-366
-437
-568
-657
-514
-203
-170
-347
-303
-199
-212
-269
-270
-207
-107
-2
-218
-524
-502
-323
-450
-634
-497
-388
-498
-586
-687
-723
-560
-619
-811
-786
-483
-388
-519
-671
-650
-516
-381
-459
-556
-371
-90
-63
-307
-365
-266
-188
-268
-394
-314
-196
-156
-350
-662
-611
-250
-228
-555
-545
-187
-112
-503
-864
-689
-383
-440
-704
-652
-422
-433
-517
-555
-532
-607
-668
-624
-585
-576
-610
-709
-798
-704
-538
-563
-741
-712
-631
-533
-542
-568
-599
-696
-579
-420
-390
-442
-371
-460
-552
-561
-487
-502
-702
-688
-498
-384
-507
-641
-648
-498
-507
-599
-521
-351
-353
-461
-542
-547
-461
-360
-364
-535
-638
-620
-663
-610
-432
-371
-438
-450
-346
-282
-413
-507
-533
-471
-445
-430
-248
-193
-205
-123
-87
-82
79
112
-27
-92
-42
182
202
142
189
279
336
219
216
205
122
-8
-27
83
201
205
-74
-317
-212
26
-84
-341
-422
-182
-77
-240
-291
-177
-106
-120
-135
-193
-259
-174
30
147
118
78
139
286
376
247
84
-35
-85
-108
40
66
-31
-91
-33
92
17
-99
-195
-35
148
57
-137
15
263
353
303
317
493
638
518
286
203
238
448
457
380
365
498
544
408
416
596
684
540
402
403
417
362
233
139
199
313
366
229
66
119
249
337
414
500
463
304
220
285
394
478
394
240
177
304
472
562
667
586
520
524
462
407
492
621
685
707
760
844
694
485
483
788
1014
859
702
770
953
859
660
667
696
784
635
313
276
670
999
818
582
679
855
781
576
546
658
661
639
677
627
419
245
223
310
453
415
292
230
254
433
560
604
559
603
698
585
522
556
702
761
741
718
837
977
840
691
644
702
681
627
636
507
268
327
607
736
586
397
537
655
594
537
497
578
595
473
434
494
629
751
698
563
489
614
633
508
451
523
583
516
569
643
642
560
476
369
318
232
246
329
474
555
475
318
284
375
239
47
17
166
206
75
-66
34
171
124
38
51
71
13
-17
283
451
356
305
397
471
149
-90
8
201
141
2
202
349
219
26
100
409
459
355
457
615
627
592
584
599
704
834
753
615
645
668
640
700
808
695
471
416
537
689
629
537
435
475
517
507
489
438
530
623
563
406
254
232
287
395
423
370
294
260
296
399
327
163
205
304
331
297
324
224
58
-24
88
130
85
45
18
7
-129
-138
31
100
-30
-118
74
196
-8
-300
-330
-100
99
181
103
20
12
47
17
-226
-212
159
419
223
87
208
333
263
187
187
219
174
-22
-88
-281
-229
-47
-14
-124
-237
-381
-442
-342
-355
-451
-585
-542
-451
-524
-669
-609
-480
-400
-424
-533
-555
-546
-547
-511
-519
-645
-702
-652
-633
-725
-840
-758
-600
-642
-786
-793
-646
-587
-740
-901
-815
-684
-582
-625
-742
-754
-812
-846
-896
-936
-810
-743
-860
-909
-780
-675
-774
-817
-576
-374
-438
-576
-614
-555
-482
-524
-550
-495
-586
-674
-568
-572
-820
-903
-727
-638
-744
-757
-673
-709
-918
-1030
-915
-745
-738
-757
-798
-719
-641
-785
-768
-801
-793
-679
-553
-392
-271
-308
-427
-498
-503
-321
-96
-69
-58
-99
-270
-358
-297
-106
35
-52
-166
-318
-406
-382
-349
-294
-311
-327
-243
-264
-344
-403
-386
-335
-267
-165
-221
-425
-542
-374
-262
-378
-481
-271
-79
-75
-162
-226
-108
-59
-69
-154
-124
-62
-22
-22
-143
-256
-321
-445
-460
-363
-301
-381
-367
-311
-329
-212
-222
-345
-366
-280
-183
-285
-356
-223
-159
-195
-222
-124
-153
-332
-407
-270
-176
-48
112
151
125
38
-7
-122
-225
-186
-157
-131
-143
-85
55
-55
-314
-449
-333
-124
-45
-32
3
98
52
-136
-253
-243
-188
-278
-290
-105
18
47
-56
-88
-21
-53
-40
-106
-200
-64
48
180
117
168
349
269
172
293
380
230
-26
-98
40
12
-12
122
251
234
99
132
359
278
33
-45
124
177
-27
-18
200
357
323
399
543
478
312
320
351
409
433
475
510
469
437
369
235
357
627
643
388
337
539
579
482
369
399
354
176
141
175
-12
-176
-95
43
-4
77
385
456
391
396
499
569
490
421
411
403
352
214
238
392
370
299
346
469
474
372
449
552
466
352
368
425
222
65
13
12
107
165
222
200
126
174
220
160
33
38
92
11
-112
-79
-202
-250
-83
23
166
282
398
307
39
-50
30
62
101
130
259
213
-28
-66
37
72
-62
-149
-11
281
223
30
101
257
363
318
378
494
616
704
672
533
493
457
462
450
347
516
768
683
434
329
420
428
227
110
210
214
104
75
155
234
90
-28
1
150
106
-54
-97
-120
-154
-187
-72
-88
-149
-228
-257
-236
-270
-203
-238
-320
-197
-87
-234
-424
-464
-450
-376
-302
-263
-114
-26
67
96
50
5
76
102
47
123
236
203
87
136
185
234
236
244
327
311
169
57
149
254
128
-30
20
2
-283
-511
-454
-389
-358
-351
-275
-185
-258
-266
-325
-390
-292
-109
-49
-102
-91
-56
-269
-378
-490
-587
-494
-473
-494
-659
-806
-728
-731
-825
-815
-648
-487
-523
-694
-721
-743
-751
-813
-904
-876
-720
-675
-725
-646
-430
-249
-318
-388
-265
-123
-129
-272
-374
-409
-407
-451
-370
-318
-487
-568
-404
-392
-644
-797
-621
-513
-741
-1029
-929
-825
-993
-1227
-1210
-909
-789
-950
-1066
-988
-896
-927
-993
-932
-868
-962
-1120
-1051
-867
-753
-804
-771
-755
-786
-797
-884
-918
-914
-932
-882
-874
-877
-817
-680
-603
-564
-597
-533
-509
-567
-514
-298
-40
115
132
44
8
-27
21
-38
-92
-81
189
425
436
290
357
607
640
435
303
288
197
251
215
231
212
241
265
188
149
72
-45
-98
-98
-148
-144
-140
-178
-236
-262
-258
-341
-523
-618
-625
-616
-631
-616
-408
-216
-208
-377
-365
-196
-197
-269
-416
-374
-293
-278
-338
-378
-291
-130
-145
-263
-299
-215
-157
-178
-204
-22
184
183
2
-59
22
42
-189
-355
-152
-54
-205
-229
-109
22
11
-92
-154
-72
109
116
-51
-231
-227
-33
23
-44
-93
-2
13
-104
-160
-270
-255
-345
-289
-118
-2
7
-3
-26
-17
-2
47
177
136
-16
-44
29
78
42
-86
-91
-10
59
49
29
129
346
523
552
480
414
486
523
450
408
532
759
780
703
743
922
1003
1076
1193
1361
1366
1324
1280
1079
1014
1067
1169
1143
1142
1222
1132
964
942
1109
1105
1013
956
976
960
776
829
923
913
940
962
952
903
855
911
920
870
663
570
600
607
637
777
958
999
979
915
865
857
837
799
787
860
971
895
694
633
727
854
985
1125
1102
1032
1145
1196
1209
1221
1363
1397
1376
1388
1375
1241
1091
1148
1225
1158
1017
1027
1126
1258
1280
1208
1185
1235
1225
1224
1235
1231
1197
1167
1146
1231
1357
1283
1209
1249
1269
1251
1248
1328
1447
1475
1403
1263
1227
1189
1224
1248
1187
1117
1010
1054
1179
1327
1334
1171
1185
1307
1437
1519
1503
1431
1413
1400
1377
1403
1472
1540
1468
1411
1477
1679
1776
1759
1635
1608
1617
1538
1543
1625
1732
1604
1552
1668
1719
1663
1623
1603
1598
1608
1467
1311
1344
1427
1321
1151
1199
1554
1603
1471
1415
1434
1481
1402
1312
1206
1220
1178
1051
952
1010
1026
961
932
912
931
902
667
502
569
663
602
548
595
747
776
716
789
974
1070
1026
894
765
802
853
902
965
949
841
848
888
955
911
824
815
825
919
898
869
730
763
879
894
889
819
816
884
889
739
665
509
490
632
729
709
646
666
731
651
523
433
470
567
544
517
499
579
525
473
612
800
872
744
677
722
737
681
663
753
705
567
539
636
564
439
404
447
413
435
676
763
675
531
526
483
367
458
584
680
710
636
563
442
383
290
244
246
327
389
434
485
255
55
185
401
437
346
436
480
384
335
415
506
514
489
324
214
308
432
366
322
356
404
359
264
408
503
522
487
457
591
614
564
458
400
393
467
474
540
630
623
597
486
440
364
195
164
290
383
375
365
362
258
238
275
248
127
158
350
426
334
221
155
134
138
156
133
201
210
-45
-160
-20
78
101
-8
-40
72
74
-11
24
124
216
146
87
60
53
15
70
184
127
5
46
179
278
195
108
220
432
451
190
144
381
583
473
363
401
436
437
465
498
506
482
441
542
468
309
211
256
450
538
592
570
569
507
406
442
584
526
432
530
630
578
378
471
573
716
703
581
603
617
543
495
589
662
677
651
578
445
438
609
634
592
610
744
841
713
692
826
921
824
794
967
1079
1059
986
965
862
823
978
1000
897
632
676
868
869
649
642
854
738
392
260
469
611
458
397
643
947
985
929
859
772
768
694
682
646
782
935
936
755
582
529
745
963
1002
927
896
842
719
616
691
919
730
525
542
706
838
754
876
1099
1068
944
847
960
1013
774
569
579
769
850
908
957
1161
1247
1182
1011
954
1067
988
781
808
949
1018
910
862
960
1003
919
981
1109
1018
880
741
774
775
609
510
512
577
653
570
523
454
489
686
929
910
774
799
826
793
686
807
1103
1187
1103
1068
1090
1019
754
547
514
534
409
324
397
452
460
516
613
630
617
522
459
437
367
288
242
402
529
505
530
706
978
1085
937
774
779
603
441
511
638
657
453
448
634
689
599
460
558
563
405
346
426
413
208
209
397
398
176
125
380
557
457
377
467
564
525
465
350
427
414
178
102
105
100
89
-9
-15
48
-28
72
103
67
168
165
6
-64
-32
93
217
219
305
291
267
263
247
328
324
299
362
439
306
66
2
18
42
71
215
266
140
43
54
40
21
17
158
265
245
20
-44
-40
-204
-297
-172
20
38
-24
5
71
106
42
-27
62
134
185
147
192
292
371
439
340
322
359
395
277
196
162
217
392
470
441
350
343
387
501
672
741
690
549
304
256
454
572
477
310
359
481
516
483
390
323
331
322
305
345
417
362
242
187
178
191
312
402
398
342
163
53
28
36
-28
-12
99
352
431
313
358
460
528
518
517
622
705
680
614
699
830
706
517
380
400
480
419
282
205
229
257
167
0
13
175
207
216
221
101
76
49
41
-49
-2
167
263
102
-101
58
261
236
24
26
88
-75
-307
-288
-166
-148
-218
-275
-181
-72
-23
8
-64
-81
-77
-123
-203
-200
-70
-3
5
60
188
187
175
190
150
112
134
256
235
130
87
129
293
288
126
128
232
235
154
119
274
414
412
310
293
368
329
236
167
224
201
205
217
355
410
358
213
137
138
54
-84
-202
-126
-59
-64
-292
-263
71
352
297
118
127
76
-153
-383
-261
-75
-78
-117
-123
-187
-245
-310
-313
-199
-184
-249
-179
-114
-119
-121
-79
96
187
219
337
391
362
240
187
212
44
-227
-320
-161
-75
-247
-313
-174
21
120
48
39
164
220
86
-185
-268
-208
-184
-216
-198
-95
-132
-159
-155
-256
-361
-284
-288
-290
-335
-240
-87
-127
-244
-301
-293
-275
-339
-424
-423
-379
-229
-198
-213
-142
48
310
220
7
23
239
226
57
127
299
319
125
155
411
423
188
55
127
275
226
176
172
59
10
35
61
86
-18
-30
68
78
127
120
94
19
22
151
204
127
30
-69
-319
-395
-235
-129
-313
-392
-304
-379
-516
-532
-304
-273
-360
-374
-354
-427
-469
-391
-335
-316
-266
-165
-198
-262
-347
-385
-422
-412
-489
-644
-672
-553
-465
-548
-611
-541
-516
-591
-646
-608
-611
-693
-678
-527
-345
-450
-541
-410
-282
-256
-322
-299
-357
-527
-718
-749
-617
-518
-501
-414
-329
-420
-514
-458
-327
-390
-587
-703
-758
-807
-790
-696
-666
-756
-728
-518
-570
-847
-995
-859
-833
-961
-1046
-976
-947
-1034
-1128
-1074
-926
-1042
-1312
-1361
-1276
-1289
-1347
-1388
-1301
-1238
-1285
-1284
-1176
-1275
-1348
-1256
-1049
-1016
-1093
-1086
-1091
-1151
-1289
-1286
-1203
-1063
-961
-953
-1013
-989
-817
-805
-970
-947
-856
-864
-1035
-1126
-1199
-1217
-1130
-1127
-1148
-1238
-1231
-1154
-1181
-1249
-1267
-1329
-1367
-1432
-1518
-1471
-1351
-1256
-1238
-1207
-1098
-991
-990
-1099
-1266
-1449
-1474
-1346
-1343
-1427
-1385
-1261
-1306
-1374
-1292
-1061
-1032
-1181
-1319
-1171
-1067
-1239
-1364
-1299
-1216
-1426
-1545
-1434
-1191
-1238
-1319
-1215
-1151
-1240
-1361
-1331
-1237
-1284
-1408
-1426
-1281
-1324
-1465
-1473
-1343
-1302
-1432
-1375
-1201
-967
-948
-983
-912
-934
-955
-967
-950
-1011
-965
-804
-840
-979
-1038
-993
-890
-926
-865
-748
-732
-800
-965
-951
-755
-701
-806
-866
-955
-1096
-1192
-1079
-1007
-1171
-1394
-1290
-1041
-1022
-1143
-1225
-1124
-1129
-1201
-1262
-1173
-1142
-1254
-1244
-1160
-993
-981
-1082
-955
-807
-776
-871
-989
-896
-872
-1079
-1259
-1326
-1172
-1014
-1012
-1024
-893
-808
-745
-817
-892
-943
-789
-678
-700
-766
-815
-827
-829
-810
-886
-906
-858
-791
-767
-834
-747
-685
-790
-906
-921
-857
-794
-737
-703
-683
-661
-678
-688
-742
-809
-999
-1090
-987
-932
-1007
-945
-731
-664
-741
-832
-843
-893
-956
-898
-758
-781
-840
-794
-621
-702
-811
-689
-578
-669
-752
-619
-435
-449
-607
-558
-588
-717
-751
-681
-607
-724
-733
-584
-384
-345
-541
-676
-567
-501
-477
-457
-422
-392
-326
-235
-206
-316
-487
-431
-448
-548
-581
-630
-687
-712
-806
-848
-838
-809
-780
-750
-664
-652
-779
-913
-816
-802
-827
-837
-799
-760
-841
-891
-926
-894
-787
-811
-892
-850
-706
-670
-754
-745
-492
-342
-451
-623
-635
-558
-604
-794
-919
-852
-795
-719
-668
-657
-733
-719
-668
-558
-486
-485
-531
-632
-701
-809
-781
-671
-657
-622
-526
-423
-361
-414
-565
-709
-717
-775
-821
-748
-668
-582
-619
-690
-642
-535
-554
-566
-584
-576
-593
-706
-696
-663
-619
-584
-521
-395
-336
-395
-516
-532
-479
-552
-605
-533
-289
-68
-190
-247
-193
-203
-291
-391
-367
-259
-262
-431
-598
-562
-524
-490
-501
-410
-164
-142
-236
-319
-194
-213
-294
-297
-323
-273
-243
-246
-297
-341
-197
-106
-136
-166
-53
22
55
9
-29
13
210
368
239
65
13
41
8
69
134
178
225
100
63
144
191
162
-63
-119
-64
-24
32
-44
-93
-71
-124
-89
-72
-4
-64
-137
-94
-83
-24
76
134
85
-9
-120
-212
-271
-301
-333
-213
-188
-269
-276
-130
-31
-67
-113
-20
93
60
69
54
-3
-166
-236
-250
-341
-341
-314
-168
1
-97
-195
-269
-286
-330
-443
-481
-496
-518
-636
-551
-420
-286
-338
-320
-145
-187
-342
-498
-445
-292
-231
-264
-209
-199
-202
-323
-433
-428
-352
-369
-454
-493
-492
-546
-496
-539
-588
-512
-592
-606
-607
-690
-742
-746
-722
-684
-775
-840
-904
-939
-951
-905
-764
-712
-694
-639
-563
-592
-605
-502
-482
-617
-739
-657
-567
-650
-706
-541
-426
-521
-465
-330
-219
-253
-310
-329
-501
-614
-514
-314
-377
-473
-376
-276
-400
-626
-629
-549
-627
-803
-790
-558
-437
-518
-663
-748
-793
-667
-658
-746
-793
-842
-731
-746
-841
-745
-584
-366
-263
-488
-836
-968
-966
-997
-1007
-856
-673
-679
-564
-340
-130
-29
23
74
43
-60
-123
-5
128
188
262
356
371
273
260
448
501
308
126
31
0
-137
-293
-175
6
-2
-15
84
197
190
136
201
218
167
220
374
467
502
597
612
649
600
412
266
293
390
361
395
409
479
513
534
580
577
494
458
506
447
229
167
546
867
730
616
765
905
902
816
941
1059
1039
1016
1092
1136
1023
925
899
829
732
724
733
720
660
685
768
853
909
1008
1208
1331
1364
1341
1323
1311
1358
1465
1462
1363
1387
1514
1633
1604
1477
1407
1355
1451
1464
1303
991
790
907
1158
1313
1331
1481
1612
1630
1446
1379
1556
1663
1705
1810
1804
1577
1349
1332
1387
1403
1593
1717
1681
1571
1441
1539
1787
1772
1668
1578
1704
1855
1937
2076
2155
2080
1923
1956
2205
2324
2185
2115
2130
2196
2152
2143
2083
2010
1988
