SAMPLES:	12020
BITSPERSAMPLE:	16
CHANNELS:	1
SAMPLERATE:	16000
NORMALIZED:	FALSE
25
25
15
46
53
43
31
36
53
63
65
33
32
11
6
42
41
32
31
28
33
36
36
3
-13
-43
-47
-50
-29
-9
-22
-32
-57
-59
-48
-28
-44
-36
-15
19
50
73
63
63
71
53
37
5
-4
15
29
50
25
15
5
-21
-39
-24
18
66
117
99
81
39
19
37
52
71
43
25
-6
-26
-40
-48
-22
-21
-16
-43
-41
16
76
101
104
99
66
36
12
7
24
30
54
90
112
120
112
80
77
66
61
50
26
10
6
28
59
82
102
101
88
96
98
120
153
151
134
110
92
81
71
76
76
82
97
109
109
104
83
78
97
118
142
145
143
142
127
113
111
97
98
81
65
46
35
19
11
-1
-23
-34
-27
7
21
47
56
51
54
52
73
85
110
127
132
143
157
131
82
48
38
20
13
19
-11
-13
-17
-30
-21
-42
-31
-8
16
43
13
3
7
39
58
37
3
-19
-37
-40
-31
-20
-37
-53
-61
-40
-17
-11
-12
-26
-25
-5
29
84
95
56
11
-5
25
66
104
123
129
128
133
95
79
40
3
-10
-23
-7
-23
-34
-27
-18
-5
12
29
25
7
-2
9
43
79
108
121
101
79
53
17
7
13
50
71
67
58
67
106
131
149
133
110
98
107
119
87
32
10
27
64
111
126
99
76
63
79
116
138
155
161
168
163
173
204
239
253
255
239
246
252
259
259
233
223
206
202
179
171
175
174
167
163
150
113
89
85
125
147
137
115
85
89
119
162
170
190
187
202
191
172
157
129
126
121
127
114
110
117
155
195
222
196
158
152
165
189
166
163
155
144
133
130
142
137
137
104
66
21
36
82
109
138
137
157
186
215
216
207
165
131
157
143
136
135
138
155
160
158
151
159
147
167
163
144
129
119
131
150
196
211
201
157
100
84
71
53
17
-19
-9
18
36
40
35
40
37
28
32
36
37
26
14
34
58
88
116
150
152
170
174
156
147
102
68
53
49
67
63
54
43
41
61
88
114
120
118
117
145
148
146
141
140
146
152
158
153
153
146
154
176
194
219
234
216
196
185
182
183
189
191
167
170
176
191
189
168
134
92
95
72
83
96
74
43
34
8
3
6
15
40
49
53
11
8
9
6
13
5
30
54
71
81
105
123
124
115
110
95
95
95
83
66
85
124
146
164
159
170
186
201
204
205
209
216
219
214
226
228
237
224
208
209
199
183
204
201
211
203
155
133
128
141
166
134
85
63
59
73
102
124
113
92
73
98
118
132
130
124
107
83
84
100
114
114
94
86
93
119
136
144
153
140
135
122
99
105
98
108
125
135
168
170
181
194
192
193
202
208
221
200
169
131
106
91
98
128
124
128
132
113
89
68
42
17
15
-16
-35
-29
-18
18
47
27
9
-4
2
41
54
59
59
50
60
61
62
70
83
87
81
81
86
93
87
68
66
70
92
80
47
22
1
5
1
-20
-32
-26
-49
-68
-76
-64
-33
-6
4
-8
-22
-53
-77
-90
-120
-114
-89
-74
-53
-63
-69
-54
-26
-4
8
4
1
-5
-9
-17
-25
-27
-43
-36
-40
-33
-3
8
-2
-17
-35
-28
5
1
6
-22
-44
-39
-65
-73
-76
-80
-80
-46
3
5
5
-12
-25
-27
-8
51
96
96
77
35
4
-15
-9
16
20
-15
-52
-67
-66
-28
3
32
41
36
22
7
-25
-36
-44
-56
-42
-62
-69
-56
-18
29
34
26
15
33
41
45
41
25
-1
-14
-21
-22
-16
-5
22
50
40
44
53
49
52
37
19
29
38
17
-15
-50
-72
-40
24
93
109
112
87
77
92
111
150
150
159
132
120
104
105
162
198
227
215
191
183
174
163
164
138
136
169
195
218
205
181
176
179
181
183
153
133
113
123
133
157
188
180
192
182
169
165
171
190
216
221
220
222
205
200
198
224
273
289
287
267
254
251
284
312
338
321
289
273
268
310
325
348
356
352
351
353
391
408
408
412
391
360
333
340
360
376
389
372
374
346
334
338
344
366
369
349
328
310
305
312
307
316
330
346
367
353
356
331
320
323
339
375
387
378
350
324
308
306
314
338
320
331
324
332
348
357
357
330
311
299
285
303
335
343
381
383
390
394
408
437
434
454
453
464
445
420
429
443
451
425
394
350
345
356
384
383
382
372
343
329
331
331
336
334
318
296
285
290
275
258
239
234
249
275
286
287
290
297
276
251
216
188
194
197
189
188
171
182
205
258
295
318
322
324
318
295
268
255
240
232
219
198
177
191
204
194
222
229
246
236
233
247
242
233
204
228
258
277
327
305
282
266
263
282
284
290
277
246
212
168
120
113
123
155
157
139
105
91
95
108
133
141
155
165
155
135
114
117
116
114
129
129
156
157
138
111
127
173
209
202
176
151
135
148
142
144
152
156
147
117
95
87
68
69
54
49
61
78
95
120
134
146
151
148
160
156
158
147
156
165
177
175
172
174
200
214
209
200
149
128
89
49
37
46
78
126
155
147
104
80
68
60
98
102
94
74
8
-37
-50
-14
37
50
45
31
43
80
105
110
127
144
163
208
218
207
197
160
165
183
196
187
172
146
135
133
128
134
137
110
88
44
18
17
27
76
121
120
104
109
130
143
142
129
139
123
123
132
129
162
157
158
150
138
148
149
157
147
155
166
143
110
94
105
131
161
181
174
154
134
97
95
97
105
95
80
75
54
55
74
71
62
65
64
87
129
143
146
147
156
158
158
136
118
92
106
137
138
135
113
137
153
165
148
128
115
140
160
163
173
183
177
162
151
116
114
116
118
128
135
142
126
113
113
141
183
199
226
248
246
259
276
287
288
276
258
272
274
260
253
215
191
162
140
140
165
174
186
198
203
179
148
137
151
170
178
195
194
223
253
255
222
176
149
155
180
192
185
168
170
151
147
137
127
146
161
167
164
174
176
181
192
186
162
173
183
212
226
222
246
259
251
228
213
205
216
234
239
243
267
265
231
209
187
181
179
181
195
211
204
203
203
211
236
241
233
209
209
213
229
225
207
216
216
211
206
199
208
211
208
216
203
211
233
227
231
233
221
215
196
222
249
259
266
216
166
150
170
209
234
234
203
205
208
210
232
223
228
240
246
271
281
257
235
219
225
217
199
205
208
202
212
209
195
160
168
165
181
185
168
169
170
199
205
194
161
158
161
203
220
211
184
146
165
209
212
189
154
121
152
176
166
160
166
196
230
241
237
240
230
233
239
237
242
232
215
201
189
186
187
224
285
300
286
253
213
177
148
145
142
125
145
147
146
147
149
152
142
156
146
129
131
134
151
179
187
190
200
236
243
218
179
144
141
155
155
136
135
124
134
136
152
177
205
195
157
123
73
45
24
15
28
33
66
64
54
53
33
25
21
44
47
37
45
43
39
40
62
69
68
53
37
41
66
103
128
139
117
81
57
54
30
8
-4
-19
-10
6
34
28
14
15
48
89
91
68
7
-36
-49
-28
-1
13
24
42
50
41
-4
-47
-82
-86
-53
-43
-50
-74
-111
-110
-98
-88
-72
-88
-93
-65
-26
15
6
-14
-61
-54
-5
59
87
67
47
35
14
2
-15
-41
-63
-66
-26
-34
-39
-42
-45
-57
-88
-104
-107
-63
-35
-15
5
-2
1
-9
14
57
69
81
77
53
47
49
58
65
39
29
47
87
117
109
83
76
83
105
122
144
178
193
160
124
65
4
2
39
82
106
96
95
107
99
116
109
92
65
57
50
34
26
22
38
64
87
66
39
11
-7
-2
29
54
27
-16
-17
-6
21
58
62
80
77
90
101
86
73
103
130
154
151
118
77
67
84
104
105
86
71
66
93
132
174
193
180
160
138
146
158
134
98
55
44
69
97
142
171
177
183
185
201
204
167
153
128
126
107
87
82
64
70
83
61
42
39
52
80
93
76
67
54
77
99
115
102
94
91
115
153
161
146
135
160
163
183
155
149
158
154
155
122
120
99
93
98
116
141
173
172
148
122
96
116
102
101
80
45
51
49
54
64
72
77
83
88
120
133
107
66
32
43
71
121
136
108
65
50
61
62
38
11
9
35
84
87
60
41
11
-5
5
13
33
37
24
-4
-5
31
52
96
101
96
73
42
8
22
73
80
99
118
130
119
105
99
103
115
140
127
123
108
106
131
148
156
148
157
143
119
96
92
111
100
85
82
89
112
113
122
121
98
99
122
111
104
86
79
114
147
167
172
163
146
133
115
131
138
150
167
152
135
127
136
157
186
184
206
220
227
229
198
175
150
146
166
166
162
167
162
178
178
207
247
265
247
217
185
168
164
180
212
223
213
204
202
212
243
262
250
233
228
224
234
215
228
249
267
292
270
261
236
230
228
217
228
243
269
256
231
220
220
228
235
227
214
207
174
169
169
146
143
152
163
184
195
202
180
139
124
131
164
196
223
219
216
195
181
196
217
241
250
235
234
238
236
247
286
303
307
299
292
295
261
228
204
204
232
259
249
222
194
208
234
251
281
272
253
248
222
193
161
131
160
201
237
257
215
221
235
264
291
279
252
220
210
222
237
265
293
298
319
299
279
259
250
253
239
228
236
267
286
309
313
326
337
331
343
333
302
281
265
266
278
298
315
316
312
315
332
317
291
287
262
254
242
207
170
138
167
239
280
275
245
235
223
211
185
143
107
114
148
183
216
212
192
166
135
128
100
80
88
84
93
103
120
153
194
226
225
219
196
205
223
196
166
143
139
152
165
155
118
120
110
97
97
72
78
76
66
55
70
100
122
114
120
127
142
144
107
79
46
34
44
54
82
91
96
103
85
63
55
59
62
52
16
-20
-39
-40
-29
-40
-57
-72
-67
-49
-32
-38
-51
-81
-106
-111
-98
-57
-46
-12
-19
-46
-82
-86
-79
-72
-49
-41
-25
-13
-16
-29
-23
-4
-4
10
31
43
24
12
8
-13
-6
-13
6
13
-14
-25
-40
-69
-96
-112
-94
-68
-45
-38
-58
-81
-78
-63
-33
9
35
55
36
13
-30
-42
-42
-39
-28
-49
-54
-50
-38
-21
5
10
6
-15
-24
-57
-92
-106
-104
-95
-68
-60
-71
-78
-47
-4
30
73
85
71
60
45
60
69
88
99
108
91
67
54
33
29
40
39
24
19
-11
-16
-8
6
24
38
39
16
-20
-70
-83
-53
-35
-13
-16
-30
-35
-58
-38
0
22
38
47
40
30
33
30
15
19
40
62
97
101
77
46
30
13
26
28
38
22
-22
-38
-59
-48
-37
-31
1
8
30
51
59
66
68
56
30
23
35
52
65
47
19
43
43
47
61
43
11
-6
7
31
20
19
-16
-34
-19
-25
-43
-91
-116
-134
-131
-89
-54
-45
-64
-106
-112
-104
-84
-61
-50
-10
26
63
55
24
-5
-27
-5
27
53
59
40
0
-46
-64
-55
-19
5
-1
-15
-27
-32
-55
-66
-68
-75
-94
-109
-108
-100
-114
-142
-147
-120
-92
-80
-75
-70
-52
-34
-25
-42
-47
-57
-56
-53
-37
-41
-60
-38
-38
-52
-77
-83
-99
-83
-45
-16
0
7
31
29
26
20
1
-18
-14
-18
-27
-45
-64
-56
-61
-50
-43
-34
-15
-37
-54
-63
-84
-110
-109
-89
-43
9
62
108
95
72
83
98
120
128
111
79
79
97
106
107
104
98
85
105
122
135
119
83
62
58
35
8
-26
-23
-5
39
68
83
101
73
89
99
106
129
140
133
130
116
88
84
76
92
111
114
106
88
86
92
96
105
81
58
47
51
76
85
88
84
91
97
109
140
173
178
146
124
122
147
181
176
164
154
138
147
155
169
163
129
96
84
86
100
135
157
184
214
244
261
278
240
195
157
125
137
134
148
155
172
180
200
220
230
250
252
285
263
247
201
145
113
95
100
123
141
176
163
146
164
170
205
186
179
154
132
115
98
106
136
160
213
258
249
256
247
222
182
164
171
185
182
172
136
128
138
159
167
174
166
144
140
149
156
130
98
96
131
138
140
132
113
132
154
195
222
224
231
219
239
247
237
222
229
251
268
275
262
247
219
234
216
189
159
149
154
170
176
184
191
199
220
215
206
186
200
219
236
236
205
183
162
164
186
178
178
167
144
114
100
84
88
111
122
155
157
166
156
113
105
107
156
178
192
177
139
122
129
134
127
126
144
203
239
241
211
176
157
178
169
164
149
124
114
111
150
171
185
177
171
165
174
174
142
133
132
133
152
166
159
148
125
119
132
143
138
154
173
176
197
204
193
170
156
143
139
117
117
129
131
145
164
177
168
158
122
145
173
180
167
150
154
172
221
256
262
259
239
198
155
134
158
199
210
199
175
170
179
195
216
223
210
194
181
164
162
161
189
210
204
203
163
134
103
89
102
126
137
143
129
142
162
149
135
105
81
81
86
108
117
109
111
110
91
66
93
130
172
171
144
103
70
96
108
116
134
97
70
48
54
97
137
185
198
187
147
115
104
112
113
97
96
119
152
159
167
167
179
213
230
226
204
162
136
130
151
171
165
147
122
110
90
92
103
116
150
149
166
162
149
132
71
34
29
72
93
120
113
84
79
71
84
80
70
63
68
66
47
32
49
50
57
70
79
58
17
13
7
15
18
40
59
99
122
105
74
41
3
-1
1
27
62
78
91
90
93
117
169
219
234
226
209
189
173
142
134
147
146
137
141
128
127
134
159
190
219
222
190
161
144
152
181
226
231
218
182
145
117
84
97
105
109
131
129
131
115
139
178
210
211
181
157
148
123
99
105
123
162
176
183
160
139
128
172
199
185
159
152
172
173
179
191
198
233
273
272
266
263
264
255
243
229
237
255
273
263
245
224
208
216
221
242
217
223
182
243
304
873
1273
1887
2203
2466
3119
3263
3739
3758
3760
3698
3204
2838
2328
1790
1288
482
-153
-801
-1232
-1503
-1717
-1971
-2073
-2222
-2392
-2346
-2491
-2373
-2527
-2812
-3183
-3445
-4104
-4123
-4197
-3907
-3295
-3883
-2963
-2706
-1431
-539
-29
1208
1891
2489
2804
3046
3800
3858
3593
3025
2963
2736
2495
2076
1831
2141
1569
1436
1331
1533
2011
1512
1413
1225
959
728
-25
-224
-612
-1130
-1852
-2398
-2522
-2633
-2650
-2824
-2475
-2232
-1843
-1386
-900
11
534
1073
1562
2042
2754
3102
3505
3656
4032
4106
4147
4151
4095
4207
3836
3539
3205
2839
2585
1836
1382
586
-55
-812
-1623
-2183
-2836
-3501
-4070
-4854
-5108
-6181
-5827
-6277
-5503
-5501
-6059
-4913
-5003
-3242
-3153
-2323
-1040
-434
372
538
1476
2527
2637
2768
2571
3427
3393
3576
3363
3740
4158
3453
3567
3294
3892
3942
3106
3138
2597
2430
1680
857
858
198
-410
-1519
-1852
-2015
-2321
-2595
-2850
-2434
-2300
-2132
-1701
-1110
68
335
835
1355
1962
3020
3123
3655
3929
4196
4146
3992
3905
4056
3616
3020
2228
1689
924
263
-746
-1245
-2179
-3139
-4248
-5716
-4766
-5859
-4309
-6105
-5789
-5183
-5030
-3483
-4010
-2637
-1949
-1855
-1631
-1675
-89
526
640
417
582
1656
1402
2098
1946
3354
3416
2837
3284
3394
4787
4385
3713
3969
3440
3438
2250
2050
2181
1524
590
-777
-560
-850
-946
-1575
-1619
-962
-1352
-1030
-1314
-201
627
382
956
765
2005
2342
2429
2973
3236
3795
3435
3476
3620
3769
3399
2316
1931
1011
667
-795
-1483
-2753
-3524
-5735
-6342
-6491
-5708
-4867
-6984
-5377
-5889
-3512
-3454
-3204
-1249
-538
-263
-768
-541
1476
1668
1383
395
1373
1707
1776
1556
2210
4072
3353
3230
2987
4386
5825
4646
4625
4423
4450
3850
2046
2467
2413
1727
-96
-1198
-841
-876
-922
-1486
-697
-133
-521
-40
174
2066
2477
2195
2438
2555
3949
3745
3934
4191
4414
4425
3446
3338
3259
3236
1846
650
-472
-1288
-2587
-4158
-6130
-6951
-6873
-7639
-5904
-8684
-6439
-7126
-5503
-4446
-4748
-2338
-1680
-902
-856
-746
1219
1593
1701
952
1647
2302
2186
2164
1962
4286
3639
3784
3593
4433
6525
5275
5091
5308
5290
5292
3056
3045
3117
2570
765
-863
-652
-598
-690
-1989
-1298
-1231
-635
-999
-869
1034
1489
1921
1898
2177
4164
4070
4629
4666
5368
5450
4657
4059
3921
3583
2279
145
-757
-2583
-3253
-6525
-7661
-7192
-7854
-5463
-9645
-7080
-7326
-5366
-3992
-5126
-2242
-1283
-750
-1023
-1230
1337
1647
1621
-77
998
1917
1567
1767
947
3953
3205
2946
2939
3653
6417
4843
4237
4465
4504
4677
1998
1757
2074
1642
-421
-2367
-1552
-1228
-948
-2744
-2360
-1024
-990
-576
-985
1136
2315
1905
2218
2444
4733
4925
4627
4813
5100
5317
3876
3112
2342
2248
-329
-2137
-4289
-5334
-7925
-9415
-9762
-8720
-7520
-10497
-9064
-8947
-5524
-4809
-5137
-2862
-1296
-319
-996
-932
1905
2581
1987
116
1007
2355
2413
1581
1726
4176
3850
3472
2772
4727
7060
5533
4698
4528
5100
4787
1979
1794
2028
1519
-990
-2654
-1639
-907
-917
-2913
-1722
-868
-87
-358
-266
2505
3113
3307
3167
4057
6569
6226
6139
6054
6547
6223
4544
3065
2731
1363
-937
-4096
-5816
-8220
-8330
-9421
-8306
-7422
-9704
-8007
-8869
-4906
-3993
-3505
-1535
-1034
304
-228
139
2527
3161
2785
760
1454
2123
3152
2602
2934
5101
4343
4596
3846
5848
7942
6336
5626
4703
4976
4298
1818
1534
1287
405
-1959
-3529
-3074
-2202
-2900
-3662
-3194
-1891
-671
-237
1170
3654
4688
4848
4678
5414
7118
6875
6803
6489
6316
5612
3459
2421
1015
22
-3215
-5673
-8689
-7875
-8181
-7123
-7405
-8931
-6807
-7361
-4278
-3646
-1842
237
523
590
147
986
2789
2783
2323
709
1536
1382
1996
2013
3102
4783
3838
3951
3815
6037
7491
6286
5835
5059
4833
3828
2106
2553
2362
1475
-1370
-2325
-2075
-953
-349
-442
1575
2048
2957
2721
3728
5853
6165
6494
6276
7178
8363
7844
7632
6642
5671
3348
992
-1197
-2539
-4958
-8151
-11095
-10603
-10651
-8515
-10191
-9894
-7852
-7149
-4090
-4454
-1485
710
1521
1427
771
2289
3573
3271
2231
1440
2196
1678
1959
1849
4462
5607
4712
4509
3994
6499
6453
5193
4827
3926
3401
1079
-558
215
629
-86
-2401
-2755
-1491
-299
-21
-46
1338
2130
3019
3552
5636
7623
7799
7819
7316
8080
8178
6886
6222
4732
3118
235
-2809
-4784
-7235
-9538
-13112
-12232
-12508
-10252
-11299
-11694
-8588
-7715
-4273
-4760
-2504
319
985
1078
231
1535
2841
1721
421
-487
1065
608
869
405
2443
4007
2621
2744
2446
4486
4927
3806
4263
2920
1116
-2102
-4333
-4642
-5801
-6723
-8071
-5806
-3328
-1032
-644
-831
507
107
594
565
2407
4584
4853
5620
6223
7430
7945
6460
5708
3857
2138
-1336
-3917
-6624
-8963
-11892
-12853
-11956
-10444
-10006
-11446
-9159
-7403
-3836
-3208
-1795
887
2639
2613
1756
2347
4230
3907
2093
257
897
1248
548
-112
853
2901
2093
733
-190
1481
2386
1240
928
1894
3141
3087
2067
2501
3026
1275
-1027
-2651
-1914
-1498
-1962
-2398
-1224
381
1431
2447
4013
6308
6999
7101
7325
8040
8227
6569
4648
2589
189
-3117
-6477
-9479
-11417
-12641
-11987
-11677
-9919
-11698
-9839
-8368
-4931
-1881
-1699
997
2272
3369
2858
2375
3790
4367
3125
884
421
1667
1964
1716
1237
3200
3110
2528
1687
2371
4521
3308
1744
1102
2075
3492
1579
744
1926
3585
3475
775
637
1493
3727
4349
4770
5106
4648
5127
5761
8413
9648
9658
9089
8520
8799
7270
4911
2576
-578
-2818
-6702
-8976
-10859
-10400
-9093
-8536
-6859
-8109
-4274
-2633
1557
3480
4092
6033
5926
5856
4704
4125
5363
4493
3205
931
659
707
-621
-2541
-3740
493
4057
7057
6244
6295
7279
6211
8800
10507
12169
10258
6662
5142
4250
3254
295
-1792
-1851
-1554
-1524
-2893
-2168
-519
1366
2946
4074
6307
7133
7389
7280
6949
6772
4253
1568
-1783
-4691
-8029
-11866
-14114
-14569
-12389
-11571
-10401
-11271
-8043
-4696
-773
1711
2239
4403
4735
4587
3682
3601
4687
4292
2437
-132
1328
4146
5047
3967
2823
5339
7021
8765
8907
9580
9885
7344
4091
2671
3449
4642
4215
3739
3439
939
-2155
-5449
-5168
-4267
-3401
-3543
-2839
-1324
157
1766
3554
6139
7813
8191
8073
7219
6202
3316
56
-3307
-6349
-10024
-13057
-15165
-13545
-12054
-10639
-10980
-11519
-7425
-5006
-296
297
1828
3144
2789
2502
1794
3293
4500
3667
1728
-96
828
792
811
221
912
2189
2371
6530
10328
15219
16519
13057
10033
5726
4375
2365
1034
1171
-865
-2914
-6162
-6291
-5060
-4362
-4124
-4591
-2623
-727
1661
3849
6003
7969
7830
7413
6329
5618
3795
753
-2441
-5497
-9026
-12470
-15082
-13970
-12690
-10850
-11910
-12441
-8651
-5817
-81
1294
4081
6288
5837
4462
2019
1605
1533
-78
-1791
-3036
-2345
-3458
-4408
-5912
-4784
-2776
-3132
-2418
-1356
3228
6456
7473
9791
11589
12827
9835
6248
5165
3878
1928
-2435
-4847
-5066
-3907
-2601
-1780
42
851
2229
3860
6488
8547
8132
7050
5311
4250
2393
-938
-3989
-7598
-11464
-15411
-16728
-14814
-12132
-9548
-11393
-9084
-6458
-2399
1792
2475
6295
7287
5802
2765
-358
72
-416
-555
-1922
-1486
-23
-1219
689
3857
9200
5723
-17
-3864
-3252
2994
5646
8337
8991
9395
9347
6840
5412
3791
1324
-2630
-5426
-5216
-3869
-2411
-2595
-1748
-259
1312
3605
5904
9166
10091
9050
7371
5710
4589
1869
-1821
-5015
-8845
-12933
-14768
-14122
-10346
-7801
-8932
-9281
-6849
-3936
8
238
2065
4015
2736
604
-1509
220
2826
162
-7103
-13587
-16092
-14583
-9429
-2469
6961
12364
11972
9186
7133
9378
8565
6907
5695
5015
4487
2821
2079
3266
3863
1687
-210
-992
215
737
281
644
2304
3974
5633
7418
10222
11555
10342
8175
5747
4203
1459
-2686
-5836
-9855
-13236
-14645
-13466
-9511
-7037
-7661
-6903
-3987
-111
3623
4588
7888
10488
10909
9616
7560
8631
12922
17123
17899
18171
18611
15444
11124
9113
12568
15076
15784
14297
12559
12487
11303
10926
11405
10750
7105
3388
391
906
-379
-3706
-6539
-7456
-5514
-4169
-3308
-1779
134
1685
3172
5122
8071
8715
7071
4371
2001
-131
-3459
-7621
-10730
-14974
-16613
-17285
-14941
-11050
-11496
-10558
-9954
-6734
-2594
-1463
1272
3344
3540
1647
-1225
-580
962
179
-4342
-9497
-14181
-13875
-8156
-2626
3345
3828
4202
5013
9224
17211
20455
19963
16818
15348
12726
8657
4639
3638
2854
-1039
-5110
-7274
-6016
-3943
-3144
-1662
534
2521
3911
5026
7677
9244
8268
5543
2756
738
-2091
-5839
-9237
-13432
-14416
-15592
-13215
-10597
-10884
-9014
-8214
-4629
-1340
-959
1471
3054
3270
1667
-1364
-1841
-1938
-2935
-7034
-9836
-12627
-13117
-13444
-13251
-8214
-6623
-4786
-2193
5061
14001
17795
18914
18017
16150
11832
6412
2450
2574
2083
-377
-3567
-4957
-3617
-2178
-1228
337
2706
4291
5113
6066
8267
9574
8155
5245
2042
-573
-4263
-8275
-12246
-15502
-15156
-15921
-11777
-11586
-10382
-7659
-6440
-1117
231
1721
4428
4298
3334
-192
-1354
1565
5226
6237
4115
3149
815
-600
-1249
4854
12328
14959
17397
16634
18080
16413
10406
7187
5730
6697
4817
742
-1211
-1808
-2619
-4785
-5665
-4316
-2471
-1437
-1514
961
3132
4777
5548
6768
8903
8404
5648
2016
-884
-4222
-8690
-13541
-18286
-17642
-18974
-15566
-14825
-15149
-9861
-8616
-1834
1298
3472
8332
9410
9994
8358
6201
5541
2987
-51
-2952
-1461
-581
131
-2006
-1467
3819
4294
3483
-1866
-1470
1928
4554
7441
6326
6769
4544
2320
805
-141
-1891
-6316
-7793
-7312
-5362
-3317
-3297
325
3298
5160
6440
6716
8822
7962
5007
1560
-1365
-4159
-8638
-13984
-18562
-17593
-18372
-14369
-14854
-14988
-10512
-9659
-3783
-1531
697
5609
5804
4845
1955
-516
-793
-2364
-4668
-6290
-4944
-7773
-11208
-16907
-16718
-11637
-7288
3438
11567
19015
19720
14995
12705
12129
13076
10836
6977
4423
3793
1762
-2235
-2996
-2888
-796
351
-197
3244
4733
6297
7187
7229
9096
6869
3595
-621
-3442
-6882
-11106
-17247
-19300
-18210
-17724
-13144
-16352
-11975
-8476
-4568
1699
2583
6643
9539
8421
7433
6035
6645
6502
5073
2871
3856
4790
-548
-5297
-8930
-2848
2775
5645
8077
6640
8072
5203
3293
3735
4901
4943
2137
199
-166
-514
-4697
-7797
-6707
-5874
-2151
-2386
-445
3559
3851
6240
5690
7393
7361
3852
-78
-3818
-6659
-10501
-16133
-20584
-18245
-18803
-13179
-15957
-14478
-9794
-7129
-772
329
3799
7836
8175
6180
4662
6069
7954
6332
697
-5004
-6529
-10369
-11953
-7111
11543
28075
30017
23552
15250
14994
15744
16498
17914
17333
14074
8469
4476
3224
3068
-593
-5543
-5271
-4839
-1804
-1116
-396
4437
5426
7075
7220
8433
9367
6277
1883
-2403
-5382
-9476
-15460
-20836
-18529
-19017
-13296
-17001
-15465
-10528
-7547
-1002
-1080
3472
6949
7572
4994
2515
3087
3957
1829
-3563
-8371
-6915
-6737
-2642
152
8468
14897
13803
13502
10854
13699
12585
10760
12370
14281
14918
9898
5047
2910
1822
-1378
-6788
-6096
-6341
-3405
-2981
-1697
3933
4629
6727
5958
7999
8472
5709
1119
-2552
-5653
-9857
-17323
-21744
-20195
-20169
-15020
-20723
-16485
-13213
-7632
-2156
-1221
5124
8842
9910
6990
5182
7264
7428
4388
-276
-1231
271
-2252
-4159
-5885
874
3610
3387
2704
4756
11980
11705
9910
9009
9996
8672
4215
814
-423
-1599
-6599
-9952
-8208
-6595
-2819
-3383
12
3815
4852
6087
5308
7818
6676
3281
-1933
-4938
-8447
-12483
-21208
-20622
-21490
-16346
-15862
-19637
-12166
-11198
-1882
-2005
1660
7058
9112
7824
3925
3919
6077
4384
-46
-5372
-5643
-8241
-8593
-10317
-9428
-3989
-5855
-2821
509
9849
14607
11613
10158
10505
10968
7747
2713
-64
-772
-3749
-7976
-6754
-4252
-487
647
411
6012
7556
9915
8976
10183
11363
8715
3259
-620
-4557
-6982
-15860
-18714
-18049
-15641
-9841
-17067
-9574
-8145
690
3044
2468
9326
11964
12833
7928
5710
7912
6865
2174
-4752
-6384
-9123
-12936
-16513
-16329
-3823
-128
-731
-3090
3405
16104
22797
25799
24574
20857
12306
4580
1142
2242
1018
-4384
-5980
-5092
-2590
-1013
-2578
2798
5032
7362
6920
7175
9818
8581
3746
-492
-4384
-6531
-14221
-20034
-18703
-18526
-10837
-19366
-14339
-12735
-5923
-841
-3123
4163
7366
9784
6232
4178
7186
7246
2970
-4971
-7351
-6601
-8577
-8093
-8037
556
-563
-4719
-7462
-4676
4509
6493
7096
10675
17423
20016
15212
8897
6657
3751
-1048
-2393
-355
1986
2126
-1445
1987
4789
7392
7096
6820
8959
8497
3432
-376
-4435
-5726
-14248
-18911
-19176
-17983
-10369
-20603
-13347
-13845
-4169
-81
-2547
5421
7954
10588
6475
4212
7916
7688
3495
-3691
-3225
-1890
-4543
-7832
-12206
-5372
-7437
-6771
-4292
2270
10008
5129
4198
7826
12974
14555
9020
5909
5846
3369
-1245
-2921
-1141
1637
1475
-1081
3302
5866
7790
6179
5521
7762
6884
1039
-2783
-7417
-7613
-17368
-18503
-21049
-15898
-12578
-21511
-13230
-15195
-2336
-3015
-3109
3854
6428
9047
5076
4967
9472
8416
3503
-3972
-3765
-5803
-7566
-9463
-7804
1361
-649
-59
-1904
2519
6054
562
469
3534
8186
8998
3873
3026
3632
1855
-1198
-1507
604
3474
2973
2675
7942
9627
10269
7801
7453
10043
7119
1582
-2869
-6639
-8589
-19086
-17290
-22355
-11480
-16917
-18165
-12265
-11882
1173
-4893
456
5195
8064
7889
2842
4550
7072
5168
-116
-4569
-3365
-8729
-11932
-19651
-16504
-10450
-9979
-3055
-207
10603
11701
6105
6173
5416
6800
2496
-1844
1502
2097
-1019
-6197
-5618
-2180
958
130
2171
7335
8405
8521
6558
7778
10040
3967
190
-5887
-6423
-13939
-18762
-19345
-19002
-9716
-21298
-12804
-14430
-3782
1336
-1963
6644
8815
10977
6653
2564
5554
4645
936
-5761
-4743
-3645
-6042
-8058
-11322
-2890
-4213
-2183
638
5625
13149
5887
3581
4821
6430
6806
126
-33
1875
362
-2730
-3858
567
3689
3832
1415
5088
8196
8687
8049
6389
9845
7316
1736
-2620
-6816
-8115
-18497
-16404
-22126
-10063
-16663
-16682
-11300
-9820
3928
-1773
3955
8969
11680
11244
6141
7941
11140
7768
831
-4014
-1300
-5842
-10162
-17300
-14675
-15447
-20129
-13198
-4307
13363
16477
10122
10794
12382
15790
11646
6571
7787
5057
276
-4685
-3284
-214
1451
-536
1263
6631
8150
8620
7140
8511
10652
3855
944
-5277
-4750
-13995
-15598
-19050
-13800
-9157
-19063
-9478
-13034
1216
433
-679
6128
8305
9789
5898
4087
8900
7455
1516
-6417
-5063
-6832
-11075
-16753
-18126
-6101
-1562
7601
10638
16250
19998
14343
16477
18933
18704
14834
7025
7576
7964
4288
-1535
-2676
482
3711
3153
2405
7390
9721
10284
9115
8401
12104
8270
4433
678
-1758
-4915
-14908
-13413
-18610
-5913
-17179
-12856
-11399
-6536
4053
-2843
4518
7674
10368
8988
4957
8886
11651
8753
2801
1352
4456
1440
-882
-9396
-4835
-6776
-8677
-1799
5824
20981
19378
14622
14810
14123
14489
6963
3961
5464
2173
-3432
-7411
-4214
-1273
-237
-3574
-388
3866
5591
6291
5102
7785
7950
771
-1650
-7161
-5797
-16028
-15940
-20728
-12696
-12746
-19413
-10637
-13491
1282
-2897
-818
5713
7458
7504
1726
780
5573
3731
-1746
-8147
-5689
-8499
-11930
-19736
-17436
-6879
-3799
5162
7773
15639
15656
7258
6574
5707
5929
1501
-4309
-1548
-965
-2927
-6842
-4646
-778
2021
260
757
6193
7897
8409
7319
8095
11425
5822
1635
-2914
-4268
-8647
-16614
-14964
-18111
-6525
-19633
-13121
-13767
-6582
702
-5842
2442
4642
6922
3755
98
4684
6392
2187
-5079
-6215
-6278
-12087
-12607
-14050
-2860
-3315
-5116
-1748
1494
10859
5034
1548
2757
4077
6112
1554
3062
5758
4055
-949
-2893
682
3234
3459
-53
5016
8134
9902
9027
8233
10909
10364
3125
1384
-4488
-3298
-14970
-16325
-19024
-14690
-10999
-22260
-11029
-14706
-299
-3308
-3102
5014
6720
8604
3177
3034
7657
5275
744
-5933
-3045
-5297
-9076
-12015
-13402
-6360
-11301
-6218
-983
10431
18457
13015
14402
14480
15185
10385
3742
5647
5367
1484
-5002
-4570
-1664
711
-1293
-1618
4726
6090
7531
5466
6974
10091
6161
795
-1514
-5087
-5086
-18333
-14736
-19412
-8878
-13125
-17898
-8904
-10919
3462
-3726
2863
8857
11518
11062
5504
9318
12778
9533
2513
-3428
1347
-1473
-3232
-8283
-4905
930
-3712
-332
145
10623
11760
8769
12788
13847
15003
8062
4405
6776
5329
-126
-6782
-4584
-1607
996
-1760
125
5416
6091
7385
5284
8615
9940
4315
-179
-3519
-6065
-8771
-21273
-16327
-21275
-10094
-18089
-18698
-11425
-10901
1143
-6270
2367
6456
9052
6324
1469
5247
6339
3364
-2471
-5187
-237
-4584
-5905
-10860
-8502
-8130
-13774
-7503
-701
13007
12340
7612
8939
11211
14205
9204
5962
5471
1895
-3655
-7475
-2955
-517
1097
-2145
1602
6994
8033
9152
7452
11037
10828
4876
756
-3044
-5146
-10611
-21423
-16732
-21176
-9216
-18842
-15782
-10036
-7819
2619
-3946
5779
9643
12594
9364
5895
9601
9763
6082
-367
-2185
143
-6522
-8225
-10507
564
7369
6267
10606
12750
21106
15847
10770
11500
12838
12556
5714
3571
4367
2230
-3549
-7198
-3542
-2233
-275
-3429
2348
6988
8307
9134
7865
12011
10384
5267
476
-1659
-4811
-9317
-20757
-15641
-20084
-9825
-17782
-16709
-9168
-8698
1788
-5111
3589
6940
8798
5344
1985
5352
6491
3676
-645
-1056
3006
-2879
-5896
-12277
-7767
-5396
-8017
-2062
931
10854
9854
10498
15260
16714
14248
5105
2352
4379
2825
-1787
-6261
-2217
-1307
1030
-1552
2871
7453
6626
7562
5697
10112
8497
4073
-956
-2144
-5558
-9021
-20660
-15716
-19324
-10377
-14563
-17560
-7538
-10202
1981
-4561
2175
5955
6970
4717
1154
4192
5066
1560
-3863
-8633
-9278
-18386
-21697
-24330
-19290
-11087
-5476
8693
12686
16779
9461
2908
6418
10959
12713
6813
2907
3423
1358
-2751
-7306
-2704
-1535
537
-2196
-849
5891
4157
7121
4736
8954
8652
4251
-530
-2191
-5679
-8675
-18928
-19402
-17916
-17026
-11705
-21680
-10222
-12560
-3279
-3718
-1977
5076
5838
6253
1724
3624
5079
3727
278
-3703
-1811
-5248
-11826
-14067
-11713
494
1457
5516
7044
12210
14832
8138
8493
10085
11964
8405
3203
3576
2747
394
-4944
-3611
-852
-450
417
-1472
6274
6292
7706
7641
8442
11421
6768
2807
-786
-2712
-7234
-13030
-21915
-16205
-20902
-11908
-18155
-15879
-8988
-9816
-272
-4380
4433
6819
8518
4828
2771
4125
2930
-313
-5141
-7033
-4619
-9033
-3035
-3286
-763
-2878
-9268
-4101
1448
15998
17195
14148
13344
13993
14317
9856
6593
4226
342
-4006
-6954
-2122
-2276
106
-1740
1373
7669
6053
9581
8008
12267
11224
7276
3489
1264
-2170
-6920
-14842
-18651
-14651
-17710
-8459
-18178
-8488
-8551
-3588
720
-228
7395
7989
9027
5049
5756
7162
5397
491
-6445
-8068
-9099
-13502
-13338
-14426
-4052
-787
6128
14165
21222
27606
21115
15554
11799
10543
8942
5385
5254
4176
383
-5554
-6937
-2253
-1832
1749
-1129
4807
7045
6658
8997
7772
12122
8508
5192
727
-918
-5624
-9909
-18845
-17783
-17189
-16182
-11882
-19800
-8271
-10014
-437
783
4138
10066
11297
9863
5835
5828
5919
4425
1458
-2068
-756
-5492
-12187
-14634
-14171
-4681
-3570
2096
5559
11420
14090
11429
15575
19940
20397
15198
9098
8330
6008
867
-6161
-6564
-4586
-3610
-1750
-2407
4706
4824
6388
7013
8211
11309
7035
4274
192
-841
-6346
-10648
-19710
-16005
-18184
-14038
-13573
-17901
-7732
-10422
-750
-1224
3721
8671
10273
8917
7716
8973
10311
7923
3089
-4278
-3999
-4335
1806
9430
13722
16348
7013
4950
4504
10359
13406
11087
11720
11323
8872
4899
2048
4371
3832
1270
-4165
-2274
-2226
-1006
-215
-265
7093
5411
7548
6951
8259
9915
5038
1913
-1436
-3417
-8654
-13980
-22160
-17776
-21634
-15582
-18910
-19843
-11662
-12854
-2961
-4597
1570
4990
6235
3115
966
2040
3249
2195
-2319
-7824
-8433
-14341
-14124
-12785
-6754
-316
-2305
666
2371
9265
10412
8662
10251
10206
8509
3726
1117
2986
1879
-1138
-5943
-3099
-2695
-294
-741
582
6196
4947
7283
7129
9910
10633
6212
2876
-165
-2520
-7681
-13564
-20202
-15860
-19957
-12940
-18535
-16812
-11382
-12034
-3559
-5456
1049
4185
5471
2931
1654
2087
2811
1049
-2515
-4568
-2360
-7513
-7497
-10170
-7172
-3654
-8054
-6620
-5478
2596
5276
4570
6217
6087
6362
4932
4945
7085
4018
-1522
-7210
-4185
-3358
297
469
3943
10267
9280
11641
10280
12830
13049
9036
6133
3008
-222
-5745
-11725
-17270
-12536
-16376
-8895
-14462
-11594
-6730
-6668
1318
-301
5810
8898
10451
8069
6446
5855
4853
829
-5631
-10998
-9576
-9328
-2273
2079
14186
22060
19217
18319
15813
19484
17770
15666
15901
14808
12218
6085
2371
2240
285
-2880
-6881
-4320
-5370
-3544
-4778
-2075
3279
2740
5645
5452
8151
8295
4286
1888
-923
-3373
-8832
-14236
-19937
-15429
-18741
-11302
-15782
-13352
-8028
-8469
-423
-2397
3102
5586
6170
3999
2742
3323
4236
2761
-827
-4759
-5018
-11837
-13767
-17511
-9847
2486
9323
16411
15469
18337
15628
13330
15367
16665
15355
9414
4460
4698
2796
69
-4363
-1904
-2553
-820
-1789
-217
5322
4133
6743
6822
9437
10699
6429
4342
1066
-1025
-6780
-11741
-18629
-16296
-19217
-15004
-14662
-16062
-8259
-10102
-2413
-2027
966
5352
6498
4740
2411
234
-161
-1882
-5005
-9610
-9147
-14621
-15258
-16453
-14922
-7715
-6307
-500
2857
8616
12229
11894
14306
16283
15330
12046
6373
4730
1431
-2441
-7794
-6418
-5587
-4221
-3125
-3437
3378
3570
5535
7506
8693
12074
8311
5417
2453
-175
-4871
-10085
-16473
-18804
-17304
-20164
-12782
-18952
-12102
-11468
-8896
-2506
-3146
2150
5741
5963
6097
4830
4897
4301
1825
-3649
-5330
-5209
-9299
-8061
-10183
-540
6384
9686
15126
14253
15671
9820
4451
7320
9002
9994
5834
2252
2359
-774
-4867
-7756
-6106
-6367
-4015
-5772
-1746
2322
2255
5495
6010
9001
9488
4625
3402
112
-1986
-7849
-12030
-18725
-17249
-19560
-17904
-14190
-19873
-11396
-14455
-7046
-4054
-4171
1773
3005
3144
3055
868
2886
2520
-1085
-5055
-3996
-4502
-5428
-8325
-11550
-6193
-7036
-1163
4815
9868
12712
7105
6477
9621
10999
11018
5323
4574
4300
1657
-3016
-4491
-3562
-3592
-2046
-3552
2749
4263
5058
7385
8213
11987
10426
6143
5258
1200
-970
-7969
-11227
-17494
-16390
-18869
-16353
-11301
-16206
-7695
-11058
-2353
1312
937
6915
6650
6365
4288
490
2796
1675
-1438
-6221
-7361
-9284
-12414
-11579
-2729
19113
26338
24735
16298
13377
18258
16344
16873
15828
11640
7825
2057
2614
3881
924
-3809
-5869
-4270
-3733
-2339
-3999
1773
3532
4418
6524
7365
11291
9743
5709
4452
1113
-951
-7220
-10651
-14975
-16449
-15217
-16676
-7168
-13899
-6982
-8220
-3743
3689
-304
5305
5754
6786
6721
2165
3889
3182
-3248
-9584
-7276
640
551
-5121
-15842
-11266
-7577
-1064
5992
9746
17504
14727
12154
11549
8686
7447
1416
-385
1398
-332
-3230
-6493
-3972
-3723
-1906
-3356
606
4987
4555
6756
6582
10866
11028
7419
5555
3376
1021
-3748
-10203
-11504
-17891
-16903
-20259
-15593
-11251
-15979
-9486
-12268
-1440
-340
357
5528
6327
7579
2102
-1476
143
-1181
-4354
-12761
-19334
-25138
-15695
-3052
3360
4286
-6609
-7527
-4974
7347
17174
13847
10901
8420
8348
6882
1985
2700
1711
-1222
-6546
-8074
-5142
-4917
-4029
-4867
492
3272
3229
4729
6132
11133
9439
7108
5130
4107
1577
-3296
-7054
-7606
-11964
-13268
-13630
-10312
-3322
-9952
-4987
-7008
769
2443
1270
6161
7898
8552
3730
147
779
-234
-4168
-10747
-15512
-17296
-6870
7651
15246
18713
10405
7490
9504
16482
20680
14138
9651
8837
8422
6439
734
783
1099
-1958
-6277
-8667
-5062
-5533
-5260
-5743
-1162
2479
1715
3059
5194
9724
9229
6174
5670
4210
2653
-3174
-5891
-7419
-9237
-15573
-14271
-14238
-6095
-7771
-10978
-6288
-5598
1380
-1251
889
5382
5850
2117
-1473
-1673
-1900
-8833
-16001
-18292
-9612
4535
20978
24466
18213
8578
-1054
2601
9347
15675
14067
6500
5810
6949
6656
3666
-364
901
-1404
-5040
-8851
-7547
-5818
-6704
-6473
-4293
695
1568
1079
3332
6999
9939
7796
6397
6395
4427
1542
-4057
-4577
-6520
-9040
-15233
-13047
-11685
-6010
-6598
-9657
-3507
-4075
-175
-2728
-1690
2797
301
-7167
-11672
-10700
-9614
-11780
-10298
-3782
9634
16829
16929
11907
7943
7857
1776
528
-302
1650
3518
1583
4152
6204
4411
2478
-104
2435
1734
-1806
-5089
-5159
-3112
-2983
-1500
499
4357
5207
5241
7506
10188
11949
10465
8636
8501
5530
2736
-1466
-3264
-5003
-8738
-13410
-15501
-13011
-12476
-8074
-12999
-10910
-9413
-9532
-5577
-7032
-2527
561
-598
-459
-489
566
3455
1446
-1846
-5123
-6063
-5044
470
5937
13843
16448
15413
17077
17396
18940
14149
9335
10185
8373
6278
2293
-306
1479
-1553
-4490
-7386
-6848
-6125
-5895
-5182
-2738
-31
154
1744
4363
7922
9698
8306
8020
7028
5145
2704
-857
-1762
-4499
-7446
-11724
-13412
-10629
-9661
-4305
-8907
-6630
-7060
-7511
-4185
-7216
-3012
-1750
-2814
-3299
-4152
-1281
559
-6314
-13063
-12032
3622
22717
30512
30599
30577
22106
6300
-2775
-3409
3132
6636
6333
6387
4170
2450
-194
-1261
664
-1741
-4987
-8039
-7952
-7204
-6654
-6179
-3981
-1705
-1874
-333
1929
5715
7918
6895
6979
5788
4594
2124
-211
-1542
-4007
-7668
-10845
-13996
-12516
-11341
-8783
-7115
-10887
-9360
-11304
-7866
-6322
-5440
-2490
-2446
-3156
-8131
-11796
-11258
-16103
-19956
-17785
-3358
13116
20392
18578
13258
11580
6722
3757
1749
2923
4466
2448
1662
2587
2099
560
-2344
-1078
1260
-89
-3164
-6423
-5930
-6157
-5864
-5273
-2614
-1099
-938
652
3828
7661
8664
7638
7695
6721
5781
2729
559
-1209
-4161
-7779
-10478
-13225
-12968
-12170
-11616
-8298
-13202
-11567
-12453
-9231
-5817
-6436
-3350
-1080
-555
-4389
-8153
-11590
-17988
-17498
-9251
4848
12567
9274
6946
4695
10805
11046
7310
5186
5513
10196
9777
7884
7633
5888
4077
1268
1231
3071
495
-3385
-6390
-5201
-4543
-4241
-4385
-2165
-447
-778
616
3398
7229
8235
6792
7127
6898
6434
3987
1739
927
-2016
-5270
-8481
-8643
-10534
-8809
-9514
-5930
-4876
-9194
-7125
-7778
-3503
-4010
-7096
-6258
-8065
-13349
-23315
-25201
-18318
-7999
4606
7592
8667
2646
-489
667
5144
11371
6497
2340
300
4426
8689
7220
7026
7648
6045
3759
964
2000
2913
-598
-4458
-5385
-4111
-4428
-5373
-5516
-2617
-1632
-1853
278
3438
6881
6780
6226
7801
7926
7382
4926
3470
3239
-86
-3066
-5229
-5360
-7463
-8323
-7593
-4797
-352
-4865
-4075
-4363
-4403
-4784
-10884
-10000
-8839
-10133
-12259
-21346
-23500
-14854
-6062
4095
10653
16544
15987
13702
14041
15283
13133
9461
10640
13475
16232
12390
8672
9054
8229
6406
3046
1830
2574
-168
-3803
-4506
-3298
-3859
-5331
-5890
-3342
-1245
-1925
-517
2367
5719
6612
6039
8014
9103
8390
6391
4490
4259
1889
-1973
-3976
-4764
-5547
-8721
-9841
-8410
-5318
-4486
-8343
-7054
-5743
-4135
-3581
-4994
-985
-81
-3752
-10186
-16044
-16259
-12947
-4303
8058
16397
19090
17895
19315
24571
27982
23137
13723
7476
5723
7509
6746
6255
5971
3505
742
-1614
-989
-221
-2449
-5580
-6533
-5743
-6139
-6575
-6181
-4383
-3260
-3711
-2321
726
3252
4407
5081
6782
7894
7471
6315
5887
5047
2707
-661
-2627
-3939
-5044
-7675
-9673
-8978
-7788
-6658
-7775
-9498
-8472
-8419
-7217
-6265
-6250
-3152
-4267
-5800
-9923
-14027
-13563
-9133
190
5209
4631
2348
-2146
-1613
3891
8704
11048
9440
8046
7331
6259
5031
5398
6263
5693
3099
1007
1164
163
-2133
-5044
-5685
-5352
-6125
-6488
-6407
-4973
-4745
-4384
-2797
-357
1981
2763
3613
4735
4949
4946
3934
3395
2004
-163
-2644
-4364
-5463
-6242
-7672
-9158
-9879
-9279
-7912
-6996
-7744
-9357
-9062
-10615
-9904
-11314
-9735
-7058
-6211
-4714
-7511
-12079
-14152
-9496
-125
3193
146
-7733
-12280
-8474
-539
6268
6109
4093
2769
2395
2587
3621
6491
7727
5741
2022
585
1103
995
-678
-2467
-2712
-3518
-4645
-4535
-3295
-1490
-1759
-1416
112
2522
4328
4921
6279
7304
7835
7631
7050
7086
5655
3424
947
-918
-1996
-3828
-4387
-7005
-6965
-8705
-6632
-5828
-4678
-4854
-4163
-1948
-1798
-2332
-5875
-7567
-10467
-12219
-12689
-8553
-6719
-6122
-8807
-6351
-510
6657
14262
18853
23199
22403
17672
12637
9807
10486
9232
7036
5493
4762
4355
1492
621
276
-160
-1931
-4349
-4641
-4403
-5663
-5992
-6006
-4675
-4365
-4554
-3469
-1323
447
1303
2430
3659
4828
5075
5217
5783
5661
4556
2774
1321
796
-289
-1347
-2010
-4125
-5115
-7982
-7650
-6867
-6737
-7091
-8482
-6137
-6097
-4635
-5497
-3903
-2277
-3998
-7242
-10649
-12142
-11946
-14168
-11712
-7504
-3839
-3584
-5584
-3931
-2134
-872
-180
2133
6884
10711
12542
13349
12584
11806
8265
6284
5594
5463
4067
866
-819
-1421
-2239
-3140
-3343
-2887
-2513
-3186
-2929
-1694
176
1102
2032
2816
4084
4699
5087
5453
5737
5282
4131
2406
1690
927
23
-1058
-2230
-3709
-5229
-7446
-7443
-5872
-6381
-5902
-9864
-9141
-9953
-10488
-10737
-10786
-8196
-9573
-17002
-23405
-21181
-10036
764
8369
8291
1681
-4548
-4683
3207
8197
8580
4201
2716
4987
7395
8686
8842
7952
8955
6129
4185
3754
3813
4844
2280
826
254
-714
-1332
-2057
-1906
-1265
-2333
-2398
-1695
171
1599
2490
3083
4624
5495
6050
6777
7048
7389
6425
4628
4071
2794
1946
122
-1578
-2495
-3987
-5912
-6915
-7681
-5407
-4695
-4461
-4718
-7279
-5207
-6176
-4060
-4338
-4450
-4189
-6001
-10052
-10290
-6859
-4067
-3544
-1672
-367
437
-1008
-1685
1290
4812
7854
8311
9973
11693
11119
9556
6626
6050
6250
4719
5001
3994
4304
2733
277
-637
-1455
-2157
-3218
-3972
-3645
-4111
-4656
-4482
-3249
-1540
-917
-298
582
2181
3096
4157
4998
5801
6222
5696
5196
5371
4916
4829
3868
3372
3264
2476
1749
371
-549
-2094
-3051
-3614
-5195
-5858
-8410
-6402
-3590
-120
157
-3792
-6347
-9669
-11402
-11676
-10269
-6027
-3098
-1628
-392
-93
729
985
1083
1065
734
59
1014
3368
5519
5882
5707
5800
6558
6136
5221
4877
4294
3271
1099
-529
-1429
-2612
-3704
-4835
-5118
-5021
-5547
-5120
-4588
-3320
-2257
-1634
-593
469
1593
2455
3373
4488
5259
5660
5393
5318
5281
4668
4023
3103
2784
2022
607
-776
-3155
-4625
-7519
-7152
-5851
-504
2881
2696
1118
-3887
-2942
25
9536
18721
19286
11405
2656
-1979
-538
557
1323
96
-1798
-3028
-3270
-1865
-739
-1037
-2372
-2629
-1573
-712
-524
-825
47
2240
3365
4781
4704
3922
2306
200
-407
-911
-2025
-2941
-3930
-3594
-3394
-3430
-2453
-1552
-270
428
824
1791
2606
3330
3922
4468
5306
5790
6251
6322
6910
7032
6892
6241
5230
4556
3213
1607
-487
-3428
-6280
-9096
-10032
-8448
-4804
1165
3742
1858
-1035
-3294
-1976
-1137
-267
-296
-2411
-1858
931
3628
4269
2771
2462
2832
3904
4769
4185
3339
2184
1532
1329
2227
2741
3026
3685
4236
5369
4952
4410
4697
4747
4675
3156
1464
209
-1000
-1455
-1853
-1721
-1675
-1913
-1638
-1224
-465
332
1076
1998
2798
3676
4284
5179
5895
6577
7049
6915
6867
6595
6242
5968
5414
4846
3804
2186
229
-2301
-5003
-7796
-10377
-11734
-12164
-13818
-16660
-17698
-15107
-9598
-5046
-2218
-1382
5
3379
4837
3742
2988
3233
4745
4792
3309
1543
-562
-1875
-1853
-743
656
1371
1560
3080
5059
7792
10267
10926
10340
8531
6492
5468
4671
4125
2777
900
-577
-2005
-3051
-3714
-4159
-4441
-4735
-4857
-4337
-3622
-2817
-2058
-1502
-887
-356
158
752
1283
1560
1858
2001
2057
2358
2467
2705
2837
3096
3375
3924
4573
5358
5941
5890
5155
4183
3721
2832
158
-4470
-5194
-2055
2941
2757
-1330
-5100
-7409
-5730
-4123
-2099
-460
-371
123
1067
1524
1884
858
976
774
321
-701
-1446
-1521
-1403
-1566
-1566
-1128
-957
-607
-213
155
664
259
-229
-344
-1206
-1753
-2810
-3701
-4376
-5225
-5365
-5202
-4788
-4151
-3897
-3175
-2492
-1807
-1065
-488
49
492
617
626
774
699
720
504
339
187
259
264
559
810
1229
1476
1707
2074
2100
1880
970
-357
-1831
-4085
-6885
-10139
-11716
-10972
-8427
-5066
-3625
-4907
-5711
-3851
706
4495
3842
-525
-4877
-5024
-2360
186
509
-643
-1515
-1361
-1514
-1818
-2625
-2561
-1590
-552
537
1707
2867
3876
4711
5216
5318
5405
5862
6098
5830
4780
3866
2844
1614
381
-1078
-2126
-3133
-3956
-3992
-3811
-3440
-3104
-2748
-2007
-1295
-699
-54
460
1031
1304
1563
1824
1984
2006
1966
1933
2025
2145
2186
2280
2359
2267
2087
1764
1534
1350
848
259
-702
-1482
-2540
-3478
-3884
-3903
-4274
-5288
-6712
-9017
-10386
-9162
-5105
1127
7541
10912
10309
6663
2363
-801
-1720
-704
481
982
541
379
580
603
296
-561
-1329
-1817
-1596
-369
1010
2404
2698
2376
1805
1436
1591
1549
1542
1403
1323
1349
1169
916
479
-48
-590
-1146
-1486
-2029
-2624
-3071
-3285
-3276
-3278
-3340
-3127
-2903
-2621
-2424
-2177
-1992
-1859
-1800
-1747
-1607
-1415
-1287
-990
-670
-305
117
488
1029
1476
1992
2341
2637
2906
2872
2697
2321
1879
1452
790
1
-656
-1358
-1819
-2036
-2023
-1593
-1494
-1708
-1379
-337
292
357
-1049
-1539
-1325
-1272
-1896
-4147
-5909
-6591
-6588
-5916
-5224
-4725
-3884
-2481
-712
247
-52
-1184
-1838
-1933
-1415
-909
-360
709
1587
2369
3258
4767
6336
6547
5557
4159
3146
2463
1658
731
-349
-1204
-1952
-2603
-3269
-3812
-4155
-4406
-4457
-4424
-4291
-4053
-3748
-3334
-2797
-2276
-1738
-1358
-935
-650
-353
-138
52
253
399
494
599
679
747
789
839
923
1004
1154
1173
1301
1311
1294
1261
1236
1183
1092
856
611
332
39
-113
20
798
1994
3346
4399
4755
4356
3753
3389
3542
4090
4607
4654
4154
3291
2791
2288
1723
712
-668
-2021
-3164
-3630
-3549
-3166
-2809
-2439
-1996
-1850
-1819
-1630
-998
314
1779
3343
4645
5279
4947
3952
2876
2065
1491
1213
1083
875
577
230
-171
-531
-1088
-1616
-2190
-2769
-3290
-3808
-4323
-4619
-4855
-4938
-4868
-4789
-4515
-4229
-3890
-3426
-2929
-2403
-1887
-1434
-1007
-670
-381
-59
229
526
689
898
1086
1298
1536
1758
2038
2221
2425
2449
2566
2577
2525
2439
2302
2199
2102
1941
1812
1703
1686
1748
1842
2117
2562
3195
3827
4365
4790
5092
5063
4257
3136
1972
1112
930
1477
2727
3553
3654
3124
2932
3321
3120
2409
1225
301
-209
-534
-509
-601
-832
-1038
-920
-650
-253
17
74
-50
-83
142
490
828
1295
1911
2634
3474
4459
5310
5580
5307
4586
3756
2887
1991
961
-60
-1081
-1907
-2529
-2973
-3374
-3767
-4126
-4367
-4440
-4393
-4223
-3999
-3738
-3434
-3116
-2770
-2408
-2076
-1750
-1525
-1235
-1069
-885
-756
-676
-600
-646
-707
-711
-741
-726
-778
-867
-934
-987
-1067
-1076
-1094
-1113
-1087
-1184
-1163
-1117
-1103
-1114
-1165
-1271
-1315
-1479
-1571
-1674
-1773
-1813
-1940
-2052
-2275
-2522
-2764
-3025
-3274
-3894
-4584
-4671
-3389
-1072
803
1729
1971
2651
3680
4453
4465
3550
2435
1486
920
661
336
60
-94
-187
-371
-867
-1264
-1437
-1382
-1419
-1615
-1934
-2125
-1994
-1714
-1218
-729
-384
-121
-103
-83
31
240
550
719
808
831
727
474
169
-220
-594
-961
-1288
-1512
-1663
-1793
-1886
-1951
-1908
-1752
-1560
-1385
-1194
-1015
-818
-643
-519
-335
-206
-93
-19
68
159
239
282
361
466
550
590
566
562
531
500
402
289
152
-39
-258
-490
-647
-845
-1026
-1262
-1488
-1676
-1789
-1913
-1993
-2120
-2279
-2481
-2804
-3042
-3268
-3422
-3554
-3632
-3613
-3449
-3390
-3236
-3106
-3034
-2909
-2735
-2301
-1753
-1420
-1315
-1357
-1182
-660
-2
1022
2372
3582
4253
4324
4021
3714
3311
2869
2438
2093
1909
1724
1499
1232
917
662
422
318
262
253
217
176
109
-31
-230
-409
-562
-665
-808
-974
-1089
-1198
-1261
-1309
-1282
-1224
-1146
-1142
-1081
-1068
-1016
-1019
-1053
-1103
-1125
-1169
-1260
-1288
-1383
-1403
-1408
-1404
-1363
-1358
-1300
-1221
-1080
-939
-803
-687
-601
-510
-478
-397
-329
-249
-148
-124
-110
-86
-82
-6
24
81
164
273
371
465
606
784
985
1158
1269
1194
886
457
51
-215
-292
-304
-289
-327
-418
-419
-266
93
737
1395
2038
2592
2907
2876
2424
1914
1669
1633
1676
1570
1370
1105
901
838
805
861
792
636
525
459
431
314
159
-100
-486
-975
-1450
-1571
-1254
-524
290
768
856
713
503
489
558
670
726
654
614
591
603
600
531
434
345
219
159
134
169
213
193
142
139
96
27
-64
-139
-218
-313
-436
-467
-451
-429
-409
-447
-346
-256
-142
17
157
286
383
443
507
551
565
498
455
447
388
330
170
-3
-193
-440
-703
-987
-1252
-1528
-1895
-2242
-2577
-2855
-3004
-3121
-3017
-2818
-2564
-2326
-2223
-2102
-2026
-1865
-1550
-1071
-475
240
1084
1864
2377
2422
2002
1361
725
357
295
352
361
202
1
-192
-226
-167
-170
-292
-414
-481
-437
-382
-395
-416
-542
-739
-950
-1092
-1036
-779
-460
-119
84
133
29
-88
-158
-162
-185
-214
-211
-84
103
310
515
737
948
1122
1243
1243
1168
1037
862
662
500
327
226
62
-13
-109
-257
-398
-593
-701
-733
-755
-732
-769
-932
-1036
-1134
-1152
-1169
-1230
-1308
-1412
-1523
-1608
-1741
-1895
-1995
-1991
-1776
-1429
-1097
-751
-531
-428
-420
-552
-554
-573
-586
-629
-776
-891
-1027
-1108
-1095
-1007
-943
-1057
-1303
-1645
-2007
-2278
-2372
-2031
-1378
-491
322
929
1190
1209
1093
1017
1016
988
909
769
650
489
281
76
-96
-202
-299
-424
-540
-586
-572
-554
-487
-390
-230
-174
-143
-137
-99
46
319
757
1289
1790
2223
2511
2622
2594
2411
2146
1969
1834
1739
1611
1419
1233
1086
904
784
635
556
562
582
658
703
744
753
725
650
571
418
292
186
139
130
101
79
35
-30
-84
-84
-52
3
30
-37
-106
-216
-332
-420
-527
-550
-629
-758
-899
-1072
-1220
-1402
-1564
-1601
-1469
-1194
-921
-701
-466
-214
13
206
306
331
331
331
460
755
1127
1599
1973
2375
2751
3100
3351
3362
3221
2982
2739
2525
2345
2202
2052
1900
1719
1480
1147
706
199
-361
-893
-1289
-1470
-1484
-1486
-1551
-1612
-1648
-1614
-1508
-1295
-1076
-824
-613
-440
-323
-286
-302
-310
-232
-110
93
298
464
555
649
731
771
830
888
902
862
759
626
478
340
231
137
29
-51
-122
-179
-191
-156
-154
-190
-305
-453
-603
-645
-587
-547
-526
-613
-670
-729
-759
-794
-882
-926
-915
-905
-809
-710
-603
-463
-389
-292
-305
-386
-518
-608
-645
-623
-564
-456
-319
-228
-148
-112
-22
90
217
449
759
992
1126
1079
953
850
750
699
638
556
429
273
196
217
225
258
177
81
17
-24
36
177
357
475
493
392
297
191
116
119
199
331
514
687
890
1001
1019
963
864
869
898
921
904
864
865
916
995
1100
1183
1237
1319
1454
1716
1972
2182
2319
2307
2156
1864
1446
1062
819
731
802
927
1076
1226
1328
1387
1367
1360
1372
1417
1460
1492
1536
1549
1508
1433
1353
1331
1476
1748
2049
2257
2311
2254
2129
1957
1793
1649
1536
1475
1452
1405
1377
1282
1147
1038
902
772
656
534
415
331
199
81
-67
-207
-256
-306
-306
-353
-401
-400
-449
-436
-419
-390
-395
-450
-530
-612
-740
-891
-1032
-1116
-1148
-1115
-1029
-924
-773
-610
-429
-308
-194
-156
-114
-23
91
251
429
547
594
550
498
478
445
431
371
301
226
153
110
49
-6
-74
-148
-232
-311
-376
-451
-477
-507
-479
-442
-426
-380
-377
-381
-355
-327
-270
-199
-139
-105
-135
-197
-266
-343
-452
-594
-718
-802
-836
-837
-796
-761
-733
-691
-636
-586
-561
-550
-567
-577
-567
-459
-295
-60
204
431
605
729
806
889
955
1088
1285
1445
1611
1722
1844
1988
2120
2245
2372
2515
2662
2780
2907
2995
3037
3030
2958
2871
2797
2678
2478
2221
1864
1512
1180
893
628
363
121
-112
-287
-440
-605
-707
-832
-915
-990
-1024
-1016
-1003
-905
-707
-417
-169
13
93
151
171
171
198
227
281
269
198
88
0
-77
-153
-225
-278
-285
-221
-168
-121
-149
-269
-400
-507
-543
-532
-493
-457
-392
-318
-191
-91
12
119
207
320
392
474
497
526
527
515
510
481
458
416
359
283
162
17
-75
-148
-191
-243
-310
-388
-478
-572
-621
-693
-773
-859
-906
-912
-894
-848
-795
-763
-786
-809
-831
-763
-626
-437
-200
9
193
350
430
431
360
257
175
134
131
115
153
232
322
389
433
448
465
458
427
367
265
195
98
3
-95
-185
-254
-290
-300
-313
-296
-299
-292
-279
-298
-328
-416
-512
-542
-606
-594
-566
-479
-318
-141
45
187
270
316
361
394
409
367
293
157
37
-64
-132
-187
-211
-230
-244
-230
-219
-189
-177
-168
-122
-56
6
76
119
183
308
475
679
898
1081
1245
1333
1368
1372
1382
1367
1336
1269
1190
1125
1046
942
825
721
630
554
463
383
330
305
302
291
259
224
188
160
96
66
68
55
20
-69
-166
-242
-310
-369
-447
-498
-563
-626
-680
-730
-724
-715
-680
-595
-520
-398
-284
-189
-59
24
95
149
237
333
444
558
652
767
902
1042
1211
1357
1438
1468
1498
1571
1653
1746
1807
1880
1970
2031
2098
2089
2090
2031
1937
1846
1763
1674
1533
1348
1141
960
779
644
506
416
330
250
180
143
107
101
143
208
287
312
299
290
291
313
352
399
445
455
421
393
335
295
207
91
8
-73
-122
-219
-305
-372
-445
-501
-578
-657
-708
-776
-788
-823
-820
-790
-792
-745
-659
-584
-520
-499
-507
-537
-547
-597
-637
-665
-736
-792
-872
-850
-818
-788
-737
-700
-602
-547
-501
-412
-332
-215
-69
45
147
268
356
430
438
386
324
225
116
38
-77
-170
-286
-376
-416
-468
-497
-537
-565
-593
-594
-569
-539
-524
-490
-443
-386
-281
-180
-72
20
125
221
296
357
392
430
468
511
552
583
618
622
625
643
645
657
655
667
688
699
676
657
631
589
569
516
490
444
376
324
274
226
239
257
299
368
437
503
564
611
660
722
756
743
736
745
757
779
794
818
844
924
980
1041
1064
1019
950
908
888
885
874
858
859
843
778
675
611
544
495
428
363
272
190
138
116
89
65
42
-8
-59
-97
-120
-95
-60
-46
-37
-43
-50
-77
-91
-72
-22
30
58
87
108
176
259
322
426
465
509
525
576
617
608
520
362
231
112
27
-39
-41
-16
26
36
34
39
45
80
127
175
237
302
410
521
618
701
761
785
812
832
785
711
628
549
479
452
434
431
389
313
243
190
170
116
77
-14
-89
-152
-227
-267
-315
-352
-365
-371
-364
-324
-301
-272
-246
-238
-245
-264
-287
-308
-317
-341
-356
-364
-356
-329
-293
-270
-218
-159
-120
-85
-85
-102
-132
-153
-150
-100
-22
46
93
132
172
243
316
360
395
398
387
367
354
364
375
365
357
316
255
196
122
91
51
20
17
8
-29
-52
-63
-17
48
98
131
133
162
195
212
177
127
79
62
71
78
79
75
99
94
69
28
-33
-89
-129
-159
-156
-141
-145
-144
-135
-140
-123
-78
-25
38
89
167
204
199
203
195
210
191
128
64
1
-81
-143
-226
-309
-354
-387
-381
-378
-340
-278
-248
-176
-132
-110
-65
-92
-61
-81
-90
-90
-109
-116
-155
-170
-183
-150
-126
-92
-3
64
153
192
184
173
113
55
2
-86
-175
-296
-406
-490
-529
-554
-599
-673
-738
-795
-828
-800
-764
-722
-683
-641
-564
-471
-391
-316
-273
-232
-164
-105
-81
-57
-58
-57
-71
-76
-84
-85
-68
-51
-29
-38
-41
-44
-72
-131
-202
-305
-431
-540
-637
-711
-791
-859
-904
-877
-858
-797
-673
-482
-243
-28
188
362
492
550
549
575
566
570
572
530
505
427
337
273
202
175
142
107
45
-26
-80
-155
-212
-244
-281
-226
-189
-119
32
155
310
381
443
492
525
580
621
670
721
745
757
734
699
692
679
698
708
688
628
566
491
452
409
374
374
370
358
310
248
201
154
85
23
-57
-121
-127
-112
-59
24
142
240
350
407
425
417
383
356
303
261
241
220
224
183
114
11
-123
-228
-292
-324
-312
-265
-206
-87
52
208
341
461
566
641
697
727
739
738
675
571
451
354
294
264
224
175
135
106
129
150
192
213
261
341
403
471
525
592
652
693
703
704
724
735
730
709
689
677
684
669
633
577
550
549
515
466
394
351
303
259
232
180
139
87
38
30
47
72
113
131
114
105
111
96
88
59
28
-6
-52
-91
-158
-197
-211
-209
-196
-213
-261
-283
-308
-299
-301
-329
-342
-349
-319
-270
-227
-181
-127
-73
1
55
115
166
213
284
334
382
413
429
416
373
363
367
372
344
308
256
183
107
58
33
10
-28
-54
-88
-142
-169
-187
-184
-168
-136
-124
-116
-135
-141
-139
-150
-155
-202
-229
-254
-273
-285
-331
-354
-395
-402
-396
-367
-312
-278
-232
-194
-151
-125
-117
-98
-93
-70
-50
-42
0
31
58
83
90
101
107
126
145
178
204
200
171
106
43
-5
-11
5
-22
-76
-162
-227
-294
-351
-383
-425
-449
-465
-475
-488
-452
-415
-364
-286
-216
-157
-119
-111
-127
-188
-213
-207
-203
-169
-169
-167
-139
-100
-60
-30
-31
-22
-7
-8
19
18
-2
-39
-80
-122
-159
-157
-168
-176
-197
-201
-212
-230
-243
-232
-213
-220
-218
-211
-191
-214
-230
-265
-278
-232
-158
-80
-22
14
61
102
114
154
200
223
267
288
261
219
178
182
221
236
223
197
178
181
176
154
106
78
73
70
77
79
76
92
97
89
120
154
237
322
384
410
435
442
460
490
478
470
459
445
441
401
359
327
310
332
350
346
333
300
243
228
204
192
167
167
184
160
147
112
93
100
97
85
66
42
47
43
35
37
44
53
58
62
70
102
127
149
168
159
162
196
221
215
194
175
197
217
240
245
239
244
225
236
227
228
203
150
94
30
-3
-52
-87
-116
-120
-135
-148
-163
-168
-182
-186
-177
-174
-177
-193
-185
-149
-62
13
64
102
137
182
263
323
365
399
422
439
455
456
441
425
407
408
402
400
426
457
472
483
470
443
438
425
454
471
457
428
394
383
392
433
435
447
457
463
495
484
466
448
420
414
430
445
437
439
426
384
346
332
349
369
385
389
380
354
343
351
348
335
342
335
354
344
329
299
279
264
243
241
240
226
229
227
229
234
225
219
195
178
155
129
90
43
-11
-38
-62
-99
-129
-138
-159
-159
-148
-106
-36
38
129
200
247
279
311
357
393
440
471
487
477
457
434
421
404
368
350
317
300
293
282
263
268
274
276
274
267
268
270
276
253
221
185
152
109
100
89
101
135
145
151
157
155
181
200
219
221
195
191
221
255
297
336
358
406
410
393
385
381
401
417
396
365
333
309
303
294
245
214
188
196
218
251
268
262
248
245
227
219
243
246
256
240
250
272
301
343
387
399
424
462
503
534
529
520
511
487
464
431
380
344
298
266
202
161
125
113
118
110
90
81
106
150
205
235
273
282
306
358
416
470
499
512
547
607
637
666
676
675
671
661
636
600
560
507
474
437
394
366
339
328
312
302
307
322
317
324
313
316
328
345
372
383
402
396
383
362
346
346
338
343
326
311
276
287
332
342
345
306
292
297
338
372
393
409
400
380
350
322
270
250
224
211
233
255
264
289
289
273
263
279
295
288
288
301
310
291
243
205
208
225
218
188
166
139
111
83
38
12
-6
-33
-35
-39
-40
-49
-36
-28
-17
-5
1
13
13
18
-5
-32
-63
-58
-37
-1
48
57
57
40
22
16
2
-33
-33
-40
-46
-87
-152
-189
-212
-204
-225
-226
-234
-220
-193
-205
-247
-262
-264
-232
-195
-188
-191
-204
-217
-222
-183
-138
-113
-90
-48
-8
22
47
44
41
37
33
32
24
15
-7
-23
-31
-44
-68
-101
-113
-127
-113
-95
-114
-122
-132
-127
-113
-87
-19
42
79
70
50
56
55
75
79
61
40
22
1
3
22
33
27
6
-32
-58
-59
-61
-77
-109
-165
-197
-183
-187
-191
-214
-209
-187
-150
-148
-144
-147
-145
-132
-130
-132
-100
-57
-31
-47
-78
-92
-112
-68
-34
-13
-13
-36
-54
-59
-48
-26
3
10
5
-9
-30
-34
-44
-52
-67
-58
-27
6
31
29
9
-20
-59
-64
-45
-12
11
-11
-34
-42
-33
-5
25
23
-13
-51
-75
-89
-74
-60
-49
-41
-41
-52
-94
-115
-118
-102
-46
-32
-18
-4
25
71
80
70
30
16
6
-6
4
3
-16
-50
-69
-44
-6
40
62
43
24
-5
19
72
119
144
147
143
137
128
143
129
116
83
62
84
100
123
120
100
89
98
95
78
43
10
-2
30
73
107
137
129
122
116
113
127
142
143
133
113
105
65
62
50
51
59
60
53
42
51
59
94
115
107
106
126
136
158
172
171
194
211
243
222
210
186
189
224
224
225
220
245
248
224
206
184
138
146
159
169
192
190
183
166
165
149
153
170
170
196
187
169
157
142
173
190
190
197
195
211
227
241
270
249
236
248
255
273
292
283
273
258
232
248
260
290
307
268
241
222
195
189
188
199
196
211
221
204
197
187
191
204
220
225
230
245
245
238
237
239
248
257
277
282
274
255
227
226
274
291
292
306
290
318
343
370
378
370
355
358
343
311
286
272
277
289
285
281
267
254
260
248
258
253
281
323
364
354
303
263
244
253
285
288
268
249
240
276
312
317
290
258
237
240
243
255
242
240
255
274
290
277
265
257
273
247
258
275
295
323
325
310
300
316
354
411
425
444
453
443
454
451
461
517
578
617
630
594
537
521
537
567
575
552
487
441
443
463
498
489
463
440
417
413
421
401
380
372
375
388
431
469
471
488
487
498
516
528
534
533
518
484
451
434
439
448
471
475
479
491
493
511
540
568
574
553
511
488
461
470
499
511
487
446
416
405
418
429
447
441
439
452
473
492
505
515
526
524
508
488
469
447
438
435
449
446
439
425
423
419
421
419
380
362
361
396
413
434
441
449
486
529
555
536
510
476
454
451
446
441
431
408
393
403
437
468
494
478
450
437
413
399
392
399
397
392
400
381
377
382
404
439
426
393
352
340
331
333
337
306
280
256
256
238
217
223
240
246
222
213
221
239
249
238
219
193
195
204
198
194
209
220
200
210
218
262
295
302
315
307
282
277
277
282
300
335
359
370
358
318
341
367
393
389
365
328
300
310
319
344
326
306
313
289
281
232
215
243
259
274
247
230
199
193
192
177
186
170
178
168
182
170
171
194
203
221
212
205
190
180
170
116
93
51
40
62
76
81
88
111
114
146
169
205
204
192
196
223
228
207
190
175
159
177
191
174
148
128
138
138
152
135
118
131
140
126
125
115
108
114
111
105
59
37
27
27
30
23
20
22
22
15
32
52
69
60
43
40
26
27
34
24
42
52
79
83
64
42
13
16
23
26
32
-8
-16
-14
-21
-1
-13
-9
-25
-39
-31
-9
-3
-1
-20
-38
-28
-12
15
31
43
39
40
54
31
24
-5
-25
-8
3
30
44
53
52
29
24
12
16
27
31
35
31
27
34
21
25
35
16
22
31
9
-42
-84
-95
-98
-104
-111
-115
-117
-120
-120
-113
-126
-133
-115
-89
-76
-80
-88
-108
-93
-90
-91
-102
-109
-110
-109
-119
-125
-118
-95
-55
-55
-50
-65
-83
-81
-89
-98
-106
-130
-130
-111
-89
-103
-122
-143
-138
-100
-77
-61
-83
-110
-135
-161
-173
-149
-123
-109
-90
-119
-118
-111
-100
-68
-69
-82
-91
-76
-44
-36
-27
-51
-85
-100
-112
-99
-98
-97
-105
-106
-99
-114
-116
-121
-134
-123
-127
-142
-159
-183
-158
-130
-132
-125
-142
-153
-157
-136
-134
-145
-172
-193
-183
-177
-172
-170
-170
-181
-150
-140
-135
-131
-147
-155
-149
-122
-106
-112
-116
-135
-162
-158
-153
-153
-139
-133
-106
-105
-133
-151
-137
-136
-133
-120
-120
-137
-169
-188
-192
-181
-149
-93
-98
-129
-176
-243
-247
-223
-206
-183
-188
-207
-183
-166
-157
-168
-190
-191
-193
-180
-174
-187
-213
-232
-227
-195
-188
-214
-257
-286
-308
-324
-346
-329
-316
-306
-287
-303
-309
-301
-289
-253
-224
-204
-199
-183
-158
-145
-137
-156
-157
-171
-187
-200
-201
-217
-223
-225
-233
-239
-237
-218
-213
-213
-216
-242
-270
-274
-279
-274
-269
-274
-289
-304
-289
-276
-260
-240
-264
-274
-288
-280
-274
-270
-287
-309
-315
-311
-275
-263
-284
-301
-316
-334
-346
-336
-318
-331
-325
-335
-339
-330
-333
-331
-342
-337
-367
-382
-386
-379
-365
-352
-352
-366
-363
-371
-356
-319
-307
-314
-322
-348
-332
-324
-299
-283
-298
-287
-289
-291
-304
-295
-284
-264
-232
-205
-202
-267
-308
-340
-334
-301
-308
-324
-343
-365
-376
-371
-365
-370
-395
-395
-379
-356
-355
-351
-368
-382
-392
-400
-407
-424
-431
-426
-429
-433
-443
-449
-412
-377
-338
-319
-330
-351
-342
-324
-297
-284
-280
-267
-285
-298
-305
-298
-293
-276
-258
-258
-260
-270
-260
-226
-169
-154
