0
5.55139
3.0033
2.10786
2.04753
1.11422
-0.222675
0.128811
-0.154843
-0.146001
-0.155536
-0.00663843
-0.0260239
0
5.74045
3.25724
2.15666
2.0996
1.01116
-0.178761
-0.00582131
-0.47751
-0.147515
-0.166239
-0.0177548
-0.0403006
0
5.94183
3.025
2.00722
2.0534
1.38411
-0.324042
-0.387008
-0.419932
0.204767
-0.214766
-0.0460834
-0.0484785
0
5.94322
2.6665
1.74437
2.27427
1.19832
0.100602
-0.278779
-0.632342
0.16732
-0.183749
-0.0303685
-0.0685864
0
5.99919
2.91931
1.7313
1.98034
1.30363
0.0903498
-0.442438
-0.407086
-0.0890853
-0.162294
-0.0187137
-0.0624624
