SAMPLES:	9351
BITSPERSAMPLE:	16
CHANNELS:	1
SAMPLERATE:	16000
NORMALIZED:	FALSE
139
182
245
230
197
191
122
80
21
-35
-12
-93
-148
-120
-118
-32
-56
-47
2
66
41
-39
-63
-83
-138
-234
-230
-228
-193
-174
-229
-295
-268
-187
-138
-179
-171
-154
-122
-109
-129
-99
-150
-145
-167
-146
-11
-21
-16
13
-19
7
-22
-58
-32
-7
13
25
-55
-56
-79
-65
-22
-48
-52
-74
-45
-41
-90
-11
7
-1
54
28
15
23
12
49
6
53
32
-44
-102
-89
-58
-74
-29
-63
-57
-60
-23
32
49
25
4
5
-4
-7
-9
-18
-13
39
58
137
187
176
124
50
-14
-53
-22
104
231
244
177
90
100
180
206
139
118
69
51
177
216
193
109
85
103
104
90
20
-9
15
-37
-16
23
-24
2
11
-67
-161
-158
-190
-168
-132
-252
-361
-344
-270
-265
-253
-266
-295
-178
-235
-401
-393
-289
-239
-251
-316
-283
-209
-267
-345
-406
-446
-456
-392
-338
-269
-343
-417
-420
-370
-296
-231
-153
-193
-189
-183
-166
-52
-70
-113
-180
-175
-176
-217
-285
-344
-384
-363
-305
-213
-133
-141
-214
-250
-290
-255
-186
-159
-75
-17
-9
-62
-42
-78
16
121
81
31
-32
-84
-159
-185
-218
-222
-265
-324
-301
-308
-248
-205
-118
-63
50
62
7
-9
21
47
23
7
-28
-27
10
85
14
-29
-110
-132
-63
-71
-46
-77
-71
-8
76
114
54
74
102
26
8
-47
-57
-68
-13
59
97
149
118
127
88
105
26
-121
-167
-93
-6
-18
-96
-191
-172
-88
-2
11
-36
-68
47
34
37
66
-23
-6
8
55
140
140
101
-45
-73
-45
26
70
17
-27
43
165
139
99
18
-3
60
136
130
110
111
166
220
253
281
257
158
92
47
-26
-40
27
113
114
102
89
-11
-9
26
52
119
121
38
-14
95
205
261
322
311
273
324
224
155
135
129
238
221
236
244
191
86
95
123
109
133
180
145
171
209
190
249
231
183
166
210
219
311
280
174
110
143
200
160
128
123
166
138
104
145
227
233
215
217
204
181
277
348
358
322
260
314
380
431
354
317
262
299
355
319
268
317
331
272
260
153
151
181
180
196
160
185
168
145
76
16
-19
12
100
122
95
4
7
82
120
64
90
95
89
26
-80
-78
7
131
297
320
242
241
193
185
227
142
120
73
-6
-41
13
44
8
11
-89
-109
-69
-80
-20
-57
-52
-122
-147
-145
-31
87
109
132
43
87
109
56
-24
-8
-9
-51
-10
27
108
117
38
-33
-6
63
200
212
114
133
164
208
203
113
50
17
-10
-66
-161
-98
-52
-15
40
4
-71
-61
22
22
44
-1
-122
-159
-129
-72
24
138
134
177
260
240
209
113
82
118
140
222
199
202
158
142
122
59
20
-112
-63
15
21
16
-63
-85
-35
30
79
7
-26
13
-44
-77
-21
-50
4
-24
-131
-114
-98
-13
24
54
52
37
-4
-84
-14
-42
-103
-115
-77
-36
28
153
196
260
234
204
140
168
209
169
200
219
215
206
204
222
294
263
159
89
10
16
86
104
24
-77
-106
-22
8
103
171
152
137
107
214
179
153
88
55
122
170
218
150
106
66
106
159
171
139
124
123
159
171
100
162
238
271
242
189
152
211
242
166
118
25
27
32
0
31
59
42
43
62
89
125
191
149
19
-52
-70
-64
-71
-96
-82
46
81
23
-9
63
123
227
142
85
100
44
-58
-150
-139
-66
7
-17
-45
18
-5
-51
-58
-10
80
112
35
-116
-112
-12
-5
56
127
104
80
-11
-32
-39
-80
-115
-124
-85
-52
22
-15
-71
-131
-91
2
45
34
8
-33
-52
2
14
-98
-200
-180
-94
58
61
109
68
26
-2
-71
-13
80
31
-31
-15
-57
-91
-132
-132
-81
41
87
7
-129
-240
-249
-152
-77
45
72
10
-12
-51
-75
-39
40
-36
-42
-48
-71
-15
28
1
12
33
78
121
97
43
-11
120
108
63
-62
-66
44
193
313
226
119
118
159
128
75
-64
-138
-93
-43
-52
-86
-73
6
169
221
219
128
87
29
34
31
-17
47
46
106
90
75
26
50
119
75
68
42
121
172
191
65
-8
-29
10
-23
-52
-153
-192
-140
-191
-192
-235
-249
-325
-211
-130
-71
-143
-231
-257
-259
-261
-328
-424
-408
-383
-326
-195
-185
-93
-81
-156
-212
-201
-161
-140
-127
-127
-104
-115
-146
-131
-125
-83
-58
-56
-67
-64
-11
-42
-89
-22
81
83
-54
-163
-190
-81
75
59
10
17
70
191
222
141
25
-64
-112
-74
-1
6
16
3
49
18
-42
8
-30
-86
-55
1
17
30
46
-36
-38
37
48
-24
-90
-145
-167
-113
-74
-147
-150
-129
-105
-22
-54
-103
-105
-95
-103
-81
-65
-159
-222
-271
-253
-234
-248
-194
-154
-103
-59
-140
-373
-410
-304
-201
-246
-282
-268
-224
-178
-158
-145
-184
-137
-199
-309
-366
-399
-375
-278
-234
-230
-215
-200
-137
-184
-121
-151
-244
-248
-239
-182
-156
-134
-137
-119
-159
-97
-93
-112
-179
-244
-278
-368
-303
-213
-171
-140
-123
-174
-170
-176
-183
-112
-54
-10
-27
-3
62
72
51
37
-39
-24
-3
-41
-165
-285
-278
-241
-178
-71
-33
-109
-159
-213
-217
-165
-135
-108
-20
47
9
-80
-99
-54
-82
-70
-99
-128
-130
-198
-303
-342
-363
-313
-219
-274
-218
-140
-127
-84
-154
-146
-45
-37
-124
-183
-196
-133
-38
-11
-17
-15
-68
-84
-57
-162
-217
-210
-230
-294
-253
-250
-305
-346
-283
-232
-156
-88
-65
-80
-121
-124
-155
-198
-237
-183
-133
-169
-179
-145
-73
-34
-17
-105
-194
-202
-168
-102
-116
-258
-279
-239
-168
-95
-73
-67
-136
-167
-133
-90
-34
-20
-49
-78
-99
-182
-238
-235
-165
-86
-79
-111
-80
-64
-34
1
-113
-221
-229
-255
-280
-241
-272
-288
-256
-109
36
34
-67
-160
-131
-30
-7
-106
-208
-160
-113
-15
31
51
88
105
31
-28
-29
-85
-49
-1
99
168
146
129
60
58
85
40
57
19
-64
-95
-101
-54
25
-27
0
-37
-34
-138
-221
-188
-65
5
-20
-65
-115
-107
-95
-93
-99
-88
-85
-67
-72
-7
-15
1
-30
-56
-105
-156
-144
-124
-38
-49
-123
-232
-274
-233
-161
-111
-9
35
72
8
-105
-80
-16
1
-5
-19
-6
-11
24
80
102
87
77
69
-47
-10
-47
5
72
129
162
106
116
75
156
188
142
149
101
51
58
17
-69
-108
-57
-53
-78
-98
-120
-65
-58
-54
-65
-65
-49
-64
-36
5
-3
4
-10
-14
-32
-63
-63
-91
-109
-21
77
-9
-65
-136
-156
-107
-75
-3
61
138
90
7
-36
-112
-146
-203
-113
-100
-111
-138
-238
-252
-191
-89
-115
-163
-246
-275
-227
-186
-134
-121
-125
-98
-170
-265
-317
-333
-290
-238
-184
-169
-200
-150
-115
-92
-58
-105
-128
-162
-112
-127
-129
-84
-103
-120
-111
-66
-21
-2
84
85
81
19
-47
-1
53
20
-40
-76
-13
134
182
242
226
199
221
174
163
109
117
125
115
116
114
178
244
320
260
212
153
136
214
203
216
198
130
116
122
197
249
202
166
165
182
250
246
211
209
196
280
303
257
156
147
172
143
65
54
47
102
134
108
93
98
94
56
37
-13
-28
-46
8
107
151
152
114
147
223
255
191
87
85
158
258
283
225
189
277
379
447
422
420
336
300
243
163
231
233
230
193
116
34
-36
-37
23
48
60
132
89
81
65
39
6
52
159
86
41
-13
-3
50
111
163
177
159
79
-46
-64
21
92
138
65
8
33
75
144
202
248
300
242
189
124
94
32
28
45
47
65
3
14
101
215
242
231
177
109
91
144
61
-2
25
65
104
98
111
102
83
67
77
172
113
8
-14
40
119
31
-54
-73
33
118
97
95
165
143
104
65
112
196
241
122
29
-39
-35
81
138
221
220
215
276
260
243
239
248
238
219
147
135
210
306
389
415
434
461
494
464
348
290
318
347
388
455
462
471
352
296
341
353
377
337
313
282
295
239
126
92
51
-50
-98
-81
-41
57
137
104
99
20
64
210
199
148
48
25
5
-23
-85
-110
-45
-29
-5
-32
-35
3
5
-28
-33
-17
72
139
83
-1
-33
-58
-24
107
145
113
-36
-207
-166
-108
-122
-152
-185
-153
-74
-31
42
14
18
-12
-68
-87
-64
-10
-34
-19
20
-9
37
-13
-19
30
102
191
121
18
-38
-75
-32
-17
-28
-96
-165
-145
-70
-35
-9
-61
-162
-181
-165
-52
-5
-9
-30
-105
-174
-236
-213
-159
-133
-230
-292
-279
-169
-79
-111
-136
-67
-36
-93
-130
-147
-146
-83
-77
-87
-30
53
94
63
108
217
261
148
74
94
134
209
221
149
67
50
13
55
135
103
-6
-51
-32
44
57
25
-16
-37
24
-15
-6
-17
21
75
101
180
110
55
23
31
66
79
95
89
113
59
60
63
28
46
59
72
40
35
-7
-66
-60
-31
-23
-60
-113
-107
-131
-124
-95
-104
-123
-174
-181
-58
-7
-4
-26
-150
-218
-240
-251
-252
-185
-118
-156
-156
-218
-246
-207
-201
-274
-315
-276
-258
-232
-252
-327
-369
-428
-416
-355
-282
-220
-105
-61
-128
-200
-365
-442
-457
-425
-435
-382
-390
-347
-268
-301
-343
-308
-286
-333
-365
-402
-430
-396
-380
-391
-350
-328
-310
-337
-298
-288
-319
-447
-485
-461
-403
-414
-382
-374
-384
-306
-282
-194
-133
-189
-251
-211
-277
-310
-310
-271
-251
-232
-276
-247
-202
-221
-219
-319
-366
-372
-336
-301
-251
-206
-224
-228
-253
-278
-267
-299
-266
-300
-297
-239
-80
24
-37
-147
-268
-313
-279
-215
-244
-258
-219
-222
-166
-185
-241
-196
-88
-56
-174
-297
-320
-264
-235
-192
-170
-127
-111
-190
-195
-220
-158
-138
-222
-241
-181
-94
-36
-152
-245
-258
-135
-46
-150
-277
-334
-302
-179
-186
-250
-279
-268
-182
-141
-132
-152
-136
-167
-263
-331
-342
-304
-220
-146
-144
-160
-189
-184
-298
-316
-287
-257
-226
-349
-404
-444
-365
-257
-273
-318
-417
-469
-424
-398
-351
-400
-375
-311
-291
-328
-390
-320
-351
-472
-495
-531
-544
-500
-533
-522
-549
-542
-539
-562
-493
-503
-455
-469
-540
-582
-519
-517
-539
-564
-706
-639
-469
-359
-311
-319
-386
-456
-471
-427
-492
-493
-444
-425
-383
-418
-444
-466
-410
-449
-429
-465
-488
-362
-349
-356
-393
-418
-429
-405
-367
-303
-422
-542
-540
-306
-86
-57
-184
-320
-298
-238
-160
-177
-167
-296
-326
-273
-270
-254
-323
-419
-433
-331
-244
-180
-118
-75
-97
-85
-178
-263
-258
-296
-301
-314
-263
-226
-201
-190
-105
-123
-73
-102
-89
-101
-139
-76
-159
-196
-200
-130
-104
-72
-123
-102
-74
-16
36
51
67
34
29
51
48
53
-30
-115
-175
-162
-60
-22
-46
-144
-121
-80
-127
-153
-144
-125
-65
-85
-80
-74
-117
-100
-97
-116
-278
-367
-351
-361
-419
-496
-516
-488
-441
-375
-401
-464
-455
-425
-383
-280
-219
-252
-267
-236
-250
-350
-413
-424
-312
-247
-244
-268
-309
-303
-197
-137
-161
-158
-197
-294
-318
-331
-370
-397
-442
-453
-379
-249
-223
-181
-197
-267
-351
-429
-465
-372
-313
-334
-354
-289
-195
-185
-254
-197
-205
-187
-171
-182
-49
34
41
-77
-193
-216
-241
-174
-132
-95
-148
-24
-6
-77
-39
-73
-35
-49
-75
-143
-132
-111
-120
-176
-146
-19
54
113
58
58
85
83
86
21
-61
-82
-92
-100
-40
-122
-198
-222
-212
-291
-321
-349
-366
-260
-221
-199
-213
-171
-135
-82
-143
-207
-188
-168
-95
-47
-31
-52
57
115
85
127
89
88
65
5
-60
-129
-231
-165
-39
10
19
-37
0
-48
-18
-13
-176
-253
-186
-72
-33
-65
-154
-281
-298
-216
-196
-192
-255
-324
-283
-282
-231
-220
-306
-313
-346
-299
-312
-387
-368
-254
-59
-42
-58
-118
-202
-188
-224
-313
-395
-366
-298
-205
-140
-173
-234
-299
-279
-268
-331
-365
-430
-490
-484
-471
-430
-420
-365
-343
-399
-420
-353
-294
-284
-197
-190
-196
-158
-206
-247
-260
-201
-98
5
-46
-147
-159
-179
-105
-36
-106
-106
-66
-20
48
98
97
28
20
47
53
63
-31
-79
6
44
19
-25
-45
61
184
156
137
95
20
-34
-51
-26
-34
-31
-66
-42
11
42
50
27
-17
109
135
101
96
165
235
256
211
52
29
66
103
156
104
96
116
77
30
-47
-57
-101
-147
-200
-210
-233
-215
-197
-181
-219
-274
-223
-211
-278
-301
-346
-418
-367
-323
-334
-343
-244
-194
-154
-186
-233
-139
-40
64
-7
-167
-345
-376
-189
4
29
-16
-131
-131
-55
9
117
98
-41
-117
-153
-52
124
150
143
68
94
158
200
205
179
136
148
221
277
338
287
263
357
434
445
452
493
540
654
637
557
547
596
695
692
643
632
686
663
696
633
544
540
524
481
415
400
361
332
314
290
237
170
35
-60
-99
-156
-240
-325
-474
-607
-666
-736
-721
-819
-940
-1069
-1192
-1344
-1368
-1429
-1537
-1664
-1805
-1985
-2170
-2204
-2292
-2300
-2318
-2462
-2668
-2745
-2637
-2500
-2468
-2507
-2621
-2642
-2580
-2386
-2112
-1940
-1821
-1731
-1560
-1253
-959
-772
-609
-473
-273
13
347
617
924
1072
1261
1423
1643
1916
2211
2439
2563
2689
2805
2990
3167
3272
3319
3398
3474
3539
3571
3545
3485
3378
3329
3241
3133
3129
3027
2928
2854
2736
2666
2634
2479
2283
2129
1992
1866
1764
1690
1568
1398
1172
940
720
503
262
72
-166
-387
-575
-736
-847
-1093
-1474
-1779
-2005
-2304
-2503
-2776
-3061
-3383
-3721
-3969
-4278
-4601
-4989
-5226
-5475
-5834
-6206
-6577
-6312
-5391
-4358
-4310
-5390
-6489
-6336
-4531
-2695
-2152
-3020
-4031
-3970
-2775
-1074
130
205
-683
-1520
-1125
665
2471
2985
2056
871
790
2117
3775
4597
4032
2765
1944
2290
3510
4429
4208
3031
1870
1747
2649
3656
3624
2504
1220
808
1511
2573
2938
2354
1229
446
426
1075
1646
1444
643
-38
-59
571
1357
1444
918
219
-84
246
928
1505
1600
1127
664
589
905
1310
1421
1169
773
693
937
1214
1303
1173
917
771
895
1161
1438
1518
1322
1065
865
807
1004
1125
1052
959
711
579
565
552
392
143
-100
-387
-470
-524
-641
-834
-1219
-1742
-2267
-2560
-2853
-3117
-3498
-4119
-4736
-5027
-4815
-3981
-3213
-3380
-4700
-5908
-5725
-4086
-2279
-1947
-2960
-4162
-4168
-2979
-1438
-562
-759
-1818
-2716
-2427
-901
603
997
-8
-1110
-1069
269
1952
2786
2320
1169
472
875
2027
3013
2837
1802
828
736
1626
2627
2721
1883
846
631
1405
2545
3153
2815
1975
1335
1440
2204
2991
3085
2460
1847
1963
2669
3323
3326
2809
2264
2060
2452
3074
3349
3081
2373
1881
1782
2077
2333
2200
1821
1321
1206
1356
1442
1303
766
199
26
133
348
400
143
-311
-640
-795
-756
-726
-856
-1143
-1356
-1518
-1628
-1768
-2063
-2461
-2951
-3263
-3556
-3627
-3892
-4412
-5041
-5674
-6225
-6444
-5835
-4500
-3405
-3828
-5791
-7624
-7202
-4658
-2196
-2016
-3843
-5540
-5305
-3311
-994
82
-644
-2381
-3510
-2663
-189
1980
2143
361
-1344
-1117
1077
3335
4131
2997
1107
189
1038
2878
4078
3679
2036
585
754
2300
3732
3665
2132
420
34
1198
2760
3393
2662
1264
328
551
1671
2511
2320
1247
238
273
1322
2467
2709
1945
880
404
917
2138
3192
3117
2283
1393
1374
2189
3026
3027
2075
1070
878
1602
2542
2791
2175
1183
713
1079
1842
2403
2220
1514
911
817
1248
1675
1595
1010
231
-161
-70
235
271
-193
-914
-1429
-1413
-1204
-1251
-1828
-2759
-3634
-4212
-4516
-4879
-5513
-6490
-7249
-6852
-5259
-3656
-3849
-6348
-8908
-8859
-5894
-2686
-2082
-4214
-6490
-6686
-4546
-1886
-512
-1167
-3231
-4842
-4254
-1352
1551
2012
-106
-2512
-2637
-202
2717
4015
2991
874
-504
150
2177
3933
3872
2036
196
134
1810
3677
3983
2409
291
-517
576
2471
3707
3300
1665
200
-57
1094
2409
2774
1720
348
-49
861
2282
2963
2489
1333
382
488
1809
3275
3813
2993
1852
1351
1893
2865
3286
2895
1946
1297
1415
2249
2856
2687
1679
669
501
1135
2116
2581
2351
1455
743
838
1431
1915
1645
870
183
-17
150
403
213
-402
-1114
-1414
-1393
-1257
-1432
-2088
-3064
-4055
-4694
-5048
-5435
-6135
-6868
-6634
-5098
-3309
-3408
-5934
-8852
-8924
-5850
-2577
-1994
-4170
-6403
-6402
-4210
-1697
-393
-1037
-2995
-4658
-4063
-1145
1922
2431
280
-2262
-2429
-81
2658
3810
2894
1085
-116
420
2261
3908
3819
2033
164
22
1819
3796
4229
2693
633
-268
595
2402
3671
3603
2262
815
380
1200
2370
2691
1773
450
41
900
2255
2976
2525
1412
417
293
1097
2360
3209
3238
2546
1783
1617
2127
2848
3086
2595
1817
1497
1954
2789
3240
2936
2007
1090
980
1726
2642
2983
2556
1687
1109
1229
1717
2086
1829
1014
365
212
559
734
321
-618
-1587
-2174
-2150
-1977
-2128
-3022
-4325
-5462
-6200
-6429
-6644
-7035
-6962
-6033
-4800
-4936
-7113
-9521
-9445
-6584
-3796
-3426
-5552
-7251
-6751
-4396
-2092
-1225
-1910
-3643
-4939
-4198
-1359
1583
2049
29
-2259
-2199
152
2715
3718
2894
1454
634
1174
2753
4083
3954
2373
801
825
2399
3964
4168
2862
1337
690
1379
2568
3269
3100
2205
1495
1318
1883
2483
2545
1829
1060
1001
1661
2539
2930
2676
2203
1782
1640
1608
1697
1962
2232
2549
2913
3015
2754
2315
2027
2114
2424
2645
2716
2532
2381
2414
2578
2653
2330
1857
1696
1991
2570
2945
2851
2334
1787
1381
1445
1697
1619
1205
643
331
343
340
-83
-904
-1808
-2458
-2902
-3203
-3674
-4435
-5377
-6483
-7440
-7953
-7441
-5884
-4256
-4513
-7108
-10042
-10201
-6965
-3328
-2634
-5188
-7799
-7690
-5076
-2108
-850
-1510
-3340
-4994
-4525
-1746
1623
2446
430
-2295
-2592
-86
2779
3943
3017
1434
481
936
2526
3990
4167
2633
832
642
2153
3875
4142
2848
1241
650
1332
2380
2993
2739
1875
1253
1274
1912
2388
2212
1434
688
736
1501
2176
2308
1739
1260
1188
1442
1851
2221
2234
1907
1684
2015
2717
3293
3197
2512
1979
1976
2457
3175
3454
3276
2819
2577
2815
3270
3465
3194
2768
2515
2690
3162
3573
3517
2981
2272
1889
1885
2061
1813
1222
632
228
76
-96
-619
-1554
-2682
-3632
-4302
-4765
-5327
-6279
-7254
-7951
-7528
-5979
-4289
-4655
-7797
-11137
-11236
-7409
-3268
-2500
-5223
-7995
-8010
-5592
-2801
-1422
-1940
-3888
-5647
-5036
-1616
2150
2858
264
-2755
-2867
17
3111
4142
3186
1647
965
1714
3349
4489
4048
2113
391
649
2787
4773
4949
3078
1167
680
1679
2983
3325
2643
1499
1116
1646
2790
3500
2879
1327
-61
-13
1289
2588
2832
2007
1093
759
1279
1834
2104
1731
951
793
1664
3012
3726
3222
2085
1314
1629
2461
3148
3113
2744
2490
2799
3538
3820
3385
2545
1922
2110
2816
3434
3536
3203
2702
2357
2243
2108
1646
872
270
126
290
285
-241
-1373
-2621
-3753
-4558
-5074
-5632
-6533
-7749
-8769
-8620
-6804
-4538
-4054
-6837
-11184
-13074
-10061
-4841
-2042
-3730
-7319
-8748
-6826
-3561
-1694
-1848
-3761
-5912
-6152
-3349
1274
3819
2111
-1881
-3741
-1537
2214
4133
3347
1571
844
1773
3851
5564
5486
3060
-28
-946
1258
4628
5913
4219
1401
149
1276
3166
3853
2820
892
-298
191
2178
4192
4492
2840
439
-664
256
2076
2999
2327
1188
734
1412
2483
3012
2535
1203
80
60
1246
3048
4100
4034
3205
2494
2487
3016
3485
3267
2773
2647
3168
4264
5138
5158
4259
3056
2344
2462
3164
3824
3908
3480
3025
2952
3026
2810
1936
556
-546
-752
-416
-56
-221
-1371
-3316
-5329
-6903
-7718
-8317
-8991
-9757
-9568
-7406
-4614
-4241
-8118
-13434
-15017
-10888
-5620
-3369
-4922
-6239
-4531
-562
2324
2342
-782
-5689
-9194
-7186
371
8233
9623
4450
-1547
-2341
1460
4579
3457
-796
-4251
-3865
471
6151
8797
5679
-1655
-7618
-7444
-2318
2273
2434
-461
-2374
-624
2967
4893
3241
-584
-3600
-3348
167
4638
7209
6859
4644
3001
2928
3579
3348
2268
1835
3118
5075
6270
5962
4801
3533
2169
905
150
455
2069
4372
6584
7612
6889
4774
2729
1877
2108
2674
3046
3678
4770
5866
6178
5082
2882
552
-755
-699
307
1655
2616
3079
2836
1501
-755
-3210
-5027
-6091
-6560
-7156
-8502
-10561
-12936
-15177
-17487
-19633
-20651
-17667
-9565
1106
6613
2465
-8245
-14089
-8248
3799
9323
4453
-2312
-301
9628
16421
13951
6533
1671
49
-2475
-5297
-3519
3761
9040
5935
-3039
-9266
-8080
-3822
-3096
-7113
-11878
-12746
-8462
-1340
3878
3533
-1827
-7150
-7567
-3159
1667
3334
3325
4239
6432
7619
7161
6849
7370
6529
2811
-850
453
6249
10702
9162
3356
-819
-812
808
353
-2333
-4528
-4194
-1976
56
883
684
46
-1230
-2732
-3019
-452
4129
7977
9002
7780
6911
7961
9870
10038
7987
5337
4945
7137
9846
10576
8939
6496
4349
2414
565
-510
-324
338
279
-691
-1657
-1831
-1971
-3590
-6827
-10153
-11669
-11469
-11361
-12576
-15277
-17954
-20369
-21902
-22082
-18053
-9708
433
5491
2537
-4446
-6417
416
9007
10532
4152
-154
4100
12802
16199
12514
7994
6520
4111
-3529
-10904
-9662
-799
3741
-2489
-12364
-13739
-6057
-390
-4302
-13434
-17617
-14048
-7588
-3458
-1083
1238
3274
3028
1288
1453
4642
8027
7962
4824
2880
5565
11301
14995
12923
6689
1303
349
2478
3450
1546
-1268
-2161
-1380
-858
-1282
-1867
-2229
-3666
-6498
-8289
-6409
-1742
1791
1406
-461
164
4430
8970
10301
8865
7710
8697
10426
11284
11116
11166
11096
9789
7246
5442
5576
6332
5284
1944
-972
-1378
51
691
-782
-3009
-4229
-4056
-4048
-4878
-6170
-7002
-7938
-9726
-12261
-14017
-14622
-15308
-17985
-21407
-23014
-19549
-10797
-158
7330
7316
2269
-1756
630
6843
9764
6213
1593
2371
8316
12697
12216
10340
8984
5455
-3865
-13465
-14148
-6352
-953
-6259
-15080
-15662
-6501
1086
-1420
-9522
-13833
-12251
-9532
-8277
-5069
1385
6176
5554
2289
3662
9909
13897
10405
2633
-1038
2229
7730
9907
8439
6114
4806
3895
2549
1149
-165
-2111
-5203
-7731
-7705
-4739
-1236
254
-1228
-3420
-3770
-1925
168
512
-671
-1278
495
4262
8638
12505
15008
15492
13808
11255
9599
9508
9444
7767
4867
3269
4350
6555
7296
5749
3053
410
-1818
-3867
-5025
-4822
-4025
-3890
-4416
-4321
-3184
-2386
-3761
-7419
-11440
-14072
-15656
-17241
-19734
-21899
-22543
-19138
-10913
190
9268
11003
6509
1173
1020
5306
8340
6402
2783
2100
5417
9256
11751
13760
13697
8625
-2710
-12708
-13639
-7765
-4626
-9899
-16056
-14520
-5819
710
-150
-4315
-6692
-7367
-8925
-9756
-6466
-158
3430
2621
2298
7278
14759
17010
11881
4825
2042
3549
4872
3830
2537
2710
3579
3515
3036
3419
3251
689
-4288
-8353
-8816
-6541
-4709
-4718
-4948
-3390
-75
3007
4361
4393
3887
3967
4677
5834
7374
9315
10718
11595
11842
11975
12027
11100
8982
5739
3147
1656
1518
1169
653
304
327
688
582
-254
-1543
-2706
-4029
-5370
-6482
-6855
-6793
-7102
-8291
-9793
-11070
-12421
-14473
-17990
-21074
-22580
-19704
-12576
-2769
5743
8996
7638
5574
7016
10692
12001
8426
3055
76
1261
3772
6872
9915
10868
7232
-1105
-7195
-6864
-3467
-4994
-13267
-19900
-18465
-11026
-5444
-4395
-4472
-2936
-1952
-2998
-3507
-688
2905
2192
-1751
-2945
2789
10735
13639
11121
8093
8298
9304
7811
4410
1843
508
-1524
-4393
-4845
-1714
1724
1728
-1617
-4022
-3398
-1820
-2248
-4552
-6172
-5770
-4053
-1934
693
4021
7036
8419
8826
9787
11903
13515
12665
9855
7140
6467
7041
7260
6539
5322
4313
3397
2591
2045
1526
536
-1340
-3468
-4432
-3990
-2882
-2383
-2985
-3712
-4070
-4298
-5034
-6584
-8733
-11165
-13924
-16896
-19801
-21440
-21694
-18665
-11938
-2293
6562
10400
9241
6802
7910
11603
13047
9426
3456
-9
684
2855
5808
8834
10654
7691
396
-5033
-4292
-812
-2805
-11614
-19322
-19294
-13373
-8674
-7177
-6088
-3546
-2075
-2179
-747
4007
7481
4872
-1277
-3464
1937
8607
10075
6947
5054
7059
9610
9773
8149
6394
3778
-756
-5209
-5779
-3243
-1965
-4173
-6958
-6245
-2431
682
609
-1088
-2370
-2847
-2903
-2272
-391
1897
3122
3554
5189
8838
12894
14613
13417
11020
9231
8513
7512
5757
3658
1872
647
180
584
1610
2055
1385
-2
-1083
-1276
-1450
-2242
-3827
-5467
-6546
-6899
-6918
-7105
-7691
-8882
-10365
-12138
-13842
-16318
-18960
-21586
-21254
-16180
-6932
2590
7293
7214
5826
8207
13694
17282
14969
8411
2478
744
1774
3793
5361
5477
2734
-2400
-5459
-3299
1612
2198
-4625
-13151
-16465
-12997
-8479
-7242
-8859
-9780
-8708
-5272
172
6304
9669
8055
4200
2965
6869
11032
10443
5465
1042
998
3815
6464
7087
6264
4229
1628
-125
395
1737
567
-3806
-8454
-9501
-7169
-4151
-3053
-3318
-3406
-2414
-271
2372
4827
5825
5149
4129
4742
7152
9699
10485
9616
8584
8325
8730
8566
7468
5557
3439
1539
190
-436
-827
-1441
-2462
-3266
-3264
-2592
-1808
-1565
-1865
-2380
-3228
-4056
-5143
-6684
-8927
-11522
-14173
-16211
-17940
-19638
-21235
-21453
-17944
-10567
-667
6487
8622
6673
5942
9872
15282
16558
11596
4582
1047
1510
3404
4561
5130
4025
-84
-4943
-5832
-1005
3503
551
-8608
-15670
-14490
-8706
-5806
-8324
-11918
-12064
-8463
-2995
2765
7315
8396
6339
4320
6475
11229
13201
9185
2552
-641
1193
4642
5934
4518
2087
44
-585
644
2876
3070
-360
-5321
-7864
-6663
-4323
-3965
-5789
-7278
-6697
-4038
-672
2515
4673
5546
5739
6495
8353
10168
10681
9527
8022
7385
7540
7486
6812
5798
4704
3697
2741
1698
750
-215
-1205
-2035
-2557
-2809
-3079
-3308
-3419
-3341
-3291
-3796
-4542
-5418
-6306
-7740
-9555
-12025
-14769
-17586
-20019
-21847
-21874
-18892
-12510
-3616
3439
6647
6208
7290
12046
17989
19216
14204
7103
3311
3249
3993
3328
1886
-336
-4089
-7517
-6815
-1037
3785
1446
-6407
-11610
-8895
-2989
-1654
-6712
-12578
-13714
-9984
-4781
-218
2845
3889
3955
5382
10327
16004
17449
12586
5739
2742
4192
5725
3982
-296
-3898
-5010
-3762
-1201
1364
1814
-389
-3057
-3340
-962
832
-728
-4589
-7503
-7294
-5023
-2693
-1307
-250
1351
4146
7976
11702
14005
14186
12872
11302
10359
9419
7443
4217
1023
-946
-1632
-1555
-1310
-1203
-1098
-983
-511
196
699
410
-673
-2053
-3016
-3883
-5292
-7097
-8811
-10153
-11150
-12338
-13860
-15491
-17039
-18254
-18990
-17630
-13736
-6955
-305
3511
3219
2346
5110
11758
17094
16492
10959
6291
5634
7336
8026
6444
3492
-1560
-7175
-9861
-6349
-445
461
-5704
-12092
-11070
-3781
1258
-712
-6594
-9848
-8386
-4408
-712
1528
1709
477
439
4571
11259
15361
13591
8708
6479
8405
10758
9824
5807
1237
-1996
-3482
-3257
-1683
-907
-2848
-5743
-5911
-2281
1552
1703
-1298
-3554
-2905
-907
19
-467
-858
-144
1440
3568
6014
8267
9613
10066
10320
10875
11234
10497
8344
5670
3313
1657
354
-1114
-2665
-3817
-4091
-3550
-2608
-1791
-1207
-825
-392
-81
-311
-1309
-3018
-4748
-6481
-8504
-11158
-13904
-16279
-18155
-19646
-21009
-21617
-19776
-14796
-6820
867
4950
4593
3790
6834
13479
18187
16351
9875
4557
3762
5551
6353
4905
1211
-4287
-9071
-9685
-4630
760
112
-6655
-11610
-8605
-905
2782
-1161
-8114
-11089
-8551
-3915
-932
-348
-1230
-1653
578
6075
12268
15027
12871
8853
7540
9887
12096
10612
5694
345
-2842
-3106
-1903
-1290
-2782
-5710
-7170
-5080
-890
1637
845
-1263
-1603
197
1832
1645
278
-647
-194
1152
2867
4387
5819
7152
8445
9683
10544
10766
10044
8412
6633
5108
3560
1698
-629
-2648
-3711
-3699
-3478
-3563
-3698
-3074
-1473
224
847
167
-925
-1708
-2233
-3478
-6151
-9604
-12643
-14835
-16588
-18642
-20884
-22939
-22788
-19301
-11679
-2978
2941
3679
2332
4424
11712
19105
19882
13863
6767
4435
6289
8287
7012
2574
-4084
-10092
-11687
-7154
-989
-307
-6636
-12479
-10193
-1290
4507
1928
-5560
-9648
-7499
-2988
-537
-1015
-2787
-4105
-3006
1594
8135
12509
11833
8208
6880
10194
14382
14540
9685
3531
102
-128
538
-433
-3308
-6936
-8646
-7011
-3414
-821
-986
-2300
-1914
584
3167
3780
2621
1351
1235
2041
3147
3842
3964
4065
4794
6409
8427
9564
9237
8040
7416
7534
7370
5824
2970
222
-1321
-1739
-2252
-3431
-4762
-5047
-3816
-1973
-769
-571
-819
-870
-558
-632
-1775
-4205
-7334
-10407
-12975
-15030
-17438
-20397
-23610
-24554
-21527
-13925
-5437
270
1185
777
3973
11827
19485
20730
15614
9156
6875
8193
9538
7652
2675
-4506
-10804
-12624
-8612
-3201
-3013
-8801
-13087
-9407
37
5634
3076
-3376
-6157
-3576
-172
590
-930
-2801
-3875
-3339
116
5730
10045
9925
6844
6236
10319
15183
15663
11155
5730
3315
3603
3425
856
-3196
-6793
-8197
-7378
-5433
-4095
-3908
-3742
-2477
-15
2408
3570
3388
2740
2758
3459
4477
4943
4353
3453
3446
5009
7053
7906
7144
6164
6246
7326
7751
6395
3957
1887
882
264
-855
-2502
-4071
-4603
-4127
-3131
-2288
-1882
-1901
-1799
-1334
-630
-697
-2104
-4708
-7326
-9144
-10645
-12865
-16403
-20450
-23568
-23629
-20624
-14232
-7282
-2146
-971
-671
2670
10788
18415
19879
15014
9154
7798
9700
10990
8600
3155
-4223
-10449
-12321
-8566
-4123
-5221
-11740
-15481
-10512
-488
4522
1548
-4177
-5308
-1962
1364
1856
420
-1450
-3466
-4100
-1017
4875
8853
7384
3399
3432
9131
14939
15156
10287
5643
4818
6060
5519
2353
-1724
-4998
-6628
-6857
-5779
-4651
-4271
-4644
-4312
-2237
733
2940
3336
2714
2686
3915
5273
5827
5252
4682
4894
5778
6332
6025
5536
5690
6457
6931
6453
5062
3854
3156
2788
1657
-189
-1872
-2680
-2669
-2413
-2181
-2012
-1899
-1765
-1441
-535
139
-322
-1891
-3533
-4506
-5144
-6484
-9333
-12848
-15976
-18147
-19957
-20663
-19675
-15173
-8667
-2534
-226
-119
1721
8130
15795
18729
15597
10243
8204
9385
10914
9494
5264
-1457
-8181
-11491
-8993
-4596
-4748
-10785
-15403
-12035
-2714
3100
1557
-3132
-4364
-1454
1605
2474
1739
284
-1844
-3143
-897
4436
8209
6768
2709
2410
7482
13083
13566
9458
5623
5103
6438
6356
3701
-43
-3505
-5317
-5490
-4691
-4198
-5026
-6129
-5844
-3360
-137
1656
1580
966
1645
3816
6001
6644
5643
4471
4420
5566
6566
6534
5652
4859
4867
5361
5515
5006
4103
3290
2618
1741
891
116
-543
-1180
-1626
-1589
-1210
-926
-1082
-1248
-915
-409
-485
-1324
-2432
-3085
-3718
-4891
-6814
-9236
-11435
-13784
-16144
-18765
-20158
-19375
-14957
-8445
-2439
-306
-1047
-139
5809
14155
18237
15794
9949
7218
8564
11327
11180
7050
-336
-7917
-11290
-8563
-3988
-4334
-10995
-16090
-12884
-3447
2632
1358
-3196
-4459
-1582
1740
3330
3133
1629
-1027
-2768
-484
5071
8508
6138
1307
872
6302
12145
12621
8404
4740
4841
6673
6960
4793
1507
-1533
-3540
-4436
-3931
-3345
-4083
-5696
-6272
-4268
-1082
824
710
255
1334
3713
5750
6123
5582
5392
5965
6411
6458
6203
5985
5860
5557
5090
4686
4367
3981
3434
2749
1965
1023
269
-313
-539
-637
-806
-988
-1129
-802
-170
392
291
-493
-1292
-1674
-1777
-2116
-3374
-5288
-7240
-8893
-10311
-12073
-14282
-17215
-19045
-18535
-13963
-7128
-1513
-662
-2791
-2369
4235
13426
17452
13993
7358
4766
7304
11322
11671
7190
-993
-8661
-11130
-7084
-2177
-3526
-11296
-16731
-13025
-3131
2769
1049
-3939
-5508
-2602
1219
3491
3673
1632
-1917
-3584
-406
5655
8565
5120
-139
-168
5698
11318
11394
7397
4345
4869
6792
7231
5372
2332
-926
-3183
-3933
-3215
-2729
-3884
-5750
-6049
-3731
-662
663
11
-495
1039
3792
5542
5539
4680
4689
5737
6607
6555
5755
5094
4870
4990
5121
4982
4547
3879
3401
3159
2882
2131
939
32
-196
221
427
-97
-800
-980
-348
430
421
-414
-1161
-1213
-940
-954
-1723
-2985
-4315
-5429
-6543
-7991
-9895
-12257
-14901
-17175
-17831
-16135
-11456
-5641
-1564
-1627
-3265
-1736
5347
12876
14955
10770
5625
4924
8162
11188
10374
5504
-1932
-7913
-8791
-4774
-1622
-5098
-12412
-15161
-9550
-1003
1985
-1091
-5009
-4719
-1563
1424
2917
2673
368
-2709
-3199
1071
6414
7358
2780
-1261
816
6996
10974
9509
5737
4178
5404
6906
6439
4363
1476
-1383
-3065
-3235
-2271
-2200
-3814
-5643
-5328
-2703
-238
180
-821
-800
1155
3698
5108
5098
4876
5182
5760
5937
5612
5145
4670
4188
3890
3862
3943
3790
3290
2758
2493
2123
1646
1062
653
711
915
1022
957
799
914
1089
1150
707
77
-364
-499
-518
-929
-1787
-2774
-3607
-4381
-5214
-6603
-8384
-10377
-12391
-14654
-16465
-16972
-14569
-9182
-3603
-1568
-3465
-4913
-1185
7156
13247
12708
7341
3917
5213
9560
12122
10067
3636
-4263
-8465
-6505
-1704
-1214
-7513
-13963
-13274
-5646
790
954
-2769
-5159
-3775
-755
2312
3873
2764
-672
-3265
-1125
4448
7789
5566
608
-559
3535
8571
9619
6894
4360
4322
5796
6601
5574
3486
908
-1154
-1991
-1562
-1182
-2144
-3931
-4768
-3303
-1073
-172
-866
-1292
165
2844
4632
4533
3748
3671
4471
5346
5459
4685
3685
3193
3449
4146
4510
4118
3177
2651
2855
3461
3544
2683
1596
1270
1860
2582
2509
1481
622
559
1033
1161
464
-521
-1150
-1283
-1327
-1576
-1998
-2648
-3394
-4129
-4942
-5762
-7115
-8798
-10539
-11958
-13487
-15186
-15995
-13885
-8331
-2461
-651
-3202
-5069
-1231
7425
13236
12151
6467
3068
4653
8914
11190
8938
2506
-5312
-9196
-6701
-1742
-1572
-8163
-14257
-13075
-5503
471
338
-3091
-5050
-3627
-547
2582
3948
2583
-943
-3028
-776
4041
6258
3478
-1013
-1570
2457
6868
7704
5314
3288
3655
5385
6347
5453
3508
1233
-497
-1031
-603
-314
-1383
-3246
-4127
-2924
-941
-316
-1000
-1118
601
2913
4054
3598
3060
3607
4677
5260
4721
3672
2942
2936
3556
4049
3949
3096
2325
2483
3398
4197
3998
2978
2216
2433
3319
3842
3069
1530
401
482
1113
1019
-183
-1673
-2410
-2140
-1716
-1811
-2468
-3342
-3930
-4192
-4289
-5018
-6401
-8499
-10299
-12084
-13663
-14944
-14027
-9665
-3520
-333
-2402
-5479
-3462
4968
12235
12878
7365
2990
3609
8071
11516
10738
5209
-3235
-8758
-7457
-1822
256
-5578
-12924
-13738
-6718
540
1966
-990
-3679
-3363
-947
2336
4675
3848
-163
-3810
-2772
2338
5837
4223
-572
-2477
742
5786
8009
6437
4004
3536
4935
6445
6360
4887
2603
581
-510
-457
-54
-831
-2729
-4088
-3449
-1455
-151
-209
-448
733
2836
4387
4432
3857
3891
4689
5443
5137
4118
2979
2737
3202
3780
3883
3379
2825
2738
3489
4371
4783
4325
3235
2721
3015
3604
3472
2372
1176
714
984
928
220
-868
-1496
-1510
-1320
-1204
-1310
-1429
-1730
-2098
-2477
-2767
-3539
-5035
-7050
-8704
-10256
-12384
-14767
-15788
-12830
-6705
-1367
-1545
-5187
-6505
-93
9036
13561
10207
4154
2212
5334
10161
11738
8509
834
-6795
-8773
-4212
765
-1420
-9167
-13763
-9917
-1569
2670
1205
-2402
-3639
-2180
907
3828
4344
1457
-2710
-3977
-274
4338
5186
1465
-2090
-1135
3522
7345
7239
4602
3151
4313
6510
7066
5703
3617
1807
599
13
186
67
-1066
-2664
-2920
-1153
788
1234
855
1437
3477
5081
4989
3972
3876
4964
5783
5352
3916
2711
2658
3513
4158
3794
2891
2312
2786
3968
4953
5086
4352
3585
3347
3980
4492
3934
2301
677
293
919
1230
321
-1019
-1697
-1322
-691
-569
-1029
-1596
-1956
-2073
-2142
-2481
-3379
-4868
-6588
-8121
-9413
-11592
-14236
-16341
-15288
-10400
-4155
-1482
-3680
-6701
-4360
3918
11182
11902
6517
2260
2845
7439
10935
10103
4606
-3208
-8116
-6678
-1582
190
-4887
-11150
-11709
-5403
1040
2552
-133
-2928
-2974
-755
2321
3784
2241
-1331
-3869
-2573
1389
3805
2502
-838
-2045
669
4867
6917
5831
4105
4260
6055
7380
6606
4778
3002
1868
1114
778
644
87
-1010
-1706
-702
1324
2460
2103
1438
2079
3838
5221
5149
4150
3552
3904
4475
4294
3263
2175
1880
2179
2754
3227
3401
3364
3353
3872
4806
5415
4976
3856
3025
3151
3540
3139
1946
894
624
716
540
-273
-1113
-1449
-1342
-1122
-1069
-1242
-1530
-1799
-2022
-2200
-2697
-3783
-5593
-7401
-8882
-9963
-11719
-14100
-16016
-15227
-11070
-5686
-2755
-3717
-5690
-4196
2070
8292
10204
7188
3712
3120
5963
9015
9283
5291
-1410
-6279
-6067
-2454
-582
-3829
-8612
-9671
-5657
-646
1276
-80
-2334
-3079
-1671
804
2522
1734
-1088
-3259
-2640
437
2749
2358
145
-804
1062
4506
6732
6644
5408
5045
5850
6710
6341
4948
3165
1648
735
342
256
-324
-1285
-1696
-796
700
1492
1336
1160
2067
3533
4397
4126
3390
3098
3504
3925
3699
2846
2012
1916
2316
2883
3167
3278
3450
3789
4390
5128
5361
4792
3843
3237
3117
3113
2528
1431
630
312
433
278
-240
-866
-1163
-1034
-778
-557
-607
-870
-1235
-1528
-1676
-2012
-2914
-4297
-5838
-7081
-8076
-9230
-10920
-12975
-14526
-14743
-12694
-8925
-5173
-3818
-4512
-4649
-1469
3918
8038
8685
6566
4895
4978
6473
7274
5978
2261
-2409
-5294
-5325
-4087
-4300
-6324
-7959
-7351
-4874
-2475
-1138
-953
-1202
-1170
-430
773
1610
1231
-7
-883
-467
843
1811
1917
1452
1664
2992
4770
6076
6566
6858
7007
7002
6432
5694
5110
4401
3398
2014
936
360
103
27
58
348
696
949
1371
2180
3259
4079
4061
3576
3312
3533
3912
3940
3414
2649
2239
2170
2502
2896
2970
2909
3033
3395
3824
3841
3446
2846
2353
2111
1759
1294
754
252
-164
-389
-615
-968
-1280
-1448
-1417
-1367
-1514
-1814
-2082
-2070
-2142
-2623
-3447
-4389
-5258
-6097
-7143
-8317
-9718
-11491
-13314
-14433
-13673
-11173
-7924
-5933
-5551
-5382
-3403
504
4516
6539
5985
4377
3366
4048
5568
6169
3901
-528
-4285
-5247
-3921
-2999
-4183
-6387
-7334
-5838
-3065
-701
72
-412
-1008
-587
707
1906
1852
578
-757
-1109
-72
1255
1620
1005
561
1359
3202
4826
5444
5488
5688
6031
6235
6058
5644
4997
3884
2653
1718
1289
1083
819
660
809
1172
1500
1774
2363
3107
3604
3555
3149
2992
3176
3506
3365
2760
2040
1559
1701
2129
2474
2479
2375
2444
2900
3433
3705
3457
2853
2354
2190
2114
1716
987
48
-554
-741
-827
-1064
-1497
-1793
-1836
-1601
-1400
-1377
-1519
-1785
-2063
-2330
-2657
-3238
-4103
-4938
-5864
-6768
-7851
-9020
-10308
-11580
-12896
-13479
-12627
-10191
-7554
-6050
-5662
-5082
-2811
402
3229
4182
3637
2682
2862
3963
4993
4469
1923
-1154
-3016
-3117
-2508
-2836
-4179
-5315
-5082
-3310
-1221
84
104
-435
-431
473
1817
2380
1699
403
-309
108
1206
1848
1637
1220
1359
2441
3781
4814
5301
5448
5461
5753
6130
6206
5682
4731
3598
2791
2447
2181
1750
1367
1215
1415
1861
2189
2276
2350
2598
2818
3018
3055
3014
3035
3059
2923
2627
2262
2021
1945
2005
2116
2149
2235
2376
2587
2771
2755
2600
2426
2205
1974
1743
1515
1212
857
508
198
-12
-222
-465
-603
-707
-773
-936
-1014
-1027
-1042
-1324
-1936
-2507
-2978
-3447
-3998
-4631
-5256
-5662
-5956
-6087
-6345
-7096
-8209
-9161
-8982
-7801
-6567
-6014
-5961
-5600
-4169
-1860
437
1616
1514
901
908
1986
3176
3098
1506
-432
-1378
-1189
-618
-1029
-2435
-3686
-3932
-2962
-1456
-457
-393
-493
-31
1204
2454
2947
2601
1828
1335
1498
1919
1968
1572
1182
1178
1827
2674
3340
3683
4041
4400
4954
5479
5666
5619
5145
4479
3861
3494
3117
2798
2418
2227
2110
2164
2209
2275
2520
2938
3239
3199
2898
2765
2961
3174
3005
2501
1870
1433
1318
1297
1242
1046
971
1163
1567
2031
2215
2145
1988
1946
2093
2041
1679
1043
389
-35
-144
-198
-340
-671
-1010
-1157
-1064
-901
-999
-1248
-1549
-1812
-1999
-2229
-2513
-2931
-3471
-4016
-4453
-4808
-5247
-5726
-6200
-6630
-7141
-7767
-8434
-8714
-8291
-7232
-6039
-5241
-4578
-3805
-2616
-1330
-327
268
472
427
582
1040
1372
1202
465
-407
-1109
-1338
-1453
-1727
-1895
-1863
-1539
-937
-120
591
1068
1329
1314
1384
1678
1772
1740
1601
1419
1392
1554
1871
2107
2375
2621
2904
3295
3792
4364
4830
5054
5028
4913
4699
4486
4343
4111
3736
3281
2829
2640
2759
3135
3373
3259
2907
2771
3101
3436
3518
3115
2445
1996
1923
1987
1910
1576
1018
702
768
1174
1525
1628
1459
1508
1795
2140
2330
2306
2124
1720
1481
1328
1203
958
604
209
-111
-229
-255
-201
-287
-494
-620
-713
-668
-709
-879
-1096
-1369
-1572
-1786
-2041
-2492
-2978
-3264
-3437
-3629
-3804
-4151
-4546
-5018
-5460
-5730
-6063
-6679
-7384
-7837
-7624
-6866
-6175
-5746
-5586
-4947
-3772
-2347
-1172
-555
-370
-177
436
1176
1550
1133
258
-445
-684
-645
-784
-1224
-1624
-1606
-1128
-456
127
494
693
986
1471
1968
2257
2221
2022
1878
1833
1848
1762
1552
1510
1710
2085
2599
2953
3194
3476
3852
4230
4386
4291
4170
4151
4113
3982
3511
2987
2738
2730
2844
2707
2551
2350
2294
2449
2590
2578
2394
2217
1981
1930
1945
1843
1594
1245
1021
1057
1199
1305
1235
1178
1196
1442
1750
1787
1680
1532
1456
1418
1366
1084
712
467
300
248
167
-66
-349
-450
-339
-212
-277
-502
-658
-694
-715
-768
-990
-1326
-1614
-1696
-1777
-1959
-2151
-2374
-2489
-2534
-2517
-2575
-2726
-2881
-2950
-3097
-3351
-3716
-4089
-4462
-4976
-5463
-5911
-6039
-5913
-5784
-5586
-5343
-4910
-4029
-3134
-2344
-1684
-1095
-590
-143
312
611
691
509
125
-145
-151
-129
-229
-475
-697
-622
-258
237
626
846
993
1315
1661
1896
2050
1931
1808
1672
1711
1767
1747
1688
1722
1941
2302
2634
2789
2816
2915
3181
3331
3271
3058
2897
2766
2794
2806
2581
2293
2033
2017
2194
2372
2385
2333
2430
2596
2810
2802
2479
2147
1859
1707
1515
1240
886
560
426
459
617
599
446
423
505
680
900
910
923
847
776
747
576
402
122
-103
-253
-255
-214
-164
-314
-426
-395
-311
-229
-287
-414
-547
-544
-580
-648
-754
-836
-740
-793
-851
-964
-1102
-1188
-1377
-1514
-1614
-1704
-1918
-2206
-2355
-2354
-2341
-2482
-2852
-3302
-3489
-3571
-3488
-3596
-3666
-3730
-3649
-3433
-3252
-2966
-2742
-2409
-2084
-1732
-1449
-1300
-1129
-881
-591
-400
-448
-493
-473
-344
-149
-112
-289
-363
-138
211
513
614
610
670
904
1162
1384
1466
1449
1347
1384
1521
1726
1888
1838
1738
1802
2030
2217
2370
2450
2494
2676
2845
2959
3036
2914
2809
2723
2636
2598
2487
2308
2077
2045
2097
2145
2175
2043
1820
1638
1652
1674
1522
1269
957
814
751
728
700
542
401
408
541
623
666
602
588
566
518
481
435
403
270
154
-58
-143
-195
-164
-73
-88
-48
34
186
299
358
295
267
200
165
180
176
175
5
-186
-317
-385
-424
-536
-763
-836
-833
-869
-873
-897
-883
-867
-837
-751
-795
-936
-1231
-1554
-1840
-2140
-2323
-2396
-2393
-2183
-2045
-2101
-2138
-1972
-1638
-1286
-1186
-1347
-1365
-1306
-1200
-1010
-1022
-1195
-1333
-1358
-1225
-887
-712
-709
-657
-560
-249
95
348
436
475
493
476
508
612
639
669
779
735
774
946
1196
1459
1676
1761
1829
1976
2164
2293
2256
2131
1969
1876
1985
1996
1992
1875
1688
1649
1666
1854
1996
1985
1880
1703
1641
1712
1743
1657
1447
1198
1045
993
870
738
682
692
772
742
730
755
854
1003
1100
1197
1207
1166
1083
936
826
755
630
450
276
159
40
-54
-97
-139
-87
-60
-71
-106
-56
-24
20
91
96
48
23
25
7
60
-48
-153
-242
-303
-331
-393
-503
-596
-663
-746
-746
-687
-671
-753
-724
-753
-663
-601
-680
-783
-911
-1072
-1260
-1362
-1490
-1556
-1631
-1630
-1556
-1492
-1508
-1635
-1651
-1743
-1692
-1610
-1582
-1592
-1682
-1665
-1604
-1466
-1405
-1369
-1383
-1364
-1204
-981
-721
-600
-540
-338
-173
-67
-81
-171
-264
-237
-121
18
173
225
337
414
578
732
781
868
945
1019
1093
1177
1187
1288
1414
1334
1297
1199
1087
1081
1144
1201
1300
1416
1443
1485
1583
1750
1730
1675
1511
1456
1498
1449
1427
1360
1263
1263
1245
1120
979
881
831
874
968
934
764
613
531
555
577
484
333
128
13
110
93
-27
-112
-193
-255
-344
-301
-343
-440
-468
-476
-347
-252
-315
-412
-365
-335
-375
-311
-371
-469
-574
-592
-648
-669
-665
-699
-710
-637
-585
-532
-452
-443
-492
-653
-782
-750
-717
-746
-727
-762
-742
-834
-941
-969
-973
-939
-849
-839
-841
-801
-825
-773
-708
-654
-656
-622
-574
-456
-424
-522
-658
-689
-621
-608
-615
-795
-1082
-1184
-1060
-868
-650
-500
-515
-567
-419
-79
269
423
268
143
146
313
564
641
501
304
197
274
394
462
446
437
462
633
875
1108
1146
1040
959
978
1162
1265
1237
1148
1101
1103
1261
1304
1197
1033
846
881
996
1142
1194
1176
1047
896
899
911
899
793
721
706
715
794
765
746
620
490
394
454
472
301
237
174
223
206
95
64
103
111
99
-50
-220
-227
-191
-177
-262
-411
-549
-575
-507
-400
-352
-424
-504
-499
-460
-409
-481
-564
-650
-588
-487
-443
-356
-398
-455
-470
-438
-262
-52
82
46
-124
-163
-132
-93
-151
-235
-244
-163
-158
-308
-362
-380
-300
-268
-248
-199
-104
-126
-139
-162
-213
-107
-17
-64
-78
-48
-46
-18
31
11
-9
26
-42
-146
-120
-74
-76
-47
-103
-33
81
169
264
296
228
245
358
387
333
214
71
7
61
11
-25
0
57
175
307
420
504
571
608
608
599
647
655
621
593
559
497
404
397
404
501
553
495
452
516
712
799
679
581
537
622
693
575
529
528
510
432
385
407
442
471
497
509
525
542
501
368
293
237
182
268
206
181
131
76
85
66
165
242
326
270
308
352
352
354
263
175
178
210
186
73
-37
-145
-164
-156
-94
-125
-217
-209
-131
-55
-28
35
10
91
125
72
62
42
-106
-197
-214
-223
-108
-1
-69
-155
-193
-225
-26
118
211
276
225
177
210
402
467
494
411
359
333
465
525
526
524
396
464
630
672
613
473
421
410
489
482
387
270
201
342
376
414
385
461
414
283
232
227
337
330
299
278
281
297
243
178
147
89
46
-8
-23
-35
79
203
237
293
292
293
285
357
463
471
446
419
405
430
413
321
176
91
58
74
143
119
195
241
272
410
449
469
435
406
419
522
614
596
576
505
411
377
367
326
351
429
434
440
456
475
538
537
599
604
653
622
506
445
352
360
405
416
401
381
446
452
473
431
530
584
538
489
424
419
427
371
272
240
309
411
388
294
218
283
315
328
350
402
410
415
440
416
447
486
587
678
650
558
697
833
860
824
685
609
507
462
449
481
410
289
306
430
505
547
532
413
362
399
522
522
484
360
230
217
277
289
168
41
-74
25
145
191
137
39
9
66
92
127
205
170
150
126
144
228
204
67
-27
-47
34
139
159
112
139
111
47
39
-11
18
49
67
-12
-47
41
158
250
251
202
178
144
146
98
89
87
90
134
87
158
194
236
263
253
340
394
357
322
314
363
460
484
463
371
325
377
387
493
491
445
441
477
606
565
462
359
320
347
348
374
353
307
210
246
264
333
340
327
342
258
222
203
186
166
169
176
244
198
165
132
161
261
291
324
310
309
297
267
264
291
255
201
67
35
13
2
-64
-180
-166
-90
-51
-71
-154
-254
-238
-154
-170
-264
-303
-233
-178
-141
-104
-102
-119
-171
-118
-110
-155
-178
-283
-292
-301
-243
-207
-285
-331
-334
-276
-208
-239
-287
-318
-290
-152
-83
-70
-66
-56
-77
-63
-38
-107
-82
-50
-18
2
22
-55
-1
16
-24
26
121
164
217
175
38
23
35
60
77
94
32
-3
61
144
122
120
56
-68
-143
-217
-262
-203
-151
-76
-30
65
92
110
115
39
-40
-143
-178
-174
-219
-199
-227
-190
-128
-94
-94
-129
-165
-158
-153
-173
-122
-109
-108
-88
-55
-64
-67
-46
-46
-115
-141
-133
-110
-93
-122
-127
-185
-173
-209
-210
-165
-179
-138
-186
-176
-63
26
104
36
-54
-37
46
178
114
40
-13
20
95
181
140
48
25
60
118
51
-12
7
33
65
70
106
92
35
-83
-98
17
36
64
28
-3
-5
4
39
19
36
41
113
208
303
365
318
188
152
174
222
223
178
144
57
94
116
195
188
120
-10
-102
-125
-91
1
49
-80
-262
-280
-274
-196
-178
-189
-230
-321
-314
-268
-182
-162
-153
-149
-189
-213
-279
-285
-250
-128
-193
-284
-347
-459
-467
-387
-361
-317
-258
-206
-222
-238
-204
-271
-240
-400
-435
-420
-427
-342
-346
-337
-352
-354
-357
-320
-337
-428
-486
-444
-382
-252
-206
-211
-215
-255
-245
-273
-294
-245
-216
-158
-161
-138
-138
-138
-72
-26
0
-28
-103
-127
-124
-121
-180
-158
-133
-102
-32
-29
-72
-50
60
153
155
86
30
-21
-74
-62
-91
-51
-77
-101
-19
-29
84
139
112
123
112
30
99
72
2
45
103
152
180
181
146
195
205
315
324
226
141
62
27
151
200
220
217
174
133
76
141
281
297
200
112
-5
-38
-42
-97
-51
-48
-33
49
111
44
14
1
-7
62
45
-13
-41
22
71
141
91
45
42
58
13
22
29
-24
-117
-211
-230
-192
-171
-144
-68
-1
64
73
76
21
-49
-95
-166
-196
-229
-230
-297
-347
-307
-216
-64
-39
-18
-10
0
61
75
44
15
89
192
251
200
116
99
73
39
57
90
76
51
62
92
47
55
1
-44
-15
6
23
54
38
13
-32
-40
66
148
140
120
157
160
254
318
260
153
193
256
213
121
8
-59
-64
0
-9
-43
-117
-123
-157
-110
-85
-76
-109
-201
-205
-195
-136
-195
-310
-269
-195
-167
-170
-235
-333
-335
-275
-269
-244
-195
-200
-225
-226
-283
-266
-200
-222
-224
-211
-196
-248
-195
-138
-116
-108
-120
-195
-266
-322
-334
-254
-234
-201
-160
-180
-128
-115
-108
-61
-10
8
46
63
72
117
171
146
106
1
-59
-4
85
135
93
-24
-96
-23
80
131
38
0
-23
34
65
79
55
84
132
112
100
91
131
102
17
35
106
249
266
193
121
102
99
83
133
123
114
117
148
91
129
158
160
173
97
41
39
37
-80
-56
-12
12
-3
-29
-41
-33
74
57
41
6
-41
-64
-71
-90
-67
42
32
40
79
72
35
29
37
-59
-78
-96
-101
-150
-242
-256
-251
-209
-70
-12
-86
-96
-133
-113
-18
17
-62
-190
-224
-258
-177
-136
-131
-152
-198
-224
-275
-228
-232
-204
-259
-351
-332
-265
-146
-175
-247
-337
-320
-304
-275
-295
-299
-243
-224
-225
-224
-245
-280
-367
-362
-309
-298
-318
-415
-377
-356
-324
-349
-392
-369
-342
-284
-244
-209
-279
-297
-409
-442
-360
-297
-191
-181
-131
-100
24
60
13
-54
-80
-38
-52
20
-68
-83
-31
36
130
137
120
146
100
43
-48
-183
-243
-299
-338
-379
-332
-230
-226
-209
-265
-169
-81
-14
-13
-117
-242
-331
-346
-350
-389
-413
-430
-378
-137
-24
-98
-179
-149
-155
-166
-215
-368
-420
-379
-294
-208
-215
-234
-224
-224
-249
-129
-27
37
49
-143
-188
-211
-189
-115
-137
-217
-254
-196
-115
59
95
5
-134
-232
-187
-153
-90
-173
-245
-273
-308
-316
-356
-361
-374
-401
-516
-537
-542
-541
-483
-433
-419
-454
-443
-465
-440
-391
-487
-454
-429
-412
-372
-346
-341
-342
-443
-527
-510
-487
-501
-555
-577
-565
-475
-339
-319
-384
-370
-276
-239
-277
-377
-507
-503
-435
-375
-410
-460
-550
-579
-507
-380
-310
-277
-277
-343
-337
-296
-340
-319
-390
-433
-405
-335
-236
-189
-196
-217
-216
-252
-351
-487
-510
-437
-454
-414
-433
-450
-336
-307
-325
-333
-311
-283
-245
-234
-330
-369
-431
-542
-562
-489
-408
-371
-433
-553
-587
-610
-517
-456
-475
-522
-527
-490
-426
-388
-490
-521
-485
-357
-253
-338
-399
-358
-220
-138
-200
-323
-400
-488
-478
-418
-437
-389
-356
-345
-310
-326
-421
-385
-341
-318
-361
-461
-466
-409
-368
-357
-337
-293
-228
-186
-143
-158
-179
-222
-287
-251
-246
-265
-224
-201
-184
-231
-217
-222
-179
-111
-113
-70
-113
-218
-263
-287
-313
-277
-278
-313
-288
-162
-72
-38
-62
-178
-274
-294
-336
-329
-395
-486
-547
-526
-422
-377
-338
-391
-389
-399
-446
-456
-407
-403
-413
-504
-529
-468
-417
-309
-289
-266
-312
-295
-241
-219
-196
-285
-354
-408
-529
-507
-523
-524
-568
-589
-518
-456
-428
-437
-472
-492
-472
-478
-552
-684
-778
-748
-641
-591
-512
-507
-494
-404
-420
-474
-513
-488
-468
-430
-503
-585
-621
-546
-508
-405
-401
-506
-448
-411
-328
-312
-315
-352
-389
-346
-293
-310
-377
-441
-413
-346
-343
-318
-295
-300
-368
-397
-476
-428
-391
-426
-408
-361
-326
-279
-261
-346
-313
-251
-173
-303
-394
-414
-385
-245
-283
-268
-294
-297
-268
-146
-95
-69
-116
-132
-98
-73
-44
-82
-114
-136
-83
-22
-42
-95
-110
-196
-249
-293
-346
-325
-302
-369
-420
-431
-386
-371
-399
-381
-260
-152
-153
-203
-295
-275
-236
-221
-307
-338
-342
-282
-272
-323
-288
-329
-360
-361
-350
-270
-170
-107
-151
-189
-270
-368
-367
-383
-430
-418
-380
-350
-372
-426
-451
-443
-363
-388
-441
-428
-384
-331
-330
-318
-391
-308
-328
-406
-394
-373
-271
-214
-190
-187
-206
-230
-238
-189
-172
-196
-268
-271
-310
-223
-179
-194
-189
-171
-141
-143
-133
-273
-364
-338
-247
-155
-142
-145
-152
-90
-44
-41
-92
-230
-315
-233
-158
