SAMPLES:	9643
BITSPERSAMPLE:	16
CHANNELS:	1
SAMPLERATE:	16000
NORMALIZED:	FALSE
693
645
552
469
552
635
533
485
452
469
392
305
260
225
267
316
438
458
409
346
246
250
297
241
172
181
259
315
306
197
107
74
96
168
143
192
278
287
211
115
133
186
282
324
269
235
248
243
227
326
418
473
399
270
172
235
387
386
393
334
367
415
360
242
214
262
361
416
388
255
187
163
199
271
333
361
278
284
301
282
355
335
332
303
275
290
307
373
349
302
251
330
329
293
214
181
235
265
268
193
130
165
125
129
100
64
15
53
144
203
174
60
39
8
-5
-78
-72
-22
35
7
-23
36
48
134
246
208
163
96
17
64
100
173
169
104
121
111
127
207
201
202
186
198
188
136
144
68
83
117
218
254
279
290
355
427
377
264
159
239
284
217
158
163
235
310
297
236
181
149
296
336
277
155
53
248
419
446
376
199
85
164
228
270
348
387
423
417
332
226
102
15
-12
93
145
100
13
-34
24
42
30
1
-27
-38
35
-91
-146
-126
-76
61
89
-58
-130
-152
-35
71
91
36
17
74
161
205
183
123
-13
-41
-18
100
173
198
126
1
-45
29
29
-15
-28
-64
11
45
63
-29
-71
-23
59
168
186
78
26
63
78
142
40
-51
-112
-82
-93
-197
-206
-163
-126
-146
-179
-183
-67
10
44
-51
-80
-110
-122
-101
-142
-100
-24
-17
-1
2
-95
-112
-84
-18
26
16
-14
-8
26
84
153
214
194
218
86
-5
-20
22
53
-81
-222
-196
-126
-13
73
33
57
127
160
100
43
10
17
127
219
212
205
295
308
290
304
366
496
503
469
313
287
287
307
380
302
391
437
525
497
383
301
266
317
361
263
140
198
256
338
354
335
255
264
374
396
354
264
183
159
246
336
420
498
388
136
19
32
101
113
13
-60
-71
-36
-16
-70
-97
-106
-89
-72
-99
-61
-78
-4
40
-54
-74
-36
54
68
3
-125
-82
-35
-37
-52
-176
-233
-186
-75
-35
-13
-42
-46
52
97
135
119
14
-73
-35
68
110
142
22
-71
1
70
125
96
63
140
207
228
177
154
128
83
90
170
223
376
476
476
413
268
196
157
219
230
155
167
219
208
152
192
285
366
372
300
311
308
246
202
187
203
88
45
98
253
403
370
253
230
310
245
165
126
82
87
110
77
130
225
279
329
213
141
128
120
65
87
167
250
290
282
320
342
350
288
270
236
147
132
29
8
180
248
292
291
244
232
294
354
360
438
435
392
333
305
262
217
129
80
133
182
177
168
100
133
134
84
88
83
85
68
14
106
201
165
129
94
166
240
342
371
325
237
291
331
317
326
327
391
373
327
242
166
118
223
313
303
236
158
68
70
62
69
90
74
42
-120
-207
-182
-174
-86
-51
-47
-21
-112
-213
-253
-207
-100
-28
-66
9
104
178
226
196
166
124
93
61
56
12
-49
-51
35
164
220
205
89
42
185
232
154
-17
-49
20
-6
-106
-89
109
317
367
238
139
145
249
344
312
228
135
167
266
309
300
287
374
447
287
152
7
57
237
270
255
218
230
182
170
196
163
139
58
59
186
223
262
238
191
141
90
108
92
-1
-62
-114
-119
-77
-176
-198
-137
-50
-49
-68
-74
-146
-221
-230
-244
-209
-128
-16
55
99
171
119
99
51
95
133
-21
-100
-135
-34
74
110
58
20
1
-48
26
26
-21
-84
-140
-168
-259
-351
-400
-381
-282
-279
-335
-418
-391
-267
-242
-201
-196
-256
-381
-426
-377
-348
-335
-254
-169
-163
-240
-321
-317
-278
-205
-211
-214
-101
-11
-31
-82
-36
49
-9
-147
-166
-49
7
-39
-143
-152
-130
-175
-211
-210
-98
11
70
48
-73
-170
-114
-38
13
-41
-139
-301
-325
-276
-227
-102
-37
-51
-47
-45
-14
3
-105
-131
-160
-224
-251
-270
-243
-228
-153
-15
64
67
-2
-85
-222
-269
-300
-311
-298
-362
-336
-237
-107
-17
2
-79
-253
-432
-532
-418
-303
-254
-275
-304
-300
-288
-259
-260
-174
-198
-296
-415
-439
-384
-321
-300
-242
-129
-138
-225
-239
-259
-214
-195
-262
-291
-351
-355
-395
-346
-313
-201
-69
-79
-81
-140
-214
-271
-365
-388
-399
-363
-329
-282
-243
-200
-112
-52
-7
84
61
-100
-192
-213
-219
-234
-281
-281
-284
-222
-137
-99
-19
-9
5
-12
-51
-71
-98
-163
-245
-313
-275
-235
-230
-323
-318
-254
-144
-47
-100
-221
-348
-467
-501
-478
-418
-318
-210
-131
-55
-129
-157
-130
-115
-163
-314
-387
-349
-261
-187
-220
-287
-134
34
62
12
-55
-81
-84
-56
-85
-70
-6
-65
-54
22
160
146
115
80
19
-43
-77
-221
-325
-300
-281
-318
-343
-252
-185
-97
-36
-117
-146
-184
-176
-160
-158
-150
-232
-283
-277
-252
-265
-313
-326
-290
-240
-219
-342
-395
-352
-299
-269
-257
-252
-215
-247
-284
-357
-343
-281
-265
-299
-437
-436
-311
-171
-103
18
128
83
-56
-175
-181
-162
-61
-113
-141
-137
-86
-20
-75
-214
-322
-278
-193
-202
-281
-437
-411
-389
-387
-273
-169
-136
-108
-159
-102
-27
46
42
27
-96
-232
-160
-40
151
174
161
76
19
47
68
-2
-34
-23
-9
18
53
27
65
153
115
53
-52
-85
-64
-91
-145
-158
-86
-33
-40
-153
-210
-117
-30
-48
-101
-114
-184
-175
-129
-67
-87
-48
-14
-8
-77
-171
-225
-201
-232
-205
-145
-175
-193
-263
-246
-203
-225
-334
-399
-384
-415
-467
-572
-507
-287
-149
-182
-318
-459
-503
-546
-609
-685
-772
-691
-585
-477
-498
-517
-497
-472
-515
-607
-644
-544
-465
-453
-423
-359
-362
-402
-498
-480
-383
-253
-177
-221
-227
-210
-145
-132
-95
-78
-37
-19
-61
-111
-203
-233
-153
-140
-191
-346
-370
-399
-406
-404
-452
-414
-322
-199
-155
-174
-238
-289
-250
-179
-225
-261
-309
-316
-311
-292
-292
-259
-188
-95
-40
-44
-61
-65
-9
-4
16
-24
-58
-100
-147
-145
-129
-112
-130
-128
-61
-75
-85
-80
-44
-13
-91
-127
-197
-158
-177
-198
-146
-138
-101
-37
-108
-177
-279
-301
-191
-158
-115
-151
-230
-296
-336
-370
-340
-342
-305
-340
-353
-471
-552
-394
-326
-240
-311
-483
-483
-448
-420
-381
-399
-417
-438
-484
-507
-445
-393
-412
-394
-447
-421
-409
-429
-374
-351
-356
-306
-259
-364
-395
-320
-239
-254
-269
-269
-244
-223
-309
-367
-267
-196
-181
-272
-412
-387
-281
-210
-315
-365
-344
-266
-313
-367
-374
-326
-255
-201
-169
-216
-250
-277
-322
-261
-174
-191
-192
-188
-268
-261
-269
-276
-318
-327
-315
-278
-243
-189
-182
-289
-363
-384
-301
-257
-279
-300
-322
-265
-207
-225
-373
-455
-438
-436
-345
-295
-338
-343
-377
-371
-343
-345
-397
-487
-449
-321
-227
-236
-310
-267
-165
-99
-165
-281
-310
-234
-238
-230
-253
-245
-163
-79
57
56
28
-48
-122
-24
-13
92
156
207
201
248
246
162
122
15
19
101
144
263
157
123
170
160
288
151
94
132
219
321
142
-17
-15
83
178
192
243
216
186
59
32
56
174
243
139
40
-43
13
38
-41
-69
-12
-9
-11
-92
-165
-136
-131
-188
-182
-257
-293
-328
-377
-331
-312
-370
-448
-555
-549
-425
-420
-487
-564
-474
-346
-368
-516
-600
-574
-454
-464
-464
-447
-365
-313
-446
-554
-667
-555
-409
-359
-367
-416
-332
-203
-171
-290
-475
-491
-443
-354
-308
-279
-264
-279
-286
-421
-379
-296
-223
-176
-240
-250
-271
-212
-208
-307
-426
-446
-367
-284
-244
-286
-303
-275
-279
-352
-369
-346
-282
-187
-96
-88
-72
-97
-103
43
92
114
118
83
98
112
19
-12
-40
-24
-47
-124
-40
83
191
85
-85
-115
-98
31
-15
-86
-211
-187
-92
-34
89
81
110
132
175
169
24
22
71
60
20
-26
91
139
101
141
142
88
87
32
107
219
295
245
56
-14
-80
-116
-83
-87
-96
-48
8
128
160
17
-141
-123
-108
-108
-179
-268
-293
-274
-304
-318
-177
-22
74
75
-5
-26
-34
7
-20
-127
-123
-69
92
117
59
-63
-107
-122
-146
-146
-136
-93
-130
-70
-81
-116
-112
-179
-257
-335
-341
-386
-328
-307
-249
-254
-307
-333
-343
-321
-354
-380
-449
-549
-512
-303
-247
-215
-265
-234
-194
-251
-217
-320
-225
-100
-56
-90
-174
-132
-89
-20
-3
36
115
166
49
-34
19
62
111
146
101
27
56
104
193
248
233
299
140
-57
-82
8
45
-6
-5
46
72
70
85
35
-18
-65
-90
-112
-98
-49
-33
9
60
70
56
-37
-96
-78
1
85
117
133
79
-3
-89
-110
-122
-111
-79
-2
111
190
90
-77
-133
-26
94
3
-136
-269
-244
-200
-146
-58
-80
-136
-135
-138
-78
-80
-117
-66
-33
-33
-85
-129
-93
44
125
171
159
185
322
383
373
337
353
403
485
509
514
544
489
470
463
477
577
491
365
336
436
560
510
451
367
377
335
255
244
87
-51
-17
129
265
219
-14
-233
-164
-59
-25
-90
-200
-273
-292
-217
-250
-296
-360
-348
-226
-106
-20
-79
-144
-233
-159
-85
-127
-245
-340
-303
-266
-114
-101
-176
-220
-185
-60
14
-16
-134
-181
-143
-91
-175
-171
-122
-19
-56
-146
-113
-51
31
71
-54
-80
-96
-239
-281
-256
-275
-301
-303
-373
-428
-442
-431
-418
-362
-312
-400
-421
-411
-378
-373
-390
-436
-530
-608
-611
-543
-436
-368
-358
-384
-440
-472
-491
-489
-535
-489
-439
-394
-371
-438
-409
-398
-313
-352
-448
-518
-500
-448
-342
-335
-326
-255
-255
-250
-224
-136
-195
-237
-276
-284
-188
-117
-52
11
-7
-72
-140
-237
-242
-172
-58
-44
-189
-266
-186
-112
-161
-136
-166
-143
-237
-426
-447
-418
-344
-324
-268
-300
-351
-335
-344
-348
-340
-314
-265
-292
-405
-437
-379
-293
-295
-488
-573
-577
-476
-413
-494
-510
-420
-329
-238
-203
-300
-351
-256
-186
-214
-351
-506
-558
-629
-515
-423
-409
-437
-521
-556
-570
-447
-366
-305
-336
-427
-463
-460
-485
-607
-739
-714
-609
-501
-452
-522
-627
-625
-515
-511
-511
-510
-529
-634
-709
-726
-700
-622
-609
-599
-545
-464
-527
-597
-715
-794
-810
-750
-666
-660
-730
-724
-630
-534
-512
-636
-801
-811
-699
-503
-352
-335
-367
-398
-291
-133
-122
-227
-413
-526
-481
-439
-440
-334
-245
-169
-205
-351
-389
-415
-457
-477
-535
-585
-666
-695
-611
-514
-441
-465
-487
-445
-358
-339
-396
-538
-619
-579
-567
-650
-709
-647
-576
-531
-585
-644
-653
-631
-556
-447
-426
-443
-512
-493
-582
-608
-666
-743
-772
-737
-660
-617
-523
-441
-325
-332
-438
-497
-461
-433
-429
-459
-444
-405
-361
-290
-327
-257
-224
-281
-299
-285
-206
-166
-145
-153
-126
-141
-130
-146
-135
-91
-137
-225
-243
-299
-241
-145
-83
5
-20
-47
-73
2
65
42
-142
-195
-203
-153
-84
-80
-77
-126
-189
-187
-109
-120
-251
-415
-510
-518
-499
-444
-425
-444
-364
-408
-460
-478
-456
-431
-471
-546
-600
-556
-605
-621
-724
-673
-621
-655
-654
-688
-732
-713
-631
-559
-533
-604
-629
-605
-590
-538
-568
-604
-623
-551
-546
-602
-661
-691
-545
-489
-537
-659
-706
-595
-465
-377
-364
-451
-473
-546
-507
-360
-330
-423
-520
-515
-565
-623
-680
-601
-486
-434
-426
-518
-622
-616
-525
-471
-390
-391
-362
-345
-362
-424
-403
-286
-270
-284
-377
-358
-309
-230
-171
-210
-234
-183
-189
-162
-222
-218
-223
-293
-285
-242
-169
-211
-178
-183
-222
-207
-217
-167
-237
-343
-302
-232
-258
-359
-411
-412
-294
-235
-370
-402
-375
-307
-293
-292
-323
-343
-264
-180
-156
-191
-141
-207
-324
-469
-536
-547
-475
-341
-358
-404
-485
-466
-401
-362
-392
-422
-481
-458
-477
-515
-512
-391
-314
-200
-150
-177
-217
-226
-163
-240
-311
-389
-421
-394
-343
-404
-399
-358
-318
-356
-396
-481
-427
-256
-227
-316
-405
-411
-275
-236
-222
-131
-68
-112
-241
-394
-405
-258
-144
-190
-240
-255
-215
-209
-307
-288
-226
-177
-103
-142
-303
-304
-256
-186
-215
-347
-445
-418
-426
-470
-498
-502
-371
-222
-96
-146
-222
-316
-405
-424
-424
-341
-330
-320
-271
-212
-230
-203
-221
-252
-363
-505
-459
-290
-162
-163
-160
-52
55
142
183
250
225
101
92
27
11
54
158
122
139
174
149
191
244
323
311
270
295
307
273
180
228
348
433
442
431
360
285
292
246
363
336
375
515
527
426
394
350
242
141
137
353
488
486
291
170
128
165
345
394
412
310
272
385
411
468
488
511
542
631
658
520
360
349
435
422
454
559
518
447
229
166
293
451
537
466
249
86
126
272
290
254
206
264
323
359
398
391
512
606
665
677
530
501
612
594
578
552
491
422
301
302
494
565
601
602
492
410
299
235
236
377
422
391
328
281
463
608
731
611
383
278
261
266
287
295
300
354
390
236
62
62
142
371
436
476
444
247
133
173
324
439
358
304
321
439
513
533
561
570
617
642
670
634
721
836
714
611
507
576
699
769
696
539
504
593
710
605
394
289
360
414
347
337
427
494
506
432
434
494
498
455
349
217
285
521
520
349
161
154
205
231
263
321
478
522
508
426
363
329
331
341
298
274
212
179
124
159
304
372
348
396
553
566
552
532
520
516
521
600
775
714
560
542
626
723
684
668
770
824
717
588
359
261
485
630
583
491
659
856
782
676
687
821
821
694
655
755
731
567
561
509
504
552
642
564
513
759
966
883
629
513
608
781
708
531
433
407
501
477
400
373
523
569
443
193
191
344
395
431
433
582
593
543
435
310
292
388
430
365
268
356
436
369
241
202
398
482
325
271
287
377
522
614
470
303
356
499
468
236
234
434
600
437
266
267
383
533
514
426
299
212
182
176
195
285
466
434
251
292
483
663
687
519
375
318
407
524
517
381
372
531
575
446
378
454
588
561
490
425
373
463
499
402
343
311
463
539
306
320
376
514
552
572
623
444
366
385
434
432
486
535
600
624
729
836
733
512
439
666
768
635
406
349
398
534
596
534
452
536
742
681
618
612
701
654
442
308
413
559
589
480
366
431
521
579
508
442
427
523
555
514
577
686
735
676
611
631
738
725
732
657
644
740
799
801
648
735
895
1023
1013
855
778
794
813
703
618
630
769
823
708
552
530
687
686
528
286
125
132
268
369
292
205
273
316
327
276
203
207
286
416
558
627
543
433
383
380
358
439
432
386
353
357
378
489
528
408
231
26
24
219
339
225
24
-50
-8
196
278
152
-47
-87
59
283
360
322
191
91
-5
28
111
57
-27
-37
91
300
288
127
-48
-92
-33
82
93
-43
44
117
157
113
124
347
469
445
363
365
455
383
162
97
209
298
329
269
113
109
156
188
141
11
48
17
31
189
277
287
73
-1
136
298
270
133
110
163
124
89
238
238
290
292
274
246
325
385
392
460
472
458
332
283
348
456
449
304
252
392
492
402
351
285
189
238
238
175
2
-114
-16
133
215
209
239
225
151
144
117
-43
-199
-214
-75
-25
-92
-131
-155
-110
44
164
120
55
78
76
-11
-106
-50
11
-16
-135
-77
39
62
-56
-105
-15
22
94
118
45
-16
-40
-41
-179
-361
-308
-221
-202
-274
-332
-268
-167
-115
-125
-268
-503
-441
-287
-267
-381
-358
-217
-195
-313
-342
-261
-244
-330
-426
-307
-334
-440
-554
-611
-578
-397
-154
-214
-358
-370
-287
-438
-611
-584
-530
-469
-493
-478
-425
-381
-388
-339
-339
-498
-517
-379
-259
-230
-243
-204
-307
-527
-563
-438
-360
-289
-140
-4
-20
17
-31
-140
-356
-382
-156
-52
-122
-203
-26
98
67
19
-35
-81
-113
-40
23
-121
-305
-244
-91
-117
-193
-190
-52
108
70
-14
-177
-134
40
219
187
99
182
252
145
-21
22
-28
-170
-221
-76
118
213
184
195
216
225
133
77
6
-85
37
143
122
129
382
474
359
70
-113
-94
71
194
288
144
-132
-217
-248
-214
-193
-211
-324
-329
-268
-99
-26
-147
-367
-391
-358
-304
-228
-322
-399
-467
-396
-280
-307
-252
-202
-120
-80
-251
-397
-435
-394
-375
-330
-275
-220
-133
-112
-275
-458
-524
-517
-531
-543
-494
-416
-338
-352
-426
-463
-389
-271
-176
-118
-133
-108
13
-41
-19
127
121
7
-145
-237
-139
31
43
-4
-47
-3
148
144
10
-128
-217
-90
-130
-254
-234
-170
-247
-256
-179
-149
-147
-142
-183
-206
-160
-101
-78
-81
-142
-170
-116
-88
-20
-36
-89
-65
-20
6
2
27
117
51
-115
-167
-104
-59
-170
-240
-308
-226
47
124
61
-134
-251
-133
27
122
116
190
299
289
213
84
-36
-48
-70
33
-31
6
148
142
118
-9
39
162
86
-122
-280
-229
-131
-133
-33
36
-11
-5
-35
-200
-204
-16
6
-151
-305
-195
-84
-113
-154
-85
51
101
66
-52
-213
-298
-231
-73
33
85
156
144
109
76
68
-16
-111
-129
-161
-161
-116
-23
66
74
-19
-186
-301
-355
-435
-403
-300
-273
-230
-327
-386
-295
-241
-193
-256
-341
-405
-410
-370
-320
-311
-311
-372
-415
-341
-148
-126
-391
-470
-383
-290
-209
-339
-528
-550
-316
-7
44
-212
-311
-217
-106
-61
-121
-11
122
166
107
46
-3
15
64
81
91
248
308
135
96
203
292
209
163
89
119
81
-43
-195
-249
-76
-1
23
29
23
-5
41
-117
-259
-211
-155
-90
21
108
77
62
22
22
-29
-91
-111
-213
-242
-219
-181
-7
95
78
24
-59
-78
-67
-108
-187
-215
-168
-80
-63
-78
108
244
245
2
-147
-133
5
77
14
35
-85
-116
-129
-144
-137
-50
169
172
27
-96
-26
-39
-11
-3
-15
75
132
134
150
216
260
338
318
139
55
166
294
321
266
225
143
186
298
319
358
462
623
656
595
485
424
528
458
429
415
439
383
256
249
236
304
425
468
119
-139
-93
46
20
-59
-111
-129
-121
-212
-244
-337
-352
-220
-198
-313
-403
-382
-278
-220
-249
-166
-165
-167
-241
-237
-223
-330
-398
-360
-279
-277
-301
-303
-326
-449
-406
-264
-299
-276
-98
-28
-123
-208
-217
-83
-6
58
25
-116
-52
121
324
304
198
264
434
418
333
432
568
591
572
601
658
700
730
629
555
615
710
778
730
558
470
519
501
448
545
656
578
570
579
571
463
343
408
455
467
423
282
131
137
170
159
121
24
102
181
184
17
-34
-165
-273
-262
-374
-460
-534
-465
-359
-336
-344
-269
-174
-238
-340
-363
-309
-365
-359
-204
-112
-83
-65
-35
-75
-81
28
103
134
149
242
385
360
357
340
381
357
330
389
458
414
379
432
417
440
424
383
197
214
474
518
432
347
355
375
357
277
306
351
339
302
318
276
161
62
122
212
112
168
83
-103
-179
-16
127
14
-112
-245
-323
-346
-315
-281
-238
-398
-531
-480
-399
-335
-298
-288
-211
-268
-457
-624
-654
-385
-300
-423
-485
-466
-248
-188
-277
-427
-478
-407
-397
-300
-254
-293
-365
-252
-147
-128
-207
-205
-167
-130
60
207
271
242
297
376
533
611
552
563
626
624
547
617
751
875
1003
948
769
678
699
650
608
574
615
676
711
603
554
489
352
363
300
289
280
507
645
548
380
306
268
149
99
71
46
-5
-78
-184
-213
-179
-145
-165
-303
-431
-535
-469
-433
-498
-437
-501
-551
-509
-419
-382
-488
-553
-569
-435
-396
-430
-487
-655
-749
-575
-260
-236
-540
-690
-474
-143
-116
-245
-327
-235
22
132
103
86
186
302
251
294
375
435
451
356
304
373
352
283
322
362
351
365
514
599
517
419
321
498
559
505
495
547
536
498
392
381
383
421
482
417
466
483
523
308
315
470
641
574
417
383
435
532
596
648
577
510
515
465
392
244
293
518
376
95
-122
-240
-284
-312
-438
-458
-384
-419
-604
-878
-1122
-1426
-1450
-1411
-1115
-1239
-1748
-2524
-2410
-1403
-741
-1423
-2363
-2165
-1231
-1227
-2207
-2618
-1655
-624
-783
-1759
-2005
-1381
-847
-716
-631
-478
-314
-313
-396
-268
-146
-104
255
772
961
403
-2
458
1204
1446
1061
853
1158
1449
1247
1030
1020
1234
1390
1330
1222
765
533
843
1217
1265
940
771
997
1003
507
47
150
586
790
579
93
-137
-163
-144
-21
92
154
-17
-271
-518
-631
-740
-634
-349
-332
-558
-894
-878
-622
-363
-432
-528
-421
-263
-363
-513
-597
-470
-79
222
315
40
-107
19
291
434
490
588
751
787
725
699
685
807
853
824
684
488
422
453
484
626
801
773
719
488
131
-103
-97
240
473
593
315
-108
-330
-304
-187
25
111
-101
-165
-291
-509
-714
-721
-586
-420
-497
-704
-722
-646
-633
-647
-618
-534
-504
-437
-658
-532
-350
-176
-334
-648
-277
236
349
-303
-536
24
710
759
445
390
828
986
836
666
880
1295
1532
1423
1092
1097
1412
1645
1712
1726
1596
1261
1177
1298
1535
1355
1207
1306
1492
1391
997
838
813
887
931
815
616
287
86
-75
-140
-274
-317
-440
-743
-913
-1005
-1071
-1074
-1057
-1181
-1348
-1601
-1805
-1803
-1813
-1789
-1843
-1936
-2095
-2223
-2169
-2211
-2172
-2021
-1757
-1637
-1696
-1740
-1606
-1310
-1093
-835
-682
-460
-373
-297
-149
101
447
672
875
1057
1210
1404
1541
1631
1878
2242
2398
2370
2367
2427
2708
2853
2777
2823
3000
3106
2962
2849
2720
2545
2531
2479
2260
1968
1780
1658
1498
1411
1181
1067
904
736
611
313
74
-19
-121
-250
-483
-773
-1004
-1290
-1496
-1553
-1623
-1879
-2217
-2609
-3021
-3345
-3515
-3533
-4215
-5177
-5892
-5156
-2424
-1317
-3529
-8230
-8945
-3619
1344
-486
-6744
-8167
-2927
1258
-1537
-5764
-4467
1047
3329
94
-2842
-1718
966
2016
2027
2905
3204
1713
601
2512
5001
4365
1913
2018
5119
6097
3018
174
1051
4294
5166
3293
1402
930
999
1085
1459
1719
1124
107
276
753
-21
-1713
-2444
-989
352
-98
-1626
-2642
-2474
-2006
-1464
-962
-1008
-1792
-2190
-1614
-1139
-1614
-2363
-1535
249
812
-470
-1808
-1531
-305
479
716
958
911
544
436
831
1342
1118
965
1678
2435
2021
732
149
1033
2201
2651
2483
1897
1392
948
1369
1882
2077
1272
794
1374
2110
1532
275
269
1716
2950
2463
1253
973
1791
2429
2298
2217
2419
2546
2370
2133
2124
2107
1965
2215
2874
3272
2636
1525
1074
1513
2039
1813
1016
277
225
23
-338
-984
-1410
-1283
-1410
-1952
-2956
-3780
-4321
-4263
-4224
-4412
-4610
-4600
-4597
-5232
-6010
-5925
-4901
-3813
-3536
-4052
-4260
-3945
-3224
-2440
-1766
-1124
-614
-369
-90
226
612
1096
1693
2442
3197
3356
3103
2899
3272
3961
4422
4482
4245
3857
3566
3317
3062
2978
2955
2998
2899
2360
1550
800
515
586
614
487
-43
-549
-960
-1113
-1223
-1008
-662
-425
-543
-804
-1074
-959
-377
329
906
1156
1324
1415
1636
1938
2400
2980
3392
3424
3328
3161
3103
3062
3105
3095
2922
2596
1937
1371
860
539
109
-508
-1205
-2078
-2774
-3569
-4598
-5791
-7090
-8395
-8129
-6642
-3398
-3734
-7690
-13593
-13228
-5888
739
-591
-7803
-10466
-5569
158
-391
-3779
-3056
1769
4682
2833
590
1215
2866
3415
4554
7947
9635
6461
1527
1577
6783
9969
7612
3518
3286
5178
4868
2195
304
1394
2802
2484
859
-935
-2862
-4672
-4586
-2432
-542
-1686
-4602
-6747
-6411
-5061
-4374
-4193
-4320
-3932
-3381
-3093
-3606
-4474
-4004
-1460
1335
2051
736
-765
-778
443
2134
3847
4886
4725
3514
2857
3431
4284
4396
4219
4900
5794
5210
3053
1192
1319
2563
3215
3169
2419
1213
-562
-1761
-1545
-513
-80
-74
-347
-891
-2468
-4049
-3514
-995
1564
2364
1517
690
213
223
1279
3561
5850
6158
4175
2193
2406
3915
4978
4951
4930
5120
4579
3023
1777
1641
2185
2324
1845
1165
-195
-1857
-3487
-4094
-3635
-3056
-3819
-5591
-7507
-8751
-9541
-10099
-10581
-10553
-10741
-11100
-11483
-8874
-5747
-5420
-10205
-13914
-9372
166
4946
-598
-7335
-6011
2180
6729
4482
2271
4662
7934
7053
4959
6012
8611
8072
5260
6171
10230
10524
4257
-1231
597
6039
7176
2513
-1787
-2306
-1758
-2787
-4217
-3771
-3278
-4641
-6635
-7055
-6260
-7010
-8682
-8560
-5781
-3246
-3293
-5219
-6548
-5616
-3290
-515
962
1013
539
837
1930
2600
3239
4265
5705
6256
6005
5800
6135
5892
4925
5088
7090
9099
8036
4414
2134
3114
5481
5844
4277
2939
2471
1626
207
-269
514
1116
269
-908
-1050
-897
-1652
-2898
-2946
-1607
-310
-842
-2589
-3927
-4290
-3739
-3374
-2932
-3234
-4030
-5813
-7534
-8519
-8607
-7944
-6607
-6083
-6019
-4576
-3450
-3197
-7590
-10060
-5720
3298
7749
2232
-5004
-5044
1709
5816
4590
2965
5013
6915
4294
1254
2110
5580
5486
2331
2088
5701
6476
689
-5373
-4325
1551
3788
373
-3240
-4023
-4119
-5622
-6289
-3855
-1615
-2584
-5205
-5904
-4168
-3447
-4547
-4535
-2143
746
1460
-194
-1541
-1500
-146
2246
4435
5763
5267
3872
3092
2870
3557
4639
5730
5827
4635
3209
2574
1921
534
-170
632
2239
1811
-839
-3476
-4363
-3993
-3632
-3068
-2118
-2031
-3259
-3391
-2348
-510
-1113
-1677
303
4425
7161
5323
2144
1654
4952
8397
9498
8607
7068
5226
3696
3868
5587
6804
5440
2626
864
967
760
-854
-2583
-3050
-2226
-2298
-4198
-6863
-8983
-9776
-9916
-9702
-9448
-9833
-12522
-15256
-17886
-16235
-14990
-9387
-2286
1709
-2988
-16248
-18828
-6769
12107
15742
5234
-3905
312
9725
10321
6340
6476
13299
14358
9004
5495
8453
9265
1554
-4647
1009
12102
11221
-2885
-14757
-12761
-4477
-2250
-5597
-6983
-6578
-9167
-14203
-14527
-8437
-4623
-6358
-8857
-6070
-759
-550
-4547
-6277
-1993
4639
8683
8886
7075
4572
3135
4386
7161
10734
11779
10371
7070
3736
2845
3580
4282
2733
1003
965
1350
-1031
-5937
-8925
-7873
-4686
-3543
-4002
-4342
-3989
-4440
-4840
-3330
523
3853
4466
4215
5198
7259
7672
6706
7353
9954
11990
11215
8725
6870
5799
5314
5113
5464
5231
3469
447
-2243
-3383
-3893
-4159
-5175
-6474
-7757
-9480
-11391
-13124
-13839
-14412
-14578
-15901
-16633
-17478
-16445
-14621
-9244
-3178
-403
-4036
-11431
-10196
511
13761
15488
7533
1640
5142
12254
13700
11508
11191
13434
11805
7333
5114
7506
6820
-66
-6082
-3272
3537
2384
-7934
-16681
-15547
-9983
-8290
-10254
-10867
-9938
-11522
-14155
-12664
-6018
-1529
-2525
-4660
-2336
3384
5700
4248
2767
5127
9363
12039
12713
11896
10257
7931
6716
7477
9723
10292
7720
3337
-628
-1758
-1502
-1658
-3684
-6210
-6943
-6880
-7456
-9597
-11261
-10883
-9023
-7312
-5847
-4233
-3161
-2795
-2091
1796
7558
11766
11439
9001
9204
12546
15979
16484
14811
12871
11375
10203
9143
8150
6640
3721
703
-714
-548
-1101
-3967
-7662
-9671
-9009
-7737
-7705
-9414
-11162
-12345
-12241
-11921
-11169
-10377
-10542
-11284
-13183
-13550
-13312
-10583
-8892
-3680
3831
9125
6281
-5781
-10104
-878
16854
23074
14786
4353
3513
9073
9921
6953
6739
10720
9151
2004
-2987
471
2273
-5373
-14882
-13191
-1142
3535
-5104
-17220
-18935
-12855
-8835
-7814
-4943
-421
-1319
-6794
-8604
-1432
6412
7050
3664
3659
9492
12560
10381
6039
5066
7649
9623
10740
10814
9244
4737
-729
-3382
-1547
2036
2639
-635
-5953
-8741
-8656
-7467
-7423
-8509
-7753
-5717
-4002
-3938
-4063
-2845
-1226
-47
2044
6912
12449
14664
11827
8157
8472
12555
16360
16822
15109
12598
9401
6102
4096
4375
4817
3332
283
-2220
-3314
-4837
-7174
-9055
-8679
-6573
-5156
-5573
-7662
-9760
-10677
-10213
-8533
-6335
-5036
-5188
-7432
-9829
-11612
-11213
-10452
-8945
-7255
-5045
1018
5459
6445
-2013
-10286
-8675
4101
17094
17128
8046
-157
228
3010
4294
4276
6889
8088
3552
-2712
-4183
-65
-1090
-7815
-12919
-7125
2284
2848
-5802
-13852
-13200
-8713
-5413
-2611
1906
4464
808
-5015
-4924
2444
7903
7348
4317
5426
9252
9543
6310
2793
2793
4158
4980
6124
7085
5641
297
-5813
-7472
-3929
320
941
-2128
-5722
-7072
-6811
-5954
-5285
-4344
-2354
-179
1492
2108
2033
1857
1907
3474
6895
11804
15479
15417
11605
7563
6810
9256
12454
13322
11582
8056
4108
1074
-99
-85
1
-790
-2103
-3034
-3966
-5342
-7343
-8689
-7955
-5396
-2712
-1871
-3393
-6153
-8037
-8324
-6618
-3628
-2250
-3060
-7104
-11326
-13449
-13121
-10074
-7233
-3870
709
3827
3180
-3868
-10163
-8000
2914
13153
14169
8055
3304
2966
3309
1806
1411
5245
8141
5918
352
-1856
-707
-3006
-8782
-12099
-6388
1437
1856
-5131
-11512
-11680
-9400
-7977
-5339
144
4164
2569
-2356
-3064
1290
4541
4232
3171
6008
10179
10274
6483
2382
1426
2136
2974
4532
6301
5918
1624
-4440
-7556
-6130
-2986
-1540
-2368
-3732
-4177
-4314
-4845
-5401
-4818
-2524
821
4049
6072
6365
5518
4848
6061
9366
13036
14885
13676
11072
8745
7928
7658
7053
6157
5106
4178
2496
319
-1996
-3770
-4877
-5016
-4076
-2699
-2315
-3873
-6248
-7783
-7030
-4976
-3174
-2382
-3174
-4735
-6507
-7825
-8861
-9100
-8872
-8397
-9002
-10950
-11185
-9760
-2700
3251
5567
-326
-7706
-7636
1293
12391
13997
8341
1904
2230
4858
6400
5690
5509
5063
995
-2449
-2544
1730
718
-6676
-13837
-11995
-3152
526
-3271
-9908
-11131
-8795
-6653
-4279
-281
3233
1885
-1990
-1946
4211
9221
7902
3784
3159
7464
10319
9159
5689
3438
2170
644
555
2731
4169
1539
-4495
-8517
-7329
-3929
-2612
-4433
-6395
-6310
-4799
-3195
-2316
-1634
-570
1029
3447
6417
9329
10345
9805
8888
9724
12161
14292
14144
11663
8680
6506
5731
5134
4175
2513
473
-1525
-3106
-3597
-4046
-4838
-5979
-6505
-5667
-4464
-3765
-4409
-5456
-6062
-5524
-4358
-3047
-2965
-4657
-7063
-8692
-8214
-8882
-10252
-13840
-13979
-11631
-5761
2059
6158
4756
-6323
-13464
-10020
6292
17907
16163
5494
-324
3107
6019
5372
2698
4858
5155
1390
-2896
-1235
3028
-2334
-13239
-18937
-9157
2675
3557
-5705
-12917
-11602
-8792
-7305
-4216
2737
6548
2868
-2329
-17
7687
10035
5027
650
4376
11001
12451
8233
3364
890
-901
-1922
113
4436
5262
-103
-7800
-10400
-7293
-3659
-3514
-5495
-5827
-4152
-1927
-1213
-1305
-1207
-332
1996
5715
10242
13492
13278
10278
7533
7912
11284
14269
14469
11440
7608
4735
3024
1788
642
-382
-1532
-2459
-3202
-3526
-4433
-6109
-7681
-7515
-4957
-2143
-868
-2125
-4099
-5183
-4758
-3391
-2035
-2046
-3317
-6328
-8486
-9647
-9941
-11521
-15157
-16553
-13394
-968
9374
11016
-2337
-16129
-16328
-927
15592
18088
11289
3943
4222
4584
4353
4473
7119
7333
1231
-2330
1053
7707
2610
-12037
-22029
-15556
-1137
4306
-494
-7841
-10286
-11904
-12920
-8773
1170
7800
4542
-2030
-816
7752
11640
6338
-1
1813
9352
13711
12561
8653
4506
-1202
-5726
-4292
3028
7831
3830
-5277
-10824
-9110
-5672
-5086
-6873
-6891
-4525
-1879
204
1267
1939
863
312
2984
9824
16434
17691
13677
8659
7365
9642
12788
13731
12052
8704
5177
2512
1050
228
-1454
-3564
-4709
-3604
-1764
-1950
-4656
-8108
-9007
-6918
-3169
-638
-197
-1623
-3583
-4923
-4642
-3421
-3279
-4476
-7000
-7846
-9828
-12049
-17367
-18635
-15815
-3887
7447
11356
2282
-12387
-16181
-6102
11707
17958
14155
6285
5409
7150
6900
5226
4566
5585
2020
-599
1342
7692
5562
-8331
-21444
-20601
-6481
2423
727
-6860
-10041
-10818
-12066
-10903
-4099
3700
4296
-137
265
8103
13374
8647
-88
-1509
6158
13409
14822
11466
7158
1520
-4356
-5850
-624
5341
4355
-2879
-8781
-8086
-5300
-5452
-8527
-9597
-6581
-1905
2180
4510
5074
3093
588
1194
7185
14922
18757
16720
12004
9213
9455
10987
11283
9837
7578
5493
3885
2497
442
-2778
-5849
-7046
-5258
-2194
-536
-2041
-5528
-8181
-7843
-4632
-1145
638
-130
-2033
-3441
-3493
-3302
-4564
-7484
-9031
-9471
-9273
-12493
-16170
-17914
-12404
-660
8130
7670
-4594
-13908
-11613
3747
15111
15099
7704
3902
6449
7853
6938
5120
6403
4108
-1444
-3577
2301
8076
905
-14058
-22331
-13959
-1904
592
-5526
-9939
-9384
-9903
-11326
-8129
50
4112
171
-3342
2664
12332
13319
4882
-1777
1323
8518
12081
10907
8711
5252
-1046
-6330
-4864
1571
4025
-1156
-8320
-9442
-5528
-3476
-6013
-9059
-8686
-5061
-906
3209
5946
6032
2934
823
3873
11153
17042
17034
13281
9822
9542
10599
10831
9371
6900
4677
3157
2709
2042
10
-3601
-6427
-6395
-3816
-1204
-1195
-3409
-5923
-6439
-4732
-1954
153
183
-1197
-2580
-2330
-1327
-1923
-4497
-7730
-9250
-9963
-11214
-14377
-17038
-17024
-9652
2182
10183
6075
-8365
-16915
-9764
8155
17748
14326
6402
5238
8139
8022
5715
5910
8069
4202
-2485
-2397
6419
9666
-2402
-19183
-22555
-9894
718
-328
-6818
-8733
-8370
-11102
-12428
-5948
3420
4545
-2026
-3285
6179
15024
12053
2053
-1845
3747
10248
12076
11367
10104
5491
-2828
-7603
-3537
3571
4043
-3088
-9053
-7975
-3973
-3325
-6586
-8763
-7817
-4184
291
5074
7295
5119
1235
774
6223
13152
16665
15164
11896
9579
9163
9820
9945
8223
4736
2108
1750
3008
2336
-1375
-5892
-7875
-6240
-3500
-1603
-1810
-3675
-6007
-6856
-5078
-1852
60
-1011
-2915
-3127
-1933
-1460
-3524
-6420
-8244
-9062
-10333
-13355
-15773
-16403
-11186
-1674
6673
6385
-3674
-12994
-11326
1950
13107
14462
9087
6233
7354
7821
6650
6355
7664
5286
128
-1255
4629
9020
2330
-11341
-18646
-12737
-3425
-574
-3595
-6101
-7236
-9855
-11657
-7904
-458
2353
-1449
-3274
3027
11357
12084
5459
323
1727
6156
9342
11111
11875
8937
1791
-4246
-3481
2023
4158
129
-4932
-5508
-3044
-2109
-3470
-5102
-5290
-4575
-1381
3970
8933
8853
4219
515
2567
8819
13447
14098
11780
9529
8061
7691
7939
7593
5412
2163
794
2187
3921
2369
-2296
-6479
-7017
-4527
-1564
-481
-1667
-4395
-7098
-7610
-5707
-3439
-3155
-5051
-6704
-7333
-6948
-8365
-10766
-14442
-16922
-18474
-17372
-13046
-6462
1925
5481
3673
-4569
-8667
-4615
7046
16179
16937
12751
9382
10007
9463
7996
5641
5296
4362
2647
2407
3657
3137
-4293
-13260
-17292
-12318
-5441
-2847
-4998
-8018
-9453
-10257
-9381
-6086
-1641
1137
1710
3572
7675
11009
10131
6272
4197
5910
9634
12333
12972
11180
7048
2156
-729
101
2045
2165
-604
-3902
-5822
-6442
-6620
-7080
-7501
-7575
-6446
-3674
72
2632
2614
977
420
2558
6521
10365
12419
12348
10822
8935
8072
8255
8374
7531
6163
5439
4979
4047
1984
-708
-2869
-3486
-2771
-1189
-28
-517
-2747
-5261
-6281
-5508
-3761
-2995
-2576
-2861
-2619
-2979
-3599
-4428
-5933
-7169
-8301
-8350
-8259
-9251
-11580
-14205
-15745
-14743
-8750
-53
6474
4290
-3214
-8163
-3885
5398
10284
9454
7109
8069
9397
9232
7637
6740
4850
582
-2030
724
6614
6709
-870
-9893
-12610
-9434
-6104
-5088
-4834
-4662
-6402
-8442
-7724
-3581
-600
-1502
-2720
344
6946
11250
10639
7432
5297
5681
7849
11062
13568
13112
9294
5102
3775
4501
4085
1430
-1261
-2027
-1387
-629
-1132
-3302
-6668
-8971
-7542
-2744
1974
2925
343
-2078
-1567
1635
5257
7756
8786
8497
8113
8576
9791
9469
6926
3604
2406
3731
5633
5353
2678
-614
-3359
-4357
-3497
-1593
-802
-2208
-4204
-5184
-4533
-4196
-5552
-6871
-7146
-5916
-5369
-6229
-8391
-11044
-13508
-14918
-13707
-10254
-7147
-6492
-7752
-7506
-3540
1689
4362
2891
999
1822
5956
10164
11995
11832
10100
7878
5888
5739
7338
8123
5674
1067
-1935
-1724
-867
-2021
-5176
-7974
-8867
-8385
-7155
-5913
-5319
-6416
-8206
-8243
-5416
-1590
655
873
1450
4195
7782
10316
10794
9758
8470
7817
8785
10459
11646
10317
6977
3599
2019
2054
2078
1095
-631
-1984
-2241
-1687
-1097
-1209
-2088
-2657
-1962
1
2335
3988
4359
3649
3143
3387
4638
5960
6446
5975
5043
4623
4355
3843
2736
1404
351
48
358
695
446
-696
-2142
-3249
-3611
-3449
-3444
-3731
-4728
-5569
-6399
-6624
-7087
-8127
-9864
-11801
-12934
-13472
-12564
-10751
-8125
-6724
-6728
-6739
-5114
-1899
769
1720
3183
7286
11529
12457
8984
5607
4986
6924
8126
7908
7091
5605
3200
432
-843
-1080
-1754
-4349
-6485
-5866
-3685
-2787
-4275
-6241
-7310
-7055
-5980
-3860
-1091
721
697
21
931
3282
5304
5900
6134
7002
8258
9277
9447
8892
7302
5447
4349
5146
6372
6471
4749
2536
1182
598
493
375
783
676
239
-87
490
1351
1445
905
627
1327
2621
3922
4574
4568
3851
2975
2693
3348
4221
4414
3748
2959
2481
2271
1962
1677
1441
1146
774
852
1321
1376
680
-874
-1997
-2314
-1775
-1473
-1282
-1489
-2347
-3367
-4314
-4928
-5441
-6254
-7168
-7760
-7855
-7593
-7512
-7374
-7152
-6639
-5573
-4145
-2502
-938
28
710
966
1195
1613
2527
3623
4302
4475
4338
4132
3780
3293
2613
2039
1754
1927
2031
2054
1575
730
-273
-979
-1216
-1115
-861
-753
-674
-774
-934
-1098
-1021
-615
-106
346
659
1050
1216
1738
1789
1837
1618
1874
2307
2909
3254
3106
3001
2765
2777
2507
2558
2402
2488
2658
2766
2839
2792
2324
1601
1280
1216
1535
1753
1714
1262
982
907
819
994
955
564
243
179
136
932
786
490
-212
-186
376
271
290
59
321
257
-164
-509
-1260
-871
-901
-1638
-2094
-1929
-1076
-1046
-1722
-2426
-2375
-2255
-2285
-2794
-3515
-3787
-3876
-4338
-4527
-4643
-4878
-5293
-5650
-5568
-5337
-5478
-5741
-5856
-5340
-4754
-4259
-4258
-3837
-3237
-2711
-2284
-1748
-1150
-617
-437
-727
-322
60
731
698
761
757
1198
1302
1243
1299
920
935
954
1433
1802
1902
1441
851
586
578
1008
1027
1215
1432
1179
1204
1215
1538
1326
1288
941
992
1432
1464
1701
1505
1749
1567
1443
1497
1626
1758
1735
1756
2174
2384
2422
1789
1544
1822
2031
2364
1971
1638
1397
1988
1569
1475
1353
1420
1502
1552
1154
1254
993
543
662
591
694
522
789
613
1234
539
-16
24
47
278
-180
-417
-529
66
-465
151
-164
139
-488
-1263
-1412
-1381
-1157
-1055
-1557
-1372
-948
-1765
-1358
-1773
-1440
-1956
-2470
-2745
-2050
-1663
-2510
-3316
-4006
-3810
-3110
-3555
-3475
-3502
-3237
-3191
-3649
-3570
-3540
-3726
-4072
-3651
-3854
-2873
-2890
-3167
-3076
-2987
-2891
-2639
-2284
-2054
-1840
-1712
-1582
-1288
-1030
-956
-975
-1151
-625
-437
-302
-166
388
249
330
61
-96
428
374
295
367
664
987
1074
584
716
951
988
1030
1023
1343
915
1260
951
1034
1350
1442
980
312
702
873
1547
1590
1455
1614
1236
1046
895
1400
1360
1592
1083
702
1265
1412
766
897
1212
1328
1227
285
1124
2
1179
127
291
-141
358
455
122
581
-101
1179
369
948
780
335
405
516
-334
-444
-1209
-600
-954
-177
-877
-953
-477
-423
-85
-1098
-692
-1060
-659
-1487
-591
-1580
-903
-1749
-1140
-836
-664
-900
-1719
-1927
-2057
-1512
-1471
-1255
-1839
-1970
-2299
-1736
-1675
-1432
-1785
-2111
-1309
-1344
-1259
-1639
-1679
-775
-942
-955
-1552
-925
-805
-634
-1032
-1788
-1209
-1281
-293
-1115
-883
-1448
-1243
-656
-943
-315
-859
-658
-191
-406
212
433
102
302
-354
353
160
701
603
565
474
412
1067
808
453
721
592
796
1120
248
1001
634
574
464
552
898
1593
1471
295
807
896
473
1222
570
1161
873
1031
191
679
183
594
-38
-161
585
621
330
-616
-590
-605
264
-32
-13
-399
-369
-38
139
-127
-223
-126
-166
-8
225
88
3
12
-270
-223
304
-142
-774
-340
-607
-326
-655
-580
-1386
-1637
-737
-357
-324
-199
-334
-775
-506
-1419
-261
52
-723
-720
-1431
-1115
-268
-574
-447
-1213
-577
-542
-57
162
-917
-1358
-1307
-922
-1528
130
-665
-582
-1019
-1017
-453
-187
-293
-709
-1661
-1384
203
849
753
-1610
-1624
-1106
746
610
-222
-959
-1451
-504
-755
-453
-1549
-125
60
-30
-506
-867
80
-774
-93
-857
1100
92
67
-830
381
758
727
-586
-812
73
411
1912
312
-812
-987
992
616
596
-708
-366
453
103
418
-298
-198
-141
-478
196
247
46
1609
161
1077
-1024
-234
-511
-66
421
-1206
293
-1031
22
-1084
81
-742
248
-407
-593
-961
-293
507
-130
-1234
-1196
-680
-350
438
424
-392
-1320
-1199
-739
808
595
344
-947
-320
-643
60
-668
-800
-201
-724
-1260
-1835
-156
24
-240
-1006
-1622
-897
422
325
-1037
-112
-127
-749
-724
-1949
1162
1159
-23
-1115
-904
425
1469
1022
-260
-733
507
1918
1388
810
213
-228
894
1230
831
776
33
488
663
894
1091
1443
800
275
229
985
718
1538
527
253
1567
442
1056
-36
1619
869
1871
55
-91
1202
791
670
56
1132
1021
1115
375
22
644
1704
419
10
241
827
746
6
-942
849
867
542
545
-1660
-770
-391
293
252
-851
-594
-1622
260
286
-1332
-545
-1192
1135
1420
575
-843
-1373
366
1015
348
103
-356
119
1414
292
49
-479
54
1268
960
9
-1014
-778
132
316
85
-525
-118
-157
514
877
843
550
430
-549
128
1411
637
1389
-689
-256
896
496
397
904
355
773
1312
-332
720
-280
832
640
461
1246
1084
890
130
555
333
1197
394
950
1233
1454
1347
431
382
32
1527
885
1669
626
952
914
1056
1597
791
1580
193
1380
559
971
1151
1213
1380
1350
756
807
1349
1350
1317
368
779
1038
1211
276
819
583
1157
400
-103
-198
226
548
1190
62
376
554
472
1305
666
-98
-15
808
876
525
321
593
833
989
1158
124
-122
898
508
1135
457
42
343
156
483
-12
1069
186
140
-123
-64
-497
1376
758
107
-36
-358
1735
1516
1434
-1063
26
432
2205
1549
899
1525
796
781
1024
778
1478
882
106
455
1157
1829
763
570
810
2052
1585
1616
881
-16
771
2046
2469
1613
867
915
1501
2885
2115
1376
-126
224
1604
1700
2090
1812
1425
1074
1282
1945
1811
1859
1282
807
1307
1080
1239
1176
1230
716
1154
979
1823
1723
1054
663
-156
-15
305
607
980
1548
109
689
-230
529
503
407
743
281
941
133
1829
754
1004
243
480
1018
175
4
-50
675
1367
86
37
-185
1064
1432
700
-103
-632
507
544
1426
-508
83
-763
196
542
754
1098
357
-90
47
287
734
221
269
294
650
982
1424
474
630
354
-94
1796
615
1551
533
795
618
392
-197
378
579
1346
1176
297
87
1093
1787
1247
345
153
288
1601
1620
1403
263
-240
422
531
1268
1137
1839
568
1541
1404
1517
1946
982
1541
694
1923
1334
2162
1742
336
794
379
1722
1042
766
891
986
1025
964
610
-597
864
429
534
429
-37
164
252
1382
829
665
279
-2
691
536
1247
-72
949
1252
729
509
-119
1456
677
1621
-228
540
427
1903
562
332
-404
-605
169
383
462
-131
301
-364
80
-1003
-42
-49
1077
1029
87
155
-23
532
77
234
800
1037
588
417
144
1139
848
731
1089
624
774
549
729
1693
1213
-637
304
-4
2179
1652
753
721
108
1544
1141
1348
1081
1070
345
573
461
1642
1052
792
894
875
1784
1038
1451
1244
1101
844
1006
2030
1206
1956
-5
1340
1224
1186
1851
1054
1621
1350
1292
351
884
1391
1244
970
862
1650
1436
1022
307
-561
259
601
1615
885
308
411
414
1713
751
1322
-759
639
390
1148
707
448
307
-332
680
-118
920
1012
1011
-74
-310
-221
420
1300
-205
467
-610
980
589
1192
761
627
435
975
588
556
584
624
657
289
634
104
566
814
340
488
549
1154
968
913
213
445
818
1639
1562
730
355
688
1296
1010
1132
479
1538
729
1029
139
759
585
791
1793
882
1537
855
960
1083
1249
579
664
1251
171
1617
-501
860
910
1373
1809
936
1342
358
885
417
1636
1303
1297
1273
153
572
527
786
636
1084
563
324
631
336
709
550
-29
388
1461
781
943
680
134
711
-195
843
1290
1877
1534
234
146
459
1012
1181
514
393
-482
-350
80
296
927
-601
951
-538
1366
408
339
-413
-56
1343
433
1242
447
620
604
408
624
625
991
-237
-404
362
401
1013
-2
1079
760
692
-82
-608
-124
327
707
275
1189
718
1190
657
535
210
719
647
-20
80
85
661
1540
1432
1137
399
-54
242
254
1003
-96
597
1154
-8
874
-232
234
253
863
470
1262
183
680
31
543
1166
853
315
487
-46
457
715
140
661
32
513
-363
481
853
865
1111
-212
-724
-873
-283
-330
171
-15
-232
290
-188
351
227
-76
-124
-353
491
913
378
703
-413
-299
-230
-278
1369
61
561
-851
261
902
849
209
106
-6
373
-113
-420
-598
-73
686
594
251
-53
108
-87
-213
-121
262
539
330
-380
-597
-1102
501
-299
1175
-407
718
-175
343
718
-448
635
-152
452
-227
-372
-415
-523
418
-158
1052
653
410
-144
-186
329
1426
441
230
-526
-935
1
281
385
612
471
-196
277
-209
795
261
1069
165
511
-225
-71
49
174
1001
202
699
-94
412
-858
358
-366
151
871
-849
1091
-713
126
-570
-885
-206
-133
1042
-357
188
-1171
261
-1208
576
-1010
-145
328
-183
-220
-875
357
-920
787
-745
-275
-1084
-224
182
-392
145
-745
-852
-837
-548
-1022
-786
-428
-127
-575
618
-732
-225
-1062
-1203
-166
-222
523
-782
-748
-937
413
-708
64
-1047
-838
-530
-266
105
-534
-317
-850
-302
12
96
199
412
-31
93
-309
-218
-145
332
627
235
-580
-601
-377
-326
144
-278
-4
-289
-343
-375
343
-400
-532
-238
-321
-27
-25
-176
-650
-388
-290
-577
-319
109
-517
609
-978
-497
-577
-260
-28
-311
-3
-825
-308
114
33
407
-956
-784
-1505
398
-149
67
-6
-357
-141
-409
-196
83
1079
876
513
-1063
-501
-1029
213
-349
-302
-940
-1004
-189
-973
-768
-475
-434
344
-716
-484
-1283
216
300
-352
-414
-1597
-359
-388
-132
-699
-868
-1083
-475
-582
-759
-792
-436
-751
-114
-547
-325
-431
-213
-445
-1158
-386
-966
-129
-855
-931
-855
-1043
109
-1173
-416
-1563
-704
-1203
-597
-866
-1034
-220
-495
-438
-518
-1487
-1058
-1170
-25
-140
-644
-572
85
12
975
-626
-550
-853
-712
590
-230
797
-359
182
-568
261
429
160
12
-152
-347
101
-812
270
5
489
-294
-568
-39
-435
28
-220
112
14
-81
-440
-452
514
-246
-450
-779
-231
-155
-138
-408
125
62
304
-525
-645
128
152
73
-530
-650
131
-32
-350
-1129
-538
-431
369
57
-584
-216
258
500
446
329
-530
37
-46
289
-38
-117
-763
-760
-943
-484
-315
-47
614
-322
2
-961
-363
-459
-182
-477
-356
-406
-273
-275
-494
147
-60
84
-548
-423
-455
-284
133
-683
-824
-942
-541
-814
-1003
-534
-787
-357
-335
-889
-851
-697
-498
-881
-845
-779
546
-283
-10
-713
-1477
-621
-1325
-522
-1192
-630
-1089
-990
-460
-1065
-302
-998
-210
-649
-182
-550
-1136
-942
-1513
640
-978
699
-622
-581
-875
-316
-687
-432
-136
-271
138
-523
361
-447
102
-398
40
257
451
-368
-136
-705
-610
200
-136
33
-138
243
-100
118
-137
126
454
-138
336
-725
409
-183
447
474
-439
183
-1257
329
-514
15
-503
-119
-125
78
-473
-1171
-520
-607
358
-130
-517
-565
-1116
-1399
-734
-83
-220
-520
-520
-946
-419
-573
-352
-504
-338
-471
-31
-720
-942
-1635
-1274
-1130
-130
294
-15
-429
-1426
-727
-964
-58
-66
-20
-441
-334
-836
190
-431
-235
-64
-269
-320
-45
-298
-426
-531
-1123
-737
-482
160
-197
268
-737
-698
-452
-1215
-627
-356
-350
-561
251
-524
-68
-297
-254
296
-883
387
-1219
-443
-609
-640
-131
-1355
-762
-1159
-313
-473
-658
-1014
-606
-454
-531
-12
-1072
-445
-737
-431
-309
-513
-94
-334
-122
-574
-1019
-855
-807
88
-432
-520
-796
-867
-416
-748
-341
-889
-423
-247
-315
-168
-237
-1046
-675
-753
-366
-269
-353
-132
-601
-356
-1017
322
-84
894
341
287
-513
151
-12
-43
700
-433
164
-965
-394
-698
-17
-227
-248
-173
-323
285
-443
-615
-103
-356
810
-123
390
-49
221
453
118
452
-327
312
-294
370
-385
77
-15
455
432
329
-85
-398
309
126
6
309
-478
-174
-248
-267
307
352
58
-197
76
17
435
-398
91
-509
-506
-862
-557
-694
789
-139
-233
-767
-1114
-430
-464
-5
-424
-292
-1180
-284
-612
84
398
-367
-858
-1051
-1264
-182
-187
-434
-463
-887
-424
146
-11
-15
-578
-679
-853
48
216
-314
453
-843
168
78
603
364
-25
-371
-45
30
127
316
-655
-94
-127
-399
-341
145
-161
92
-217
-275
211
81
493
395
804
433
-76
237
-390
475
319
526
669
407
569
301
428
380
849
154
547
206
137
304
296
-76
-256
164
-87
819
-67
245
-640
88
-96
485
10
111
-240
75
-570
-340
40
-328
36
-151
49
12
338
-88
346
277
930
169
244
-364
486
-135
994
122
624
137
381
471
354
232
-291
450
-278
603
-358
196
105
285
-386
302
-393
822
119
139
-397
-488
-67
90
-118
83
-284
-103
242
-195
73
-147
-92
-732
-33
-825
16
-687
627
-265
-103
-432
-469
265
-285
-314
-823
29
-205
776
-256
-467
-386
-648
-118
-401
-84
-425
-403
-607
-564
-332
18
-1
258
-159
-199
-332
-579
0
-800
14
-522
-114
-422
-432
-74
-52
288
-324
-219
-293
486
-380
408
-88
-73
309
118
372
240
557
74
223
350
367
308
184
55
256
138
45
84
-29
183
183
174
71
-90
198
402
774
626
395
230
46
314
250
956
592
753
449
663
382
279
-330
161
156
774
607
250
-33
-304
228
-10
-20
-243
-93
-93
-63
-223
-152
-192
666
83
191
62
303
305
845
589
295
-168
-8
-107
100
298
-347
292
-341
240
-438
-251
-227
261
458
252
255
-527
-363
-246
-167
-166
-78
-639
-147
136
-66
-366
-259
-848
-153
-41
-131
-137
-225
20
56
-29
-707
-82
-496
350
377
322
-148
-430
-208
-84
206
-92
-115
-114
-168
-3
-280
140
60
-174
-80
-284
-157
141
383
-79
313
-80
148
-21
-193
28
-309
297
403
375
524
-50
284
187
247
346
716
613
509
845
211
401
535
336
313
166
115
196
612
801
721
550
271
323
508
383
684
224
121
-174
-435
-3
266
408
288
149
284
433
38
194
-442
54
2
353
706
557
659
-107
517
110
304
167
-224
441
141
479
176
216
246
473
132
296
368
241
742
426
59
190
56
387
187
746
-99
774
539
600
759
435
360
212
300
103
772
159
643
-98
483
147
124
159
173
698
229
77
-445
20
68
3
82
-751
-15
-363
317
-191
-297
-250
-549
245
-178
426
-130
25
-31
97
218
-389
81
-351
44
22
-141
313
30
436
37
163
37
146
518
24
-103
-733
97
-185
592
-85
-165
-29
-265
242
504
-51
127
407
-239
906
-258
398
130
231
365
210
64
253
193
180
302
-44
334
125
44
-127
357
225
547
142
104
-103
97
-216
-40
-266
100
132
288
761
155
479
81
329
-108
327
-440
192
115
344
406
698
105
520
-88
391
24
342
-54
186
410
75
219
-167
324
78
63
-308
-214
409
-106
59
-148
-619
26
-579
345
-555
206
-578
-565
-327
-385
-68
-573
-137
-392
-8
9
-170
-335
-274
-446
-524
-283
-454
191
-91
-195
-263
-886
188
-297
5
-194
-20
-185
62
103
113
5
-118
-263
-328
-113
175
12
520
-47
245
30
-282
638
-82
281
25
213
252
288
162
301
190
328
147
366
347
520
459
524
386
509
416
164
189
49
218
126
439
-114
251
-37
249
28
102
348
70
131
-320
-348
-249
59
44
9
-228
-65
-211
-431
-647
-267
-303
83
-135
-285
77
-160
69
-364
-76
-892
-81
-484
-76
-376
-304
-437
-267
-462
134
-177
-116
61
-349
320
-303
403
-437
-17
-519
-15
-45
42
-11
-156
-298
107
209
-79
87
-266
-242
-122
-317
-171
30
140
304
-260
56
-85
360
-26
140
-33
-28
195
-114
-25
158
127
498
543
249
248
240
219
490
128
72
-126
37
170
255
-232
-338
-288
-92
212
-71
-140
-478
-316
-69
109
-68
-29
-807
-292
-606
-48
-92
79
107
-13
-236
-286
-414
-632
-105
-519
37
-356
-302
-412
-651
-276
-311
-49
-99
46
-340
-354
-459
-386
-468
-543
-248
-474
-460
-785
-548
-135
-98
-48
-263
-790
63
-64
131
164
53
-2
24
90
165
71
191
-336
-6
6
401
684
327
451
101
147
-5
470
180
686
219
221
20
-132
314
194
678
382
125
73
176
336
233
214
215
33
-359
-493
-135
-521
-142
-565
-349
-295
89
-221
-471
-341
-300
-68
-517
-165
-431
-549
-280
-842
-541
-406
-311
-312
-198
-367
-218
-231
-595
-718
-663
-629
-196
-405
-658
-392
-411
-380
-211
-581
-397
-109
-393
-388
-800
-454
-693
235
-211
46
-657
-397
-360
-662
-94
-733
-325
-340
-393
-412
-143
-286
183
-80
-519
-114
-228
191
-42
255
-203
361
60
-177
-292
-182
180
382
110
-132
-48
-61
235
-151
-201
-429
-203
-430
-337
-977
-210
-462
16
-153
60
-410
-190
-451
-501
-30
-126
246
43
181
-201
41
-209
100
164
-159
-24
-245
51
-22
-123
-152
9
-13
157
-235
-527
218
-286
177
-462
71
-355
75
71
21
230
-335
159
162
234
259
-15
190
139
352
288
55
191
-248
278
-129
324
-179
-108
-424
124
-205
-324
-225
-454
32
-132
-9
-390
-152
-242
-282
-198
-65
-169
-72
-338
-336
-29
-217
117
-349
38
-140
111
13
42
303
-292
-284
-704
-215
-430
-145
-842
-266
-619
58
-484
-539
-548
-307
-135
-272
-120
-236
193
-291
-49
-811
-705
-424
-190
163
-135
-171
-402
-451
-257
-198
-62
-109
-402
-183
-225
-203
54
184
183
15
170
257
199
119
245
183
-167
26
205
34
174
-153
-305
192
461
600
587
233
168
175
261
212
459
368
318
385
205
489
263
183
138
35
268
173
221
11
423
176
818
381
392
279
-28
327
-190
604
110
557
192
