
PI:
|         1|         0|         0|         0|         0|

A:
|  0.494569|  0.505431|         0|         0|         0|
|         0|  0.675928|  0.324072|         0|         0|
|         0|         0|  0.800819|  0.199181|         0|
|         0|         0|         0|  0.818093|  0.181907|
|         0|         0|         0|         0|         1|

B:
|         0|  0.104419|         0|  0.148653|         0|         0|         0|         0|         0|  0.165047|  0.131787| 0.0182326| 0.0500007|         0|      0.05|         0|         0|         0|         0|         0|  0.100001|         0|2.75014e-019|         0|         0|  0.199999| 0.0318617|3.79032e-043|         0|         0|         0|         0|
|         0|0.00667867|1.66213e-213|  0.125757|         0|         0|         0|         0|         0| 0.0202743|4.405e-012|2.5885e-093|  0.139253|         0| 0.0635485|         0|         0|         0|         0|         0|  0.103381|6.90579e-158| 0.0912961|         0|         0|   0.44238|2.19519e-028|0.00743074|         0|         0|2.07266e-067|         0|
|         0|9.2289e-024|1.0034e-093|1.09111e-032|         0|         0|         0|         0|         0|9.62299e-021|1.18902e-092|2.00959e-215| 0.0166626|5.29785e-062|  0.454545|         0|         0|         0|         0|         0|   0.20772|1.24762e-037| 0.0566748|         0|2.06441e-208|  0.229285|2.94448e-037| 0.0351122|         0|         0|1.13637e-032|         0|
|         0|4.37467e-014|2.84372e-032|  0.109507|         0|         0|         0|         0|1.83551e-169|4.09336e-032|3.75362e-137|         0|9.80617e-089|0.00222268|  0.188225|         0|         0|         0|         0|         0|  0.309691|0.00438604|0.00833328|         0|2.17582e-095|  0.346616|0.00884789|2.79931e-033|7.27961e-068|         0| 0.0221708|         0|
|         0|  0.208859| 0.0483705|  0.110628|         0|         0|         0|         0| 0.0227272|  0.142419| 0.0733516|0.00425721|1.47503e-178| 0.0095874|  0.093596|         0|         0|         0|         0|         0|  0.107455|3.40982e-182| 0.0427165|         0|  0.008767| 0.0360246| 0.0497168|  0.031766|0.00235376|         0|0.00740455|         0|

