
PI:
|         1|         0|         0|         0|         0|

A:
|  0.757894|  0.242106|         0|         0|         0|
|         0|  0.675709|  0.324291|         0|         0|
|         0|         0|  0.818913|  0.181087|         0|
|         0|         0|         0|  0.859533|  0.140467|
|         0|         0|         0|         0|         1|

B:
|      0.05|0.00538469| 0.0405841|  0.150818|9.14834e-019|         0|   0.53478| 0.0620018|         0|         0|         0|         0|         0|         0|         0|         0|         0|         0|         0|         0|         0|0.00891176| 0.0579742|         0|1.17882e-217|         0|         0|         0| 0.0895455|         0|4.58133e-293|         0|
| 0.0397724| 0.0452957|  0.191742|0.00423933|  0.541967|         0|  0.171984|     0.005|         0|         0|         0|         0|         0|         0|         0|         0|         0|         0|         0|         0|         0|3.27926e-063|3.07888e-033|         0|7.75658e-059|         0|         0|         0|2.05714e-032|         0|1.4822e-323|         0|
|  0.799525|8.8546e-037|  0.124981|      0.05|0.00836842|         0|7.46812e-008|2.6946e-101|         0|         0|         0|         0|1.40492e-158|         0|         0|         0|         0|         0|         0|         0|8.48077e-306|5.41913e-296|5.63259e-064|         0|  0.017125|1.39784e-226|         0|         0|3.07448e-166|         0|2.48375e-295|         0|
|3.322e-010| 0.0158367|  0.114064|      0.05|9.94518e-098|         0|8.67619e-039|9.62891e-306|         0|         0|         0|         0|1.41695e-038|         0|         0|         0|         0|         0|         0|         0|2.34786e-062|9.24973e-296|2.00033e-032|9.63059e-184|  0.820099|1.87204e-014|         0|         0|1.22781e-131|         0|1.24796e-264|         0|
|7.87159e-069|  0.225298|3.41582e-033|  0.154687|         0|         0|1.05731e-080|         0|         0|         0|         0|         0| 0.0811923|0.00434783|         0|         0|         0|         0|         0|         0| 0.0928599|0.00208333|  0.363619|0.00238095|0.00544131| 0.0475556|         0|         0| 0.0160714|         0|0.00446429|         0|

