
PI:
|         1|         0|         0|         0|         0|

A:
|  0.798093|  0.201907|         0|         0|         0|
|         0|  0.702792|  0.297208|         0|         0|
|         0|         0|  0.930312| 0.0696879|         0|
|         0|         0|         0|  0.816705|  0.183295|
|         0|         0|         0|         0|         1|

B:
|         0|      0.05|4.46898e-034| 0.0948794|         0|         0|         0|         0|    0.0125|         0|    0.0125|         0| 0.0333333| 0.0127958|  0.282823|         0|         0|         0|         0|         0| 0.0874319|         0| 0.0578462|         0|       0.3| 0.0558903|         0|         0|         0|         0|         0|         0|
|         0|  0.163005|  0.035849| 0.0665053|         0|         0|         0|         0|4.40578e-100|         0|0.00769231|         0|  0.151139| 0.0106391|  0.156341|         0|         0|         0|         0|         0|2.91219e-022|         0|     0.025|         0|  0.350001|  0.033828|         0|         0|         0|         0|         0|         0|
|         0|0.00759323|0.00963786|9.73545e-024|         0|         0|         0|         0|         0|         0|7.11939e-071|         0|1.15798e-032|4.82615e-189|6.47041e-033|         0|         0|         0|         0|         0|1.58722e-084|         0|1.9643e-069|         0|  0.982617|0.000151563|8.26728e-033|         0|1.78392e-306|         0|         0|         0|
|         0|  0.211612|2.29376e-290|5.89485e-032|         0|         0|         0|         0|         0|         0| 0.0206751|         0| 0.0708503|2.6224e-234| 0.0641891|         0|         0|         0|         0|         0| 0.0283838|         0|1.13834e-031|         0| 0.0152073|  0.503067| 0.0860159|1.72537e-150|9.55575e-060|         0|1.45408e-032|         0|
|         0| 0.0404622|         0|  0.340521|         0|         0|         0|         0|         0|         0| 0.0117837| 0.0141052|0.00151516| 0.0107103|  0.288213|0.00102041|         0|         0|         0|         0| 0.0500781|         0| 0.0589725|         0|1.01365e-035| 0.0121645| 0.0314684|0.00635233| 0.0394484|0.00432751| 0.0888565|         0|

