SAMPLES:	14100
BITSPERSAMPLE:	16
CHANNELS:	1
SAMPLERATE:	16000
NORMALIZED:	FALSE
-122
-123
-119
-125
-129
-135
-136
-140
-141
-151
-156
-147
-141
-147
-152
-154
-153
-158
-164
-171
-169
-182
-176
-161
-178
-194
-182
-164
-167
-179
-180
-199
-173
-168
-203
-219
-198
-169
-180
-185
-198
-181
-173
-193
-210
-204
-183
-177
-204
-200
-178
-171
-186
-201
-191
-191
-193
-195
-193
-187
-179
-175
-181
-189
-188
-175
-174
-179
-192
-184
-176
-164
-184
-183
-163
-163
-170
-176
-168
-160
-143
-154
-160
-151
-148
-151
-150
-150
-142
-140
-144
-138
-132
-121
-122
-111
-111
-107
-101
-102
-96
-98
-97
-98
-88
-88
-88
-76
-82
-83
-81
-75
-66
-64
-64
-60
-49
-48
-50
-48
-41
-37
-32
-34
-23
-16
-14
-7
-6
4
1
7
0
6
23
21
28
33
32
44
44
53
60
52
67
65
69
67
73
80
88
90
86
100
109
106
115
116
112
130
123
125
137
132
133
133
138
148
134
139
146
150
151
156
157
157
165
166
175
170
163
175
172
187
183
188
188
187
194
200
200
197
206
202
207
200
206
195
201
203
205
211
207
215
212
210
209
214
209
212
214
210
218
217
216
208
209
211
216
216
220
209
207
201
199
209
200
199
196
202
201
209
205
201
198
198
204
205
205
195
196
190
181
189
188
183
181
183
174
172
185
174
168
150
152
155
155
149
142
143
133
133
131
132
134
127
118
115
111
106
102
98
85
80
84
78
70
68
70
64
62
60
51
46
43
35
30
23
20
15
13
3
3
2
-3
0
-2
-13
-18
-26
-32
-31
-27
-31
-48
-48
-57
-50
-53
-56
-59
-67
-70
-78
-81
-84
-76
-92
-94
-99
-100
-104
-108
-99
-114
-118
-126
-126
-131
-131
-137
-137
-138
-138
-132
-140
-139
-141
-133
-139
-150
-152
-144
-147
-164
-166
-161
-158
-159
-159
-158
-164
-166
-167
-169
-169
-173
-163
-166
-166
-163
-169
-174
-177
-176
-171
-169
-171
-177
-174
-169
-170
-174
-173
-173
-167
-174
-172
-166
-174
-170
-175
-167
-164
-160
-159
-169
-167
-156
-162
-158
-163
-170
-159
-166
-162
-152
-152
-155
-151
-151
-145
-148
-149
-139
-144
-140
-140
-137
-128
-118
-117
-122
-115
-116
-104
-109
-111
-95
-96
-94
-92
-83
-92
-85
-69
-75
-68
-61
-59
-63
-50
-46
-36
-39
-46
-27
-23
-20
-21
-10
-9
-5
3
-4
4
10
20
14
12
21
29
36
31
41
37
41
40
54
52
58
55
52
65
57
63
74
76
81
92
88
102
110
97
106
110
116
119
118
120
126
118
138
146
132
144
152
150
154
160
165
156
166
168
173
174
164
180
182
183
183
184
193
198
198
187
196
202
198
206
196
201
212
208
208
212
211
215
213
209
219
218
221
232
229
228
232
231
237
241
234
239
248
247
251
246
251
244
251
245
232
237
246
237
239
241
233
232
232
229
224
230
230
231
230
228
229
221
227
220
221
225
219
221
217
220
211
219
213
210
206
204
205
201
204
195
187
192
189
181
178
166
169
178
167
164
164
148
150
155
145
139
128
131
120
120
110
98
98
95
88
81
83
76
67
66
65
59
60
49
45
45
41
38
28
23
29
22
14
7
12
3
7
-2
-2
0
-15
-10
-14
-10
-20
-28
-34
-37
-32
-33
-41
-49
-49
-55
-55
-48
-68
-56
-63
-67
-64
-78
-69
-73
-85
-81
-81
-86
-97
-97
-94
-99
-101
-111
-108
-113
-112
-120
-114
-116
-121
-115
-117
-125
-126
-125
-122
-124
-125
-134
-135
-123
-134
-134
-134
-123
-116
-124
-129
-120
-122
-126
-116
-117
-127
-124
-110
-112
-115
-124
-115
-113
-114
-110
-115
-112
-111
-108
-106
-105
-104
-102
-103
-104
-104
-105
-102
-95
-108
-106
-94
-112
-99
-95
-90
-84
-85
-92
-88
-78
-83
-86
-75
-81
-75
-67
-72
-78
-71
-70
-56
-60
-57
-50
-42
-37
-51
-37
-36
-31
-30
-28
-19
-23
-9
-3
-5
4
3
12
5
22
24
18
43
36
37
43
52
58
62
61
65
78
75
79
85
94
90
92
100
107
109
115
117
111
118
126
137
139
142
137
136
141
152
157
164
162
161
172
179
173
176
186
181
183
186
192
200
199
209
217
210
212
214
218
222
226
232
225
229
228
224
230
231
228
233
238
247
245
254
248
254
254
259
257
259
271
267
272
277
272
265
282
280
283
280
281
279
284
290
288
295
290
290
293
289
287
287
293
284
282
281
282
289
282
283
285
284
282
277
284
281
285
286
287
280
281
279
279
275
270
282
271
271
276
279
276
260
273
272
261
259
260
265
256
246
245
246
235
241
231
229
230
213
207
211
208
199
196
193
190
188
185
181
176
164
163
158
153
140
136
126
123
125
118
118
107
109
96
95
90
92
89
90
85
77
72
70
58
57
56
45
49
42
49
42
45
44
29
28
16
17
15
5
1
3
-2
-13
-10
-12
-14
-12
-13
-24
-30
-37
-54
-42
-49
-48
-50
-54
-61
-69
-71
-78
-74
-75
-83
-85
-86
-80
-87
-86
-91
-99
-93
-106
-100
-105
-102
-97
-103
-100
-102
-102
-105
-103
-104
-105
-111
-113
-109
-123
-115
-124
-124
-125
-117
-118
-126
-119
-120
-121
-126
-135
-128
-123
-123
-123
-134
-115
-132
-121
-120
-115
-104
-121
-113
-123
-118
-116
-103
-114
-114
-105
-116
-108
-104
-101
-108
-114
-112
-112
-100
-97
-101
-101
-103
-107
-107
-108
-112
-97
-96
-98
-90
-84
-81
-86
-82
-79
-83
-83
-74
-72
-73
-64
-59
-54
-58
-52
-52
-36
-38
-34
-24
-33
-23
-29
-20
-12
-16
-11
8
9
13
16
13
17
17
19
28
34
34
32
42
48
44
54
52
64
66
74
66
72
83
82
87
85
88
98
94
103
110
105
116
113
130
131
128
141
135
131
142
146
154
164
163
168
170
174
175
179
188
183
178
190
190
193
194
200
208
203
208
205
217
221
219
219
225
237
231
226
229
236
242
244
242
242
241
245
243
247
240
241
249
259
253
248
250
255
256
259
265
261
266
258
263
270
255
258
256
262
257
249
259
258
260
250
249
251
256
258
247
244
239
232
238
232
242
240
224
224
228
230
225
229
227
221
227
221
225
224
222
217
220
222
206
203
202
198
206
191
187
197
193
186
177
179
179
167
175
161
158
156
150
148
137
137
128
129
117
115
103
111
107
89
90
83
80
73
64
57
62
48
45
38
44
42
29
26
18
13
10
10
8
8
-2
-6
-10
-13
-10
-17
-19
-22
-26
-36
-40
-37
-46
-47
-53
-54
-56
-61
-67
-74
-66
-70
-78
-81
-87
-85
-92
-99
-97
-107
-106
-106
-109
-111
-105
-111
-121
-121
-119
-127
-127
-125
-135
-135
-139
-125
-131
-136
-141
-142
-141
-147
-145
-139
-142
-148
-142
-146
-139
-140
-139
-140
-150
-145
-143
-138
-135
-145
-142
-136
-138
-146
-147
-148
-141
-133
-147
-142
-139
-136
-139
-146
-148
-143
-149
-135
-129
-137
-134
-130
-135
-131
-134
-127
-123
-125
-126
-115
-113
-122
-110
-108
-113
-103
-98
-98
-94
-97
-87
-87
-87
-76
-75
-76
-75
-73
-77
-74
-67
-65
-51
-56
-54
-46
-39
-37
-24
-32
-34
-20
-18
-12
-16
-17
3
2
3
2
12
19
30
27
31
33
35
32
46
57
48
63
65
77
70
84
92
89
99
105
105
109
110
114
124
123
128
128
136
133
136
141
138
150
147
155
154
162
161
170
164
170
172
167
173
175
188
184
192
193
194
198
200
209
218
218
216
222
225
235
237
238
235
231
254
245
253
246
255
267
259
264
270
268
267
265
276
276
277
268
269
285
273
277
271
278
284
283
283
271
284
274
276
292
280
292
284
290
286
287
286
283
285
269
272
266
279
270
264
268
272
274
272
272
266
264
258
260
264
259
255
255
253
249
245
244
242
235
241
232
231
235
229
236
225
215
215
210
213
202
198
199
187
199
188
185
185
170
178
173
166
165
159
150
148
144
140
133
130
130
120
126
111
118
115
105
107
94
94
75
83
85
70
71
61
54
53
49
51
47
42
38
25
27
28
26
11
7
4
3
-2
-12
-10
-13
-22
-36
-35
-40
-31
-33
-44
-48
-43
-47
-55
-56
-63
-64
-65
-72
-69
-76
-94
-86
-81
-89
-81
-90
-93
-88
-89
-84
-89
-97
-98
-100
-93
-102
-97
-100
-103
-101
-103
-104
-105
-104
-116
-104
-101
-109
-117
-116
-115
-115
-117
-105
-110
-104
-113
-116
-115
-111
-108
-117
-112
-114
-105
-108
-104
-114
-108
-107
-97
-97
-96
-93
-98
-93
-98
-89
-90
-88
-90
-81
-83
-87
-82
-79
-78
-75
-75
-70
-76
-71
-71
-73
-69
-73
-60
-69
-55
-63
-60
-45
-56
-45
-34
-41
-36
-35
-32
-28
-28
-28
-32
-22
-17
-9
-11
-5
-6
3
15
13
23
24
23
26
30
26
32
34
41
47
49
53
59
65
70
68
76
80
89
86
92
101
105
114
114
120
129
131
124
143
140
148
153
159
163
156
173
168
173
168
172
185
182
184
190
186
182
187
189
194
200
209
210
217
213
223
230
226
224
233
232
233
244
238
243
245
255
239
251
254
255
258
259
267
254
263
264
266
269
278
279
277
274
275
284
283
283
282
280
287
279
282
282
276
291
291
285
287
280
280
294
299
293
297
294
294
296
293
289
289
291
286
282
294
287
285
286
281
281
281
281
282
282
287
288
276
263
255
267
274
260
264
263
254
259
260
258
245
241
251
245
236
231
251
244
227
234
232
226
221
217
219
209
198
201
203
196
189
193
179
174
171
169
161
158
155
146
139
133
133
133
123
110
115
112
101
86
69
80
85
76
65
66
60
40
45
55
44
15
21
28
13
1
-3
8
2
-10
-15
-11
-8
-22
-41
-40
-30
-38
-41
-61
-68
-64
-50
-39
-50
-78
-81
-61
-60
-71
-86
-78
-86
-98
-95
-69
-80
-115
-129
-118
-116
-100
-81
-130
-168
-133
-104
-114
-133
-133
-147
-167
-131
-110
-115
-133
-161
-156
-138
-133
-109
-113
-155
-159
-149
-138
-143
-115
-109
-156
-166
-124
-122
-127
-111
-131
-127
-152
-133
-105
-123
-149
-137
-131
-141
-143
-136
-130
-154
-151
-128
-119
-91
-114
-158
-159
-122
-101
-117
-125
-138
-136
-113
-91
-109
-123
-140
-115
-103
-80
-85
-135
-115
-89
-84
-69
-86
-125
-115
-63
-50
-60
-93
-97
-50
-65
-109
-26
33
-64
-112
-45
4
-12
-36
-30
-3
-9
-25
-30
-23
23
35
-29
-46
27
83
39
-8
24
82
57
10
59
94
67
37
69
120
123
51
54
118
109
130
148
140
110
96
86
126
170
150
58
47
193
223
145
26
130
232
202
126
94
197
185
136
147
216
187
131
137
202
253
197
148
144
195
259
253
160
168
253
244
206
193
252
210
206
241
230
181
197
275
233
177
224
309
260
194
201
278
260
199
221
302
276
206
249
269
270
238
237
249
280
285
224
209
288
325
239
183
239
273
257
237
264
293
255
223
241
259
243
204
200
263
282
248
207
214
285
303
201
195
283
292
193
188
286
288
236
180
222
233
210
216
197
185
240
277
138
117
238
260
115
85
198
275
185
49
116
247
243
56
28
255
257
-21
-35
223
244
35
32
200
134
0
71
172
73
3
96
177
106
-42
11
153
129
-12
-28
65
103
-15
-47
81
82
-28
-72
13
37
-45
-58
3
23
-52
-81
4
40
-101
-106
-9
-8
-67
-79
-46
-48
-63
-105
-77
-74
-53
-70
-123
-112
-45
-54
-109
-129
-96
-45
-104
-135
-69
-35
-156
-183
-81
-55
-181
-166
-41
-65
-223
-198
-51
-107
-151
-98
-80
-167
-193
-76
-57
-162
-175
-105
-144
-182
-107
-69
-176
-191
-122
-142
-119
-131
-134
-137
-98
-127
-152
-122
-150
-147
-161
-104
-120
-137
-118
-154
-144
-132
-87
-156
-214
-76
-12
-132
-224
-118
-6
-109
-230
-131
36
-74
-238
-124
78
-85
-249
-116
73
-79
-244
-52
65
-108
-191
-32
35
-52
-70
-22
-80
-90
2
-30
-182
-22
192
-20
-265
-67
184
58
-180
-98
143
71
-108
-4
32
-9
24
46
12
37
28
-64
72
183
79
-94
22
230
146
-26
49
226
109
40
88
155
203
101
-10
103
238
154
51
176
170
-11
131
296
161
-8
97
240
229
160
49
155
205
141
177
177
223
136
169
268
248
168
153
163
252
273
150
234
328
233
147
247
369
235
107
144
278
339
178
149
165
252
241
272
269
163
177
277
279
298
267
164
191
329
268
148
215
248
287
329
211
158
306
296
236
259
306
335
171
132
344
397
145
132
298
404
326
149
162
239
254
287
307
192
252
227
103
312
419
116
54
225
298
269
153
213
269
223
237
258
222
190
188
134
137
291
286
149
78
155
247
221
150
143
184
113
193
227
145
173
223
-7
5
263
286
62
-13
146
123
73
113
175
120
-33
27
236
70
-66
85
110
14
-24
56
89
61
-39
22
-23
89
104
-83
-130
-10
-56
32
189
-18
-216
-106
130
-99
-98
-25
40
-38
-122
-71
24
-41
-173
-154
-80
9
-74
-161
6
48
-199
-317
8
164
-282
-403
-89
79
-113
-185
-183
-150
-75
-70
-207
-236
-15
-57
-238
-185
-58
9
-119
-263
-193
-19
-28
-300
-311
-14
-11
-347
-220
-66
-150
-186
-316
-149
8
-139
-366
-181
41
-182
-286
-193
-88
-165
-189
-176
-162
-174
-173
-4
-78
-188
-284
-187
49
-19
-304
-287
25
-151
-212
21
-82
-392
-333
87
56
-390
-314
82
-22
-388
-145
8
-209
-284
-71
-107
-98
-6
-241
-282
-33
33
-171
-208
-115
14
-146
-183
-173
7
69
-101
-291
-117
168
-92
-314
23
223
-234
-179
151
3
-367
-33
192
-75
-113
-40
25
41
119
-207
-168
260
119
-214
-99
290
84
-203
17
212
67
-28
-42
86
126
119
141
128
132
-68
136
230
81
-111
-19
352
236
-63
-59
226
186
111
1
24
177
143
261
98
-39
238
363
10
3
356
239
-36
110
377
407
70
18
230
248
102
182
305
76
238
320
48
161
372
216
-41
270
352
156
202
390
218
-73
302
512
111
27
377
218
39
333
481
96
-30
277
489
175
129
326
277
147
278
433
-52
126
530
233
-48
358
643
120
-168
222
647
125
20
433
208
10
317
386
159
233
170
158
256
267
374
159
105
243
271
159
220
195
15
159
468
355
-81
130
482
119
26
419
199
-24
118
391
123
38
139
167
334
74
-109
221
374
225
-106
80
215
159
-49
102
233
0
20
106
235
133
110
101
-160
-115
320
182
-168
-160
28
170
164
-158
-13
22
-62
5
58
65
-68
-112
-172
136
98
-176
-305
57
66
-140
-3
-97
-34
-131
-98
-113
-13
-10
-105
-179
-192
-31
-57
-8
-218
-244
-24
112
-252
-351
-91
129
-165
-437
-142
50
-59
-327
-273
-85
-114
-85
-152
-317
-211
-36
-102
-250
-221
-128
-202
-173
-91
-164
-202
-363
-213
30
-262
-451
-102
120
-269
-411
-209
52
-45
-386
-325
12
80
-420
-394
-25
74
-410
-504
16
176
-364
-521
38
127
-230
-541
-154
97
-339
-481
-57
265
-359
-656
-34
202
-222
-455
47
-130
-475
-130
30
-181
-185
-100
-123
-192
-210
-162
-8
-42
-214
-181
-200
-221
-3
-137
-286
-51
-114
-319
-34
142
-234
-285
22
-18
-91
-122
-281
-20
-50
-177
-175
146
109
-307
-224
175
249
-308
-66
211
-160
-294
-53
340
150
-358
-267
261
243
-120
-178
56
17
-50
67
180
140
-117
-19
277
35
-201
128
355
-78
-169
87
406
166
-246
-187
419
400
-290
45
537
242
-347
-77
415
348
-81
-250
185
423
57
173
114
238
202
-57
-18
354
517
-32
-195
336
540
108
-80
-23
358
320
273
139
30
347
350
-69
151
536
78
-165
351
408
-134
71
456
305
74
92
405
259
82
191
162
254
269
168
158
303
171
169
354
233
-14
186
486
166
49
253
134
43
247
245
218
234
226
82
100
401
221
-48
251
388
45
118
311
188
-78
162
331
285
26
-23
320
129
30
160
346
214
-179
163
491
122
-124
131
328
-28
46
259
174
-53
181
264
31
9
205
18
2
36
93
71
-74
112
-18
-69
2
298
144
-51
-130
-51
180
51
-113
-56
40
17
-181
-4
251
-144
-277
20
108
-8
-149
-170
100
354
-75
-627
-106
241
-69
-201
-131
-277
11
210
-123
-409
-255
25
-26
-185
-113
-82
-285
-223
-39
-68
-269
-301
-5
-215
-126
-188
-245
-33
-132
-367
-195
82
-340
-353
-80
-71
-271
-113
-181
-170
-231
-345
-300
-80
-68
-238
-308
-288
-244
-104
172
-316
-643
-186
180
-225
-404
-260
-294
-188
-211
-248
-122
-358
-354
-227
31
-222
-491
-178
31
-236
-375
-136
-194
-331
-350
-118
18
-297
-620
63
186
-576
-564
175
4
-511
-172
-31
-298
-421
-38
30
-329
-356
101
-26
-504
-94
-43
-294
-331
84
-26
-270
-259
-247
-20
-190
-211
-52
-107
-307
-179
-27
-61
-194
-228
-106
88
22
-434
-305
274
71
-527
-239
492
161
-736
-313
482
53
-459
-191
167
-36
82
383
-303
-640
165
370
-14
-284
32
312
-99
-362
174
483
-182
-310
203
445
-1
-411
151
489
-15
-195
179
269
-103
-58
272
173
-21
63
347
197
-19
-90
127
286
199
151
-97
225
51
92
127
64
167
32
122
136
252
-15
161
94
5
202
215
37
137
353
-13
0
226
412
153
-24
242
323
126
198
248
59
302
250
81
-28
325
363
-54
252
251
146
108
284
326
73
35
143
341
163
239
3
238
371
359
170
-147
202
290
207
143
252
211
198
192
65
158
352
114
88
194
111
302
292
-77
61
328
110
-82
292
350
-60
14
450
129
-108
260
403
-31
-182
336
297
399
-37
-40
295
353
-1
-146
164
277
60
-45
40
242
175
-36
70
119
68
-5
124
185
130
-172
-25
146
341
-57
-118
273
63
-220
93
343
-159
-37
5
31
-27
177
-129
-245
38
2
-171
-142
290
-97
-225
-92
-59
22
-109
-127
-93
-33
-147
-141
-17
-64
-78
-209
-211
24
-48
-241
-129
-2
-256
-151
164
-227
-327
-218
-65
-238
-169
22
-69
-294
-322
10
-126
-190
-265
-246
-30
-45
-134
-286
-224
-168
-191
-320
-155
-80
-114
-114
-316
-124
-30
-268
-354
-20
-172
-342
-322
-110
4
-363
-358
-184
-202
-190
-151
-160
-331
-238
-71
-293
-321
-115
-158
-350
-305
-212
-186
-138
-105
-138
-342
-197
-7
-23
-326
-415
-178
-1
-247
-315
-18
-125
-358
-305
-105
-3
-332
-298
-127
-8
-297
-207
104
70
-538
-548
211
22
-404
-204
23
41
-110
-337
-51
-6
-260
-194
16
69
-150
-231
-108
63
-170
-118
-67
36
12
-127
-146
-93
121
5
-151
-202
141
209
-247
-199
334
54
-452
-29
326
74
-198
16
28
192
48
-134
-3
249
219
-161
-59
151
171
168
-82
-249
133
396
-134
-75
468
109
-269
54
464
101
-251
92
280
122
6
181
126
146
135
50
254
154
76
159
272
84
64
327
119
54
132
105
176
338
104
-54
207
381
128
-82
348
359
-20
129
358
115
104
354
86
103
441
286
-121
52
685
394
-311
177
577
153
-225
375
668
-20
-88
388
386
270
97
121
368
359
115
57
301
370
166
54
189
199
282
108
100
399
314
-1
190
263
221
287
166
-126
286
406
-30
24
284
270
75
3
254
411
301
46
-15
264
327
368
-298
-55
527
87
-210
407
561
-330
-55
616
203
-443
238
545
-144
-442
262
642
-222
-448
254
497
-104
-176
278
510
-56
-442
20
559
107
-579
2
235
53
77
-75
-201
66
263
-108
-160
29
-105
14
-14
-41
-81
18
-199
-141
127
-3
-322
-245
136
87
-179
-307
-109
22
61
-250
-287
-119
70
-87
-59
-161
-180
-116
-81
-207
-346
48
34
-480
-126
227
-76
-424
-280
7
-79
-302
-284
196
-199
-580
-84
162
-404
-456
-189
-153
-165
-63
-349
-371
70
-118
-479
-286
-122
-124
-347
-208
-139
-274
-47
-188
-358
-300
-130
-179
-140
-177
-388
-386
-238
-236
-327
-230
-7
-68
-566
-190
238
-393
-406
-113
-204
-274
-72
-29
-336
-440
-75
-16
-215
-267
-203
-281
-133
-199
-344
-44
-237
-336
-162
-159
-245
-100
51
-265
-414
-82
131
-337
-443
-87
80
-114
-408
-198
13
173
-208
-478
-83
191
-29
-466
-220
15
-50
-209
-223
-1
31
-461
-168
8
-294
-121
-84
-49
145
131
-401
73
260
-4
-117
-136
-44
500
41
-465
58
274
-105
-420
281
280
-95
-208
53
330
104
-228
-433
122
418
61
-384
-188
554
247
-583
-43
583
67
-283
112
470
7
-77
259
104
-26
215
77
36
93
202
137
131
89
58
328
-165
8
345
135
99
113
141
79
214
152
78
150
191
154
5
195
196
52
191
285
-16
134
395
92
-17
177
309
227
87
66
285
325
-16
-52
355
189
84
134
151
334
59
25
259
292
6
-7
360
425
-102
-221
535
631
-243
-17
394
258
389
45
-276
182
620
231
25
148
288
137
72
214
265
231
-28
235
302
227
72
151
210
49
182
40
214
357
155
51
169
8
184
231
28
-83
-91
146
303
-140
-67
105
-72
-107
81
9
12
139
-194
-191
266
175
-379
63
82
-87
75
-140
40
226
-257
-413
218
233
-196
-263
-42
-12
13
-53
-422
-43
144
-288
-201
-42
-13
67
-204
-661
127
393
-549
-201
209
-206
-235
-79
-212
-161
38
-155
-530
-66
324
-281
-570
-99
83
-211
-393
-268
64
-112
-479
-174
109
-228
-459
-244
-93
-114
-488
-336
-58
-246
-351
-463
-397
-429
-95
-243
-709
-482
-273
-355
-443
-563
-491
-522
-739
-559
-406
-789
-901
-631
-440
-721
-717
-293
-274
-562
-791
-580
-255
-185
-427
-483
-176
-167
-219
-85
-97
-26
133
-57
-215
179
417
228
45
2
105
214
264
114
200
193
67
210
320
216
101
183
119
-35
85
267
134
3
28
-55
54
-2
152
232
-325
-335
42
382
-262
-752
-304
-135
-677
-564
-57
-333
-876
-830
-574
-678
-722
-1019
-1305
-1249
-1162
-1496
-1939
-1420
-101
842
303
-1485
-2607
-1461
707
1154
-173
-1588
-1136
846
1811
853
-293
-276
303
398
38
388
1277
1395
610
-271
-183
581
893
474
-284
-655
-340
512
1038
775
-181
-935
-814
-112
245
-138
-324
45
166
-236
-331
315
873
474
-580
-844
141
1363
1430
547
-94
73
596
822
814
788
760
483
507
963
1301
1082
489
102
164
723
1102
939
431
89
113
280
415
283
121
-129
-353
-302
-90
4
-337
-750
-949
-1008
-1096
-1021
-970
-1499
-2068
-2016
-1161
-344
411
651
-562
-2057
-2233
242
2075
1174
-1122
-1502
850
2487
1806
212
47
877
1066
445
434
1620
2319
1380
-357
-557
551
1361
882
-150
-685
-625
238
924
859
-220
-1264
-1208
-474
51
-148
-307
-113
39
-352
-703
-169
906
1027
-186
-979
-143
1499
1861
728
-335
-106
814
1061
942
1247
1646
1151
107
39
1400
2169
1147
-409
-431
1025
1632
895
-65
-211
15
-80
-149
233
762
74
-1124
-1226
-326
212
-428
-1530
-1895
-1608
-1333
-1510
-1995
-2184
-2338
-2421
-2147
-201
1500
450
-2910
-4753
-1250
2826
2639
-1448
-3050
243
3416
2475
-398
-642
1241
1866
270
-552
1141
3164
2357
-530
-1929
-494
1491
1164
-431
-1556
-1156
-261
336
277
-817
-1946
-2134
-1199
-613
-811
-899
-336
-101
-963
-1805
-1169
661
1382
128
-1519
-834
1452
2458
922
-892
-594
808
1307
667
509
1325
1851
1043
69
192
1412
1491
115
-718
381
1800
1144
-454
-976
-122
177
-404
-619
-65
141
-561
-1219
-1148
-676
-689
-1437
-2221
-2201
-1785
-1778
-2520
-2718
-2374
-2129
-2516
-730
1435
1224
-3035
-6002
-1680
3824
4289
-1755
-4336
-33
4933
3662
-1057
-1878
1453
3461
992
-1401
306
3869
3358
-953
-3524
-987
2279
1920
-879
-2491
-1195
26
386
-330
-1281
-2010
-1914
-1024
-435
-442
-661
-259
-67
-570
-1494
-1153
924
2463
1385
-1087
-1185
1580
3453
1703
-984
-981
1405
2604
1483
285
899
2068
1489
-50
-294
1559
2473
945
-813
-227
1825
1861
-91
-1328
-370
953
743
-229
-292
263
132
-909
-1336
-638
107
-380
-1631
-2176
-1869
-1614
-2184
-2672
-2481
-2040
-1572
586
1969
830
-4243
-5772
-591
5085
4148
-2529
-3861
1540
6103
3114
-1964
-1870
2699
4402
1047
-1509
1201
5171
3876
-1797
-4255
-351
3559
2712
-1240
-2279
-359
1047
440
-1027
-1613
-1464
-859
-500
-282
-221
62
219
-257
-1036
-1546
-540
1695
2990
1606
-903
-1009
1736
3242
1411
-1079
-512
2194
3082
1404
-28
799
1964
1202
-233
253
2270
2723
910
-662
-65
1461
1419
124
-725
-34
1167
1146
55
-675
-166
218
-556
-1232
-631
424
31
-1377
-2327
-2061
-1879
-2270
-2858
-2733
-2250
-914
1861
2292
-383
-6319
-6092
425
6253
3875
-3258
-3893
2223
6217
2010
-3049
-1858
3443
4385
431
-1508
2062
5341
2647
-3526
-4593
215
4025
2581
-1488
-2199
-707
229
-657
-1479
-1556
-1264
-929
-624
-312
-455
-527
-628
-947
-1525
-1835
-404
2170
3272
1318
-1841
-1969
1017
2863
1309
-876
-71
2345
2646
434
-874
360
1668
735
-500
513
2693
2597
-71
-1837
-725
1153
1186
24
-531
181
641
71
-960
-1193
-444
26
-612
-1337
-927
-17
-342
-1997
-3209
-2813
-2045
-2131
-2913
-2908
-2400
-542
1640
1458
-2219
-7520
-5440
1933
7034
2761
-4295
-3961
2366
5031
366
-3456
-571
4887
4672
-610
-2829
1421
5339
2326
-4207
-4674
1017
5230
2543
-2448
-3440
-1211
144
-887
-1733
-1264
-65
33
-1017
-2142
-2023
-734
92
-402
-1524
-1719
124
2365
2531
-53
-2786
-1858
1536
3430
1729
-292
250
1886
1542
-602
-899
1180
2753
1378
-658
148
2604
2610
-515
-2495
-259
2643
2404
-198
-1021
280
614
-727
-1446
-93
1228
798
-822
-1675
-1224
-288
-178
-1159
-2137
-2066
-1520
-1843
-2907
-3329
-2494
-1589
570
1753
624
-4356
-6966
-1965
4741
5503
-1224
-4625
-556
4548
2870
-1886
-1736
3270
5495
1487
-2715
-498
4807
5310
-499
-4449
-1272
3807
4061
-238
-2315
-744
662
-433
-1632
-852
647
685
-642
-1842
-1943
-1012
209
560
-307
-1504
-1273
696
2216
1559
-788
-1708
271
2358
2093
439
551
2192
1946
-221
-1195
1267
3557
2535
-221
-483
2118
3290
1317
-1199
-256
2384
2631
352
-928
680
1741
199
-1501
-563
1529
1563
-202
-1353
-1003
-389
-256
-481
-813
-1092
-1352
-1830
-2603
-2966
-2573
-1822
-1547
557
2055
901
-4335
-7275
-2244
4471
5679
-366
-3682
-478
3449
1755
-1931
-795
4011
5519
1387
-2336
-268
4067
4375
-143
-2766
-223
3176
3062
57
-969
-163
-184
-1273
-1318
206
1163
547
-693
-1743
-2424
-2177
-513
1039
806
-994
-1806
-400
993
630
-1020
-1124
862
2057
926
-569
383
2444
1899
-971
-1793
1090
3876
2659
-357
-874
1192
2272
929
-72
893
2213
1409
-604
-1118
474
1814
723
-1171
-1114
788
1467
-192
-1621
-1027
46
-371
-1324
-827
219
-247
-2125
-3188
-2590
-1771
-2070
-2768
-2804
-1389
1268
1689
-897
-6475
-7168
-1290
5216
4961
-1460
-4193
-962
2151
-319
-2974
-33
5600
5856
-111
-4471
-1892
3515
4419
299
-2056
198
3310
2267
-1323
-2181
-130
1405
140
-1439
-1044
628
1230
-440
-2956
-3881
-2004
871
1762
-39
-2310
-2237
-697
-276
-1291
-1596
512
2334
1235
-1615
-2623
-213
2072
1619
-465
-776
1195
2230
843
-817
-58
2089
2514
892
-233
791
2044
1144
-913
-1052
1156
2277
680
-1142
-455
896
99
-1322
-743
964
733
-1058
-1509
-534
-283
-1373
-1875
-1355
-1043
-1822
-2630
-2879
-2511
-2378
-1526
538
1162
-708
-5883
-6334
-1202
4797
3787
-2343
-3912
-114
2234
-1338
-3149
1508
6795
4438
-2604
-4415
462
4634
3219
95
419
2214
2078
-367
-1124
806
2395
1753
-304
-1006
-305
599
648
-89
-1245
-1951
-1267
391
941
-516
-2042
-1212
189
-352
-2045
-1427
1697
2530
-370
-3286
-2015
1352
2088
369
-416
1177
1886
121
-1321
250
2968
2986
985
68
1421
1998
730
-137
1034
2481
1682
96
-3
1281
1576
344
-453
385
1556
1279
-38
-640
36
461
-306
-978
-354
498
-279
-2157
-2628
-1390
-560
-1454
-2603
-2265
-1183
350
176
-792
-3806
-4475
-1454
2505
2928
-1052
-2464
-518
1264
-992
-2373
1037
5373
4425
-871
-3192
-302
3272
3251
1421
1518
2599
2224
-136
-1137
609
2900
3183
1220
-391
-628
136
651
444
-174
-505
-110
388
-62
-1251
-1525
-228
699
-383
-2084
-1639
571
1226
-502
-2125
-1275
447
542
-500
-583
696
1173
80
-1066
-359
1401
2342
1730
566
323
575
927
1045
1521
2087
1797
670
-62
628
1505
1182
496
856
1498
630
-920
-686
980
1124
-671
-1484
-204
716
-570
-1987
-1565
-498
-906
-1865
-1768
-887
-1223
-2234
-2658
-1261
190
57
-1628
-3583
-2477
-343
1131
-488
-1776
-859
641
-126
-2105
-1243
1611
2910
776
-1324
-989
694
1526
1214
1263
1373
1245
678
-23
-78
621
2049
2339
983
-730
-780
491
960
151
-524
92
515
-336
-1713
-1544
-133
618
-311
-1653
-1649
-649
-265
-908
-1318
-824
-237
-623
-1295
-1218
-388
103
-219
-692
-645
-124
283
344
332
594
829
468
-2
376
1437
1661
660
-11
624
1252
592
-163
366
1243
687
-518
-478
568
774
-118
-598
-153
39
-428
-702
-385
-224
-639
-961
-795
-608
-810
-1053
-1033
-1109
-1297
-1485
-1005
-110
95
-733
-2484
-2419
-959
480
-84
-1113
-849
-110
-592
-1904
-1441
508
1778
677
-713
-856
-89
341
514
1091
1461
1104
414
196
335
416
806
1507
1551
492
-525
-153
783
734
-14
-35
626
529
-650
-1192
-271
782
516
-560
-837
-345
-58
-361
-492
-127
176
-9
-437
-496
-201
245
429
319
42
-53
218
495
537
380
479
695
663
373
309
614
906
818
622
524
447
438
553
810
709
409
405
726
771
316
52
343
630
298
-176
-87
339
246
-289
-480
-175
59
-229
-502
-430
-266
-374
-586
-599
-294
-44
-44
-483
-875
-696
-42
354
11
-312
-123
256
-6
-358
-80
764
993
382
-213
-133
305
479
502
568
644
457
173
17
45
201
497
733
589
92
-207
-49
235
277
149
161
221
106
-49
102
412
413
155
56
336
552
433
310
441
619
479
177
177
493
760
693
500
378
372
397
436
474
495
565
609
537
270
51
133
434
554
307
17
-43
107
143
-17
-143
-120
1
-5
-140
-305
-330
-213
-191
-293
-380
-286
-132
-190
-384
-470
-298
-92
-61
-149
-190
-209
-255
-202
-36
132
96
-7
-136
-196
-188
-98
2
-6
-142
-254
-285
-319
-365
-394
-258
-192
-286
-535
-659
-492
-248
-234
-497
-658
-530
-333
-423
-640
-588
-267
-130
-354
-598
-478
-185
-85
-186
-209
19
121
13
-163
-83
203
369
284
100
85
255
395
338
217
213
339
389
289
200
223
276
275
157
-9
-32
43
22
-156
-308
-304
-272
-346
-467
-455
-397
-461
-599
-673
-626
-586
-583
-575
-544
-503
-515
-494
-420
-336
-271
-224
-234
-232
-142
34
172
128
46
51
193
314
302
224
183
232
287
203
77
-10
-15
11
-58
-184
-258
-244
-272
-448
-652
-649
-504
-433
-599
-798
-853
-822
-788
-788
-680
-548
-549
-634
-680
-605
-459
-341
-246
-182
-189
-208
-114
75
204
145
89
140
270
365
358
331
343
416
458
459
396
358
410
500
554
495
387
316
342
425
405
263
115
118
240
245
68
-84
-28
64
-12
-197
-288
-131
64
20
-203
-353
-265
-44
86
57
-54
-70
61
230
262
167
113
239
511
611
500
377
477
571
488
370
456
709
727
459
196
218
377
366
203
125
229
268
97
-113
-122
4
29
-38
-88
-49
-63
-119
-137
-120
-105
-168
-130
19
107
10
-193
-226
-22
145
48
-146
-106
156
320
146
-89
-45
174
294
232
184
206
240
193
156
206
295
389
405
347
209
96
132
301
417
358
185
140
221
306
276
146
108
164
218
191
175
214
242
215
210
273
302
257
191
248
363
387
322
253
280
355
351
298
288
361
376
279
204
263
323
248
131
84
115
113
90
103
115
-31
-223
-229
-75
14
-129
-316
-338
-220
-183
-258
-259
-137
-2
-74
-261
-325
-137
83
98
7
8
102
140
66
-3
63
162
195
124
67
38
36
-13
-88
-87
-45
-59
-184
-325
-343
-287
-306
-383
-399
-328
-363
-590
-749
-639
-400
-370
-578
-720
-621
-442
-435
-574
-656
-517
-324
-263
-379
-432
-282
-73
-57
-259
-335
-90
214
266
69
-52
61
259
299
192
158
249
349
305
184
131
185
216
177
109
68
17
-56
-83
-105
-130
-224
-296
-282
-231
-267
-417
-507
-470
-362
-390
-489
-527
-428
-292
-312
-408
-480
-428
-310
-196
-172
-226
-232
-140
-2
32
-42
-63
61
206
202
61
-3
123
280
251
40
-84
-14
122
82
-68
-112
-31
-23
-174
-308
-264
-167
-165
-248
-311
-297
-280
-298
-371
-426
-404
-338
-305
-333
-384
-372
-288
-217
-184
-196
-238
-266
-177
-39
59
47
-1
35
120
151
96
134
307
428
335
179
178
345
433
343
239
253
314
263
158
102
158
164
60
-21
-15
63
51
-74
-185
-186
-88
-81
-138
-127
-49
-37
-141
-189
-106
7
42
52
61
63
89
138
213
232
205
241
329
383
368
385
422
475
462
432
431
442
433
404
418
424
404
355
317
275
256
220
160
135
179
230
167
17
-38
17
22
-60
-119
-26
71
17
-103
-153
-50
70
51
-50
-67
81
227
193
23
-1
209
393
328
149
198
461
583
392
188
282
574
645
443
286
371
510
462
294
215
288
342
266
143
102
154
168
49
-87
-103
-24
48
18
-62
-127
-150
-114
-100
-144
-170
-93
7
13
-98
-172
-48
115
115
-24
-47
129
245
152
11
59
248
300
187
108
184
300
247
119
86
148
190
113
43
77
154
98
-48
-81
-8
4
-84
-148
-109
-99
-208
-294
-223
-131
-186
-310
-324
-200
-172
-307
-375
-248
-115
-192
-330
-305
-126
-78
-242
-349
-192
33
22
-176
-248
-86
47
16
-41
44
108
19
-134
-112
64
146
42
-91
-109
-54
-82
-163
-207
-182
-184
-255
-290
-284
-258
-321
-416
-462
-395
-365
-434
-498
-469
-416
-456
-489
-438
-336
-347
-432
-438
-304
-179
-201
-282
-247
-117
-59
-116
-129
-35
61
32
-41
4
81
55
-71
-103
14
115
55
-70
-99
-45
-48
-149
-163
-59
2
-112
-281
-291
-158
-87
-192
-303
-274
-188
-219
-321
-320
-229
-215
-336
-373
-228
-115
-209
-386
-398
-226
-94
-126
-216
-189
-73
-23
-78
-132
-59
67
113
65
28
87
173
167
82
54
131
215
180
60
-5
32
82
65
8
-7
-14
-48
-78
-88
-117
-164
-171
-170
-163
-174
-155
-115
-109
-187
-249
-184
-28
62
-34
-139
-121
30
137
130
97
135
201
184
103
130
300
384
326
217
234
324
349
316
307
373
377
324
305
350
371
305
256
290
379
371
272
206
245
310
267
184
145
155
151
112
91
88
48
4
28
80
81
-28
-107
-39
77
119
96
104
123
75
-18
21
248
433
394
207
138
253
363
346
337
432
510
432
274
252
388
514
454
315
292
375
431
360
253
196
210
247
226
194
174
163
144
90
18
11
57
104
80
6
-15
24
52
17
-18
18
63
70
39
16
50
84
94
86
105
159
192
156
132
188
284
343
280
198
201
270
358
372
321
286
278
282
264
267
281
235
181
171
198
172
73
0
9
29
5
-66
-91
-103
-122
-168
-214
-207
-192
-192
-254
-304
-288
-212
-171
-205
-278
-272
-194
-119
-136
-204
-213
-100
2
-47
-115
-103
26
91
36
-27
29
152
169
43
-63
11
169
235
105
-61
-92
17
58
-29
-149
-149
-72
-66
-183
-324
-342
-263
-193
-267
-391
-414
-356
-317
-383
-454
-427
-345
-294
-350
-425
-426
-342
-271
-229
-201
-183
-175
-171
-152
-90
-15
15
-8
-21
24
81
101
44
-8
12
82
118
49
-29
-34
-10
-58
-139
-150
-112
-103
-200
-290
-293
-236
-234
-337
-430
-388
-258
-256
-397
-502
-425
-284
-293
-406
-433
-315
-216
-281
-381
-336
-159
-79
-169
-259
-191
-35
43
-11
-60
-19
48
73
81
110
143
145
117
96
89
79
84
116
124
76
-5
-17
17
1
-86
-173
-155
-87
-90
-153
-204
-194
-188
-250
-276
-246
-171
-178
-221
-187
-108
-88
-138
-138
-61
58
95
111
134
162
161
149
208
296
323
298
290
340
380
331
266
280
379
398
300
216
251
301
247
139
111
181
193
113
4
-3
68
99
1
-113
-104
-28
-4
-61
-94
-57
-24
-54
-67
-4
73
63
10
21
133
190
194
201
245
259
217
213
342
509
521
401
287
336
443
478
431
402
481
568
494
323
263
370
459
399
264
229
290
283
180
89
99
128
106
59
43
32
4
-13
13
30
7
11
40
100
123
86
77
135
184
211
221
253
312
334
320
307
353
413
425
389
384
417
432
429
428
437
385
286
264
348
407
337
179
124
193
233
146
48
86
414
427
-33
-178
-125
-132
-229
-329
-235
-69
-11
64
28
-86
-92
-55
-31
-135
-219
-133
-20
42
102
125
149
163
120
67
44
72
125
158
174
189
184
165
96
49
66
98
118
103
102
101
40
-52
-100
-90
-68
-135
-253
-305
-284
-207
-200
-242
-203
102
173
-124
-274
-338
-441
-480
-360
-230
-152
-96
-80
-110
-326
-499
-504
-374
7
94
-36
38
57
13
-37
-174
-29
301
154
-35
46
41
-40
-91
-44
-66
-176
-202
-106
8
37
-64
-172
-187
-281
-406
-400
-336
-324
-284
-146
-94
-193
-211
-219
-266
-319
-394
-309
25
-48
-318
-193
-139
-206
-217
-115
-117
-229
-171
-125
-116
-63
-45
-75
-46
-88
-131
-103
-119
-9
44
-9
-32
-27
-35
-137
-195
-203
-259
-276
-128
-28
-48
-65
-112
-90
-98
-198
-248
-219
-198
-187
-84
97
115
35
64
105
-134
-328
-247
-115
-108
-120
-43
116
196
50
30
-47
-69
36
43
9
-15
10
84
61
90
160
164
11
-29
80
16
68
150
125
63
122
173
98
48
1
171
176
48
44
91
199
62
-49
4
4
43
40
-56
-37
69
-35
-191
-135
-84
70
144
185
372
242
164
157
192
192
79
187
206
228
237
225
284
331
313
293
576
473
412
520
362
185
78
269
202
-64
75
475
473
264
275
221
199
84
-101
35
163
121
36
190
321
142
148
233
202
145
129
152
295
342
248
202
266
256
184
204
395
553
612
700
553
361
406
454
120
64
293
401
380
322
365
467
379
89
97
463
471
160
186
322
242
154
151
190
163
49
243
365
206
123
178
169
146
63
-49
-74
75
243
158
-15
-9
113
22
-88
1
145
139
-61
-71
75
260
14
-65
214
26
-95
153
367
340
52
-195
-51
144
91
-119
-206
-53
-42
-30
9
-52
-262
-143
-7
-293
-381
-194
102
51
-211
-237
-134
-22
-32
-241
-360
-151
151
68
-234
-245
-80
-57
95
-91
172
241
-16
-17
6
57
-75
47
-73
-78
-13
-6
-149
92
91
-287
-206
-123
-20
-89
-144
-233
20
-178
-492
-372
112
252
-482
-662
111
218
-501
-496
-208
-282
-491
-244
-5
-351
-475
38
-36
-574
-656
-83
-12
-316
-162
120
26
-480
-506
-202
2
-125
-251
-111
-22
-196
-406
-95
-22
-208
-221
-258
-441
-178
-310
-144
-218
-355
-143
-197
-584
-474
178
-177
-686
-707
107
126
-440
-346
-25
-194
-507
-421
114
296
-403
-334
212
-4
-532
-347
138
172
-213
-510
156
611
36
-404
-268
75
286
-62
-123
269
56
-32
44
-86
80
272
128
-18
-47
24
79
-283
-279
334
70
11
35
-265
-139
-265
-49
46
-260
-75
27
-25
130
-65
-188
-100
-53
56
10
-38
129
428
-66
-72
396
201
-406
96
455
138
140
584
504
-388
-49
322
389
-3
49
244
266
213
286
39
-21
-9
361
336
-177
-272
282
638
-83
-42
-39
144
102
11
-197
79
312
201
75
-64
194
241
151
-144
183
318
241
302
170
101
225
178
152
562
508
34
207
480
469
346
296
369
286
227
404
789
291
-10
369
659
212
-96
182
332
-25
142
689
402
-313
-145
542
277
-560
-315
462
226
-58
302
325
-155
11
275
105
-291
-235
685
453
-143
173
250
204
192
500
8
-302
-28
428
544
546
315
-430
-75
553
464
-295
-121
552
460
-117
-309
66
228
162
-142
-318
34
312
109
-89
-197
-148
-61
-332
-113
320
100
-113
-418
-194
47
-72
-74
229
-216
-327
523
395
-291
-456
145
295
-96
-394
47
367
86
-176
-20
406
-27
-352
-18
317
15
-142
217
255
-303
-428
321
220
-531
-418
137
-217
-377
-143
-32
-92
-199
-429
-241
90
-460
-429
-37
-395
-619
32
235
-416
-578
-289
-17
-273
-471
-308
-199
-234
-86
-8
-321
-13
-121
-716
-322
158
234
-492
-413
13
333
46
-676
-260
486
-267
-838
15
268
-228
-432
-153
-81
-218
-399
-230
-155
-457
-622
-481
-164
-90
-312
-521
-378
-265
-568
-454
-300
-259
-309
-413
-236
89
-145
-458
-262
-231
-43
-444
-309
330
286
-89
-407
-327
-17
217
-262
-335
65
-43
-232
-123
-57
47
-477
-256
297
-366
-633
276
441
-479
-399
47
1
-278
-391
-199
229
-179
-622
109
358
-251
-562
142
299
-476
-637
2
360
81
-28
-449
-161
255
-39
-317
-41
69
2
204
30
-146
58
518
86
-309
-19
265
179
-172
71
349
286
127
-436
-156
389
242
-306
-396
527
428
-170
-283
223
444
-85
-438
-5
382
-381
-357
360
312
-18
-210
107
157
-195
196
245
-288
129
814
243
-226
51
410
177
-61
121
125
63
355
491
71
247
400
145
-19
56
72
50
377
316
300
290
245
41
-22
254
165
-4
369
366
61
103
250
366
187
-159
56
627
19
-420
291
606
382
228
-120
-13
423
192
-169
74
447
196
16
248
181
133
262
117
-21
170
190
108
190
318
-119
-120
275
344
-6
-119
251
212
4
-8
152
148
172
194
-96
-7
499
169
-303
-90
477
320
-583
-204
610
341
-224
-342
-17
390
210
-374
-126
317
-6
-374
-129
415
232
-355
-147
213
-28
-346
-144
125
-4
-158
96
130
-232
-260
203
237
-379
-373
154
74
-378
5
377
-192
-363
89
75
-206
-170
-106
97
-28
-262
-153
145
-128
-197
-62
-388
-36
214
-262
-407
20
89
-238
-391
-40
-74
-339
-306
-263
-11
-132
-443
-271
-84
-382
-205
-29
-474
-677
-86
192
-262
-743
-540
157
-117
-532
-231
-59
-410
-409
-272
-251
-281
177
-162
-776
-179
28
6
-410
-535
-187
26
-379
-491
271
-79
-599
-435
62
-103
-570
-567
-18
224
-444
-647
-273
51
-297
-486
-127
-189
-231
-220
-141
-235
-201
-64
-256
-360
-207
78
-286
-690
126
284
-566
-225
313
-293
-670
-210
199
88
-441
-238
172
-55
-310
-274
-284
-18
-202
-185
69
-243
-269
-122
-136
-155
-61
-332
-146
70
-49
-162
-277
-123
-33
-31
-259
-127
-45
52
-22
-240
-179
78
-126
-350
54
140
-42
-254
-82
-76
-93
135
-70
-215
63
0
-77
65
105
-216
-84
356
62
-207
-135
139
158
221
-36
-269
134
341
52
48
167
-122
-91
374
382
-58
-210
253
266
-156
24
256
70
-5
236
60
-36
376
336
-14
-13
111
173
171
11
130
251
94
-25
176
250
82
236
11
-265
232
576
8
-200
371
302
-67
23
221
302
-166
-108
569
538
-108
-115
381
331
-45
-26
438
278
8
75
485
224
-202
219
436
72
-24
341
198
-89
294
296
-31
-52
158
133
160
160
-240
93
258
-34
-92
261
131
-62
127
172
36
-14
91
201
54
125
296
-3
-125
239
209
162
244
-57
199
317
94
202
116
-188
108
254
-9
-58
79
349
14
-288
301
234
-306
-121
174
-8
82
-85
-7
67
-121
-118
-100
-220
-143
170
-192
-320
43
200
-247
-177
-152
-322
-225
-156
-109
47
-168
-262
214
20
-492
-362
188
-203
-324
79
-28
-255
-217
-25
-57
-209
-342
-170
-82
-128
-327
-246
47
-126
-417
-72
-52
-675
-532
33
-223
-374
-143
-329
-278
-68
-329
-534
-263
36
-505
-659
-148
-144
-88
-296
-531
-311
96
-294
-666
-187
211
-282
-640
-117
-48
-307
-401
-171
-366
-391
-252
-89
-317
-677
-283
188
-227
-671
-243
-86
-159
-663
-498
194
-210
-684
-413
29
-30
-634
-715
-7
92
-763
-613
-120
-327
-367
-176
-345
-550
-174
-146
-511
-392
-169
-432
-390
-187
-67
-400
-490
-20
-119
-579
-384
-72
-338
-237
-290
-221
-197
-200
-294
-418
-163
-99
-205
-430
-108
-79
-280
-371
-36
-58
-335
-214
6
14
-314
-199
-59
-87
-185
-173
-36
43
-184
-191
127
31
-257
-107
46
-83
-84
-65
-49
-144
121
45
-289
-103
248
-105
-405
160
221
-237
-194
46
-18
142
-43
-112
-16
-152
68
91
-162
-238
172
202
85
-236
-154
305
91
-132
143
474
-82
-145
91
211
252
108
55
19
162
146
65
73
147
146
-31
97
222
78
50
165
39
-55
251
191
-163
38
332
4
61
149
103
20
27
161
221
6
-39
270
174
99
133
215
163
361
18
92
276
110
212
428
167
85
309
358
244
-43
108
502
412
-50
11
362
448
-53
76
525
62
-152
188
238
296
296
-133
-66
260
172
11
98
-81
-42
234
274
-10
-96
170
154
-105
152
356
-139
51
242
42
100
72
276
212
113
126
32
95
323
323
-122
34
337
180
-27
117
215
8
-32
145
234
-136
141
192
-285
-79
20
80
1
-205
-5
80
-380
-332
205
-40
-391
-326
-67
19
-181
-226
-21
-202
-168
-16
-165
-77
43
-94
-202
27
-23
-226
77
219
-432
-173
367
27
-332
-20
180
-11
-46
-339
-301
387
279
-611
-621
338
419
-376
-636
-143
133
-182
-491
-358
110
-232
-541
-447
-50
-190
-676
-301
-168
-328
-316
-385
-429
-101
-140
-461
-261
30
-265
-572
-139
-151
-228
25
-130
-315
-121
-56
-146
-217
-278
-366
113
-74
-449
-111
63
-184
-259
-280
-138
-184
-337
-245
-105
-90
-360
-316
-6
-52
-626
-384
34
-283
-510
-73
-201
-315
-156
-434
-169
-130
-509
-355
77
-117
-322
-126
77
-244
-406
-127
-60
-245
-29
38
-326
-186
9
35
4
-393
-201
206
-192
-245
99
76
-104
-210
12
87
-487
-308
154
57
-320
-184
13
-51
-279
-236
44
7
-20
-284
-215
-16
37
-232
-131
276
-136
-259
58
42
-125
45
-139
17
111
-25
190
-13
-13
149
94
-24
179
-3
16
256
57
17
92
173
214
91
-165
20
424
132
-67
222
252
-135
-29
337
76
-54
148
146
-129
33
359
263
-147
-56
329
179
-81
98
271
113
99
213
311
98
59
208
194
166
205
397
286
168
47
233
513
281
-27
209
576
307
-30
282
436
70
-11
404
328
122
107
156
335
151
12
154
315
4
-84
410
277
-179
121
262
103
1
314
167
-146
151
606
205
-273
365
794
13
-430
451
770
21
-184
382
738
131
-336
244
420
272
273
280
39
148
344
238
21
-49
443
329
-68
-32
376
335
-234
-119
405
77
-165
257
120
-32
110
52
-123
14
33
9
-2
-83
163
230
54
-110
-50
110
207
21
-303
197
437
70
-47
25
270
292
-21
-360
113
331
-101
-190
350
308
-401
-123
249
18
-276
-111
182
-280
-263
149
52
-383
-247
-31
-82
-10
-209
-354
-268
21
-212
-317
0
5
-429
-460
126
-42
-591
-393
166
-105
-325
-108
160
-199
-633
14
262
-335
-489
77
110
-321
-181
-35
-39
-332
-383
-44
160
-176
-398
-62
-188
-291
-122
100
-512
-678
110
113
-488
-469
-46
-214
-400
-418
-126
-215
-490
-187
-93
-453
-270
-84
-325
-234
-69
-282
-346
-129
-203
-251
-110
110
-300
-450
215
113
-411
-414
55
28
-155
-205
-105
3
-36
-151
-310
-97
-96
-174
-121
-115
-210
-52
-53
-263
-229
-65
-132
-220
-377
-243
-32
-140
-372
-190
55
-169
-364
-295
-83
-225
-137
-134
-101
-185
-61
117
-157
-285
-100
73
-107
-125
-106
86
64
-67
-265
134
286
-308
-257
318
109
-345
143
93
86
-37
-66
26
-6
61
-88
-36
8
12
52
165
-83
-236
124
303
-170
-185
365
51
-276
96
310
101
-238
0
215
61
29
101
-63
-61
356
271
-302
-3
482
308
-105
17
436
417
-33
-138
349
525
139
7
371
315
212
129
299
216
102
206
380
253
-11
139
454
313
-154
29
395
425
-94
-212
262
371
149
61
116
193
122
41
133
292
51
4
314
192
99
222
226
119
121
259
286
-25
38
630
344
-347
188
702
168
-261
260
665
-6
-310
559
754
-322
-295
632
554
-268
-208
596
504
-228
-149
581
340
-207
92
413
59
-62
217
183
177
55
54
205
73
-33
169
184
43
0
67
316
307
-184
-39
377
151
-167
213
348
-30
-30
262
283
-160
-72
301
247
-209
-35
259
119
8
-36
44
84
37
-67
-126
106
153
-56
-161
-13
16
7
-47
-81
-212
-223
106
180
-423
-427
380
222
-545
-411
275
-16
-340
-253
210
28
-479
-167
249
-109
-405
-42
-73
-239
-256
59
57
-250
-350
-194
180
-198
-413
-1
25
-249
-196
-160
-233
-185
6
-124
-478
-250
-12
-83
-413
-292
-72
-216
-340
-337
98
-125
-445
-188
-11
-205
-254
-168
-238
-221
-177
-69
-133
-319
-136
-46
-205
-411
-106
-14
-283
-190
-60
-47
-341
-293
-73
25
-285
-352
-63
-35
-180
-324
-135
-35
-173
-418
-201
-46
-207
-345
-171
26
-358
-322
-64
-141
-278
-314
-137
88
-187
-540
-211
24
-153
-297
-258
-87
-4
-224
-387
-68
-15
-173
-343
-60
96
-224
-238
-102
41
-166
-237
-230
111
125
-382
-151
286
-34
-543
-85
356
-108
-424
-28
277
-47
-367
-5
136
-41
-173
-60
137
67
-145
-186
324
155
-282
-47
235
75
-93
37
87
20
88
73
-27
67
127
110
37
175
133
142
81
39
154
193
186
184
114
-12
192
269
223
6
-16
351
159
-36
174
281
67
-34
251
277
141
31
256
136
-135
243
438
79
-160
184
412
166
-118
95
490
301
-102
74
525
261
-205
221
704
192
-190
206
601
208
-185
370
466
8
50
493
373
-30
100
358
290
20
257
268
5
175
474
257
-68
122
396
144
-144
211
426
154
-57
168
359
192
-22
57
341
319
30
-24
292
412
174
-54
221
441
154
1
262
513
113
-66
226
490
205
-86
154
402
284
-47
161
274
132
69
129
268
123
-56
81
290
107
26
-30
29
286
195
-23
-157
45
346
40
-291
19
296
-14
-309
-141
396
181
-434
-34
238
-68
-262
-35
118
87
-123
-233
-36
139
88
-102
-239
-9
93
-50
-158
-71
44
-80
-142
-67
9
-215
-278
-30
-96
-262
-126
-26
-145
-264
-184
-73
-237
-254
-49
-130
-236
-200
-137
-63
-240
-397
-161
35
-161
-427
-238
187
-148
-568
-279
88
-90
-424
-403
-125
21
-289
-295
-188
-254
-165
-172
-438
-185
149
-250
-468
-144
8
-113
-330
-393
-212
13
-211
-440
-174
-61
-213
-349
-260
-175
-102
-369
-375
-34
-146
-428
-192
-63
-308
-263
-152
-232
-368
-175
-92
-307
-238
-81
-286
-295
-98
-166
-255
-251
-190
-200
-242
-219
-92
-104
-383
-377
22
-107
-426
-175
-144
-300
-33
-108
-279
-123
-259
-195
-89
-283
-274
-10
-14
-295
-326
-95
125
-226
-485
-102
56
-144
-352
-116
25
-57
-265
-302
18
39
-147
-221
-99
13
0
-112
-141
-11
-48
11
77
-59
-119
43
130
-106
-24
62
-148
-9
269
4
-241
6
256
89
-324
-11
349
11
-206
98
202
85
-32
-183
91
299
109
-85
-56
188
208
-36
-82
136
199
166
-44
-141
298
433
-72
-282
271
368
51
-130
88
430
101
-180
186
311
53
98
93
113
224
72
99
302
185
-45
51
262
254
34
34
195
182
157
162
105
26
157
228
84
197
237
78
-25
239
281
44
85
190
249
179
59
138
265
172
45
234
302
104
54
330
442
8
-14
271
440
148
-76
199
409
164
-34
195
356
116
-2
162
301
226
76
63
161
259
68
86
218
115
96
125
153
248
-16
-77
270
170
-59
134
96
21
111
80
55
97
-42
19
42
-54
264
109
-287
0
294
0
-79
-23
44
88
-73
-127
3
98
75
-93
-173
76
77
-103
-192
-82
148
-47
-296
-98
11
-22
-86
-240
-107
112
-141
-260
22
-72
-239
-126
-36
42
-190
-380
-115
75
-146
-187
-122
-250
-221
-96
-69
-125
-278
-203
60
-252
-179
-66
-192
-43
-124
-300
-30
27
-247
-122
-90
-188
-104
-124
-167
-144
-173
-109
-220
-270
-91
-195
-219
-76
-328
-260
-78
-200
-238
-225
-195
-144
-196
-172
-85
-299
-222
-49
-275
-353
-85
-52
-234
-302
-166
-112
-315
-391
-175
-125
-261
-269
-345
-151
-8
-205
-433
-263
-58
-140
-323
-219
19
-196
-250
-97
-133
-292
-113
-120
-224
-179
-170
-95
-163
-270
-108
-74
-249
-224
-211
-110
-98
-266
-153
47
-167
-331
-15
86
-281
-317
51
98
-133
-155
-45
-86
-39
-49
-114
-78
-89
-55
-47
-84
-38
59
-39
-141
-70
46
31
23
-119
-134
80
130
-17
-57
-23
89
45
-88
103
100
33
-123
77
221
8
-58
-1
-36
-19
135
63
-24
-15
85
-25
-13
107
76
-97
9
114
119
171
-53
-48
259
205
-10
165
117
66
222
217
-9
158
309
121
100
40
207
305
19
56
365
117
95
213
118
155
107
145
243
38
97
345
70
-12
236
233
151
84
119
224
178
51
113
293
164
-2
167
258
112
102
268
213
62
59
251
304
90
127
267
162
92
261
213
100
142
237
353
234
81
117
264
269
109
154
268
205
76
198
319
180
28
90
187
134
104
141
142
112
138
96
72
181
114
-52
86
211
94
83
145
64
105
137
86
83
162
62
-8
181
239
115
109
146
13
3
177
100
54
129
-18
-23
136
136
97
-8
-109
62
145
-92
-42
143
14
-162
-89
93
94
-121
-207
24
10
-156
28
105
-221
-292
68
95
-229
-180
18
-81
-184
-73
-85
-132
2
-158
-193
-69
-109
-153
-144
-105
-37
-98
-211
-127
-9
-218
-228
-23
-101
-192
-172
-48
-104
-269
-244
16
-73
-327
-168
15
-199
-279
-11
-66
-315
-191
-38
-224
-244
-125
-218
-182
-65
-259
-276
-88
-205
-295
-158
-205
-186
-129
-264
-235
-147
-224
-163
-142
-332
-184
-40
-194
-249
-189
-175
-164
-239
-194
-71
-172
-255
-159
-58
-183
-225
-181
-198
-147
-45
-232
-350
-137
-55
-181
-258
-171
-186
-213
-170
-222
-193
-72
-185
-223
-144
-189
-207
-98
-167
-275
-132
-132
-248
-85
-84
-292
-196
-115
-116
-146
-180
-170
-131
-138
-138
16
-92
-240
-142
-36
-47
-31
-66
-188
-110
18
11
-89
-100
-3
125
46
-110
-99
23
103
-75
-52
143
169
-51
-164
-12
117
69
42
33
-71
17
190
120
-20
-1
60
38
-1
103
210
98
-60
61
175
159
37
18
74
132
239
136
-2
106
242
105
65
161
138
149
169
75
209
215
52
189
274
129
109
144
67
231
314
143
-10
94
302
202
-8
88
319
159
11
169
239
102
126
203
113
119
197
238
179
137
174
208
195
143
149
290
264
71
143
337
225
58
262
404
153
120
389
318
123
188
325
314
218
181
293
261
146
243
349
159
139
341
206
115
274
249
144
224
194
92
146
231
308
116
-19
256
236
19
226
361
6
36
213
207
265
172
69
148
213
110
162
237
96
5
150
322
193
60
160
83
-13
168
222
146
116
13
73
241
61
-92
17
83
91
13
-19
6
33
12
12
-21
-61
-4
-22
-107
-56
66
88
-20
-102
-35
45
-62
-160
93
67
-132
-65
62
-55
-72
27
-80
-93
-50
-86
-66
36
-58
-168
-43
-3
-141
-145
-34
-14
-117
-119
-38
-172
-112
62
-100
-221
-148
-159
-121
-57
-182
-242
-155
-132
-103
-129
-227
-193
-97
-182
-253
-149
-105
-179
-171
-112
-204
-218
-75
-95
-223
-166
-110
-152
-149
-76
-83
-266
-248
-20
-113
-302
-132
-68
-292
-233
-43
-181
-296
-110
-123
-421
-228
15
-146
-264
-229
-215
-132
-118
-225
-237
-166
-99
-175
-216
-114
-81
-276
-212
-49
-119
-288
-200
-34
-53
-193
-210
-92
-106
-110
-149
-178
-170
-56
29
-93
-244
-124
101
-98
-307
-104
106
-95
-259
-28
33
-145
-149
-9
-30
-126
-161
-71
-27
-135
-115
10
9
-136
-89
-6
-89
-124
-16
10
-73
-27
-27
14
19
-78
-62
109
25
-87
36
44
77
47
-6
51
69
27
91
96
-13
11
109
88
45
72
68
111
41
-18
113
172
1
-35
172
175
20
27
174
150
-41
-4
236
192
-65
109
297
103
-17
159
262
124
55
126
157
87
236
346
46
-9
275
303
75
63
209
200
193
159
172
191
220
125
57
195
247
138
110
230
257
114
161
296
140
9
139
230
136
176
211
136
88
147
209
204
73
56
266
159
48
236
323
69
36
220
199
167
177
227
155
106
192
280
146
10
183
264
139
44
194
249
96
61
160
209
144
114
110
140
81
112
210
85
52
125
200
141
3
27
224
164
-93
-3
222
203
-47
-61
171
132
-111
-28
173
114
-47
21
165
22
-123
12
123
-28
-75
44
90
-14
-57
30
13
-39
-67
-97
-69
20
12
-67
-88
-44
-21
-104
-175
-91
18
-84
-214
-93
33
-85
-227
-124
-49
-205
-207
-1
-53
-260
-221
-52
-40
-170
-283
-206
-68
-120
-254
-205
-73
-163
-260
-156
-90
-230
-304
-228
-136
-107
-178
-259
-199
-116
-195
-268
-234
-128
-154
-282
-314
-161
-75
-246
-393
-229
-73
-208
-344
-257
-131
-224
-325
-222
-109
-208
-347
-320
-185
-186
-292
-330
-264
-175
-147
-266
-329
-242
-213
-216
-215
-214
-206
-193
-232
-194
-143
-197
-268
-252
-168
-190
-230
-194
-145
-173
-191
-231
-275
-221
-186
-201
-207
-151
-183
-275
-235
-152
-160
-276
-262
-209
-186
-179
-178
-217
-221
-121
-154
-252
-262
-174
-183
-154
-126
-155
-173
-137
-156
-224
-150
-75
-129
-219
-158
-34
-52
-155
-132
-26
-69
-147
-135
-57
-7
-34
-99
-114
-6
49
-71
-149
-29
30
-22
-53
-17
23
9
-41
-31
9
4
-2
-38
-64
37
111
56
-13
-24
16
40
2
19
49
48
45
23
61
117
83
32
40
47
111
100
23
97
189
107
28
57
120
136
110
117
102
73
122
155
109
95
131
133
118
107
111
155
172
92
49
136
203
148
103
148
160
143
169
167
128
117
140
163
138
130
177
155
94
144
201
196
159
115
170
230
158
113
180
170
177
161
138
187
212
159
139
136
128
220
200
113
104
150
197
165
93
109
185
147
84
114
177
195
125
72
135
137
69
90
168
151
91
85
91
102
146
156
56
22
90
129
116
85
60
60
118
153
82
-7
30
80
57
15
-18
-3
44
38
-13
-24
-12
7
22
-46
-116
-47
21
-30
-63
-13
-44
-97
-74
-76
-105
-58
-52
-138
-164
-69
-36
-107
-144
-105
-64
-108
-145
-138
-97
-82
-109
-140
-144
-109
-113
-151
-161
-141
-126
-142
-178
-180
-165
-143
-179
-174
-125
-159
-254
-264
-211
-167
-153
-219
-240
-215
-200
-227
-237
-216
-189
-210
-256
-274
-241
-182
-192
-249
-274
-233
-210
-230
-263
-241
-225
-236
-227
-207
-226
-288
-277
-234
-216
-210
-231
-274
-286
-237
-192
-209
-257
-235
-224
-262
-228
-207
-230
-251
-237
-216
-227
-249
-244
-252
-254
-222
-199
-223
-272
-303
-283
-237
-211
-214
-240
-256
-247
-212
-226
-248
-248
-233
-212
-220
-222
-202
-173
-177
-227
-213
-167
-162
-211
-219
-156
-117
-164
-210
-155
-121
-165
-203
-179
-137
-130
-155
-156
-107
-94
-142
-158
-131
-107
-112
-119
-140
-152
-112
-87
-117
-127
-82
-78
-107
-143
-132
-76
-68
-94
-102
-87
-72
-49
-68
-81
-55
-25
-26
-45
-39
-8
6
-11
-15
31
53
0
-10
18
25
45
42
20
31
46
40
47
61
73
76
62
44
52
76
84
71
80
92
97
78
71
99
103
93
99
97
98
108
113
103
97
124
133
120
120
149
151
130
128
158
183
168
127
151
214
213
172
175
191
196
179
172
209
226
180
162
211
206
171
196
215
187
178
188
211
204
176
180
174
180
198
185
175
176
193
188
178
164
165
180
175
171
163
164
169
166
165
150
158
182
177
153
156
172
169
170
160
169
179
152
138
149
160
159
157
141
150
142
122
125
115
110
126
119
97
103
98
85
86
88
88
82
77
64
56
53
44
44
58
69
43
43
55
27
9
23
21
-3
-5
13
21
-1
-20
-22
-17
-10
-25
-31
-23
-28
-45
-41
-61
-52
-57
-53
-53
-71
-79
-66
-73
-105
-99
-93
-100
-106
-100
-120
-111
-115
-122
-115
-137
-135
-140
-154
-174
-154
-148
-170
-166
-149
-152
-187
-187
-187
-202
-213
-200
-181
-184
-188
-181
-188
-181
-196
-210
-213
-213
-219
-227
-196
-196
-215
-207
-214
-233
-243
-232
-243
-259
-227
-217
-212
-221
-223
-213
-233
-239
-238
-247
-238
-241
-230
-215
-223
-220
-203
-216
-224
-232
-235
-216
-219
-211
-212
-205
-210
-200
-206
-217
-220
-216
-222
-218
-214
-210
-203
-200
-209
-216
-205
-202
-216
-210
-209
-196
-174
-196
-194
-185
-171
-179
-196
-185
-188
-194
-172
-151
-164
-171
-146
-140
-161
-160
-144
-132
-156
-155
-140
-125
-117
-145
-127
-106
-108
-130
-129
-97
-94
-109
-110
-106
-99
-78
-87
-96
-98
-96
-77
-73
-82
-85
-56
-49
-64
-67
-40
-31
-34
-30
-30
-22
-10
-7
-11
4
7
17
27
25
15
36
54
44
33
30
59
61
39
51
71
72
55
65
79
76
78
77
101
102
88
94
107
113
96
111
116
105
116
119
111
116
109
121
125
127
133
130
135
139
144
139
136
133
148
155
150
148
154
164
166
162
176
180
164
172
181
184
165
170
184
180
176
182
174
177
185
183
182
161
160
156
152
161
156
157
146
147
146
140
135
135
140
131
136
133
135
140
141
134
146
143
121
128
147
153
132
131
134
146
136
125
137
126
126
124
135
128
117
131
143
126
111
117
124
128
110
102
100
105
85
86
81
84
79
73
57
49
42
39
39
16
20
20
13
0
-3
-8
-14
-8
-26
-25
-21
-38
-29
-34
-53
-52
-51
-56
-51
-61
-63
-69
-86
-78
-79
-79
-77
-83
-89
-108
-88
-82
-108
-114
-109
-108
-119
-141
-127
-125
-138
-159
-156
-150
-158
-163
-167
-176
-183
-180
-182
-177
-175
-183
-189
-182
-193
-196
-190
-189
-193
-203
-202
-203
-199
-204
-197
-204
-206
-204
-207
-213
-215
-204
-208
-208
-211
-208
-207
-209
-217
-206
-208
-213
-217
-214
-227
-230
-223
-231
-225
-212
-208
-216
-223
-225
-211
-213
-223
-226
-224
-216
-220
-225
-223
-221
-215
-204
-206
-210
-204
-205
-219
-211
-201
-206
-210
-197
-190
-191
-192
-186
-178
-181
-182
-184
-188
-191
-192
-188
-185
-189
-189
-183
-186
-177
-161
-165
-172
-172
-163
-154
-149
-154
-154
-148
-138
-135
-143
-131
-106
-108
-114
-112
-100
-97
-94
-89
-87
-86
-71
-71
-72
-55
-48
-46
-49
-30
-33
-31
-30
-29
-18
-15
-8
-2
3
2
7
28
27
33
49
35
50
53
55
59
65
78
76
72
72
88
91
90
86
86
100
99
114
100
95
106
122
127
114
119
135
147
136
126
145
138
134
148
141
151
156
145
150
162
169
163
168
161
177
176
158
168
165
165
169
173
190
187
172
195
191
188
194
194
192
188
182
187
190
193
189
184
187
177
185
189
191
191
182
187
190
184
180
183
188
181
188
188
185
182
173
181
183
180
179
172
182
173
171
165
176
171
170
173
167
162
166
164
158
164
160
155
150
149
153
152
139
142
135
126
132
140
131
112
111
122
115
97
95
98
99
93
87
87
76
85
81
64
69
71
61
48
48
37
35
18
17
9
4
15
-4
-9
-19
-11
-18
-27
-32
-26
-35
-57
-65
-65
-67
-71
-70
-76
-80
-80
-85
-105
-103
-110
-110
-105
-119
-122
-112
-123
-139
-138
-144
-146
-141
-153
-149
-146
-162
-172
-170
-158
-166
-183
-177
-178
-176
-185
-183
-180
-193
-203
-187
-195
-212
-209
-206
-200
-212
-207
-218
-217
-226
-232
-228
-239
-238
-245
-236
-230
-249
-247
-243
-245
-253
-249
-242
-245
-254
-257
-252
-245
-244
-245
-239
-239
-237
-236
-233
-238
-240
-233
-236
-248
-249
-237
-238
-233
-233
-229
-229
-234
-240
-245
-251
-248
-245
-242
-235
-244
-248
-243
-247
-237
-242
-253
-254
-236
-228
-242
-231
-238
-230
-226
-228
-235
-224
-220
-224
-215
-200
-209
-209
-210
-202
-187
-187
-189
-183
-180
-181
-173
-166
-168
-171
-158
-147
-148
-147
-137
-137
-126
-126
-123
-118
-106
-105
-107
-102
-93
-90
-93
-85
-75
-68
-73
-66
-53
-51
-58
-48
-38
-27
-16
-21
-13
-2
2
-15
14
24
18
29
25
33
35
48
43
52
57
58
51
63
71
87
87
80
94
95
106
93
94
109
111
114
113
119
125
125
120
127
138
128
126
133
145
144
127
135
148
155
143
145
150
139
143
159
149
144
141
152
157
150
155
166
163
167
164
173
175
168
175
170
172
179
179
171
177
179
185
183
179
179
167
172
184
178
175
166
181
180
165
177
167
174
170
154
165
172
163
164
164
155
160
162
156
152
156
159
151
151
153
150
148
131
136
146
142
141
129
140
136
119
121
133
120
119
126
120
108
114
125
113
102
87
98
100
81
76
75
67
63
56
46
53
49
51
44
35
30
27
22
15
8
13
16
6
0
-6
-13
-16
-21
-21
-28
-27
-44
-50
-38
-50
-56
-72
-67
-56
-69
-75
-77
-73
-77
-80
-98
-97
-106
-107
-106
-115
-120
-124
-124
-135
-144
-143
-145
-153
-167
-155
-164
-177
-169
-171
-181
-189
-190
-182
-180
-185
-187
-188
-186
-201
-184
-191
-201
-193
-191
-184
-188
-173
-179
-197
-184
-182
-182
-191
-189
-178
-189
-191
-176
-182
-186
-182
-186
-189
-190
-188
-199
-198
-201
-205
-197
-202
-194
-199
-195
-198
-200
-201
-204
-203
-207
-197
-206
-201
-191
-190
-200
-197
-192
-188
-184
-191
-179
-172
-171
-173
-170
-161
-161
-155
-152
-161
-152
-148
-147
-147
-144
-138
-138
-140
-133
-135
-131
-138
-125
-114
-117
-109
-117
-114
-99
-113
-105
-93
-101
-101
-96
-90
-90
-86
-80
-77
-79
-80
-65
-52
-56
-43
-38
-29
-27
-14
-8
-10
2
12
16
20
18
23
44
38
49
57
58
61
58
69
65
70
72
80
79
79
93
88
90
92
91
94
108
115
117
114
113
115
118
130
134
140
143
136
145
148
141
151
154
151
163
171
167
179
175
171
174
170
185
188
197
197
194
204
200
196
201
202
209
216
208
201
214
214
205
201
201
208
206
210
209
206
211
206
214
206
211
215
212
209
215
218
211
209
220
217
216
216
217
216
214
216
214
218
228
223
218
211
214
223
218
219
217
207
212
214
210
201
196
200
199
198
193
192
191
189
189
184
179
178
176
167
167
163
157
150
149
147
149
148
139
143
130
131
129
126
117
103
118
108
100
95
103
92
78
87
83
87
77
71
73
67
47
49
50
52
46
21
17
21
19
11
9
0
-9
-9
-13
-30
-32
-31
-35
-33
-43
-55
-56
-64
-69
-81
-77
-83
-91
-92
-95
-112
-109
-110
-118
-126
-124
-115
-135
-133
-133
-138
-139
-147
-132
-140
-147
-159
-153
-147
-161
-149
-157
-158
-168
-157
-168
-170
-176
-180
-181
-194
-185
-188
-190
-193
-199
-200
-208
-207
-201
-206
-203
-216
-211
-219
-216
-200
-205
-201
-205
-206
-207
-207
-210
-202
-208
-214
-210
-206
-212
-216
-202
-204
-212
-202
-197
-214
-206
-196
-198
-205
-194
-193
-198
-194
-196
-192
-189
-184
-186
-195
-196
-191
-192
-178
-183
-185
-182
-185
-179
-170
-183
-188
-186
-179
-173
-174
-171
-169
-162
-175
-165
-154
-163
-165
-147
-138
-136
-129
-130
-120
-124
-126
-105
-99
-104
-108
-107
-87
-89
-93
-90
-80
-81
-75
-72
-72
-59
-55
-44
-51
-50
-41
-41
-30
-17
-15
-9
8
5
16
23
25
29
42
44
40
48
51
46
55
61
66
75
74
85
92
85
86
102
108
116
114
119
111
128
132
124
129
133
138
144
142
144
155
152
161
160
162
171
173
172
173
174
176
178
174
182
196
200
190
188
197
201
195
206
213
204
218
217
221
209
215
229
233
243
238
230
232
239
236
244
248
246
242
254
247
247
241
237
243
243
244
236
245
236
236
232
226
228
226
222
219
225
232
226
223
226
227
235
224
221
212
222
223
222
216
205
207
202
214
210
206
199
206
208
192
202
198
182
184
176
173
189
181
169
161
150
148
157
151
148
132
126
129
126
116
116
106
96
100
81
77
71
67
65
61
53
45
46
44
31
20
20
24
13
6
0
2
-9
-10
-17
-23
-21
-25
-36
-31
-44
-56
-51
-47
-52
-50
-66
-70
-58
-84
-80
-73
-80
-84
-98
-98
-116
-121
-115
-127
-129
-128
-142
-139
-150
-155
-153
-164
-161
-155
-169
-171
-168
-174
-177
-176
-178
-176
-181
-182
-174
-194
-190
-194
-192
-192
-199
-200
-198
-201
-204
-204
-203
-204
-209
-200
-212
-213
-217
-218
-213
-216
-227
-231
-226
-239
-237
-234
-233
-236
-236
-235
-241
-244
-237
-245
-241
-228
-238
-237
-230
-234
-245
-243
-240
-241
-242
-233
-229
-232
-229
-224
-221
-217
-219
-212
-222
-216
-213
-214
-206
-209
-207
-212
-207
-212
-204
-200
-195
-192
-195
-191
-185
-193
-177
-172
-179
-170
-162
-172
-169
-156
-158
-159
-157
-154
-145
-143
-148
-144
-145
-144
-137
-136
-137
-133
-117
-122
-120
-105
-98
-106
-94
-85
-81
-79
-82
-57
-59
-52
-35
-32
-38
-41
-30
-29
-16
-9
-8
2
8
5
5
16
21
26
19
17
26
26
33
26
33
38
48
52
46
62
63
63
71
66
73
82
70
84
91
94
94
102
91
106
115
116
115
115
122
119
125
129
135
137
140
141
143
148
143
151
160
154
155
166
162
167
167
164
174
170
171
175
171
170
169
175
176
173
176
168
175
171
167
174
165
173
175
164
171
170
169
157
171
173
157
167
167
168
171
165
168
169
169
165
160
167
169
167
172
161
158
172
174
162
153
158
157
148
152
149
150
155
142
148
139
138
139
131
129
126
121
123
121
115
112
102
107
105
97
93
85
92
75
65
75
55
62
53
54
54
46
48
42
40
25
24
23
18
16
11
-3
-2
-8
-12
-11
-20
-24
-26
-36
-41
-42
-39
-45
-59
-54
-60
-66
-71
-68
-79
-86
-86
-93
-84
-94
-101
-108
-111
-115
-117
-114
-122
-122
-128
-126
-135
-140
-143
-148
-145
-156
-150
-147
-154
-154
-157
-159
-173
-173
-181
-183
-181
-177
-171
-186
-189
-183
-195
-197
-190
-199
-193
-198
-201
-199
-200
-204
-199
-212
-204
-207
-208
-212
-205
-207
-218
-204
-210
-202
-212
-219
-214
-208
-222
-218
-215
-198
-197
-201
-200
-193
-186
-194
-193
-194
-193
-194
-190
-186
-181
-182
-180
-184
-190
-176
-180
-186
-183
-185
-187
-174
-179
-184
-181
-179
-177
-167
-170
-182
-167
-169
-168
-172
-164
-152
-157
-151
-150
-143
-134
-135
-134
-135
-123
-125
-121
-121
-107
-111
-110
-100
-102
-98
-97
-86
-80
-78
-74
-68
-53
-58
-56
-44
-45
-35
-38
-33
-27
-26
-18
-11
-8
-7
9
12
7
22
26
25
24
31
33
48
46
39
58
54
65
73
77
67
70
87
98
92
93
93
94
106
103
98
112
122
120
117
117
120
124
136
129
127
134
135
137
136
140
140
136
140
144
142
144
146
140
149
156
155
151
157
173
167
170
179
177
174
184
185
186
186
189
196
191
202
214
201
197
203
207
208
213
216
210
211
218
209
200
206
208
210
207
218
214
212
206
213
206
203
201
200
204
201
201
196
203
201
200
184
189
201
196
192
183
192
191
179
183
182
176
173
177
172
168
161
157
156
156
153
142
143
145
137
141
137
137
136
129
129
119
114
110
113
108
95
85
88
90
86
71
68
66
66
68
55
51
46
37
33
25
34
20
15
16
20
12
2
-1
-6
-11
-16
-15
-17
-23
-33
-28
-39
-42
-43
-60
-59
-65
-55
-69
-68
-67
-77
-83
-84
-89
-92
-86
-95
-99
-104
-108
-105
-110
-109
-110
-117
-126
-133
-136
-136
-140
-140
-140
-134
-142
-152
-154
-163
-160
-154
-153
-160
-159
-162
-163
-163
-165
-167
-159
-170
-173
-173
-172
-177
-184
-184
-178
-179
-189
-182
-192
-199
-193
-194
-196
-197
-198
-197
-195
-204
-205
-201
-195
-193
-193
-184
-185
-188
-191
-195
-192
-184
-192
-184
-176
-178
-175
-180
-173
-172
-174
-176
-167
-167
-172
-164
-177
-166
-163
-163
-168
-165
-152
-158
-152
-157
-151
-154
-155
-145
-145
-150
-149
-140
-142
-137
-124
-127
-138
-126
-121
-122
-118
-111
-107
-112
-100
-98
-96
-87
-86
-77
-80
-73
-69
-73
-55
-58
-43
-45
-42
-33
-37
-26
-19
-15
-14
-13
-6
-1
8
17
13
18
15
20
20
27
22
28
29
39
41
47
50
51
56
59
61
68
68
68
82
86
87
91
98
94
105
107
116
120
126
125
130
138
144
144
147
145
150
157
158
168
156
164
165
166
168
172
179
186
178
187
197
196
197
199
206
205
207
206
213
211
219
214
206
211
216
216
210
209
211
208
216
210
206
212
208
212
208
211
221
217
225
220
207
214
221
218
222
223
227
229
224
228
220
217
221
213
222
217
214
213
217
207
196
203
204
196
195
197
188
184
182
189
181
178
172
173
165
169
163
159
162
155
148
135
142
137
134
132
128
126
120
125
127
113
113
105
107
103
98
99
89
88
86
73
73
63
56
61
55
44
45
52
33
31
18
10
16
3
10
-1
-8
-10
-16
-14
-21
-26
-29
-35
-38
-40
-40
-59
-62
