SAMPLES:	5922
BITSPERSAMPLE:	16
CHANNELS:	1
SAMPLERATE:	16000
NORMALIZED:	FALSE
-102
-116
-33
-69
-91
-128
-74
-64
-72
-79
-108
-58
-54
-53
-94
-59
-47
-85
-88
-89
-43
-93
-91
-47
-51
-104
-127
-98
-65
-85
-123
-72
-60
-59
-112
-92
-54
-27
-61
-104
-56
-30
-40
-75
-81
-59
-57
-31
-99
-88
-95
-52
-72
-134
-104
-58
-55
-96
-125
-112
-81
-109
-133
-150
-88
-101
-120
-136
-137
-111
-103
-101
-145
-149
-110
-78
-123
-147
-113
-81
-109
-122
-115
-81
-94
-89
-61
-86
-64
-47
-77
-64
-82
-28
-67
-52
-30
-60
-51
-10
0
-28
-49
18
3
-33
-2
-21
8
-32
-10
-35
-31
12
-6
-19
-42
-25
24
41
-14
-80
-3
46
26
-19
-35
37
34
5
-52
-46
31
27
-25
-21
9
57
18
6
11
1
18
49
39
6
14
45
49
23
45
70
80
44
32
43
53
57
83
56
19
90
85
115
58
72
107
86
78
40
77
111
107
57
38
98
169
142
56
63
108
134
112
42
100
93
106
38
40
123
120
80
53
92
156
120
66
34
106
145
123
90
87
122
134
122
72
73
127
140
79
51
91
146
114
97
76
126
168
133
93
114
156
166
91
124
132
147
125
98
136
130
133
105
77
82
144
126
111
52
87
127
120
94
87
132
129
108
72
64
91
101
113
32
68
89
74
56
52
106
71
102
36
46
61
92
58
33
77
106
53
43
63
65
111
39
61
27
95
72
76
74
33
86
86
96
29
15
27
39
50
24
39
79
52
41
35
57
54
37
31
13
57
63
-1
27
34
52
34
56
55
38
42
45
82
61
84
72
83
66
32
85
46
43
42
61
60
53
62
61
62
66
117
66
60
41
69
104
87
64
50
83
71
30
19
47
41
34
-22
-15
23
-13
17
-60
-2
-27
-63
-13
-35
-2
-32
6
14
30
29
-4
32
72
75
43
75
88
88
75
98
130
106
101
102
137
135
165
125
132
184
181
166
115
152
181
180
150
144
175
178
187
186
236
197
216
220
237
258
217
243
236
313
253
221
231
271
265
225
224
267
280
236
265
307
343
273
224
223
269
290
271
254
258
275
280
295
241
258
236
293
263
210
200
226
258
221
208
179
232
154
171
137
185
219
176
149
161
256
215
185
114
171
188
165
111
95
140
103
135
89
123
112
115
85
44
61
100
112
49
-11
9
55
61
27
-19
11
52
18
-46
6
42
53
-16
-4
45
74
7
-47
-19
50
52
-2
-30
-29
38
50
-6
4
61
75
34
-42
1
28
14
-9
-21
1
19
-16
-63
-105
-53
-24
-83
-139
-102
-31
-48
-117
-113
-76
-13
-12
-54
-80
-62
-24
-31
-49
-41
-10
-85
-110
-84
-62
-30
-32
-56
-97
-80
-9
1
-98
-126
-80
-18
-23
-97
-65
-29
-3
-31
-52
-22
-17
-13
-52
-67
8
38
36
-31
-25
12
-7
-46
-29
20
39
-2
-66
15
62
44
-5
8
68
43
-17
-17
28
14
-12
-13
9
33
46
1
-33
15
58
98
46
36
80
136
119
75
104
137
120
70
75
106
107
102
59
105
106
100
111
68
87
95
125
90
69
64
102
107
83
94
78
48
17
48
31
43
72
74
58
66
112
104
83
52
12
6
57
92
54
24
50
152
138
106
110
157
145
135
126
160
209
179
170
124
175
183
163
124
136
172
119
129
93
108
101
110
108
89
145
169
193
158
173
210
233
218
169
178
196
201
201
188
192
246
269
237
236
248
268
240
202
213
247
244
213
200
216
272
303
278
257
282
287
266
261
300
321
274
226
239
262
252
240
244
253
268
272
299
289
301
309
296
299
292
302
274
239
227
224
248
259
250
246
265
294
287
269
283
301
311
309
292
291
292
322
312
280
253
251
282
279
278
299
332
313
302
296
314
317
306
282
261
290
302
293
276
274
275
289
253
235
244
243
270
243
222
220
250
254
226
202
189
256
243
247
225
224
234
223
213
201
238
229
217
197
237
275
279
252
238
261
271
284
253
239
267
293
294
290
286
312
323
295
280
294
328
326
280
271
280
290
273
245
240
238
226
200
202
175
199
185
177
156
138
152
128
108
79
71
75
82
62
67
59
61
66
46
48
44
53
40
27
15
51
75
70
71
58
108
117
110
82
55
84
76
109
114
147
168
180
213
224
260
261
271
229
235
265
289
300
292
313
326
336
330
309
310
321
301
274
246
242
243
225
204
188
178
171
170
163
171
180
208
212
252
269
300
319
316
347
351
403
410
405
374
371
377
373
383
347
334
287
249
214
174
170
134
90
46
25
11
-7
-37
-78
-104
-132
-166
-201
-242
-287
-309
-343
-356
-390
-406
-417
-411
-365
-348
-320
-401
-457
-489
-56
577
1013
896
500
744
1292
1814
1461
963
816
984
1009
646
603
860
1019
547
-20
-60
340
458
-35
-523
-500
-117
126
-36
-57
172
459
444
240
413
832
1123
985
857
1126
1645
1824
1575
1224
1172
1246
1063
700
448
497
530
336
149
205
448
521
240
15
62
268
293
140
63
224
326
231
98
101
257
167
-109
-408
-409
-292
-390
-680
-964
-1050
-1052
-1176
-1137
-944
-327
297
542
621
514
1161
1701
2052
1637
1185
1250
1468
1621
1225
1165
1237
1200
636
26
-34
184
69
-570
-1019
-792
-356
-176
-459
-434
-117
103
78
-40
356
857
1053
895
841
1250
1737
1802
1506
1251
1268
1258
1064
816
792
874
817
529
426
593
796
773
504
452
596
779
749
657
709
865
879
736
673
778
871
695
399
300
405
463
288
104
62
119
49
-152
-298
-347
-478
-761
-1100
-1226
-1283
-1449
-1754
-1649
-884
103
746
496
494
840
1837
2326
2108
1761
1670
1981
1872
1738
1771
2060
1893
1012
138
-33
266
92
-698
-1303
-1238
-771
-724
-847
-830
-461
-307
-596
-663
-129
714
1101
904
886
1413
2073
2236
1858
1585
1544
1433
1083
813
885
1078
825
277
-87
8
231
83
-194
-270
-7
286
385
587
924
1226
1156
882
820
1099
1285
1083
705
581
747
796
593
328
227
161
-84
-372
-414
-256
-167
-422
-663
-651
-465
-446
-758
-1121
-1318
-1487
-1720
-1875
-1565
-716
329
938
900
614
907
1859
2563
2307
1313
988
1443
1973
1786
1380
1491
1537
762
-506
-966
-417
-206
-1118
-2175
-2016
-924
-403
-927
-1322
-852
-294
-482
-901
-334
986
1690
1226
783
1466
2554
2605
1612
843
939
1113
656
96
170
566
401
-434
-907
-609
-180
-437
-1028
-1032
-297
386
445
433
794
1343
1301
791
576
942
1273
936
341
251
628
733
190
-418
-528
-396
-592
-1012
-1080
-684
-414
-669
-989
-876
-493
-512
-1086
-1565
-1661
-1589
-1729
-1831
-1248
-107
1053
1153
675
383
1105
2058
2193
1462
751
1108
1721
1795
1264
1119
1432
1093
-249
-1489
-1295
-456
-616
-1821
-2452
-1525
-410
-531
-1473
-1520
-572
-86
-663
-923
245
1859
2048
1041
775
1887
2767
2023
692
446
1133
1224
373
-145
378
832
108
-1125
-1387
-648
-285
-894
-1471
-887
248
785
492
441
1107
1583
1233
568
741
1433
1585
867
236
464
887
567
-359
-873
-637
-428
-706
-1004
-680
-108
-74
-565
-793
-436
-120
-430
-1059
-1184
-930
-918
-1459
-1839
-1644
-1069
-604
-301
200
508
543
295
649
1472
1875
1423
751
831
1319
1435
1044
761
756
391
-554
-1280
-1059
-617
-914
-1769
-2049
-1381
-758
-918
-1332
-1107
-490
-304
-465
-87
999
1810
1550
995
1244
2016
2177
1432
776
807
917
541
1
0
249
-110
-1063
-1679
-1416
-973
-1122
-1499
-1319
-636
-56
72
329
893
1300
1119
729
944
1499
1701
1171
614
579
719
480
-88
-416
-397
-428
-735
-904
-581
-175
-254
-729
-899
-587
-282
-463
-833
-904
-733
-786
-1179
-1540
-1510
-1428
-1700
-1963
-1527
-325
661
608
-99
-135
740
1661
1526
866
724
1212
1442
976
670
995
1154
200
-1305
-1807
-1072
-525
-1175
-2107
-1954
-985
-646
-1230
-1521
-863
-125
-326
-746
-108
1382
2140
1455
737
1156
1964
1795
739
190
542
667
-45
-785
-637
-168
-608
-1818
-2422
-1858
-1142
-1265
-1686
-1365
-379
388
478
570
1086
1591
1409
990
1159
1818
2116
1528
712
381
470
273
-328
-825
-921
-877
-1022
-1130
-915
-577
-608
-1050
-1328
-1110
-716
-601
-779
-873
-725
-627
-801
-1112
-1294
-1412
-1641
-1694
-1035
118
916
575
-163
-165
735
1484
1224
632
589
1018
984
546
494
947
840
-365
-1624
-1618
-694
-417
-1215
-1861
-1452
-720
-801
-1336
-1206
-400
-54
-537
-678
348
1635
1697
766
359
954
1395
915
233
252
546
122
-760
-1017
-465
-268
-1035
-1898
-1787
-1072
-774
-983
-932
-318
152
268
466
1155
1751
1549
1006
926
1497
1849
1448
774
418
316
-29
-512
-707
-678
-813
-1269
-1551
-1278
-799
-716
-1053
-1257
-1006
-624
-519
-568
-530
-395
-519
-857
-1117
-1075
-960
-1239
-1759
-1957
-1092
181
974
485
-450
-550
289
1175
1097
755
865
1238
1034
392
353
993
1046
-282
-1722
-1696
-572
-141
-995
-1741
-1354
-726
-1069
-1761
-1443
-297
111
-648
-1013
127
1620
1655
556
136
930
1467
921
281
556
1081
515
-671
-952
-133
212
-706
-1745
-1633
-811
-651
-1116
-1161
-437
46
-247
-287
568
1610
1520
643
455
1181
1901
1589
874
611
624
302
-389
-666
-449
-419
-954
-1475
-1306
-696
-448
-830
-1198
-1093
-757
-690
-807
-700
-429
-393
-729
-1052
-1033
-901
-1043
-1462
-1778
-1564
-768
99
621
376
-198
-351
145
922
1126
983
908
971
800
387
332
697
652
-234
-1247
-1340
-654
-436
-1031
-1599
-1456
-1082
-1261
-1591
-1186
-300
25
-488
-754
61
1121
1237
583
341
923
1307
941
498
601
790
226
-666
-873
-307
-72
-734
-1460
-1453
-1018
-1025
-1421
-1414
-856
-430
-283
-113
438
892
828
593
597
1109
1426
1282
878
576
466
254
-36
-270
-412
-529
-735
-962
-1002
-909
-891
-1041
-1231
-1164
-939
-760
-695
-722
-720
-752
-890
-1100
-1270
-1297
-1333
-1456
-1425
-768
230
808
337
-581
-663
175
1091
1173
961
1092
1288
927
227
191
776
776
-285
-1353
-1230
-394
-288
-1137
-1713
-1425
-1068
-1369
-1716
-1172
-232
-54
-668
-815
97
1068
1002
397
386
1003
1251
843
608
871
961
281
-496
-434
106
68
-686
-1300
-1236
-1041
-1205
-1382
-1058
-515
-326
-245
39
590
717
522
528
919
1483
1570
1406
1223
1114
817
340
66
11
-73
-394
-772
-921
-800
-796
-1014
-1225
-1193
-943
-821
-797
-713
-596
-593
-740
-934
-973
-982
-1018
-1231
-1357
-1222
-527
255
613
206
-541
-481
259
1206
1411
1299
1294
1288
944
458
558
1088
1140
279
-621
-616
-74
-88
-867
-1384
-1176
-896
-1140
-1407
-985
-301
-327
-970
-1130
-306
594
609
223
316
911
1132
812
689
997
1138
593
39
216
759
711
-3
-573
-585
-461
-681
-846
-584
-137
31
-207
-248
3
393
527
510
740
1068
1199
979
780
782
765
509
196
124
230
176
-200
-513
-542
-491
-567
-739
-634
-429
-413
-617
-820
-778
-684
-806
-1109
-1350
-1353
-1393
-1525
-1470
-702
255
603
-43
-797
-390
668
1629
1654
1570
1860
1973
1499
959
1236
1899
1704
578
-269
6
546
185
-850
-1315
-1031
-913
-1377
-1691
-1203
-695
-1010
-1602
-1384
-275
504
318
11
361
1077
1213
929
1077
1627
1794
1246
849
1216
1704
1397
474
-69
1
74
-252
-479
-167
117
-122
-687
-669
-63
384
310
80
245
605
722
617
605
819
869
608
399
447
603
438
-23
-295
-199
9
-4
-254
-461
-569
-678
-824
-881
-814
-825
-1144
-1562
-1871
-1745
-1281
-443
63
91
-496
-880
-421
497
1490
1673
1658
1554
1448
1337
1450
1906
2168
1713
888
515
730
889
418
-304
-601
-630
-749
-1070
-1159
-984
-1104
-1648
-1926
-1446
-556
-195
-430
-489
-123
385
545
646
1050
1441
1436
1171
1318
1848
2067
1501
804
660
902
945
627
494
499
305
-241
-598
-398
47
144
-111
-282
-154
24
-27
-113
-12
204
280
239
278
409
425
193
-36
-27
176
282
155
-68
-233
-313
-390
-421
-371
-379
-597
-970
-1319
-1442
-1376
-946
-378
-90
-193
-824
-903
-548
249
813
931
964
941
941
924
1159
1512
1742
1517
1192
1119
1192
1108
624
123
-56
-38
-56
-258
-486
-730
-1049
-1369
-1424
-1189
-868
-820
-932
-941
-729
-399
-119
147
360
524
654
830
1133
1338
1361
1231
1147
1181
1239
1323
1308
1198
917
610
444
376
335
233
32
-145
-275
-319
-303
-290
-305
-362
-395
-335
-251
-201
-155
-135
-79
-3
103
187
199
136
27
-56
-26
77
145
60
-115
-416
-725
-1036
-1163
-1168
-920
-427
-139
-174
-960
-1365
-1115
-150
569
522
250
240
463
444
503
865
1555
1567
957
609
958
1410
983
157
-96
408
634
164
-362
-407
-375
-897
-1421
-1199
-406
-249
-906
-1424
-1099
-411
-320
-518
-360
206
443
194
137
632
1110
878
483
557
1155
1478
1157
692
659
839
865
721
674
825
654
241
-132
-135
87
111
-144
-340
-300
-242
-344
-598
-663
-543
-414
-377
-363
-277
-247
-358
-534
-497
-199
97
83
-135
-323
-362
-451
-641
-757
-806
-820
-1017
-707
-234
164
-477
-1450
-1486
-461
775
762
196
-79
282
287
164
483
1452
1883
1024
164
367
1247
1254
370
-61
501
969
366
-500
-646
-289
-584
-1207
-1142
-257
120
-715
-1575
-1454
-605
-288
-481
-404
141
323
-81
-234
295
969
875
449
483
1027
1276
886
504
589
992
1092
1011
946
949
686
236
0
171
460
437
158
-170
-261
-316
-405
-551
-634
-568
-485
-475
-554
-658
-711
-673
-581
-418
-206
-73
-81
-287
-499
-530
-422
-338
-360
-561
-729
-1039
-959
-469
10
-153
-1150
-1520
-885
392
740
170
-382
-121
248
228
320
968
1635
1129
139
15
995
1508
781
-91
137
897
737
-159
-635
-298
-251
-821
-1065
-416
201
-427
-1486
-1605
-633
32
-208
-468
-121
238
-124
-478
-98
765
925
343
93
649
1153
804
278
323
1041
1335
1067
751
776
797
477
201
414
871
826
364
-125
-150
-65
-203
-419
-439
-268
-262
-439
-681
-701
-652
-669
-666
-512
-277
-266
-447
-605
-517
-327
-282
-405
-569
-634
-766
-931
-1162
-698
-153
114
-636
-1571
-1358
-231
779
447
-270
-392
282
507
381
548
1271
1562
748
104
600
1611
1398
265
-238
535
1159
516
-465
-648
-263
-554
-1149
-1023
-132
48
-1025
-1861
-1345
-120
125
-450
-678
-161
114
-285
-393
231
887
661
43
178
892
1080
490
48
421
1102
1158
745
537
649
682
415
314
602
831
571
101
-128
2
81
-67
-227
-236
-194
-316
-564
-745
-666
-551
-557
-613
-578
-498
-549
-724
-757
-596
-393
-407
-556
-737
-753
-807
-932
-1061
-684
-50
160
-344
-1234
-1117
-246
653
577
73
-41
388
535
292
445
1041
1469
900
232
442
1216
1257
405
-98
322
883
487
-336
-670
-408
-394
-742
-737
-224
9
-631
-1330
-1170
-326
123
-105
-359
-232
13
-88
-151
45
354
364
235
278
475
543
320
275
335
596
653
615
605
583
466
300
327
444
570
414
264
129
43
-22
-72
-69
-128
-221
-354
-429
-485
-445
-424
-467
-560
-684
-771
-786
-739
-732
-730
-751
-722
-714
-802
-878
-962
-1027
-1092
-1001
-385
-38
-113
-888
-1306
-752
202
684
355
-21
41
355
314
421
873
1408
1172
394
164
752
1268
860
194
106
525
489
-168
-633
-547
-332
-560
-745
-507
-141
-367
-1033
-1255
-746
-75
46
-121
-155
-25
-134
-332
-224
200
562
508
254
166
293
356
304
243
381
623
746
697
584
548
476
354
335
506
738
777
538
222
154
272
353
235
115
111
78
-99
-308
-282
-165
-205
-475
-719
-733
-576
-577
-688
-721
-642
-610
-694
-772
-722
-739
-837
-884
-648
-21
153
-77
-762
-864
-239
528
858
580
393
447
591
503
636
1043
1347
1068
503
516
985
1210
724
196
218
553
433
-90
-367
-238
-81
-289
-376
-171
48
-244
-728
-726
-217
248
212
2
-91
-54
-145
-230
-6
367
575
327
35
-25
158
296
263
311
484
669
637
486
374
410
433
458
564
769
868
663
340
166
273
403
400
279
167
77
-62
-201
-275
-274
-381
-592
-782
-838
-770
-746
-779
-812
-764
-723
-714
-734
-743
-774
-844
-917
-833
-696
-346
-33
31
-398
-946
-772
147
992
885
231
-65
277
476
362
477
1035
1294
714
-64
25
702
846
205
-217
136
552
172
-486
-616
-180
-71
-374
-459
-90
166
-261
-822
-780
-150
306
160
-232
-404
-335
-301
-278
-77
245
311
-65
-478
-425
25
320
212
-43
39
326
422
257
106
246
424
445
369
485
687
616
211
-59
128
501
553
234
-115
-251
-321
-492
-643
-592
-481
-588
-928
-1116
-986
-794
-802
-962
-970
-854
-803
-886
-944
-839
-732
-802
-910
-851
-410
29
13
-583
-1062
-694
297
930
612
-75
-215
83
162
18
288
980
1124
317
-510
-267
583
807
215
-167
163
461
53
-485
-419
124
262
-125
-334
-59
161
-197
-771
-790
-243
226
110
-287
-492
-463
-479
-543
-401
-61
79
-244
-682
-713
-260
119
113
-57
-38
162
214
102
131
352
553
540
423
492
634
552
234
40
162
373
334
24
-243
-390
-515
-639
-675
-562
-550
-743
-1025
-1148
-1024
-862
-810
-824
-846
-828
-813
-831
-788
-718
-654
-641
-695
-757
-742
-544
-198
-53
-357
-885
-929
-271
427
390
-169
-405
-89
107
-71
-79
480
929
482
-385
-505
290
866
589
65
58
335
185
-248
-291
179
455
89
-425
-447
-74
41
-305
-614
-434
-76
-54
-461
-755
-613
-352
-410
-645
-591
-300
-213
-538
-775
-525
-116
-21
-206
-198
149
369
194
-48
113
533
718
483
249
344
520
392
95
21
207
256
-63
-407
-448
-314
-393
-661
-809
-676
-567
-700
-913
-972
-882
-809
-792
-734
-596
-518
-613
-778
-799
-681
-545
-540
-626
-755
-824
-867
-569
-236
-88
-491
-992
-914
-250
253
71
-338
-354
-51
-98
-320
-151
536
863
337
-422
-433
169
571
401
181
243
350
102
-222
-218
160
399
240
-150
-315
-149
45
-32
-306
-443
-332
-261
-394
-570
-574
-439
-438
-563
-616
-477
-308
-259
-328
-311
-183
-10
94
96
147
273
424
438
342
279
342
453
480
391
316
317
284
135
-15
-76
-13
-7
-148
-305
-358
-304
-248
-287
-362
-352
-300
-308
-408
-437
-363
-297
-333
-433
-482
-458
-420
-437
-467
-522
-542
-588
-664
-720
-708
-450
-229
-133
-494
-797
-731
-212
139
55
-150
-128
103
52
-139
-84
408
778
572
105
-48
276
560
523
404
454
608
547
277
59
152
380
473
227
-51
-150
-38
-17
-163
-277
-186
-79
-190
-441
-532
-367
-189
-189
-285
-298
-236
-190
-181
-149
-46
38
100
116
143
220
300
378
397
372
342
346
396
414
361
223
145
157
229
217
140
92
106
81
-100
-260
-261
-143
-116
-212
-332
-355
-362
-447
-542
-510
-385
-347
-420
-513
-514
-461
-448
-490
-518
-491
-473
-528
-593
-615
-570
-473
-389
-327
-377
-463
-526
-439
-286
-230
-261
-233
-117
-44
-77
-107
24
230
303
217
105
109
149
205
273
323
278
150
10
-50
-38
-11
27
33
-71
-265
-419
-432
-383
-367
-406
-451
-474
-512
-570
-588
-529
-436
-376
-387
-428
-397
-282
-153
-78
-59
-17
50
102
68
60
106
181
191
128
98
100
119
97
41
-7
-60
-97
-134
-137
-124
-134
-217
-318
-382
-377
-329
-301
-282
-280
-323
-412
-463
-438
-359
-351
-390
-400
-399
-438
-530
-546
-458
-355
-413
-569
-634
-600
-552
-631
-667
-593
-442
-359
-407
-451
-400
-273
-225
-188
-138
-45
7
-4
-23
44
187
245
172
78
94
176
198
134
68
90
86
-11
-132
-156
-120
-116
-207
-273
-268
-244
-286
-395
-446
-384
-284
-272
-294
-279
-222
-190
-191
-158
-93
-54
-90
-149
-121
-46
9
-10
-16
7
30
8
-27
6
73
84
46
18
38
63
34
-14
-51
-62
-79
-99
-109
-96
-126
-196
-276
-308
-287
-277
-286
-324
-388
-441
-478
-444
-367
-356
-398
-459
-487
-499
-525
-501
-432
-355
-326
-349
-356
-350
-364
-405
-393
-293
-187
-171
-208
-232
-209
-160
-87
1
66
102
46
-42
-101
-78
-12
56
69
37
-5
-42
-86
-157
-200
-147
-35
-16
-76
-162
-199
-166
-145
-92
-22
57
54
-31
-79
-43
32
69
52
24
21
-2
-38
-72
-69
-51
-51
-87
-98
-77
-63
-49
-48
-13
42
84
95
95
140
160
123
78
102
152
154
106
46
30
11
-54
-114
-131
-144
-176
-223
-268
-310
-335
-346
-336
-297
-323
-342
-333
-324
-337
-394
-365
-283
-254
-339
-416
-376
-254
-200
-261
-269
-220
-157
-181
-238
-170
-51
-2
-96
-201
-217
-182
-163
-200
-216
-228
-232
-265
-308
-338
-371
-407
-397
-359
-338
-341
-351
-315
-254
-182
-116
-40
-3
3
-16
24
121
179
177
163
141
116
86
66
97
116
76
-16
-73
-79
-46
-23
-38
-58
-66
-64
-70
-73
-53
-24
-14
-26
-45
-13
38
81
77
36
20
27
22
-29
-58
-52
-2
8
-28
-73
-54
-17
4
-12
-42
-10
11
8
-53
-63
-38
-22
-52
-109
-133
-106
-115
-172
-197
-187
-146
-115
-101
-83
-31
5
4
-31
-22
10
15
-5
-42
-44
-24
-26
-83
-147
-195
-222
-266
-305
-316
-313
-305
-310
-311
-264
-215
-175
-169
-171
-111
-27
21
42
82
131
170
168
158
187
248
263
223
192
200
234
246
217
176
179
183
192
168
167
191
185
141
76
77
110
146
168
143
115
79
45
69
110
140
126
113
136
164
164
183
228
285
304
245
221
285
333
294
204
153
180
191
136
56
21
8
-30
-68
-63
-33
-5
-40
-75
-44
49
127
121
86
46
56
79
107
132
151
108
33
-23
-44
-38
-80
-166
-254
-251
-197
-198
-235
-263
-252
-234
-234
-201
-139
-70
-28
-67
-88
-46
24
67
42
-31
-96
-77
-11
48
58
-2
-84
-146
-162
-137
-96
-51
-43
-93
-162
-176
-109
-58
-54
-65
-39
33
63
53
41
35
60
89
133
193
235
245
231
186
177
209
275
344
350
281
187
172
199
215
169
132
119
93
33
-42
-89
-97
-88
-77
-48
-19
-22
-58
-60
-4
86
130
121
115
127
134
118
140
196
233
200
139
116
114
71
18
3
40
86
75
12
-28
7
57
95
113
127
155
183
193
217
238
257
260
211
186
211
232
232
179
112
66
22
1
5
34
33
-10
-58
-80
-62
-33
-35
-37
-29
-34
-35
7
70
110
131
128
147
173
205
241
293
328
335
338
356
418
469
493
487
483
488
504
513
525
541
528
497
463
459
472
464
451
457
457
437
403
370
377
402
432
455
473
474
425
384
373
417
444
429
396
366
339
298
261
277
350
376
322
258
263
332
397
431
471
541
586
589
566
607
720
795
786
730
691
701
678
632
584
573
539
451
366
339
370
335
247
185
217
260
240
212
205
227
255
250
248
265
305
323
323
331
351
366
351
336
332
341
360
380
380
366
349
325
336
365
356
349
344
362
375
359
343
348
364
350
313
296
341
398
381
305
246
278
342
364
340
336
375
381
344
341
377
407
401
322
310
362
407
377
316
305
352
354
302
266
307
402
428
414
421
479
525
535
540
589
636
638
620
611
603
579
538
515
513
490
415
326
282
279
267
201
153
142
133
106
92
114
155
154
117
105
139
182
205
194
204
242
261
236
221
249
287
293
244
227
263
329
321
291
264
294
301
250
243
269
337
328
270
245
271
289
239
196
189
250
276
223
141
135
174
188
140
94
110
144
154
112
71
77
114
110
93
91
126
163
166
136
109
133
161
164
149
179
237
277
290
303
336
378
422
441
449
480
516
532
514
485
453
450
458
439
415
370
311
268
223
185
191
182
164
144
116
97
97
106
98
115
121
118
95
78
92
101
123
136
161
165
151
149
169
209
223
234
235
247
247
212
181
198
253
288
283
249
227
236
230
229
223
191
185
183
191
156
117
98
90
65
42
39
30
31
4
-38
-41
-43
-37
-68
-109
-114
-103
-99
-105
-109
-112
-111
-97
-58
-31
-14
-9
0
22
41
56
80
122
153
154
163
179
198
196
152
124
149
171
155
129
125
130
96
70
64
100
119
100
77
79
97
85
73
76
108
130
101
49
45
72
55
16
-7
38
85
74
28
9
26
33
34
33
78
135
133
76
41
91
175
207
191
193
216
241
223
188
179
232
247
197
145
125
149
116
59
11
27
54
29
-24
-76
-66
-76
-98
-128
-110
-68
-75
-128
-154
-126
-96
-80
-82
-57
-12
-3
-40
-53
14
65
59
50
62
131
160
125
92
108
151
137
119
122
128
125
73
37
49
85
80
59
65
61
57
56
84
108
95
75
74
129
155
135
89
87
118
109
82
84
140
181
153
80
68
104
136
132
131
175
216
214
179
162
212
274
304
306
315
344
341
292
266
296
329
344
311
293
286
258
221
191
199
208
198
159
148
149
138
107
82
80
118
153
150
118
106
124
128
146
178
229
249
234
195
180
207
229
236
213
209
218
193
180
166
167
173
185
205
208
182
134
119
133
155
160
165
157
149
105
65
75
103
128
125
112
123
160
150
119
85
92
117
128
110
101
122
114
98
77
83
114
132
131
108
103
130
144
146
164
198
215
236
238
230
217
215
245
258
265
258
261
262
253
240
229
228
219
206
185
172
172
151
130
116
123
141
140
127
112
114
109
113
118
125
147
174
167
141
115
126
135
144
127
101
97
93
74
43
34
56
73
58
50
66
87
57
24
36
81
92
63
44
51
63
61
46
40
52
57
35
19
10
18
12
-28
-36
-41
-29
-45
-61
-70
-91
-122
-120
-91
-78
-97
-120
-130
-99
-67
-32
6
32
68
57
59
61
89
106
108
117
116
111
90
67
48
32
24
26
11
-10
-45
-53
-48
-43
-79
-104
-81
-59
-62
-77
-49
-45
-47
-51
-34
7
39
44
26
24
34
36
20
15
44
52
7
-25
-62
-74
-76
-84
-61
-49
-54
-66
-81
-71
-52
-30
-16
19
23
9
-9
-5
33
48
55
36
46
46
-6
-62
-99
-82
-72
-104
-152
-150
-127
-156
-210
-253
-227
-173
-183
-207
-189
-130
-112
-140
-135
-74
0
25
20
6
41
65
91
74
67
88
99
107
88
51
20
18
-8
-45
-63
-56
-30
-38
-86
-112
-100
-79
-66
-85
-88
-63
-13
26
10
8
47
78
84
80
85
107
100
87
73
69
84
67
27
-15
-23
-33
-68
-102
-106
-79
-87
-111
-155
-152
-116
-104
-120
-123
-88
-61
-63
-76
-57
-37
-14
-28
-45
-46
-49
-58
-89
-113
-119
-110
-134
-151
-140
-152
-189
-212
-220
-222
-210
-211
-195
-172
-165
-165
-171
-144
-100
-82
-70
-61
-56
-47
-43
-30
-15
-1
-4
-52
-70
-77
-102
-117
-126
-110
-111
-154
-196
-223
-227
-210
-213
-214
-211
-205
-211
-209
-203
-176
-167
-182
-177
-149
-124
-137
-155
-149
-121
-99
-110
-138
-123
-123
-139
-151
-144
-135
-142
-146
-165
-154
-148
-161
-170
-168
-161
-152
-158
-168
-149
-131
-122
-117
-130
-137
-125
-118
-122
-131
-127
-114
-114
-121
-139
-152
-157
-172
-185
-185
-173
-173
-181
-222
-248
-247
-219
-191
-176
-170
-159
-158
-150
-141
-132
-105
-99
-111
-133
-111
-73
-61
-68
-97
-119
-149
-173
-190
-171
-144
-141
-168
-207
-221
-250
-245
-248
-250
-231
-217
-205
-221
-226
-216
-211
-194
-171
-138
-123
-111
-136
-170
-172
-144
-105
-128
-134
-139
-167
-194
-194
-179
-182
-175
-199
-218
-205
-195
-206
-206
-189
-155
-141
-142
-134
-120
-140
-137
-132
-110
-84
-78
-95
-144
-166
-150
-129
-123
-127
-152
-170
-209
-242
-248
-222
-198
-209
-202
-201
-212
-218
-227
-233
-217
-177
-149
-120
-119
-130
-126
-122
-116
-109
-81
-68
-77
-97
-119
-123
-134
-139
-171
-210
-219
-225
-239
-269
-279
-260
-264
-297
-303
-271
-242
-238
-256
-227
-195
-168
-183
-194
-167
-135
-124
-126
-118
-89
-81
-101
-127
-118
-98
-105
-117
-123
-119
-144
-174
-202
-170
-140
-115
-127
-151
-154
-153
-124
-94
-80
-76
-70
-67
-65
-86
-81
-55
-34
-24
-34
-43
-37
-33
-19
-22
-15
-29
-44
-25
-42
-44
-41
-12
-7
-13
-36
-46
-30
-2
15
25
30
42
74
90
99
112
126
145
141
137
156
175
173
145
136
116
119
98
73
30
-14
-10
-2
8
0
-6
-16
-31
-47
-33
9
26
22
28
41
37
76
101
104
61
42
77
100
85
65
90
76
31
-4
19
41
9
-25
-24
3
2
-11
-16
-16
1
20
28
37
69
83
68
28
47
96
121
89
74
104
121
110
69
98
132
117
97
87
113
128
118
78
55
79
101
87
42
31
56
75
37
1
19
45
66
50
62
82
98
100
103
102
98
125
137
119
116
137
138
114
96
84
73
66
38
40
61
76
74
63
60
72
74
72
80
107
134
125
120
129
142
148
127
115
141
143
121
120
113
91
76
66
76
96
100
91
77
85
91
96
112
120
124
123
123
133
141
145
139
141
153
160
154
118
119
132
127
127
111
100
107
98
78
90
100
119
121
112
109
107
111
114
119
116
112
96
103
76
87
97
108
128
109
103
100
101
76
72
60
66
90
95
93
86
97
102
91
52
45
70
85
75
78
80
90
96
88
78
100
112
118
125
120
138
149
142
130
125
129
129
106
98
88
90
82
57
50
23
20
20
15
18
13
21
23
44
52
50
58
86
110
113
111
114
139
138
136
126
114
98
87
95
92
85
66
66
62
52
46
37
51
51
48
39
33
53
66
65
48
40
54
70
58
33
35
57
64
54
49
55
66
56
34
23
24
32
32
35
33
35
34
9
9
7
21
31
37
39
25
18
17
39
52
41
24
36
62
72
73
68
76
91
97
91
78
79
79
68
66
51
56
55
38
24
36
33
21
20
13
25
29
36
43
37
47
59
51
47
43
46
57
60
67
51
44
48
37
34
41
47
49
48
29
29
39
28
7
30
56
57
51
40
30
48
55
40
57
91
92
67
45
52
81
75
40
34
48
52
25
12
19
18
5
-29
-37
-17
-6
-25
-38
-47
-27
-17
-42
-41
-32
-26
-23
-17
-9
4
15
-6
-15
-5
7
1
-12
-23
-29
-35
-51
-78
-91
-83
-92
-112
-141
-144
-135
-121
-152
-177
-165
-154
-168
-175
-157
-147
-141
-146
-170
-153
-127
-116
-130
-136
-134
-113
-114
-133
-133
-123
-115
-137
-160
-145
-130
-145
-164
-171
-159
-146
-168
-180
-152
-135
-134
-142
-163
-151
-127
-135
-152
-152
-140
-141
-163
-183
-177
-159
-166
-199
-197
-190
-178
-187
-219
-214
-191
-187
-204
-217
-206
-202
-205
-205
-201
-178
-184
-181
-202
-186
-162
-165
-162
-168
-154
-141
-152
-170
-174
-186
-181
-178
-171
-179
-202
-220
-243
-251
-243
-226
-208
-199
-204
-215
-212
-211
-195
-176
-155
-140
-145
-154
-164
-157
-153
-155
-160
-153
-140
-138
-146
-159
-154
-160
-173
