SAMPLES:	8531
BITSPERSAMPLE:	16
CHANNELS:	1
SAMPLERATE:	16000
NORMALIZED:	FALSE
12
11
18
11
18
14
17
21
21
24
18
26
24
22
20
25
20
27
28
23
29
21
26
19
33
24
25
26
14
15
12
15
20
24
10
17
9
11
19
2
12
12
3
4
6
12
4
8
10
-1
3
7
0
-4
0
-1
0
9
0
-3
-7
2
0
-12
-8
-15
-5
-10
-8
-6
-9
-10
-13
-11
-14
-12
-15
-9
-18
-19
-13
-18
-14
-19
-22
-21
-18
-20
-21
-12
-20
-18
-16
-17
-14
-13
-22
-12
-17
-17
-6
-13
-18
-10
-16
-12
-9
-17
-13
-8
-9
-12
-8
-14
-13
-7
-14
-2
-16
-15
-1
0
-6
-12
-14
-14
-1
-2
-8
-11
-10
-18
-19
-9
-19
-14
-22
-23
-17
-8
-10
-8
-6
-16
-7
-5
9
-6
1
0
1
3
3
-5
-6
-2
-1
-3
-3
-6
-7
-2
-5
-2
-7
3
-6
-4
-2
-3
-2
-14
-3
-12
-16
-11
-9
-18
-11
-10
-19
-12
-17
-19
-14
-3
-4
-5
-12
-17
-7
-5
-8
-7
-12
-25
-20
-10
-15
-18
-19
-16
-16
-18
-2
-8
-10
-8
-21
-16
-10
-7
-15
-10
-20
-19
-17
-14
-15
-22
-19
-21
-24
-18
-13
-12
-17
-10
-19
-9
-7
-20
-20
-12
-20
-13
-13
-19
-13
-22
-17
-18
-17
-22
-15
-14
-12
-17
-26
-18
-18
-26
-21
-22
-26
-20
-26
-24
-35
-30
-23
-28
-29
-19
-25
-29
-15
-26
-21
-25
-23
-29
-33
-31
-39
-26
-33
-31
-38
-34
-25
-39
-36
-43
-37
-38
-31
-34
-38
-32
-34
-36
-37
-42
-41
-50
-48
-34
-39
-39
-31
-27
-37
-40
-38
-37
-40
-47
-38
-31
-42
-38
-32
-34
-26
-34
-30
-46
-45
-32
-30
-34
-29
-23
-29
-20
-20
-23
-24
-28
-30
-32
-24
-23
-21
-20
-25
-18
-18
-12
-17
-25
-32
-19
-12
-15
-20
-16
-16
-17
-24
-23
-8
-16
-17
-11
-8
-12
-16
-16
-9
-14
-14
-16
-18
-16
-14
-13
-18
-18
-10
-7
-12
-6
-23
-12
-4
-5
1
-1
-7
-7
-1
-1
0
-4
-2
-6
-1
-3
2
-3
-6
-9
-5
-3
-10
3
-5
-8
-2
-1
8
5
-1
-11
6
3
-2
4
3
1
-2
19
3
-6
8
-4
5
11
0
-5
-4
4
-1
6
11
9
13
9
14
17
12
9
12
17
17
12
22
7
20
7
9
20
12
16
19
15
18
22
19
22
10
23
11
11
27
15
14
22
19
10
12
11
19
20
13
19
16
19
26
24
17
25
20
21
29
17
19
22
19
27
28
23
29
29
33
22
28
33
21
23
27
31
29
22
19
23
28
26
25
37
28
23
26
23
34
30
36
30
29
24
30
31
20
28
24
31
29
32
35
30
30
33
36
38
28
26
35
28
28
34
33
32
31
20
18
19
27
25
19
17
27
22
23
19
21
16
20
22
17
24
26
12
21
32
22
23
24
14
20
18
16
15
13
20
18
13
14
19
6
6
8
5
13
4
-3
4
6
5
5
10
9
7
3
2
-10
-3
0
-3
0
-9
-6
3
-3
5
-1
-1
-9
0
3
-8
0
-5
6
1
4
3
1
2
-7
6
-1
4
6
-8
1
-5
-2
0
1
-2
-5
6
-7
3
-1
3
3
-10
-7
-12
-10
-10
-14
-8
-9
-10
-12
-9
-13
-24
-13
-13
-17
-20
-21
-12
-12
-18
-16
-15
-19
-18
-8
-15
-8
-14
-6
-8
-6
4
0
-2
-10
-11
-11
-11
-14
-10
-12
-10
-20
-14
-9
-21
-15
-12
-10
-20
-13
-8
-16
-15
-8
-8
-16
-16
-11
-16
-11
-8
-13
-14
-24
-19
-16
-23
-12
-8
-13
-15
-7
-12
-23
-12
-16
-21
-15
-15
-13
-12
-17
-15
-22
-6
-16
-16
-13
-18
-15
-12
-14
-22
-13
-16
-15
-21
-10
2
-12
-14
-8
2
-6
-10
-4
-13
-4
-12
-2
-8
-19
-6
-7
-3
4
3
-6
-1
-1
-8
2
-3
-1
6
5
9
5
5
12
4
-4
0
-1
3
5
4
8
9
11
0
3
9
8
-1
0
4
-1
2
6
4
6
4
3
7
11
7
3
-4
8
9
3
5
3
7
11
10
7
11
12
-4
-6
5
11
17
11
14
10
12
10
9
7
4
2
-2
-3
-3
-2
5
-5
-6
-1
3
-4
-4
1
-5
2
-8
-5
6
4
3
-5
2
6
-6
4
6
4
1
1
-1
0
-3
0
-9
-14
-3
-4
-7
-8
-6
-9
-9
-15
-17
-13
-11
-18
-19
-17
-17
-20
-17
-14
-12
-16
-18
-13
-13
-10
-19
-22
-21
-17
-15
-19
-19
-13
-20
-5
-9
-16
-14
-14
-17
-11
-12
-18
-16
-19
-13
-11
-13
-11
-17
-25
-20
-27
-19
-27
-29
-24
-30
-29
-25
-32
-35
-35
-31
-32
-42
-27
-26
-38
-43
-36
-40
-42
-35
-41
-36
-47
-47
-49
-53
-51
-51
-51
-54
-53
-53
-57
-45
-57
-62
-48
-52
-63
-54
-51
-52
-51
-54
-57
-43
-47
-55
-48
-47
-48
-50
-39
-41
-47
-44
-52
-47
-39
-41
-47
-44
-32
-41
-43
-31
-28
-32
-28
-24
-24
-23
-22
-6
-18
-12
-3
-1
4
16
12
6
19
23
27
31
25
34
30
30
49
47
40
51
54
50
47
60
50
47
57
59
46
43
66
52
53
54
48
39
42
29
25
25
12
10
1
0
-8
-11
-10
-9
-33
-40
-35
-51
-69
-67
-61
-77
-91
-87
-89
-101
-117
-113
-118
-110
-132
-136
-130
-135
-153
-149
-150
-156
-154
-173
-186
-206
-194
-163
-141
-142
-148
-132
-117
-103
-102
-87
-64
-47
-49
-45
-17
30
66
74
79
82
83
99
118
131
143
148
137
138
154
171
161
144
143
134
124
111
124
139
149
137
136
128
144
162
157
152
148
162
141
150
175
174
180
158
163
168
165
170
160
167
168
147
145
153
143
135
140
132
114
112
113
114
94
82
92
74
46
37
57
40
21
21
6
-8
-30
-38
-33
-44
-64
-85
-87
-84
-123
-118
-103
-146
-185
-174
-175
-221
-236
-229
-242
-250
-234
-200
-202
-220
-196
-179
-161
-159
-138
-114
-90
-64
-39
-21
28
76
83
95
110
137
146
150
171
210
215
214
213
210
217
207
179
146
143
151
130
117
127
139
129
105
96
127
123
113
115
123
130
133
132
139
152
157
144
139
133
119
137
137
115
129
148
121
120
128
141
135
138
137
123
129
139
137
117
122
138
142
121
105
126
137
115
97
131
132
86
85
103
99
77
67
64
42
44
33
1
2
21
6
-22
-14
-24
-56
-68
-73
-85
-81
-98
-136
-136
-147
-182
-195
-211
-240
-282
-238
-151
-190
-256
-231
-194
-210
-199
-179
-171
-135
-110
-110
-118
-36
71
49
32
67
109
99
102
136
179
198
204
195
192
242
245
201
171
185
178
146
141
166
189
168
148
143
145
162
180
164
159
182
188
142
152
218
208
170
180
184
147
153
199
167
149
186
166
149
195
194
169
187
192
157
157
189
199
168
156
213
189
122
147
222
165
113
160
150
107
121
149
97
124
114
44
37
97
45
15
77
-17
-62
22
31
-89
-76
-3
-56
-111
-124
-95
-116
-146
-159
-173
-155
-215
-229
-250
-293
-306
-238
-182
-236
-252
-243
-235
-232
-206
-208
-197
-131
-118
-149
-131
-28
46
42
36
65
84
74
107
154
183
215
208
178
179
228
220
182
159
159
155
145
148
166
180
172
168
138
162
195
168
176
201
203
180
195
183
176
221
228
170
134
195
211
167
183
234
188
143
204
227
196
169
239
252
136
157
244
213
135
197
256
158
147
191
205
168
157
133
124
200
117
59
132
177
47
33
69
-6
68
85
-37
-38
23
-18
-101
-54
-25
-103
-95
-95
-138
-170
-140
-154
-204
-201
-224
-255
-264
-278
-342
-359
-308
-278
-270
-277
-307
-316
-284
-253
-271
-265
-208
-152
-165
-188
-103
1
32
41
17
28
95
118
122
153
198
206
152
127
184
196
145
126
129
123
128
131
112
130
172
165
87
74
172
198
130
128
172
194
118
100
170
215
175
107
186
167
107
156
199
137
144
209
176
110
154
199
175
184
132
89
152
211
155
105
192
184
54
121
174
114
47
101
111
40
37
67
50
-17
42
42
-55
-75
2
-41
-101
-32
-71
-126
-62
-73
-201
-180
-116
-186
-210
-147
-150
-263
-247
-252
-300
-231
-232
-349
-370
-262
-368
-416
-269
-238
-312
-309
-263
-283
-240
-214
-213
-191
-134
-107
-131
-70
13
52
45
42
70
95
125
116
138
184
185
145
143
180
194
202
175
155
166
154
148
190
241
177
147
212
173
170
227
269
185
138
232
208
194
215
222
212
246
226
105
192
292
166
114
244
264
118
103
254
220
51
152
287
95
58
269
228
49
140
218
154
63
127
144
70
112
92
48
45
68
42
52
20
1
-19
-53
-30
19
-23
-114
-138
-79
-105
-170
-113
-99
-176
-200
-161
-192
-233
-234
-169
-237
-292
-229
-245
-313
-322
-298
-354
-344
-292
-281
-261
-277
-284
-273
-241
-223
-226
-159
-127
-139
-107
-67
-26
15
53
42
35
52
81
82
95
145
148
130
124
134
126
134
175
169
133
146
164
132
170
241
221
155
171
205
130
204
314
252
130
177
199
241
255
200
217
277
258
80
185
257
152
126
216
245
108
112
168
161
185
145
129
153
211
124
42
146
98
104
128
48
40
152
89
-73
80
136
-13
-112
6
78
-13
-18
-5
-136
-147
-42
-98
-127
-47
-111
-202
-163
-138
-173
-175
-133
-230
-265
-212
-229
-262
-234
-272
-317
-288
-273
-316
-363
-345
-338
-300
-254
-251
-275
-251
-209
-209
-209
-185
-129
-105
-100
-81
-28
-16
7
62
44
26
52
77
84
79
127
138
111
134
122
139
154
137
113
139
140
121
190
195
120
147
257
176
75
206
290
153
126
288
182
78
254
338
119
89
294
205
115
155
237
239
105
167
184
113
170
155
163
101
58
149
162
68
8
155
112
54
112
24
-11
43
77
17
40
46
-77
0
96
-73
-106
64
18
-165
-40
-30
-140
-47
-50
-167
-145
-105
-185
-160
-91
-226
-254
-182
-212
-227
-202
-238
-269
-268
-292
-272
-265
-277
-312
-299
-338
-272
-199
-221
-217
-246
-210
-190
-175
-144
-129
-108
-59
-91
-73
24
53
30
34
40
22
88
114
108
101
145
178
135
79
128
192
162
131
157
147
122
197
192
122
136
232
249
105
158
330
236
40
238
430
151
75
316
264
146
281
324
63
119
377
192
41
274
266
30
139
250
49
107
276
58
-11
206
79
-47
98
198
-15
-117
122
48
-93
-28
83
-69
-121
52
-32
-233
-28
51
-257
-119
21
-119
-183
-49
-89
-211
-125
-81
-182
-229
-104
-104
-217
-187
-137
-221
-225
-164
-177
-260
-220
-215
-243
-252
-194
-246
-361
-179
-62
-216
-205
-121
-210
-212
-56
-62
-192
-54
16
-53
-101
-5
51
72
78
41
49
86
99
104
134
177
181
110
103
120
249
119
134
238
203
82
174
294
176
257
231
178
188
297
185
212
343
230
145
321
243
126
214
356
155
44
324
136
82
217
165
57
215
153
-3
99
146
67
42
193
96
-22
45
79
44
-66
147
54
-174
45
23
-8
-87
-81
2
29
-98
-140
1
-40
-152
-114
-44
-111
-97
-111
-104
-180
-156
-92
-154
-179
-137
-219
-220
-102
-229
-282
-118
-203
-353
-140
-155
-356
-277
-123
-299
-324
-266
-278
-113
-124
-183
-241
-150
-200
-159
-73
-79
-83
-82
17
-59
-96
12
129
98
7
8
66
108
81
118
170
140
126
165
79
175
207
158
245
242
166
68
270
324
132
218
371
171
119
343
285
206
313
247
149
333
359
155
102
399
276
98
182
251
152
165
199
64
175
187
107
19
149
141
107
95
133
28
27
140
64
67
116
55
-90
-107
139
154
-331
-40
157
-140
-57
116
-76
-243
112
26
-204
-16
74
-96
-129
3
-66
-248
-83
-72
-172
-172
-126
-158
-192
-250
-202
-131
-209
-167
-268
-210
-184
-188
-368
-230
-164
-164
-149
-63
-127
-322
-133
-63
-54
-155
15
28
-22
-47
10
6
-13
190
173
23
2
192
140
71
203
247
113
157
148
142
193
232
333
210
172
105
188
328
311
353
323
251
160
242
281
365
387
296
159
117
215
307
280
63
200
248
203
-13
174
338
59
93
227
73
51
276
79
18
187
174
-151
56
164
-20
-6
190
-13
-24
51
-94
-64
194
189
-217
-6
101
-106
-72
30
-75
-44
-45
-152
-144
46
-127
-174
-76
-139
-261
-222
-28
-290
-263
-79
-111
-360
-368
-140
-276
-298
-245
-168
-288
-386
-276
-321
-136
-44
-163
-167
-316
-248
-74
57
-29
-61
23
32
-37
27
245
216
21
173
362
9
-93
421
396
-7
69
342
252
43
209
297
121
147
389
200
-32
262
466
193
115
308
246
15
255
407
50
214
369
318
-11
112
408
294
-144
243
582
70
45
299
246
37
323
30
81
153
163
137
-42
88
224
90
-203
4
84
18
23
185
-124
-165
257
80
-353
60
152
-422
-151
327
-62
-446
47
45
-353
-86
98
-491
-456
232
71
-491
-274
-9
-332
-405
-150
-220
-500
-328
-221
-396
-381
-339
-622
-427
-34
-218
-323
-305
-234
-361
-164
58
-55
-96
-6
75
-4
61
110
164
261
273
127
28
212
351
351
254
301
255
165
310
129
174
578
308
-81
307
392
112
105
308
240
159
383
182
20
459
200
14
350
370
106
84
326
247
139
291
265
-31
244
312
206
144
274
139
211
542
-16
-154
420
339
25
81
147
227
67
-97
-15
157
135
-206
-253
105
83
-214
-196
-95
-129
-82
-201
-447
-214
233
-349
-607
-76
-56
-491
-494
-119
-203
-661
-451
-255
-686
-580
-319
-500
-894
-767
-331
-247
-450
-387
-535
-524
-493
-320
13
0
-44
-87
1
-20
-151
136
532
376
187
202
255
282
317
430
472
339
321
381
923
381
-26
712
540
4
338
610
474
196
229
478
294
132
199
305
154
220
624
290
-177
330
483
31
-5
479
495
96
123
286
331
200
251
344
273
281
342
410
278
466
411
102
120
271
428
359
168
129
167
97
-231
-191
241
-65
-222
-149
-294
-305
-143
-538
-921
-411
-460
-697
-640
-877
-1038
-1106
-1153
-1135
-1341
-1360
-1271
-1270
-1030
-695
-684
-1430
-1629
-1050
-428
-212
-212
-59
-189
-375
-325
-2
303
680
926
801
469
401
788
946
816
849
968
978
818
750
787
726
496
283
361
460
394
386
233
-109
-203
-167
-169
-11
73
-28
-152
-340
-375
-220
53
-38
-24
280
229
54
129
378
473
482
627
743
619
719
934
736
512
765
1030
727
643
813
780
448
214
635
562
218
241
211
-45
-226
-63
-114
-522
-438
-244
-772
-984
-673
-740
-1147
-1153
-1086
-1300
-1442
-1514
-1621
-1768
-1841
-1977
-2034
-1683
-1025
-737
-1199
-2112
-2298
-1333
-256
161
65
-198
-463
-420
-159
189
714
1376
1563
892
400
661
1218
1432
1133
1051
1246
1254
1081
925
796
588
341
208
300
492
575
170
-544
-712
-538
-486
-422
-255
-107
-299
-827
-1075
-771
-349
-181
-105
-129
-190
-111
-69
-19
114
453
766
677
787
910
930
848
752
917
1154
1376
1217
942
835
787
640
371
617
834
544
220
-13
-159
-232
-160
-280
-560
-540
-473
-938
-988
-981
-1080
-1181
-1396
-1040
-1340
-1667
-1532
-1698
-2223
-2155
-1506
-1548
-1943
-1921
-1184
-1124
-1528
-1782
-1760
-1128
-376
389
-117
-668
-399
37
233
33
766
1501
1575
865
297
744
1286
1296
1052
1262
1346
1280
842
405
480
623
571
195
180
371
238
-333
-808
-717
-476
-391
-562
-454
-443
-678
-1039
-1127
-703
-386
-173
-301
-305
-345
-310
-140
-12
316
588
853
657
628
906
1078
971
832
1192
1483
1472
1003
772
881
778
630
711
800
561
323
18
-342
-353
-215
-241
-416
-722
-952
-1040
-1103
-1264
-1424
-1293
-1307
-1755
-1853
-1748
-1744
-2032
-2226
-2054
-2014
-1954
-1761
-1241
-1202
-1605
-1844
-1846
-1172
-328
73
-205
-533
-403
-88
58
250
841
1194
1207
798
629
910
1180
1193
1002
1080
1239
1287
930
600
510
432
283
198
383
402
106
-516
-897
-746
-513
-507
-588
-544
-742
-991
-1153
-1061
-786
-587
-543
-580
-504
-453
-357
-270
-119
116
329
574
669
778
823
765
856
992
1239
1453
1395
1042
845
854
881
822
824
848
566
195
-79
-100
-61
-170
-419
-681
-873
-1018
-1039
-1168
-1347
-1535
-1662
-1712
-1836
-1966
-1915
-1975
-2247
-2372
-2255
-1944
-1619
-1242
-1409
-1919
-2017
-1636
-957
-271
-53
-387
-500
-244
19
32
362
1054
1368
1088
662
793
1160
1288
1082
1043
1308
1413
1237
814
676
576
424
287
379
528
347
-173
-703
-739
-583
-492
-524
-594
-686
-926
-1223
-1249
-899
-629
-656
-780
-739
-629
-541
-425
-249
-11
233
366
435
560
686
786
824
919
1166
1382
1298
1027
866
838
922
1003
909
768
530
231
0
-127
-129
-207
-295
-570
-967
-1288
-1374
-1326
-1560
-1708
-1813
-1949
-2218
-2320
-2320
-2489
-2404
-2071
-1514
-1643
-2037
-2328
-2104
-1314
-713
-416
-727
-716
-517
-145
-42
55
712
1080
1080
624
702
1112
1398
1212
1020
1292
1481
1448
1037
869
775
667
480
489
651
559
121
-427
-589
-519
-383
-462
-544
-616
-757
-1029
-1251
-1178
-881
-682
-709
-755
-837
-828
-772
-627
-371
-32
171
206
232
293
408
537
740
955
1169
1162
1024
817
801
940
1018
989
853
785
489
233
55
95
79
-112
-274
-602
-884
-1055
-1169
-1381
-1515
-1561
-1683
-2035
-2285
-2352
-2272
-2250
-2039
-1541
-1731
-2223
-2565
-2025
-1161
-640
-688
-1123
-933
-528
-158
-228
18
700
1087
943
462
708
1272
1483
1141
1060
1473
1783
1510
914
843
1102
1205
838
545
634
720
291
-276
-413
-181
-75
-382
-663
-702
-635
-830
-1098
-1110
-810
-614
-799
-901
-776
-634
-627
-684
-409
0
226
203
144
248
473
630
693
949
1167
1194
935
723
768
984
1091
940
764
679
562
258
33
29
61
-23
-348
-701
-861
-983
-1186
-1431
-1555
-1542
-1597
-1922
-2401
-2455
-2136
-1518
-1392
-2045
-2618
-2622
-1666
-880
-704
-1121
-1357
-938
-663
-471
-402
271
869
804
316
94
759
1345
1375
988
1086
1564
1637
1145
734
969
1259
1198
911
785
766
449
-32
-185
-11
174
-37
-490
-751
-765
-787
-931
-954
-893
-829
-961
-1092
-1053
-878
-707
-725
-740
-532
-170
-9
8
40
274
467
518
676
940
1093
986
794
703
922
1107
1053
794
591
551
421
240
104
118
-47
-288
-624
-853
-910
-1098
-1321
-1640
-1667
-1694
-1841
-2313
-2486
-2094
-1381
-1268
-2237
-2942
-2635
-1206
-439
-826
-1591
-1455
-674
-490
-650
-576
501
1077
666
-112
-3
1084
1650
1187
569
1130
1887
1797
840
492
1123
1559
1145
638
873
1191
700
-357
-492
225
715
166
-579
-697
-488
-649
-989
-914
-571
-457
-921
-1201
-1041
-666
-588
-786
-805
-452
-14
23
-86
-11
275
424
470
664
1081
1266
1013
653
646
1062
1293
1185
855
746
763
570
287
201
311
199
-155
-566
-728
-750
-946
-1320
-1663
-1706
-1665
-1806
-2321
-2503
-1918
-1256
-1433
-2580
-3032
-2175
-727
-338
-1124
-1634
-1177
-305
-295
-529
-213
807
1254
591
-8
456
1558
1740
1075
741
1495
2187
1779
842
665
1358
1629
1079
611
922
1248
682
-336
-493
154
544
61
-567
-639
-448
-632
-1083
-1024
-575
-344
-747
-1099
-944
-556
-504
-697
-658
-212
237
272
230
239
507
650
645
921
1352
1562
1231
747
715
1147
1362
1191
916
818
820
518
167
85
259
254
-165
-662
-767
-719
-979
-1447
-1775
-1684
-1628
-1983
-2499
-2229
-1504
-1236
-2070
-3102
-2718
-1386
-292
-685
-1493
-1417
-558
-146
-509
-401
507
1502
1165
272
271
1328
2050
1553
880
1298
2295
2312
1380
699
1210
1793
1469
776
812
1307
1081
-14
-660
-59
599
370
-615
-975
-618
-425
-877
-1266
-981
-526
-647
-1203
-1251
-726
-262
-468
-802
-662
48
492
421
396
613
932
912
877
1254
1781
1817
1337
965
1195
1539
1436
1116
963
967
835
419
87
135
209
-42
-565
-843
-784
-829
-1240
-1768
-1946
-1799
-1819
-2185
-2603
-2362
-1652
-1399
-2021
-2938
-2760
-1631
-630
-684
-1198
-1114
-546
-276
-485
-326
535
1528
1437
683
532
1313
1986
1671
1158
1470
2356
2449
1599
902
1211
1693
1387
756
781
1332
1170
69
-766
-444
183
143
-520
-876
-637
-583
-1104
-1575
-1285
-646
-466
-938
-1270
-1005
-535
-480
-697
-533
12
500
526
517
716
924
980
926
1294
1883
2093
1694
1161
1163
1435
1475
1325
1267
1224
1005
470
69
91
264
158
-344
-695
-737
-818
-1228
-1677
-1816
-1762
-1872
-2212
-2486
-2508
-2298
-1970
-1851
-2037
-2380
-2463
-2014
-1193
-579
-622
-874
-820
-352
-24
92
430
1112
1547
1279
871
1068
1731
1951
1633
1444
1861
2239
1936
1339
1138
1369
1346
919
651
889
988
400
-399
-602
-268
-164
-464
-723
-659
-620
-961
-1385
-1333
-867
-614
-745
-944
-810
-549
-521
-589
-419
35
436
573
592
768
1001
1066
1035
1233
1663
1890
1715
1389
1281
1360
1308
1136
1072
1108
1021
650
215
68
88
25
-230
-482
-570
-681
-947
-1308
-1519
-1550
-1623
-1811
-2106
-2239
-2224
-2064
-1691
-1482
-1683
-2237
-2405
-1817
-860
-355
-510
-747
-609
-256
-219
-154
371
1235
1522
991
561
952
1677
1724
1253
1170
1757
2069
1678
1168
1178
1413
1167
586
476
953
1148
570
-217
-385
-143
-153
-500
-580
-264
-193
-644
-1146
-1069
-646
-515
-725
-774
-473
-213
-341
-552
-335
84
264
238
431
904
1124
920
730
928
1288
1397
1281
1287
1416
1369
1027
712
726
873
835
546
284
242
220
-81
-457
-533
-412
-490
-776
-995
-1102
-1150
-1240
-1534
-1821
-1686
-1670
-1647
-1342
-1060
-1153
-1675
-1917
-1674
-1015
-479
-402
-565
-590
-398
-309
-361
-184
451
924
785
363
432
991
1281
1002
723
963
1374
1385
1077
1037
1289
1279
755
319
508
957
979
475
148
183
171
-108
-395
-256
102
113
-308
-590
-516
-322
-352
-521
-495
-211
-72
-252
-383
-251
-53
-5
22
131
348
427
384
371
436
500
472
475
490
544
509
397
246
221
269
247
244
45
84
248
161
-169
-101
24
-55
-144
-118
-179
-289
-312
-464
-423
-425
-538
-674
-611
-548
-595
-679
-718
-774
-795
-738
-668
-621
-587
-534
-561
-564
-519
-375
-255
-221
-217
-140
-92
-72
18
94
162
186
193
265
302
321
376
409
398
393
409
444
447
424
405
387
380
319
293
280
270
258
200
115
86
124
96
38
20
19
-8
-62
-100
-52
-2
-44
-101
-74
-19
-10
-20
16
73
106
99
82
114
200
276
294
259
260
269
284
307
301
278
255
232
205
174
135
64
19
-7
-73
-143
-204
-257
-367
-451
-511
-526
-504
-546
-654
-778
-804
-741
-670
-689
-726
-722
-670
-621
-617
-590
-490
-366
-352
-396
-404
-276
-137
-98
-113
-66
31
100
78
58
126
220
294
285
250
258
294
305
296
295
308
299
264
243
226
220
221
197
173
145
116
110
93
66
67
77
65
20
-27
-33
7
18
-14
-15
2
-2
16
37
49
86
98
109
139
166
170
194
215
221
202
193
208
229
243
191
140
104
94
76
35
2
-25
-87
-195
-282
-278
-255
-300
-423
-547
-575
-561
-573
-617
-629
-613
-627
-661
-661
-611
-535
-473
-452
-411
-344
-308
-236
-191
-134
-86
-55
0
88
143
132
128
156
193
172
192
222
250
246
170
112
116
161
170
124
77
76
54
-15
-26
25
67
37
-31
-63
-4
30
5
-3
31
84
73
36
46
120
182
136
64
83
171
209
210
189
206
248
206
155
187
247
267
236
173
190
210
162
100
79
128
135
87
16
18
16
-52
-115
-121
-76
-83
-144
-217
-237
-216
-230
-279
-300
-298
-308
-360
-398
-394
-366
-360
-378
-365
-338
-289
-283
-276
-234
-166
-119
-100
-95
-52
24
35
36
23
34
70
78
63
60
49
26
14
-15
-38
-57
-67
-90
-114
-121
-99
-109
-175
-205
-193
-134
-104
-108
-101
-68
-48
-45
-52
-23
65
138
145
117
131
151
185
179
170
214
255
245
184
161
182
179
152
150
162
148
109
50
35
30
9
-16
-31
-46
-87
-116
-120
-119
-127
-142
-141
-126
-117
-120
-119
-117
-96
-82
-69
-68
-42
-47
-68
-75
-58
-31
-86
-121
-118
-90
-93
-107
-100
-93
-97
-135
-185
-150
-83
-95
-127
-164
-151
-150
-195
-216
-195
-173
-192
-234
-263
-260
-258
-258
-260
-266
-279
-284
-305
-311
-289
-286
-283
-274
-234
-183
-170
-160
-133
-79
-31
-13
23
96
152
179
175
194
231
277
283
257
290
317
281
239
243
270
267
217
161
152
175
162
116
61
16
-4
60
90
10
-153
-249
-209
-144
-89
-86
-173
-230
-181
-51
-1
-63
-83
35
296
437
359
159
28
48
197
376
396
245
-32
-87
51
204
131
-126
-209
-126
-53
63
57
-188
-464
-518
-327
-211
-216
-331
-416
-409
-389
-368
-361
-327
-283
-305
-374
-378
-267
-129
-91
-120
-158
-158
-167
-204
-158
6
131
90
-60
-64
45
212
207
245
143
114
164
170
436
447
354
114
176
106
227
365
289
360
214
355
171
99
140
201
331
195
54
-139
-156
-77
16
24
-49
-148
-183
-136
-223
15
169
118
-92
-137
60
280
317
309
103
54
283
344
321
293
345
269
261
318
-12
-37
157
136
290
-181
-385
-289
-504
-608
-612
-239
-198
-294
-481
-812
-970
-744
-485
-248
-396
-616
-545
-444
-312
-364
-308
-97
-29
-148
-387
-319
88
493
529
161
-42
-10
181
326
373
424
462
257
-19
21
203
403
354
87
-40
-43
-113
24
99
173
134
-13
-232
-385
-215
-34
120
16
-108
-206
-278
-267
-149
94
166
48
-71
-17
97
224
331
322
313
326
356
391
502
563
562
521
503
605
513
406
511
722
746
517
326
330
545
388
202
226
169
26
-113
-92
-368
-514
-547
-680
-953
-1337
-1492
-1626
-1686
-1647
-1328
-865
-723
-1076
-1740
-1892
-1312
-559
-257
-398
-399
-55
256
200
136
378
838
979
707
524
758
1122
1281
1236
1095
961
680
377
295
471
601
431
104
-146
-234
-330
-470
-557
-576
-609
-810
-1027
-1057
-834
-566
-505
-643
-804
-867
-803
-642
-396
-40
181
173
66
98
349
623
777
884
975
1028
1030
1051
1231
1409
1441
1249
1033
914
834
815
835
835
759
572
328
157
111
129
95
-13
-166
-317
-393
-417
-436
-450
-498
-672
-937
-1163
-1288
-1334
-1458
-1677
-1920
-2055
-2073
-1784
-1184
-669
-644
-1186
-1533
-1197
-421
37
-2
85
582
1020
868
587
789
1483
1821
1435
872
710
993
1232
1283
1211
1063
762
369
60
-89
-114
-171
-246
-400
-662
-997
-1147
-1012
-785
-706
-981
-1296
-1377
-1161
-901
-756
-601
-379
-207
-221
-355
-331
39
482
688
643
560
597
749
964
1153
1276
1273
1152
1055
1045
1089
1134
1169
1184
1050
773
527
444
516
535
400
174
6
-82
-87
-81
-115
-149
-175
-225
-373
-476
-453
-340
-314
-464
-667
-790
-860
-965
-1123
-1293
-1432
-1648
-1943
-2131
-1925
-1300
-720
-566
-875
-1094
-796
-239
133
157
233
566
885
796
614
843
1473
1912
1673
1106
768
886
1081
1073
955
822
720
462
124
-148
-224
-225
-316
-593
-965
-1304
-1424
-1253
-1021
-895
-1020
-1189
-1224
-1098
-947
-851
-690
-391
-156
-156
-286
-198
256
734
895
781
689
775
920
1004
1110
1273
1392
1326
1113
969
1003
1132
1186
1060
789
544
413
352
298
234
190
85
-81
-275
-364
-334
-264
-226
-298
-407
-502
-508
-415
-313
-312
-383
-486
-575
-635
-718
-778
-803
-893
-1114
-1416
-1667
-1780
-1674
-1303
-863
-629
-751
-931
-701
-183
230
282
256
457
705
714
539
657
1161
1555
1426
973
709
812
1001
958
762
578
439
212
-125
-346
-365
-280
-353
-625
-935
-1168
-1223
-1095
-918
-839
-956
-1147
-1133
-943
-735
-606
-448
-173
12
-40
-169
-37
396
766
820
706
700
842
1000
1102
1169
1269
1305
1216
1018
877
912
1036
1040
834
538
357
316
270
160
55
14
-78
-270
-449
-480
-365
-261
-254
-320
-370
-368
-316
-202
-99
-64
-102
-155
-194
-245
-272
-270
-297
-421
-649
-938
-1195
-1358
-1384
-1280
-1094
-926
-855
-833
-756
-498
-138
171
308
307
377
487
548
579
695
893
970
853
682
636
750
871
847
704
516
326
163
43
-33
-111
-213
-373
-582
-757
-883
-852
-742
-663
-703
-793
-815
-743
-589
-451
-329
-238
-151
-90
-57
34
217
443
599
629
648
722
843
962
1052
1089
1092
1018
925
885
892
913
883
775
582
375
253
236
240
185
64
-45
-136
-201
-241
-184
-106
-95
-131
-163
-129
-49
72
163
204
175
135
122
123
122
98
41
-77
-239
-444
-642
-822
-1004
-1179
-1286
-1381
-1372
-1295
-1169
-998
-879
-657
-410
-148
-4
52
228
381
500
494
509
639
704
747
708
732
809
840
851
809
733
649
578
491
367
201
47
-114
-261
-439
-577
-648
-683
-695
-712
-701
-694
-649
-538
-457
-397
-356
-292
-185
-118
-62
16
164
306
381
431
531
652
748
800
871
943
985
985
951
953
925
867
807
705
597
508
447
379
289
215
169
116
39
0
38
66
45
13
45
108
122
112
132
174
128
59
21
-17
-70
-178
-310
-448
-601
-804
-1022
-1235
-1408
-1506
-1593
-1603
-1538
-1422
-1243
-1095
-913
-633
-254
79
197
311
450
679
820
821
874
932
1017
994
937
937
982
1039
1018
956
835
720
625
538
409
206
-20
-222
-426
-608
-774
-895
-942
-976
-1005
-1045
-1036
-924
-776
-646
-589
-550
-437
-270
-92
46
153
241
342
456
564
706
862
1016
1136
1188
1229
1275
1354
1427
1397
1303
1170
1026
879
755
670
557
411
241
103
31
-35
-88
-85
-102
-129
-172
-191
-155
-148
-143
-154
-185
-215
-233
-254
-281
-325
-406
-489
-543
-602
-698
-837
-1018
-1195
-1318
-1391
-1373
-1272
-1147
-1029
-958
-778
-477
-137
148
301
502
695
882
965
988
1093
1171
1162
1029
918
891
887
855
756
644
542
459
378
291
166
9
-181
-375
-585
-792
-944
-1036
-1068
-1115
-1175
-1241
-1209
-1075
-888
-728
-597
-446
-254
-33
155
317
488
652
787
868
909
943
1054
1189
1271
1285
1268
1289
1332
1381
1330
1217
1115
1001
848
651
457
323
190
5
-199
-374
-435
-459
-477
-489
-488
-480
-496
-468
-372
-261
-194
-164
-167
-180
-209
-232
-248
-259
-267
-314
-400
-519
-650
-740
-858
-1031
-1164
-1177
-1036
-916
-911
-917
-796
-482
-180
-15
103
283
544
716
746
770
860
980
990
883
734
648
640
606
532
406
275
202
180
112
-8
-168
-315
-448
-577
-716
-858
-934
-948
-957
-1023
-1108
-1081
-928
-705
-544
-412
-256
-58
163
341
517
690
829
945
1010
1011
1043
1119
1196
1219
1174
1109
1084
1115
1120
1071
970
843
704
555
411
243
64
-105
-277
-434
-568
-677
-701
-657
-633
-640
-637
-577
-426
-281
-178
-110
-53
17
61
76
85
96
104
59
-32
-145
-235
-324
-434
-576
-749
-926
-1051
-1059
-978
-933
-993
-1016
-895
-607
-378
-299
-183
27
308
436
470
529
671
818
766
646
542
530
567
556
474
352
246
225
233
185
85
-40
-105
-173
-290
-424
-514
-525
-538
-606
-697
-722
-623
-457
-313
-253
-193
-44
164
351
447
528
634
731
769
749
753
788
849
834
767
712
686
685
697
686
635
580
496
431
338
238
121
16
-84
-186
-300
-377
-402
-414
-391
-358
-332
-277
-172
-48
38
108
161
221
296
337
346
310
261
187
114
37
-62
-186
-308
-444
-594
-773
-977
-1142
-1262
-1334
-1356
-1349
-1353
-1342
-1250
-1041
-769
-528
-347
-159
95
357
555
700
824
961
1019
1013
963
898
898
883
804
671
555
504
468
406
322
238
152
47
-84
-205
-289
-363
-470
-578
-661
-722
-761
-753
-701
-633
-587
-526
-411
-256
-118
13
122
261
397
483
556
591
656
725
778
773
760
803
832
837
795
740
695
647
560
454
370
295
192
68
-34
-116
-182
-238
-270
-278
-283
-268
-228
-184
-124
-64
-23
15
62
105
106
69
15
-30
-67
-120
-194
-261
-307
-381
-492
-619
-729
-844
-965
-1125
-1250
-1311
-1334
-1336
-1323
-1245
-1117
-937
-710
-445
-172
75
279
484
710
908
1015
1052
1075
1064
993
869
771
693
623
518
385
280
217
190
143
67
-25
-100
-156
-226
-285
-344
-422
-527
-627
-695
-726
-713
-691
-623
-516
-415
-312
-188
-8
185
348
465
560
642
708
744
763
799
799
771
720
668
629
581
540
508
473
419
346
269
207
161
88
-10
-113
-194
-247
-318
-372
-383
-357
-334
-322
-281
-192
-100
-33
7
64
113
129
107
88
78
34
-51
-140
-199
-261
-368
-484
-541
-591
-660
-780
-893
-928
-957
-992
-1025
-1026
-1004
-922
-825
-705
-529
-373
-212
-58
139
314
443
553
641
716
730
693
654
610
577
540
455
350
230
161
116
79
77
81
74
54
2
-32
-38
-48
-63
-94
-135
-185
-219
-203
-166
-130
-105
-54
30
106
186
262
343
410
457
507
538
542
545
525
493
448
394
353
327
284
234
195
182
190
169
148
123
110
114
89
77
57
46
81
73
43
50
89
139
164
178
193
202
205
169
135
111
68
14
-70
-148
-220
-300
-396
-467
-527
-586
-635
-673
-704
-749
-763
-777
-784
-761
-734
-688
-642
-604
-557
-483
-360
-237
-118
-24
42
141
242
340
402
425
473
507
477
432
389
389
378
320
255
226
220
207
186
186
198
184
163
140
126
120
98
70
34
-4
-35
-69
-67
-58
-29
15
60
124
199
258
293
358
410
469
488
484
496
482
457
404
368
362
346
319
276
263
266
265
259
251
277
291
281
268
263
256
240
215
201
180
157
119
64
43
15
-23
-64
-95
-115
-155
-203
-250
-282
-303
-315
-337
-364
-382
-387
-397
-400
-395
-373
-355
-342
-330
-313
-271
-240
-242
-250
-258
-240
-229
-226
-223
-207
-183
-170
-140
-109
-72
-38
0
30
37
46
58
97
112
95
77
83
96
94
86
79
95
106
103
99
108
111
124
134
124
141
140
144
149
149
155
160
151
170
186
202
203
212
252
291
304
285
298
325
340
348
376
393
411
398
383
392
404
429
416
392
379
368
351
327
322
315
288
241
205
161
135
117
72
40
-4
-49
-131
-206
-221
-223
-233
-250
-266
-261
-253
-263
-254
-235
-172
-121
-99
-90
-69
-27
5
21
10
18
13
-2
-38
-81
-85
-96
-126
-167
-185
-209
-244
-285
-316
-331
-347
-363
-366
-367
-357
-355
-361
-313
-256
-203
-174
-138
-82
-41
-8
-3
21
79
116
142
148
158
188
215
215
212
234
289
306
283
298
312
321
317
299
263
253
241
211
193
185
187
182
180
182
196
230
261
294
337
355
362
360
374
399
391
358
325
284
244
215
168
147
132
108
78
29
-10
-30
-36
-25
-38
-42
-55
-72
-82
-87
-92
-86
-51
-14
8
18
51
91
148
181
187
209
215
191
144
121
105
90
26
-62
-124
-165
-201
-237
-260
-274
-293
-303
-321
-329
-299
-268
-253
-247
-244
-241
-245
-249
-249
-251
-263
-259
-249
-220
-194
-155
-109
-85
-49
-35
12
50
87
97
86
75
72
73
51
41
35
15
0
-5
12
36
68
85
79
87
90
93
87
105
131
138
132
126
140
165
175
184
198
208
218
201
179
169
164
142
119
94
64
30
3
-28
-35
-41
-56
-46
-43
-25
-8
7
29
61
109
139
151
169
200
234
240
233
252
261
259
241
214
199
182
145
86
44
1
-35
-81
-122
-168
-210
-227
-253
-266
-271
-247
-235
-227
-226
-212
-192
-172
-154
-142
-125
-117
-102
-91
-77
-60
-48
-49
-68
-70
-63
-66
-103
-120
-123
-123
-132
-147
-169
-185
-191
-224
-261
-232
-231
-239
-243
-247
-237
-217
-203
-192
-154
-116
-102
-90
-58
-7
44
64
81
126
157
168
164
166
169
169
144
91
54
28
10
-27
-59
-77
-98
-139
-169
-166
-143
-105
-110
-103
-88
-56
-9
34
85
127
174
192
204
237
279
313
317
316
307
304
272
238
226
221
200
150
102
77
72
40
10
-20
-37
-56
-55
-53
-40
-34
-33
-23
-16
5
33
48
43
29
35
40
43
32
9
5
-3
-30
-55
-62
-53
-45
-68
-95
-129
-131
-141
-163
-182
-194
-214
-241
-259
-259
-234
-219
-214
-203
-168
-135
-120
-105
-81
-48
-31
-39
-35
2
48
43
44
52
62
81
82
65
55
47
41
12
-24
-39
-78
-122
-182
-225
-241
-259
-267
-262
-255
-238
-225
-208
-164
-114
-57
-16
20
56
94
152
191
231
269
278
290
280
280
297
287
267
244
211
205
178
162
134
117
107
86
62
51
84
101
103
96
88
103
133
138
143
143
150
155
132
125
140
140
118
85
81
86
75
53
39
29
3
-25
-59
-62
-54
-70
-107
-124
-126
-138
-149
-157
-133
-118
-98
-95
-88
-51
3
34
43
63
92
129
137
145
146
140
119
92
77
76
65
35
13
-10
-33
-62
-92
-114
-141
-178
-207
-226
-227
-236
-270
-292
-288
-282
-288
-267
-234
-200
-164
-115
-65
-16
50
95
125
177
205
214
230
243
259
257
234
210
204
194
162
134
102
78
60
13
-3
-10
-26
-38
-47
-55
-43
-44
-41
-20
17
48
58
72
92
122
133
134
156
175
177
174
158
168
197
206
195
177
176
181
182
170
157
142
119
100
79
67
62
59
33
17
19
33
46
65
75
75
75
87
97
105
109
94
67
51
39
25
18
14
-3
-24
-37
-51
-46
-43
-50
-70
-87
-87
-84
-81
-83
-81
-83
-99
-101
-67
-54
-37
-28
-5
30
36
56
79
116
131
136
129
121
127
129
100
75
55
36
10
-34
-61
-78
-101
-117
-116
-124
-126
-134
-142
-126
-102
-81
-57
-43
-21
8
22
57
93
127
141
160
171
186
220
229
233
232
244
241
241
231
228
229
213
193
166
143
129
126
107
83
86
84
74
69
59
56
67
82
95
89
87
85
79
82
72
83
80
80
86
66
69
80
92
84
66
55
45
47
43
30
21
10
3
1
-2
-3
-11
-6
-7
-2
-1
10
37
57
76
74
78
87
97
107
117
122
119
121
105
90
70
65
56
15
-17
-57
-76
-69
-78
-84
-97
-84
-82
-74
-50
-48
-18
7
14
30
54
84
100
113
132
153
172
181
187
187
195
202
204
200
181
174
146
128
103
89
65
45
40
35
32
45
38
32
24
27
44
45
58
51
51
72
71
67
84
96
119
113
90
94
115
145
149
133
117
138
134
113
116
101
106
87
64
47
37
37
26
23
15
10
7
5
8
12
38
58
64
76
81
97
116
128
136
139
139
135
130
130
134
135
129
111
94
61
25
4
-12
-24
-37
-63
-64
-56
-44
-34
-12
19
33
43
62
95
134
158
168
190
198
217
223
216
226
222
218
199
177
176
155
142
125
105
79
48
29
13
2
-12
-18
-29
-39
-42
-39
-28
-16
1
13
25
28
49
63
70
88
101
110
104
126
152
161
155
146
153
154
148
138
129
124
113
94
54
25
26
26
7
-16
-28
-40
-50
-72
-80
-79
-58
-51
-43
-47
-30
6
22
41
60
88
103
111
128
145
162
177
184
194
198
177
150
145
149
129
93
80
67
57
25
11
12
21
36
31
58
82
102
125
131
147
166
173
178
172
180
176
158
145
139
144
132
119
101
97
91
67
49
42
29
20
2
-27
-53
-60
-69
-75
-78
-76
-60
-42
-23
-2
21
40
69
86
94
111
123
140
137
128
126
125
108
92
89
77
81
81
66
44
30
19
8
-2
-17
-36
-61
-73
-93
-85
-82
-77
-53
-33
-16
-21
3
35
71
95
104
106
116
124
120
121
124
137
142
132
121
122
125
113
106
99
103
89
71
42
27
25
-12
-15
-6
-15
-6
5
18
41
67
80
94
120
147
162
161
160
168
162
145
133
126
122
111
94
65
69
81
72
72
67
54
40
17
11
9
13
4
-15
-19
-35
-46
-27
-28
-10
11
24
32
50
78
83
98
101
98
92
81
84
89
79
58
53
35
24
9
-7
0
0
-4
-16
-35
-41
-39
-46
-46
-42
-41
-37
-37
-28
-6
20
34
45
63
80
82
81
85
91
93
77
88
78
70
59
58
59
59
40
28
31
25
11
-8
-11
-20
-13
-7
-13
-9
1
17
21
24
35
57
78
92
94
101
120
128
122
107
121
108
102
97
86
94
89
80
71
62
44
36
32
30
28
19
17
9
-10
-26
-17
-3
-6
-5
-1
8
22
24
46
65
77
86
87
86
94
98
101
98
92
80
77
59
40
30
25
16
19
2
-17
-2
-11
-20
-13
-10
-3
-14
-18
-6
13
26
29
37
37
40
53
54
56
54
59
52
51
39
24
25
23
17
15
14
10
6
-1
-14
-15
-21
-23
-22
-24
-31
-44
-38
-35
-34
-31
-16
-2
15
29
54
73
80
108
113
116
106
105
101
100
106
90
85
78
67
49
41
58
65
64
46
45
45
37
33
25
14
10
3
-1
-6
-6
6
26
37
51
66
74
78
84
87
88
81
75
70
59
40
25
16
15
7
-14
-13
-11
-19
-16
-10
-6
-1
-2
5
9
5
6
13
18
29
31
42
53
62
73
78
77
81
78
59
63
67
64
43
24
-2
-24
-32
-39
-39
-54
-70
-73
-77
-75
-58
-54
-54
-55
-54
-53
-48
-37
-16
-7
1
13
26
28
35
53
63
69
71
85
84
92
86
82
71
50
44
43
41
47
37
43
43
28
30
25
26
25
24
10
-11
-20
-29
-38
-37
-45
-48
-47
-56
-45
-31
-22
-14
-22
-14
-3
-1
-2
-19
-24
-22
-27
-34
-45
-55
-62
-55
-58
-56
-54
-40
-19
-15
-6
5
-1
9
17
10
-1
4
15
4
-5
-9
-17
-17
-15
-6
-4
-8
-32
-42
-42
-51
-62
-75
-69
-84
-88
-106
-119
-102
-109
-94
-93
-78
-67
-69
-60
-46
-32
-10
2
-1
11
13
31
45
49
50
45
38
40
33
35
31
9
0
-5
-3
-13
-8
-9
-14
-25
-35
-28
-33
-35
-25
-20
-23
-19
-29
-19
-24
-17
-16
-11
0
-11
-1
3
0
-8
5
6
-2
1
-13
-6
-13
-27
-27
-35
-30
-39
-48
-35
-33
-34
-42
-48
-36
-16
-14
-14
-16
-5
-9
-1
-7
5
28
23
19
27
39
42
33
38
34
30
24
12
3
-5
-10
-18
-38
-44
-40
-46
-49
-46
-43
-41
-40
-42
-35
-17
-16
0
12
20
40
48
55
64
78
97
99
89
86
92
85
69
59
51
26
11
-7
-27
-44
-52
-52
-59
-62
-66
-58
-58
-56
-51
-39
-19
-12
-17
-14
4
7
18
24
30
51
57
44
60
76
79
78
67
72
69
60
41
28
15
1
-15
-32
-37
-46
-54
-58
-69
-75
-77
-82
-87
-88
-79
-63
-62
-64
-46
-26
-12
-15
1
19
31
43
63
74
81
100
87
92
91
89
78
60
51
36
17
-1
-11
-20
-23
-34
-37
-40
-38
-26
-30
-21
-17
-12
-12
-11
0
14
26
32
28
33
44
39
38
41
46
45
38
24
30
19
-3
-11
-28
-16
-30
-41
-42
-34
-28
-24
-40
-34
-29
-24
-18
-15
-5
9
13
-1
-3
10
13
15
27
19
15
22
19
14
5
8
-9
-24
-34
-49
-61
-63
-66
-72
-87
-93
-90
-84
-87
-80
-73
-76
-57
-52
-48
-40
-33
-14
-16
-7
15
21
30
33
47
52
57
57
59
60
47
34
30
22
9
-5
-22
-36
-49
-63
-66
-83
-90
-98
-95
-90
-92
-84
-76
-78
-78
-67
-62
-50
-50
-44
-43
-35
-20
-23
-15
-3
11
8
4
12
10
2
-2
2
-8
-14
-14
-23
-33
-25
-29
-34
-45
-39
-43
-52
-60
-51
-50
-51
-56
-57
-68
-77
-72
-78
-78
-85
-96
-92
-86
-70
-72
-71
-68
-70
-67
-66
-64
-64
-69
-69
-69
-67
-74
-67
-53
-55
-41
-37
-41
-38
-29
-20
-8
-16
-9
-15
-15
-21
-20
-6
-9
-17
-21
-16
-27
-28
-32
-33
-40
-57
-67
-72
-79
-83
-92
-98
-106
-115
-116
-107
-107
-98
-91
-89
-75
-56
-53
-47
-31
-32
-28
-23
-25
-28
-20
-11
-5
-12
-14
-12
-12
-7
-17
-9
-13
-15
-30
-36
-24
-40
-48
-59
-63
-67
-68
-67
-63
-74
-69
-62
-74
-72
-75
-69
-71
-74
-76
-69
-89
-92
-86
-77
-82
-76
-73
-74
-65
-68
-60
-66
-48
-47
-52
-49
-53
-56
-61
-59
-62
-59
-51
-47
-51
-50
-44
-39
-36
-38
-38
-50
-47
-46
-54
-45
-52
-60
-71
-66
-59
-62
-62
-59
-64
-63
-76
-76
-82
-82
-81
-98
-97
-96
-100
-98
-96
-99
-92
-90
-71
-70
-64
-49
-49
-30
-30
-26
-20
-26
-28
-24
-22
-20
-32
-39
-27
-32
-30
-36
-39
-38
-40
-39
-41
-47
-42
-43
-47
-55
-61
-57
-62
-56
-63
-69
-54
-62
-66
-62
-64
-53
-55
-65
-72
