SAMPLES:	9644
BITSPERSAMPLE:	16
CHANNELS:	1
SAMPLERATE:	16000
NORMALIZED:	FALSE
97
110
126
132
134
126
125
138
137
136
134
143
150
140
155
156
162
158
158
162
168
173
173
172
174
172
177
180
177
180
182
175
162
167
158
158
154
148
168
165
162
170
183
186
202
220
209
217
221
232
231
225
238
234
231
231
233
234
241
246
241
240
239
251
256
247
259
267
271
279
289
281
284
292
295
298
314
315
323
318
312
316
315
307
313
321
313
319
316
322
319
326
312
315
317
320
330
317
318
314
322
323
324
321
321
329
321
320
320
326
317
321
311
315
310
304
316
321
321
318
324
316
316
309
317
315
323
323
317
333
317
331
332
333
339
345
351
352
358
359
357
353
350
352
355
348
361
364
360
369
364
367
377
388
400
397
392
390
391
379
376
379
379
382
391
390
393
391
387
391
390
385
377
368
374
378
368
375
371
364
365
369
370
365
370
361
360
363
355
360
360
351
351
350
346
354
341
336
328
322
311
304
305
297
294
282
284
283
278
275
280
290
285
286
287
281
275
274
262
250
250
238
243
236
223
234
223
219
217
212
219
227
219
209
209
202
200
193
196
187
191
197
200
201
191
203
206
207
211
228
233
247
248
259
270
274
286
286
290
279
286
287
299
294
297
306
295
300
302
305
306
310
304
310
305
312
313
326
327
330
341
335
347
358
366
371
362
373
374
378
382
379
373
364
362
363
366
357
362
361
356
335
332
330
328
317
301
303
309
308
302
296
283
289
287
295
302
297
312
317
312
305
318
322
315
318
314
315
306
290
290
285
282
280
272
269
276
278
273
285
285
281
281
283
287
291
290
298
297
299
306
312
311
303
305
303
293
286
295
291
284
275
276
274
277
268
273
279
286
281
284
300
289
282
289
291
282
284
288
282
292
289
296
300
290
293
290
297
298
302
301
292
295
294
294
305
309
316
318
321
315
325
319
323
321
313
318
328
322
336
339
341
337
324
326
322
321
325
324
321
328
321
320
325
334
327
323
331
326
316
319
316
319
312
309
307
305
312
306
315
314
309
307
296
294
295
284
272
269
255
254
250
251
250
232
233
219
215
196
202
206
200
210
214
216
227
233
241
243
240
249
242
237
231
233
242
242
243
238
228
230
230
228
221
228
214
214
220
213
212
208
200
189
179
172
172
179
174
167
158
157
163
165
154
151
148
151
150
151
155
151
150
159
153
158
161
166
161
152
160
162
168
149
167
172
175
171
163
171
171
171
159
161
162
172
171
167
164
166
165
153
163
160
150
150
140
150
142
124
136
133
129
135
131
125
124
116
128
116
117
129
130
126
140
151
139
150
155
153
156
159
154
152
162
161
163
155
156
159
164
189
178
177
186
179
186
191
190
197
200
199
192
193
195
183
190
182
188
175
189
196
186
195
202
209
216
227
233
221
236
236
224
228
236
242
215
205
214
208
202
208
210
210
215
228
216
232
232
223
212
220
230
215
218
232
223
204
222
213
209
202
191
189
196
200
201
200
204
192
196
199
202
200
194
216
207
198
172
176
166
172
180
174
161
171
184
172
181
179
175
157
169
182
171
170
165
152
162
151
156
152
148
163
163
154
160
153
135
133
144
129
133
148
140
130
131
111
108
121
142
136
125
118
102
105
119
138
122
125
110
119
109
100
107
104
100
82
89
74
68
88
87
74
63
64
70
62
64
76
66
38
49
35
17
51
35
18
33
27
41
34
41
44
45
56
35
25
39
45
36
25
58
44
59
54
12
67
60
30
40
87
53
-9
18
37
25
23
30
2
40
11
40
38
15
37
1
27
28
8
23
51
-9
-25
40
19
-36
39
26
-24
-16
8
4
-22
23
0
-15
-5
25
1
4
24
-32
24
36
4
-9
31
25
19
31
6
50
10
37
49
4
55
39
27
73
70
69
101
41
78
143
94
122
114
96
114
130
98
115
86
96
149
108
137
70
91
128
103
145
109
89
172
129
147
189
123
129
181
199
174
202
132
155
181
157
226
167
161
210
132
193
192
156
220
207
197
207
160
206
271
179
225
252
202
219
256
227
236
264
275
237
256
296
262
254
263
294
263
246
304
245
201
269
225
231
220
176
291
196
212
227
204
248
187
220
200
194
263
169
257
182
209
274
179
191
159
217
174
235
142
178
185
168
168
126
163
130
126
113
150
109
108
108
147
91
121
97
115
142
149
91
163
122
130
155
100
143
83
176
106
43
147
141
92
104
98
108
83
64
125
84
61
102
115
69
121
111
91
136
110
124
86
153
100
119
126
120
155
81
156
126
105
148
97
119
127
127
67
92
97
139
81
113
108
98
114
136
122
97
102
115
149
43
147
115
132
107
113
179
112
109
169
111
122
134
115
151
96
133
170
54
169
85
86
112
114
139
64
145
146
95
144
142
156
140
109
179
146
167
134
141
179
117
124
151
147
126
114
161
136
108
119
150
104
94
145
108
136
80
146
81
103
142
125
107
131
156
120
100
115
179
88
120
161
138
139
136
175
131
130
170
135
173
116
129
110
117
147
111
119
105
134
82
127
126
162
123
137
149
142
142
115
214
120
126
145
137
135
147
137
126
119
126
113
136
105
91
136
106
110
140
118
113
121
85
149
127
124
121
122
116
80
112
115
128
114
116
129
111
92
106
96
84
65
82
115
36
75
81
88
73
41
72
60
54
56
83
45
55
44
36
71
41
51
54
57
62
11
41
56
28
37
27
22
39
10
2
25
16
-42
1
33
-37
-4
-12
-5
-6
12
19
15
-43
-12
52
7
-20
1
7
7
23
8
-7
-16
20
33
-48
2
7
-31
-20
8
-10
-34
6
-4
-37
-3
20
-7
-19
-1
-4
-21
-9
30
-15
-8
28
24
1
55
22
-1
89
-10
10
42
45
11
46
-6
74
37
-42
94
33
47
25
59
59
26
51
73
49
56
93
82
72
57
62
61
80
60
64
81
78
43
42
107
6
82
77
84
82
36
88
14
111
51
17
52
102
106
47
63
121
65
-2
126
111
2
66
118
119
92
84
111
38
36
56
66
54
65
65
80
72
54
110
48
63
66
56
84
54
86
93
33
82
109
33
69
69
71
56
39
114
36
14
72
44
55
15
66
-5
11
26
-22
46
-11
16
-1
22
-40
-36
-25
-26
-26
-47
-1
-59
16
30
-10
11
6
43
16
20
31
50
14
23
54
-15
34
7
42
44
8
31
23
28
8
56
49
25
6
33
22
19
11
42
7
-6
16
17
31
-3
30
-13
34
17
32
34
-25
51
15
13
25
13
0
-7
30
13
-35
25
-15
-2
14
-16
-24
-17
-11
-11
25
-9
-3
-26
-5
-22
-4
-16
-33
-7
-39
-38
11
-41
-42
-26
-24
-10
-48
-8
-13
-19
-51
-27
-58
-59
-24
-55
-47
-8
-71
-76
-96
-47
-5
-107
-55
-87
-79
-94
-61
-121
-58
-70
-95
-97
-118
-60
-66
-106
-129
-93
-142
-89
-132
-135
-125
-127
-196
-185
-108
-197
-166
-182
-160
-202
-193
-121
-221
-199
-166
-202
-207
-158
-157
-170
-174
-145
-151
-203
-178
-139
-174
-213
-140
-139
-246
-161
-172
-202
-209
-180
-190
-246
-187
-191
-217
-193
-231
-240
-229
-214
-242
-211
-213
-231
-222
-204
-175
-272
-235
-187
-228
-255
-207
-223
-251
-230
-204
-255
-240
-220
-267
-263
-242
-223
-292
-250
-237
-242
-217
-244
-216
-226
-224
-256
-246
-233
-275
-226
-230
-286
-226
-252
-229
-295
-211
-255
-244
-249
-254
-248
-275
-179
-284
-240
-225
-270
-226
-203
-256
-263
-185
-238
-246
-216
-252
-222
-241
-206
-207
-238
-237
-267
-330
-200
-200
-280
-317
-225
-196
-310
-262
-259
-184
-305
-247
-220
-254
-270
-269
-234
-241
-234
-202
-266
-249
-220
-229
-271
-225
-238
-223
-147
-239
-167
-297
-179
-184
-217
-201
-200
-124
-252
-188
-179
-157
-195
-184
-119
-231
-174
-132
-187
-153
-108
-173
-218
-153
-141
-134
-205
-132
-182
-206
-155
-159
-162
-210
-182
-202
-175
-224
-177
-219
-216
-176
-224
-163
-212
-220
-191
-162
-219
-181
-190
-207
-241
-243
-151
-245
-208
-215
-235
-215
-224
-221
-266
-250
-185
-313
-305
-235
-320
-228
-270
-283
-301
-290
-351
-274
-283
-293
-263
-267
-310
-314
-303
-294
-268
-306
-334
-249
-292
-356
-265
-235
-305
-440
-310
-256
-349
-358
-240
-343
-366
-376
-345
-301
-398
-361
-369
-320
-382
-299
-377
-387
-355
-344
-408
-432
-319
-390
-443
-389
-346
-408
-426
-401
-387
-437
-352
-411
-393
-387
-376
-381
-411
-345
-401
-333
-388
-389
-347
-356
-408
-378
-383
-371
-320
-315
-385
-386
-323
-335
-292
-336
-374
-322
-311
-291
-328
-340
-326
-284
-260
-310
-282
-291
-231
-314
-342
-232
-308
-307
-237
-181
-244
-237
-212
-232
-259
-232
-176
-215
-169
-206
-229
-170
-211
-219
-276
-220
-123
-313
-319
-195
-281
-206
-150
-173
-283
-218
-207
-193
-209
-168
-96
-184
-173
-144
-216
-143
-162
-202
-157
-217
-152
-159
-159
-219
-153
-209
-226
-149
-100
-114
-168
-157
-183
-176
-103
-73
-255
-35
-95
-141
-181
-150
-2
-180
-88
-135
-110
-104
-76
-108
-123
-65
26
-111
-91
-43
-110
19
14
-53
-51
37
-55
-121
13
32
-31
-89
13
59
-18
21
-71
43
-52
26
6
-13
63
27
40
57
11
21
30
55
73
-34
62
77
28
-23
33
60
-30
29
151
62
-51
62
96
30
-37
63
82
82
80
-12
205
48
45
36
84
163
40
151
64
200
7
121
46
44
83
140
127
62
63
60
118
0
89
60
86
-1
174
25
-30
87
140
127
129
172
137
137
102
134
180
164
88
120
197
61
85
148
38
104
113
135
43
101
208
161
19
203
188
82
135
147
99
51
236
118
150
221
226
127
51
284
250
82
165
187
174
146
137
228
74
211
58
112
156
197
75
66
201
131
54
89
88
104
36
79
181
-44
241
3
79
30
148
48
-34
77
114
43
90
192
64
85
99
221
-62
208
91
69
82
165
168
83
179
172
147
26
272
41
137
78
212
120
36
246
191
49
18
209
137
203
124
105
120
34
331
109
76
70
269
48
61
218
100
-3
56
324
15
134
42
161
139
172
35
141
-16
289
85
119
31
-20
141
-211
203
-18
24
-6
53
47
-133
147
22
-42
21
83
42
-230
-22
133
-63
-203
86
16
12
8
-56
-61
-18
8
-58
-78
-28
70
-193
92
17
-45
-51
-51
9
46
-175
15
-40
-81
-27
-147
79
21
-61
-100
17
-18
-153
-23
114
39
-44
-86
139
-228
-1
222
88
-17
-2
80
4
-80
65
147
-358
284
13
15
-101
198
6
18
-64
236
30
-66
310
11
143
-111
309
218
-96
185
-4
19
125
-7
-6
113
59
-115
38
127
2
-181
3
290
-292
86
18
73
-123
21
141
-260
26
235
-164
-279
227
200
-99
-202
288
-115
-90
-146
192
-239
13
32
-84
-26
-85
-52
-40
-171
21
100
-330
136
-117
-175
-61
20
-117
-175
-115
83
-276
-118
-197
49
-126
-235
-43
-40
-83
-240
245
-138
-198
-69
113
-145
-466
423
-37
-391
-81
148
26
-239
-56
160
-201
-42
68
5
-138
-153
218
-113
-249
-24
83
-425
74
-154
-148
-209
-174
127
-485
-72
-7
-55
-84
-223
-79
-173
5
-175
-170
27
-185
-78
-240
-16
-133
-328
288
-342
-115
5
-120
-85
-349
117
-205
-371
-67
32
-277
-58
-82
-190
-213
-134
29
-564
-153
133
-285
-377
-84
-190
-180
-399
124
-228
-230
-58
-34
-251
-249
89
-387
-58
83
-298
-200
133
32
-389
-282
206
-90
-384
70
-234
65
-211
-464
430
-664
58
-151
-276
-180
109
-28
-615
146
-81
-335
-8
158
-402
15
-27
143
-373
-156
113
-45
-153
-273
172
-254
-237
-264
171
-229
-37
-351
1
-50
-332
165
-164
-85
-366
170
-302
-174
-2
-44
-331
-205
186
-626
196
-327
-226
139
-173
12
-380
223
-331
-129
44
-261
-54
-198
20
-281
13
-233
-90
-310
-38
-235
-57
170
-466
80
-359
140
-364
-248
-24
-112
-87
-261
226
-469
-50
-104
210
-550
-78
252
-472
-69
-212
128
-453
-92
18
-333
-116
-206
88
-432
-132
-98
-262
-6
-353
-14
-271
-83
-212
13
-76
-235
-184
-10
-306
-50
-11
-434
-100
-162
64
-270
114
-213
19
-191
-88
-2
-259
161
-300
301
-376
8
-267
216
190
-366
-279
-43
258
-91
111
-302
212
-53
177
-205
161
15
94
-215
-119
459
-253
228
-70
137
-162
242
-44
-100
612
10
127
131
290
337
-303
247
-174
239
35
203
-6
11
301
-151
322
-351
548
14
186
-47
54
186
84
126
-9
413
-95
269
-163
380
-231
25
353
124
263
-57
157
-78
139
239
196
-51
84
-129
113
366
-93
74
233
227
30
79
176
232
-179
203
277
-171
-94
98
337
105
3
-57
296
26
-125
106
30
-96
-61
314
-54
-47
-11
134
-109
122
230
-78
208
-92
99
-51
461
-308
122
68
120
-198
-40
413
-218
209
-36
302
-96
373
108
221
66
-200
453
15
177
-8
200
-73
229
-70
266
186
61
286
-17
401
-24
179
173
330
98
-31
444
166
-105
213
37
263
-46
328
247
53
445
108
120
117
111
65
150
11
345
-13
194
116
239
137
-22
244
25
23
87
184
-49
112
373
-6
63
369
67
-29
149
334
7
0
233
243
5
373
50
101
14
185
-13
5
417
-190
41
-251
59
-102
100
143
-378
232
317
-252
-149
239
149
-307
-125
150
-122
-74
-9
-17
-136
-53
-51
-194
-55
-186
-183
-68
-164
-182
-55
-124
-338
-120
-219
-184
-7
-104
-116
-177
-75
-279
-182
-61
117
-177
-359
-42
-28
-198
-227
210
-21
-349
-127
-166
21
-197
-10
-31
-396
21
-53
-297
-243
110
-24
-214
-203
-39
-153
-330
71
-63
-160
-313
28
-55
-256
-240
-201
-67
-480
-108
-88
-70
-264
-63
61
-311
-366
103
197
-308
-119
123
-153
-264
-106
-192
-364
-310
-45
-322
-284
57
-445
-325
-182
-368
-203
-297
-74
-429
-142
-157
-238
-270
-193
-75
-82
-44
-336
-13
-112
-51
-373
-120
-171
-255
-71
-208
-147
-408
85
-164
-305
-58
-299
-98
-307
-235
-181
-187
-237
-624
-19
-152
-222
-169
-221
-73
-134
-77
-345
-249
-228
-252
4
-7
39
-199
-132
-67
-234
187
-75
-56
-165
-20
-180
-341
74
-259
-313
73
-31
-379
-174
204
-210
-480
94
74
-266
-325
-117
-38
-83
-69
216
-165
-159
-55
104
127
47
149
-48
75
-197
102
-27
-174
-102
86
189
-75
-118
-43
77
-74
80
68
-57
164
10
105
-118
157
201
-142
-84
191
130
-22
-61
71
4
-12
-33
-93
287
-6
35
-27
69
-2
-150
95
-40
-27
72
193
-123
-41
180
-29
-204
119
50
-7
-104
4
27
23
176
92
-55
-187
190
-122
-125
194
56
-69
132
217
-77
-111
94
298
-11
111
241
-256
-40
82
-40
-34
40
78
43
157
-28
151
204
141
150
309
288
-6
125
-51
146
97
97
-40
-3
168
-167
-174
-88
266
-41
35
167
70
110
-288
27
75
78
10
1
-64
-170
144
172
-21
-70
294
112
-194
109
160
165
77
255
64
46
86
97
254
104
234
27
188
195
112
167
56
142
121
96
171
47
-17
76
40
148
131
114
196
249
381
99
24
226
239
246
230
246
211
279
172
256
261
269
288
223
373
448
243
338
361
434
558
482
418
380
462
358
489
487
745
563
320
510
426
377
420
443
298
173
457
478
429
336
281
400
248
162
249
384
145
219
157
179
219
235
299
130
264
147
161
184
140
143
110
176
192
-40
73
22
-140
-93
-48
-15
-163
-361
-149
3
-54
146
165
141
220
432
511
504
561
692
726
708
793
765
789
716
699
685
593
639
751
655
562
593
615
681
628
682
625
568
585
652
580
575
669
631
548
524
732
648
566
659
644
698
722
795
755
687
1002
930
666
630
800
702
522
730
661
459
450
655
546
441
357
285
283
121
335
403
288
98
89
-78
-126
92
-74
-225
-324
-111
-201
-449
-518
-464
-429
-417
-302
-295
-314
-164
229
427
467
471
679
837
913
1066
977
1003
988
920
699
606
714
750
743
615
549
594
726
855
836
751
688
735
707
579
477
398
307
299
189
113
247
316
375
353
355
390
506
600
664
665
721
787
716
710
699
757
723
683
641
622
718
738
698
724
683
608
728
800
673
672
637
558
535
525
536
450
394
340
321
315
263
227
226
19
77
-30
-58
73
34
-143
-296
-401
-510
-559
-658
-677
-998
-1039
-871
-731
-727
-732
-628
-367
63
298
361
341
598
807
907
799
708
738
738
619
415
272
308
525
487
314
263
468
679
713
629
574
580
615
524
334
186
107
105
-43
-217
-291
-226
-97
-50
-98
-82
66
270
380
444
526
581
599
590
612
581
627
567
518
447
497
664
687
699
661
749
798
807
803
791
734
733
696
597
521
443
436
336
216
75
120
217
106
32
61
52
-101
-197
-283
-334
-510
-661
-816
-914
-1049
-1292
-1365
-1494
-1284
-1119
-1104
-1060
-931
-597
-89
309
309
383
706
1129
1193
1112
1074
1125
1153
990
749
543
602
732
642
304
187
400
639
652
488
363
379
458
353
72
-99
-119
-135
-388
-694
-733
-572
-454
-489
-538
-472
-180
113
258
229
345
574
731
718
690
713
793
806
654
624
636
795
786
685
694
780
933
911
872
825
799
729
633
458
384
352
268
55
-115
-58
-34
-158
-283
-329
-272
-260
-324
-452
-578
-583
-712
-835
-1035
-1230
-1427
-1697
-1982
-2079
-1818
-1676
-1678
-1667
-1467
-942
-251
135
218
404
885
1303
1353
1251
1219
1322
1269
905
507
342
445
560
276
-125
-99
240
489
389
187
187
279
295
42
-289
-389
-408
-532
-932
-1263
-1209
-969
-873
-982
-1011
-777
-349
-11
88
150
374
640
752
703
697
795
839
722
565
508
630
739
708
623
635
827
911
874
821
788
767
655
443
276
176
98
-101
-380
-503
-494
-420
-498
-586
-589
-564
-549
-589
-704
-791
-841
-949
-1243
-1459
-1650
-1894
-2183
-2392
-2154
-1937
-1907
-1845
-1624
-1103
-274
237
371
528
1016
1601
1673
1555
1429
1530
1526
1105
628
360
456
574
283
-224
-268
125
426
268
-3
-3
155
248
-73
-502
-583
-563
-725
-1190
-1591
-1492
-1203
-1133
-1286
-1316
-971
-413
-41
34
122
495
857
887
808
792
969
989
789
525
444
645
760
666
436
518
768
869
778
679
698
685
567
290
87
37
-32
-288
-618
-738
-644
-552
-661
-742
-726
-621
-514
-549
-649
-721
-741
-955
-1272
-1596
-1855
-2153
-2499
-2686
-2442
-2220
-2250
-2127
-1796
-1091
-247
293
435
703
1364
1836
1864
1648
1599
1675
1536
1015
518
362
470
505
52
-369
-209
254
417
143
-48
38
217
130
-342
-693
-737
-792
-1126
-1700
-1933
-1698
-1429
-1463
-1630
-1440
-925
-382
-69
21
275
721
999
939
835
928
1113
1035
742
511
578
761
733
581
491
658
865
864
767
749
807
723
484
219
104
81
-117
-434
-661
-682
-593
-576
-687
-718
-642
-526
-526
-570
-603
-661
-791
-1045
-1366
-1686
-1993
-2367
-2684
-2647
-2355
-2256
-2270
-2039
-1520
-627
140
416
621
1108
1820
2097
1957
1792
1822
1876
1457
839
474
475
614
323
-276
-406
-2
393
259
-51
-66
135
201
-133
-586
-732
-710
-900
-1463
-1924
-1829
-1507
-1421
-1615
-1617
-1167
-544
-138
9
181
647
1058
1110
979
991
1178
1241
993
614
545
740
852
711
508
587
852
916
816
753
827
819
618
330
94
43
-18
-322
-660
-772
-683
-589
-679
-698
-626
-499
-432
-436
-492
-554
-647
-858
-1201
-1610
-1932
-2313
-2667
-2678
-2384
-2369
-2443
-2196
-1638
-732
57
379
585
1141
1869
2181
2046
1878
1963
1962
1463
788
478
513
563
227
-391
-496
-47
346
203
-99
-29
207
269
-108
-577
-635
-642
-940
-1544
-1993
-1832
-1535
-1521
-1779
-1728
-1165
-549
-155
-54
199
724
1110
1085
951
1050
1264
1267
906
564
575
775
777
557
424
541
764
770
636
636
666
592
336
60
-100
-145
-308
-636
-863
-930
-827
-791
-854
-891
-789
-696
-718
-740
-752
-834
-1013
-1300
-1692
-2048
-2389
-2725
-2763
-2475
-2471
-2528
-2330
-1825
-845
-2
301
442
990
1828
2163
2015
1853
1945
2057
1556
803
489
541
673
269
-489
-611
-92
316
99
-280
-221
106
208
-242
-713
-699
-585
-875
-1561
-1988
-1748
-1313
-1334
-1648
-1618
-1022
-311
22
41
277
823
1241
1139
964
1088
1337
1287
850
495
555
807
773
481
329
533
787
804
625
626
737
663
379
87
14
16
-141
-528
-740
-695
-542
-498
-568
-528
-390
-239
-216
-262
-286
-327
-473
-810
-1207
-1480
-1849
-2321
-2724
-2745
-2417
-2362
-2422
-2215
-1614
-618
129
406
671
1259
1992
2186
2003
1882
1997
2011
1490
822
555
651
729
321
-233
-200
240
555
340
89
234
429
400
-78
-477
-474
-517
-839
-1475
-1754
-1553
-1243
-1245
-1450
-1255
-669
-89
188
294
589
1109
1369
1293
1201
1319
1490
1384
1056
821
915
1067
930
731
658
816
904
800
699
651
694
551
280
106
26
-21
-222
-463
-544
-513
-445
-454
-488
-439
-334
-323
-373
-416
-471
-602
-911
-1257
-1623
-1991
-2364
-2425
-2101
-2064
-2189
-2090
-1641
-690
238
572
644
1091
1988
2409
2319
2083
2162
2373
1976
1216
741
860
1096
743
-88
-371
138
653
437
-73
-126
202
397
-75
-645
-663
-432
-635
-1381
-1858
-1566
-1000
-959
-1344
-1357
-711
59
369
328
540
1154
1531
1376
1156
1337
1691
1590
1081
703
889
1212
1111
745
591
866
1058
922
676
702
855
690
265
-19
34
129
-107
-534
-696
-524
-325
-358
-476
-405
-162
-44
-162
-261
-180
-213
-500
-970
-1361
-1624
-1943
-2443
-2664
-2316
-2119
-2220
-2232
-1766
-752
220
512
535
1027
1929
2388
2169
1855
1983
2229
1854
1013
611
828
1072
692
-83
-247
339
820
501
2
3
411
435
-138
-749
-724
-526
-897
-1641
-2065
-1687
-1156
-1184
-1539
-1413
-626
93
273
231
548
1194
1519
1250
998
1241
1576
1381
800
544
822
1105
934
569
561
888
1076
853
589
679
829
612
130
-147
-106
-65
-386
-796
-874
-639
-471
-560
-660
-494
-215
-183
-341
-414
-300
-357
-721
-1233
-1614
-1840
-2202
-2644
-2651
-2287
-2155
-2235
-2090
-1429
-265
528
603
680
1371
2271
2419
2033
1799
2069
2168
1530
718
567
937
1053
417
-281
-78
690
901
344
-73
180
561
310
-455
-886
-634
-566
-1174
-1942
-2023
-1383
-993
-1255
-1542
-1078
-134
395
364
354
885
1560
1563
1097
999
1387
1594
1143
566
588
1050
1182
810
540
738
1154
1156
773
575
774
858
411
-122
-267
-105
-169
-619
-951
-808
-469
-371
-541
-571
-280
13
-91
-360
-401
-303
-447
-1007
-1568
-1894
-2085
-2477
-2763
-2517
-2234
-2173
-2132
-1797
-854
286
698
620
900
1717
2286
2105
1673
1648
1889
1657
844
381
586
1000
797
11
-227
416
1063
842
219
80
436
519
-122
-878
-955
-721
-1024
-1845
-2317
-1902
-1172
-1142
-1549
-1469
-594
274
441
275
532
1263
1597
1219
844
1096
1531
1378
739
409
782
1212
1050
603
515
923
1162
866
478
494
706
510
-53
-407
-323
-145
-384
-866
-993
-641
-336
-393
-581
-494
-168
-105
-341
-581
-558
-580
-971
-1614
-2184
-2421
-2535
-2457
-2328
-2382
-2323
-1982
-1413
-481
348
620
765
1189
1825
2097
1916
1725
1747
1703
1208
555
400
681
878
430
-203
-90
609
963
594
152
214
480
305
-387
-877
-754
-686
-1234
-2020
-2169
-1507
-953
-1140
-1472
-1132
-158
489
482
394
831
1515
1576
1076
856
1303
1647
1274
625
518
1011
1292
1005
571
634
1037
1104
710
380
477
587
232
-340
-586
-376
-232
-568
-979
-939
-511
-246
-365
-530
-394
-123
-141
-457
-693
-681
-803
-1303
-2000
-2498
-2648
-2456
-2151
-2259
-2402
-2104
-1523
-642
193
536
687
1091
1655
1909
1786
1630
1695
1670
1189
490
286
592
869
586
-90
-149
510
1022
795
343
295
545
465
-172
-740
-711
-518
-945
-1769
-2123
-1588
-837
-806
-1213
-1109
-269
527
653
456
695
1345
1574
1109
740
1010
1474
1335
664
337
768
1277
1198
745
602
956
1199
926
506
464
612
401
-172
-581
-481
-205
-308
-760
-926
-603
-169
-66
-269
-287
-54
84
-143
-457
-563
-637
-975
-1649
-2287
-2606
-2610
-2236
-2057
-2259
-2222
-1734
-958
11
598
718
900
1404
1869
1852
1606
1528
1642
1429
708
218
389
856
971
396
-93
289
1074
1221
694
334
472
624
208
-579
-848
-552
-569
-1247
-1957
-1791
-884
-344
-642
-946
-412
544
978
762
657
1104
1587
1338
723
668
1196
1528
1059
428
504
1193
1529
1232
848
917
1267
1217
748
403
489
504
71
-531
-695
-351
-123
-382
-728
-622
-155
191
117
-94
-32
162
92
-297
-606
-688
-846
-1350
-2066
-2544
-2691
-2383
-1887
-1882
-2078
-1825
-1161
-251
563
768
763
1028
1512
1665
1390
1191
1308
1415
915
183
88
614
1088
855
157
25
748
1291
977
343
164
388
270
-486
-1137
-974
-609
-869
-1666
-2004
-1284
-279
-91
-577
-613
221
1011
995
585
651
1222
1399
802
293
589
1232
1309
673
269
732
1472
1538
1036
729
967
1231
884
257
41
214
139
-419
-917
-811
-305
-122
-444
-696
-393
183
407
153
-103
19
168
-102
-616
-921
-949
-1102
-1687
-2376
-2721
-2667
-2232
-1824
-1892
-1978
-1662
-1016
-175
443
545
492
737
1145
1209
975
869
1053
1158
696
149
211
802
1268
963
270
205
857
1243
783
111
-64
92
-82
-841
-1358
-1091
-677
-873
-1583
-1771
-957
15
114
-415
-453
300
934
818
327
375
915
1052
513
69
466
1225
1412
825
432
893
1588
1653
1061
625
716
894
533
-128
-423
-236
-171
-644
-1066
-908
-300
61
-164
-463
-251
342
600
282
-117
-91
37
-186
-702
-1044
-1004
-1018
-1432
-2102
-2416
-2356
-2025
-1602
-1567
-1707
-1582
-1178
-592
66
314
231
221
531
826
817
729
800
1061
979
548
368
731
1299
1338
711
207
474
1006
899
195
-284
-245
-143
-550
-1165
-1195
-716
-500
-969
-1470
-1129
-172
334
-47
-501
-196
506
737
343
72
414
851
706
245
266
942
1494
1282
716
674
1263
1649
1314
625
324
489
491
1
-511
-570
-310
-300
-689
-877
-486
106
292
0
-212
89
557
589
150
-180
-119
10
-241
-711
-897
-800
-796
-1213
-1760
-1992
-1914
-1929
-1920
-1781
-1727
-1697
-1617
-1360
-725
-64
31
-136
21
572
1018
983
763
874
1216
1139
733
603
955
1361
1141
447
177
631
1014
671
-27
-292
-76
-27
-523
-1009
-896
-512
-512
-987
-1237
-751
-25
102
-330
-504
-24
499
523
157
82
481
791
655
370
524
1035
1328
1093
716
795
1213
1348
952
431
273
398
343
-83
-459
-459
-269
-300
-516
-595
-295
127
215
-14
-149
98
384
346
11
-241
-219
-166
-332
-646
-874
-901
-942
-1263
-1733
-2052
-2205
-2292
-2133
-1881
-1922
-2028
-1912
-1455
-703
-161
-148
-186
185
740
970
784
667
970
1269
956
432
391
880
1290
969
294
142
609
876
480
-131
-331
-160
-226
-789
-1225
-1037
-679
-729
-1175
-1394
-942
-276
-97
-415
-576
-240
125
156
-71
-103
183
379
337
171
255
674
1001
938
668
603
847
1030
867
429
88
51
50
-118
-431
-614
-497
-351
-387
-494
-395
-63
180
84
-152
-157
56
176
-5
-333
-493
-443
-386
-583
-868
-992
-995
-1118
-1501
-1976
-2300
-2479
-2559
-2363
-2180
-2226
-2285
-2089
-1492
-650
-114
-101
-78
367
921
1087
905
775
1044
1239
895
433
435
911
1233
926
338
226
669
915
545
-25
-281
-224
-313
-762
-1128
-1070
-857
-853
-1165
-1323
-1005
-463
-245
-443
-598
-446
-153
-10
-97
-143
-36
131
258
271
384
689
1004
1074
911
812
900
1042
949
582
209
50
29
-60
-244
-397
-368
-262
-223
-229
-165
-1
123
113
-26
-123
-90
-54
-112
-282
-448
-515
-506
-552
-674
-798
-933
-1111
-1375
-1722
-2111
-2486
-2810
-2775
-2378
-2111
-2181
-2241
-1859
-893
61
342
166
260
879
1364
1254
800
696
1070
1190
735
280
430
1075
1408
1010
461
469
936
1091
650
14
-320
-330
-494
-903
-1227
-1218
-1032
-995
-1148
-1212
-952
-549
-328
-347
-499
-568
-479
-299
-163
-170
-234
-179
76
381
620
774
930
1091
1156
1098
979
899
829
676
362
23
-116
-82
-34
-86
-184
-214
-111
22
107
82
20
-50
-123
-190
-285
-342
-361
-398
-470
-567
-607
-624
-679
-753
-934
-1196
-1519
-1856
-2185
-2524
-2892
-2983
-2541
-2008
-1814
-1885
-1740
-918
223
826
638
365
652
1191
1339
900
478
598
928
887
527
386
774
1343
1441
1009
608
612
770
644
130
-506
-928
-1101
-1228
-1365
-1470
-1500
-1384
-1233
-1092
-974
-863
-679
-519
-475
-586
-748
-767
-565
-284
-124
-102
-25
267
697
1062
1185
1134
1096
1108
1057
876
603
398
294
176
-40
-222
-215
-51
116
65
-98
-174
-72
41
-7
-202
-417
-489
-481
-490
-520
-532
-519
-479
-486
-548
-646
-732
-830
-991
-1275
-1625
-1954
-2245
-2464
-2678
-2724
-2326
-1739
-1408
-1380
-1302
-758
149
770
729
392
333
673
945
857
586
598
858
996
982
955
1095
1340
1416
1174
741
346
90
-55
-235
-612
-1145
-1556
-1619
-1367
-1125
-1176
-1325
-1314
-1088
-882
-877
-981
-1009
-920
-863
-950
-996
-787
-368
95
378
505
646
978
1372
1580
1507
1253
1015
880
791
656
448
234
103
83
109
136
136
161
170
98
-55
-226
-344
-381
-405
-515
-683
-790
-729
-540
-395
-382
-438
-464
-445
-434
-522
-691
-884
-1086
-1266
-1454
-1693
-1941
-2129
-2262
-2202
-1759
-1196
-912
-910
-910
-532
222
821
874
624
535
764
1092
1208
1129
1087
1184
1243
1259
1234
1186
1173
1109
940
626
199
-175
-303
-283
-402
-818
-1292
-1445
-1206
-940
-990
-1247
-1363
-1264
-1106
-1078
-1102
-1041
-897
-738
-611
-427
-158
165
473
758
1012
1152
1176
1208
1297
1370
1292
1016
735
656
723
749
633
437
350
372
394
309
151
33
-100
-265
-474
-630
-684
-664
-657
-689
-669
-591
-482
-386
-315
-257
-266
-364
-494
-559
-589
-678
-839
-1047
-1159
-1211
-1263
-1407
-1573
-1686
-1641
-1269
-749
-434
-412
-507
-327
265
909
1121
837
566
629
938
1148
1081
917
863
885
894
885
842
788
716
597
383
70
-273
-523
-608
-674
-864
-1202
-1505
-1563
-1351
-1125
-1075
-1150
-1246
-1182
-972
-740
-606
-573
-553
-455
-253
-49
111
265
474
684
789
799
821
924
1016
1004
886
733
591
498
456
432
386
213
-53
-256
-301
-266
-347
-593
-874
-981
-921
-869
-906
-952
-892
-778
-716
-729
-756
-691
-600
-599
-715
-835
-862
-817
-786
-802
-796
-755
-733
-768
-859
-950
-1063
-1263
-1472
-1502
-1153
-730
-627
-819
-978
-675
-37
428
413
118
-34
82
280
388
368
311
230
137
135
248
327
263
101
-45
-133
-316
-596
-807
-819
-744
-819
-1074
-1297
-1250
-970
-724
-698
-839
-963
-964
-847
-657
-530
-510
-556
-544
-371
-54
234
431
540
651
820
916
924
879
824
790
741
602
403
245
230
281
268
142
-67
-238
-313
-308
-317
-444
-659
-838
-905
-839
-716
-662
-692
-692
-618
-489
-366
-304
-273
-225
-182
-175
-178
-151
-85
-17
-8
-69
-189
-317
-469
-667
-877
-1115
-1389
-1621
-1645
-1382
-998
-800
-853
-938
-755
-289
142
207
-44
-299
-331
-205
-29
111
171
179
167
254
446
649
702
577
383
216
73
-112
-338
-483
-498
-487
-573
-739
-804
-711
-502
-403
-483
-671
-818
-848
-760
-617
-533
-510
-504
-423
-205
118
375
498
521
548
598
642
642
595
559
527
493
403
313
276
271
277
196
57
-147
-291
-371
-389
-374
-424
-502
-559
-499
-342
-183
-101
-107
-110
-92
-53
-18
-8
-2
-25
-65
-100
-82
-38
-28
-76
-189
-288
-382
-513
-697
-924
-1131
-1324
-1531
-1726
-1785
-1652
-1396
-1054
-878
-820
-776
-627
-321
-22
142
90
-41
-65
87
390
670
803
829
823
866
937
1007
987
856
643
397
202
82
24
-24
-78
-150
-198
-237
-292
-350
-389
-417
-476
-614
-776
-832
-768
-642
-486
-378
-283
-182
-60
126
300
436
493
458
397
395
485
591
632
654
650
652
658
638
612
567
496
354
179
43
-14
-21
-14
-36
-75
-80
-89
-99
-76
-66
-81
-164
-283
-367
-416
-382
-370
-389
-399
-420
-406
-352
-314
-296
-315
-365
-417
-492
-585
-644
-713
-807
-912
-1056
-1199
-1252
-1169
-1035
-938
-882
-788
-662
-522
-408
-319
-212
-78
16
38
64
164
351
519
610
654
717
770
778
745
710
673
593
422
209
45
-32
-106
-273
-470
-618
-707
-777
-856
-945
-996
-1019
-1037
-1064
-1048
-987
-898
-798
-699
-566
-394
-241
-120
5
156
321
459
535
576
650
739
818
848
830
797
735
659
555
453
325
175
8
-153
-296
-399
-494
-619
-737
-815
-861
-924
-992
-1022
-1006
-979
-960
-942
-893
-816
-701
-591
-500
-405
-322
-239
-186
-148
-126
-94
-105
-154
-228
-337
-436
-556
-701
-874
-1063
-1232
-1345
-1379
-1364
-1318
-1263
-1206
-1122
-982
-789
-603
-479
-421
-396
-321
-165
-13
109
189
215
273
358
444
482
451
412
347
268
189
108
54
-29
-129
-218
-266
-296
-363
-470
-554
-587
-610
-629
-694
-729
-699
-627
-510
-396
-258
-102
39
156
266
406
524
566
547
500
499
524
513
460
379
316
277
234
134
35
-54
-142
-239
-349
-448
-511
-557
-588
-606
-616
-580
-529
-495
-474
-431
-368
-285
-224
-211
-182
-102
2
85
121
131
171
191
189
177
159
131
93
20
-75
-154
-216
-298
-411
-536
-706
-831
-949
-1064
-1148
-1176
-1137
-1077
-1037
-1010
-964
-861
-707
-524
-350
-200
-91
-27
65
204
386
549
643
663
648
662
723
764
755
699
635
580
524
496
453
397
318
223
153
95
61
2
-87
-153
-186
-179
-164
-164
-185
-192
-186
-159
-111
-74
-64
-62
-51
-39
-18
28
51
72
96
88
75
90
111
100
80
42
20
26
35
22
4
15
34
48
50
40
46
43
40
30
41
61
36
11
-14
-4
37
43
33
16
6
9
-29
-77
-112
-159
-216
-300
-372
-434
-502
-580
-646
-728
-779
-828
-901
-955
-983
-977
-942
-882
-786
-630
-480
-388
-340
-298
-211
-83
9
72
109
158
210
262
331
391
459
486
484
485
477
448
394
327
261
197
148
101
49
17
-19
-69
-109
-132
-151
-163
-172
-197
-207
-227
-240
-248
-239
-224
-243
-260
-291
-310
-319
-327
-306
-284
-240
-198
-157
-97
-46
8
69
98
97
109
125
107
86
43
7
-12
-36
-59
-66
-60
-43
-66
-95
-119
-109
-100
-140
-213
-259
-290
-337
-407
-492
-554
-582
-591
-634
-663
-655
-614
-549
-508
-472
-455
-404
-345
-329
-298
-261
-257
-267
-262
-221
-206
-195
-181
-179
-163
-137
-112
-93
-74
-55
-74
-112
-143
-159
-176
-209
-241
-268
-268
-248
-240
-226
-201
-159
-125
-85
-66
-40
5
21
27
24
38
48
58
49
31
30
30
36
40
49
74
123
141
172
215
231
241
225
209
172
123
104
59
35
14
-13
-30
-55
-48
-53
-57
-60
-46
-30
-28
-52
-100
-127
-163
-214
-265
-293
-303
-319
-343
-366
-363
-321
-287
-270
-240
-213
-181
-168
-163
-153
-113
-88
-111
-136
-134
-91
-69
-59
-69
-62
-33
-15
-9
-2
-10
-9
-51
-101
-137
-151
-170
-208
-236
-248
-232
-247
-247
-249
-228
-215
-235
-252
-243
-229
-235
-250
-275
-293
-306
-335
-368
-387
-396
-400
-428
-436
-411
-366
-320
-291
-259
-216
-152
-93
-62
-19
36
71
91
91
106
137
152
134
117
136
157
155
149
132
118
97
55
-3
-45
-88
-149
-213
-284
-318
-333
-359
-380
-372
-357
-331
-299
-266
-204
-167
-164
-167
-142
-115
-108
-136
-155
-145
-120
-90
-88
-92
-65
-32
-37
-42
-35
-19
-23
-79
-146
-182
-196
-225
-280
-341
-363
-359
-353
-368
-357
-329
-295
-258
-248
-237
-213
-173
-179
-210
-239
-255
-275
-315
-340
-372
-375
-392
-415
-416
-428
-424
-436
-441
-439
-456
-468
-492
-502
-502
-484
-473
-478
-467
-461
-437
-400
-374
-366
-348
-334
-307
-263
-245
-232
-214
-197
-202
-217
-228
-235
-238
-272
-334
-376
-404
-398
-401
-413
-431
-414
-370
-337
-329
-320
-282
-250
-236
-242
-270
-262
-225
-202
-201
-202
-176
-141
-104
-67
-40
-15
-9
-19
-34
-62
-92
-133
-170
-221
-268
-287
-292
-285
-280
-276
-278
-253
-227
-218
-225
-217
-210
-223
-223
-239
-236
-209
-183
-164
-170
-155
-121
-110
-98
-93
-80
-83
-86
-100
-111
-107
-126
-171
-191
-187
-183
-192
-223
-232
-233
-231
-233
-236
-236
-228
-228
-248
-255
-250
-255
-272
-305
-309
-312
-307
-304
-321
-339
-348
-339
-340
-357
-362
-350
-338
-345
-342
-342
-322
-303
-290
-293
-269
-219
-193
-165
-141
-94
-66
-59
-38
-9
-1
-4
-10
-9
0
11
-4
-20
-30
-37
-48
-83
-116
-141
-158
-171
-207
-227
-239
-240
-231
-234
-230
-222
-209
-224
-216
-212
-215
-223
-230
-210
-180
-142
-120
-101
-53
-1
44
68
71
82
76
72
44
18
11
1
-18
-38
-23
3
16
11
16
45
64
60
14
-30
-39
-43
-81
-133
-170
-174
-148
-147
-146
-133
-110
-93
-89
-100
-81
-81
-94
-140
-185
-189
-194
-178
-182
-162
-125
-80
-63
-44
-6
41
92
102
109
133
164
176
157
148
153
158
126
86
70
69
63
32
-3
-14
10
-4
-28
-35
-42
-28
-54
-85
-93
-91
-86
-97
-129
-143
-154
-149
-155
-170
-170
-162
-153
-151
-140
-110
-82
-72
-84
-64
-33
7
31
58
97
118
147
157
177
217
229
216
193
172
166
138
124
109
112
112
97
81
75
79
79
69
42
15
26
-5
3
-32
-62
-81
-89
-108
-182
-113
-135
-142
-165
-138
-140
-147
-29
82
172
166
191
177
132
148
202
252
262
300
282
230
142
93
57
33
48
80
113
138
147
132
111
114
118
108
97
109
116
110
61
22
-8
-21
4
19
47
75
58
18
47
55
29
28
33
39
22
50
51
9
12
21
51
51
71
104
130
154
172
171
178
190
189
195
170
189
168
139
120
126
184
219
218
200
215
174
172
159
141
153
124
84
37
22
48
23
13
20
44
72
51
32
27
53
52
53
68
50
123
141
126
135
183
211
186
173
182
241
245
236
224
210
242
227
202
231
211
237
212
236
248
229
196
185
169
152
152
160
196
167
139
155
153
75
60
73
145
113
78
76
94
96
66
112
121
151
167
178
136
145
163
148
110
130
191
191
138
111
126
93
99
114
117
122
112
104
123
105
96
89
47
6
35
35
-16
-35
-80
-98
-81
-88
-72
-81
-67
-32
-13
-13
9
35
57
48
35
59
91
99
110
106
82
41
27
64
61
74
63
24
31
47
26
18
-4
-10
36
1
-48
-71
-92
-55
-33
-59
-63
-44
-20
-18
-54
-66
-34
-23
-36
-78
-60
-79
-92
-91
-60
-55
-69
-29
-45
-25
-30
-6
14
-6
27
71
77
96
92
91
69
70
64
59
45
44
38
3
5
7
30
15
-1
-35
-61
-66
-75
-93
-106
-126
-154
-172
-191
-202
-207
-187
-175
-168
-159
-133
-138
-138
-116
-108
-76
-59
-63
-44
-65
-83
-112
-131
-126
-152
-145
-96
-81
-111
-102
-96
-94
-76
-46
-45
-68
-101
-108
-140
-162
-141
-133
-143
-177
-178
-165
-151
-164
-155
-140
-146
-162
-191
-219
-240
-252
-242
-231
-235
-270
-263
-296
-343
-321
-289
-257
-254
-232
-186
-166
-143
-95
-79
-52
-25
30
37
61
71
90
59
38
33
27
33
24
5
-51
-79
-121
-151
-204
-243
-293
-324
-355
-406
-420
-432
-443
-454
-431
-378
-353
-301
-258
-236
-213
-173
-117
-90
-84
-48
-36
-24
-15
-5
-14
-43
-66
-82
-88
-78
-79
-127
-168
-218
-225
-222
-258
-279
-276
-268
-273
-281
-301
-300
-296
-291
-278
-246
-220
-212
-214
-228
-234
-195
-168
-196
-208
-211
-221
-248
-284
-315
-312
-302
-317
-335
-351
-317
-294
-294
-263
-262
-239
-218
-207
-198
-185
-158
-121
-86
-67
-45
-34
-27
-14
6
4
-11
-12
-24
-67
-123
-144
-165
-184
-204
-225
-267
-308
-358
-394
-411
-434
-441
-426
-413
-417
-413
-387
-340
-301
-284
-234
-183
-165
-162
-149
-116
-82
-34
-20
-12
12
27
34
22
28
51
81
65
28
5
-39
-60
-97
-123
-118
-111
-122
-170
-203
-186
-157
-134
-119
-111
-96
-95
-120
-148
-152
-135
-112
-99
-106
-107
-94
-89
-101
-97
-76
-32
4
7
-3
34
52
55
89
105
143
163
152
137
135
130
117
111
101
97
93
75
38
10
13
13
-14
-46
-79
-94
-124
-166
-206
-231
-232
-241
-228
-234
-233
-227
-204
-177
-157
-128
-100
-84
-96
-83
-70
-49
-64
-62
-26
-44
-62
-72
-58
-45
-21
-25
-48
-39
-42
-42
-52
-28
-4
-3
-24
-23
-19
-19
-22
-26
-19
-24
-24
-47
-74
-78
-76
-67
-66
-86
-116
-141
-169
-205
-223
-231
-236
-261
-282
-273
-238
-215
-204
-162
-130
-92
-57
-40
-17
-1
13
52
56
52
76
94
103
98
108
115
121
97
64
51
28
-21
-68
-108
-162
-190
-210
-254
-259
-264
-275
-307
-344
-330
-296
-271
-266
-268
-267
-261
-233
-219
-205
-182
-169
-153
-150
-124
-115
-103
-101
-95
-93
-86
-75
-63
-53
-49
-60
-70
-91
-108
-101
-112
-139
-144
-138
-139
-138
-129
-120
-99
-57
-62
-65
-59
-44
-44
-29
-3
11
8
-37
-50
-49
-33
-24
-49
-71
-88
-70
-58
-62
-58
-25
14
24
44
63
107
125
138
165
173
183
190
192
180
206
246
257
265
254
264
278
267
254
240
208
169
136
88
59
41
42
26
-7
-10
-5
4
13
30
40
42
37
41
40
43
46
31
29
42
79
95
99
116
148
186
214
229
245
258
272
264
258
246
242
241
249
242
230
207
183
179
164
164
167
141
109
95
86
96
93
82
89
92
87
79
69
77
105
135
151
157
170
196
227
271
306
327
350
359
359
366
365
373
371
357
354
335
331
328
336
353
347
334
329
333
333
323
328
327
329
315
301
311
301
305
301
286
302
324
337
357
361
362
371
365
372
378
361
353
323
278
256
235
228
236
240
250
263
296
316
333
361
379
409
422
444
463
468
472
473
477
485
508
516
531
537
537
535
535
527
517
517
487
445
412
373
332
302
293
268
267
261
261
266
273
301
318
338
357
377
413
449
476
503
539
577
605
621
638
659
656
656
668
635
621
606
592
565
539
505
487
466
437
398
361
356
355
345
329
320
343
370
397
416
432
449
482
513
532
543
565
579
561
566
567
566
557
538
527
518
507
506
502
501
500
495
484
486
480
485
487
473
478
473
483
498
517
521
520
527
528
564
572
577
572
551
542
537
534
527
511
466
431
422
419
411
406
405
398
405
412
417
427
444
461
476
467
469
493
522
554
577
578
608
637
652
682
689
714
715
698
708
704
699
654
633
608
573
556
525
514
501
503
485
485
496
518
538
553
569
575
589
620
635
643
633
632
624
624
613
612
619
610
612
610
620
633
650
660
669
677
678
684
688
684
671
673
658
643
645
638
647
639
644
656
658
668
665
655
648
631
629
599
588
568
532
512
492
492
478
476
487
486
491
497
500
508
516
522
531
544
557
574
595
597
624
651
659
666
657
661
661
659
648
638
643
655
631
609
599
590
575
548
523
509
512
509
500
491
504
516
536
533
548
555
579
585
576
582
583
594
587
567
555
553
547
538
530
530
524
526
514
517
513
517
512
514
500
498
512
508
518
513
528
538
553
562
579
605
614
612
603
595
588
577
565
554
526
513
494
484
482
473
477
473
470
466
463
459
475
474
476
471
475
481
490
509
511
528
533
550
573
571
575
584
570
564
569
564
552
525
510
506
510
509
507
513
500
497
495
489
492
500
521
520
518
546
542
547
554
555
571
578
589
569
565
562
556
544
537
517
494
499
478
461
450
443
441
427
418
404
402
403
406
387
384
380
379
389
388
397
403
414
406
405
407
381
371
362
341
334
328
305
282
271
254
247
233
235
234
231
220
212
210
203
195
201
204
212
227
240
247
253
281
293
305
300
307
304
296
273
244
223
204
191
171
151
147
144
141
145
146
146
134
132
131
136
136
144
141
162
173
185
201
213
238
266
288
310
322
326
341
351
339
324
313
286
272
245
245
232
218
217
198
198
222
229
207
208
212
204
199
184
177
179
166
159
146
136
144
141
129
132
138
135
136
125
114
120
120
98
90
86
78
80
56
35
39
33
38
47
51
60
63
88
94
105
127
136
148
161
151
158
155
138
128
107
94
79
70
62
40
35
41
25
15
5
15
1
-12
-17
-42
-63
-70
-73
-94
-103
-104
-85
-72
-64
-48
-22
3
19
24
34
40
56
57
36
22
16
13
-1
-8
-2
8
22
18
11
18
26
28
10
0
5
2
-8
-22
-33
-40
-44
-50
-59
-56
-57
-48
-48
-46
-46
-53
-46
-48
-45
-53
-52
-57
-69
-70
-71
-68
-62
-46
-24
-13
4
20
25
36
47
51
49
51
46
42
43
39
25
19
20
11
4
-5
-15
-4
-1
-2
-8
-17
-4
-3
-15
-29
-30
-37
-41
-50
-50
-45
-46
-33
-27
-1
6
16
48
57
66
78
91
90
95
93
74
83
89
75
81
80
100
110
128
138
148
170
180
179
163
160
147
146
121
113
90
91
77
59
59
49
54
53
48
51
56
61
60
72
74
72
68
70
74
70
94
86
102
123
120
142
176
196
190
197
207
207
206
201
196
192
173
155
147
151
153
156
135
137
145
134
136
118
110
102
94
68
48
29
22
21
11
4
9
24
45
61
78
94
108
123
137
140
151
152
151
139
144
137
122
114
111
103
115
115
120
137
131
152
156
152
148
164
167
160
147
137
129
114
112
94
89
73
62
48
42
46
37
37
27
25
18
19
26
17
7
18
28
37
50
66
82
105
123
137
157
164
177
191
192
202
203
195
183
173
168
164
146
131
127
136
123
114
94
99
108
100
96
82
89
72
72
53
49
59
32
29
22
25
38
36
55
49
63
75
87
100
105
111
113
115
127
127
132
121
128
133
131
145
133
135
146
154
154
143
139
142
137
136
128
116
109
101
93
76
83
70
58
41
18
-2
-21
-43
-59
-66
-76
-82
-103
-121
-134
-120
-119
-134
-129
-116
-93
-82
-67
-65
-45
-36
-35
-16
-10
-1
17
5
16
16
16
15
-5
0
-14
-19
-30
-35
-52
-75
-92
-99
-109
-131
-147
-156
-172
-186
-201
-211
-203
-201
-200
-183
-185
-180
-161
-139
-137
-122
-104
-99
-92
-82
-78
-78
-61
-64
-65
-57
-66
-76
-83
-94
-92
-100
-93
-100
-103
-100
-96
-86
-85
-91
-79
-87
-95
-90
-99
-95
-98
-112
-122
-118
-125
-139
-140
-153
-160
-166
-175
-184
-195
-195
-195
-209
-215
-204
-198
-187
-184
-169
-158
-152
-145
-135
-125
-110
-100
-101
-94
-84
-84
-76
-74
-75
-74
-79
-81
-100
-101
-111
-120
-142
-159
-162
-170
-175
-183
-204
-200
-192
-203
-209
-211
-202
-204
-200
-203
-201
-199
-208
-209
-197
-187
-174
-158
-159
-135
-119
-118
-101
-84
-86
-87
-84
-91
-90
-82
-93
-84
-82
-87
-87
-91
-90
-99
-90
-98
-97
-85
-94
-90
-85
-91
-83
-89
-79
-69
-57
-61
-60
-69
-69
-62
-70
-70
-64
-60
-76
-76
-76
-76
-84
-83
-76
-77
-84
-71
-68
-74
-71
-63
-47
-43
-20
-13
-4
-1
4
8
-2
-7
-9
-12
-34
-56
-64
-67
-86
-104
-106
-125
-137
-141
-148
-155
-151
-155
-162
-157
-152
-151
-139
-135
-118
-108
-90
-61
-39
-16
4
18
33
59
54
58
69
72
73
69
59
65
52
36
37
31
22
12
15
15
17
16
6
8
9
10
11
6
2
7
1
-8
-15
-5
-4
-5
-5
0
19
32
45
41
55
59
52
67
62
52
51
58
59
53
63
52
51
54
49
59
57
60
61
66
74
72
80
85
90
86
94
94
103
85
79
74
69
62
48
37
23
8
0
-1
-6
-20
-25
-21
-31
-29
-32
-33
-23
-17
-6
6
19
34
41
62
70
92
105
106
129
124
137
142
139
150
150
156
150
148
153
153
139
130
117
108
98
82
75
67
70
64
54
44
41
44
44
42
59
66
73
70
68
75
94
91
90
90
91
95
92
105
108
108
120
128
136
141
134
142
129
126
127
126
124
122
124
118
97
79
72
66
50
41
30
13
5
-10
-6
-11
-9
0
-14
-11
-6
-1
-9
-15
-8
-6
-10
-10
-11
-21
-12
-11
-12
1
22
26
26
28
34
54
67
60
63
68
62
58
55
54
59
73
72
63
70
69
75
82
81
79
91
95
84
82
75
65
67
52
39
25
26
22
10
-4
-10
-16
-24
-23
-36
-41
-41
-46
-39
-28
-26
-22
-19
-6
10
25
41
54
73
75
91
103
105
111
117
115
108
97
89
86
66
44
36
21
2
-14
-27
-39
-55
-70
-76
-87
-88
-70
-73
-72
-72
-65
-58
-44
-44
-47
-36
-30
-21
-16
-12
-3
5
16
29
32
38
45
47
43
43
45
42
34
13
12
12
14
29
22
20
22
31
31
30
34
40
48
46
46
51
51
55
54
53
54
57
56
49
52
68
73
69
66
64
69
53
62
54
58
41
36
46
51
67
68
70
81
78
70
74
76
79
76
71
60
59
55
45
40
41
32
18
13
14
-3
-8
-16
-7
-25
-44
-46
-66
-79
-90
-87
-111
-113
-122
-120
-120
-127
-122
-119
-112
-113
-110
-102
-98
-88
-83
-80
-78
-76
-71
-65
-70
-64
-51
-46
-46
-46
-32
-30
-36
-40
-40
-46
-45
-41
-50
-74
-68
-78
-80
-82
-91
-94
-90
-92
-99
-100
-95
-110
-113
-103
-118
-122
-121
-119
-138
-149
-148
-137
-130
-121
-123
-104
-105
-98
-91
-83
-78
-80
-79
-91
-97
-111
-111
-129
-143
-151
-160
-167
-169
-172
-172
-159
-153
-144
-130
-129
-128
-124
-140
-143
-148
-155
-155
-163
-174
-175
-174
-171
-175
-182
-175
-175
-194
-191
