SAMPLES:	9383
BITSPERSAMPLE:	16
CHANNELS:	1
SAMPLERATE:	16000
NORMALIZED:	FALSE
589
590
595
593
583
580
582
591
591
581
581
568
550
555
558
544
545
546
536
536
534
531
527
537
534
515
507
506
506
501
494
497
507
508
508
508
514
513
522
519
510
507
505
508
496
501
503
500
507
506
504
502
501
509
516
517
523
525
524
528
531
535
528
528
534
537
543
544
544
554
549
547
549
546
543
532
544
533
536
531
529
528
526
530
537
537
535
539
540
539
529
526
523
524
519
520
524
524
518
518
515
521
507
506
505
497
510
507
505
486
493
479
483
478
476
480
477
488
497
507
503
516
510
513
513
520
531
519
518
512
503
510
502
509
510
519
515
521
526
529
530
527
532
533
540
529
530
523
519
525
524
538
531
542
538
543
552
537
536
541
545
558
567
558
552
563
561
547
556
561
563
565
555
559
555
562
556
555
560
545
540
525
527
534
520
536
534
528
529
523
526
534
548
543
534
542
530
529
536
535
544
542
553
562
570
562
577
578
574
573
576
577
566
565
551
548
560
563
557
546
545
539
544
542
533
529
509
510
498
492
489
474
464
452
458
448
450
448
441
447
450
443
445
442
443
442
448
444
437
440
436
457
461
457
443
438
442
432
416
409
411
407
397
386
389
373
370
358
366
364
350
350
344
334
328
324
318
330
336
333
327
318
307
303
315
317
307
311
308
311
304
312
309
306
307
306
306
296
305
311
313
313
320
323
315
312
313
307
298
304
287
291
301
285
273
262
264
271
268
265
252
247
236
238
230
222
223
227
232
243
247
239
237
241
234
239
253
254
244
248
248
241
261
236
238
238
221
233
235
237
242
252
256
250
257
255
264
250
255
265
255
269
264
271
272
262
266
272
275
272
269
268
276
267
274
281
290
282
275
283
278
276
268
276
275
280
281
275
275
274
278
287
297
302
301
300
296
292
293
299
286
290
301
291
294
289
276
283
287
288
287
294
289
282
291
285
284
276
286
289
297
295
299
305
290
299
283
289
294
299
291
274
271
272
285
285
289
279
286
268
277
278
271
278
271
283
293
303
304
302
315
306
298
295
286
284
275
278
264
259
264
254
263
252
250
252
249
247
234
242
255
239
231
241
231
238
236
239
230
232
236
225
228
223
222
208
200
194
187
191
190
174
178
174
161
147
138
143
137
128
132
130
115
121
130
124
123
125
131
114
106
117
120
119
109
101
106
108
103
108
114
117
112
99
96
106
95
77
86
85
75
87
84
72
83
93
76
62
65
56
49
37
37
41
29
33
30
26
29
18
16
17
19
25
31
24
24
12
-4
7
-5
6
-2
-12
-6
14
20
3
0
6
12
3
1
-7
-10
-37
-35
-32
-14
-26
-23
-10
-26
-40
-41
-36
-33
-42
-45
-39
-28
-31
-49
-34
-49
-37
-43
-58
-45
-41
-38
-51
-50
-40
-37
-47
-47
-45
-49
-52
-38
-41
-49
-53
-48
-62
-72
-56
-65
-53
-59
-39
-43
-50
-47
-64
-56
-67
-76
-75
-56
-75
-72
-64
-72
-68
-77
-68
-64
-57
-45
-44
-45
-39
-41
-37
-40
-45
-42
-28
-26
-22
-14
-15
-9
-10
3
0
-4
5
42
48
31
47
45
51
42
56
58
41
29
3
1
-18
-9
4
23
28
21
32
33
37
46
47
73
104
107
120
103
100
113
110
117
126
127
129
135
116
94
112
127
119
98
101
91
77
74
67
75
61
63
57
36
30
28
27
34
26
37
43
52
59
74
60
59
81
94
91
83
83
81
84
83
87
82
81
98
99
89
84
83
88
77
78
61
75
80
69
74
79
84
66
72
74
75
92
94
74
81
85
76
68
100
95
79
83
88
99
92
83
107
129
110
128
132
114
115
129
139
126
120
133
115
122
122
124
133
139
136
130
140
155
150
146
153
152
154
162
180
167
184
199
208
235
240
247
225
232
245
240
232
233
235
212
199
174
157
150
161
155
143
141
144
142
136
131
140
159
158
157
159
185
168
171
210
194
162
163
180
149
145
134
162
150
125
123
124
120
111
110
101
96
68
67
73
70
47
53
68
71
68
61
77
81
85
73
96
109
96
115
109
123
113
101
103
120
117
101
85
77
60
44
55
59
47
51
49
48
42
47
45
49
33
26
44
44
55
69
72
68
73
77
73
79
71
84
100
61
56
74
59
41
29
46
36
22
15
27
25
5
12
34
38
31
31
17
32
36
52
24
33
23
19
6
9
6
-1
30
17
11
-3
5
11
24
33
37
20
25
22
17
-9
11
22
4
11
32
27
24
33
33
37
44
37
44
61
22
13
14
4
-12
-10
-7
-27
-18
-13
-1
-7
-14
-5
-3
-22
-25
-12
-15
-24
-34
-21
-28
-30
-35
-47
-62
-52
-67
-59
-49
-48
-57
-79
-70
-82
-86
-105
-98
-100
-88
-103
-123
-116
-103
-107
-129
-101
-102
-111
-120
-122
-112
-132
-124
-125
-136
-144
-132
-117
-135
-128
-148
-140
-150
-149
-140
-160
-166
-159
-159
-176
-174
-161
-180
-190
-162
-185
-197
-200
-205
-199
-186
-200
-254
-233
-226
-258
-255
-255
-254
-270
-263
-269
-268
-296
-274
-275
-296
-280
-287
-274
-302
-297
-289
-288
-309
-332
-309
-325
-331
-352
-334
-355
-370
-373
-376
-350
-386
-389
-388
-377
-398
-403
-411
-410
-470
-475
-481
-476
-478
-502
-473
-481
-486
-506
-476
-490
-473
-507
-474
-485
-499
-506
-499
-504
-510
-494
-501
-503
-512
-523
-526
-510
-533
-514
-516
-536
-557
-544
-541
-543
-530
-533
-538
-558
-512
-546
-550
-518
-514
-510
-521
-505
-508
-494
-501
-483
-462
-489
-489
-482
-488
-499
-503
-491
-513
-491
-484
-497
-504
-523
-523
-527
-547
-547
-544
-549
-572
-575
-553
-563
-578
-571
-556
-566
-557
-531
-545
-528
-518
-511
-510
-492
-480
-494
-494
-485
-496
-515
-503
-524
-513
-536
-527
-533
-543
-531
-522
-525
-534
-524
-531
-527
-516
-529
-530
-521
-526
-546
-538
-499
-509
-506
-485
-491
-466
-445
-446
-453
-448
-406
-446
-456
-460
-445
-461
-456
-452
-474
-459
-454
-452
-494
-456
-446
-432
-420
-394
-410
-424
-394
-373
-376
-397
-362
-351
-360
-372
-348
-356
-363
-348
-330
-329
-309
-314
-311
-310
-328
-292
-294
-310
-307
-314
-289
-303
-321
-328
-323
-305
-327
-319
-312
-323
-317
-319
-321
-295
-275
-286
-307
-284
-289
-298
-306
-294
-326
-331
-301
-341
-340
-364
-340
-344
-346
-363
-340
-343
-370
-369
-380
-362
-373
-360
-371
-344
-340
-351
-361
-332
-328
-332
-358
-329
-326
-336
-337
-350
-343
-354
-335
-350
-353
-372
-349
-374
-358
-392
-373
-407
-388
-354
-368
-366
-365
-342
-389
-344
-373
-365
-361
-384
-365
-358
-397
-380
-364
-371
-394
-373
-402
-404
-406
-405
-425
-418
-411
-453
-431
-422
-412
-443
-426
-457
-451
-434
-427
-445
-441
-440
-450
-438
-471
-430
-453
-453
-463
-460
-455
-484
-465
-487
-478
-481
-483
-481
-483
-499
-461
-448
-464
-456
-425
-438
-440
-422
-428
-417
-439
-388
-412
-447
-410
-412
-467
-459
-404
-432
-460
-428
-404
-457
-450
-420
-440
-438
-437
-416
-456
-418
-407
-449
-434
-442
-429
-465
-453
-447
-451
-494
-483
-459
-491
-475
-515
-466
-507
-513
-493
-523
-482
-516
-496
-495
-511
-544
-536
-524
-540
-518
-554
-535
-540
-543
-517
-554
-554
-541
-480
-517
-578
-502
-497
-521
-485
-455
-476
-463
-457
-453
-459
-469
-436
-448
-461
-464
-411
-432
-448
-430
-421
-438
-433
-437
-458
-426
-427
-417
-415
-422
-422
-420
-422
-399
-400
-390
-391
-382
-382
-381
-358
-320
-352
-327
-319
-306
-301
-309
-276
-269
-252
-277
-282
-254
-267
-282
-261
-263
-237
-245
-269
-233
-240
-265
-218
-208
-242
-209
-172
-108
-158
-182
-161
-140
-150
-106
-142
-157
-164
-122
-139
-151
-110
-190
-162
-159
-162
-165
-135
-155
-149
-199
-181
-146
-153
-174
-195
-191
-196
-170
-186
-208
-153
-208
-228
-149
-197
-231
-209
-182
-234
-221
-252
-166
-219
-267
-212
-234
-269
-230
-207
-257
-235
-193
-218
-214
-210
-223
-240
-260
-235
-209
-263
-284
-228
-239
-260
-285
-271
-270
-242
-235
-287
-273
-256
-264
-222
-242
-311
-251
-228
-260
-319
-258
-245
-291
-342
-293
-263
-316
-307
-271
-308
-350
-252
-296
-342
-302
-257
-291
-331
-260
-244
-315
-321
-267
-254
-339
-284
-236
-301
-361
-265
-266
-307
-292
-267
-312
-347
-285
-286
-309
-355
-248
-288
-356
-287
-246
-285
-357
-266
-287
-325
-315
-272
-276
-315
-248
-296
-301
-295
-266
-276
-292
-250
-269
-309
-336
-223
-246
-337
-309
-248
-298
-342
-314
-279
-336
-392
-244
-327
-382
-299
-286
-322
-379
-364
-262
-380
-333
-286
-378
-404
-361
-372
-369
-351
-310
-379
-411
-366
-352
-304
-429
-383
-320
-333
-437
-368
-286
-404
-366
-359
-380
-380
-414
-315
-339
-477
-297
-328
-427
-359
-395
-408
-421
-335
-360
-424
-369
-331
-322
-364
-368
-347
-400
-382
-290
-367
-419
-351
-353
-403
-370
-337
-500
-382
-429
-383
-387
-498
-371
-437
-442
-452
-452
-383
-430
-464
-421
-511
-516
-416
-469
-472
-427
-497
-415
-491
-489
-408
-456
-456
-443
-463
-389
-439
-467
-361
-488
-527
-458
-408
-384
-519
-480
-450
-440
-534
-551
-452
-535
-542
-514
-529
-567
-512
-566
-485
-589
-506
-405
-652
-532
-478
-565
-563
-555
-509
-563
-561
-497
-543
-537
-517
-523
-542
-507
-545
-562
-551
-477
-647
-519
-548
-593
-666
-515
-559
-638
-549
-518
-537
-637
-498
-589
-614
-573
-449
-521
-535
-490
-481
-563
-572
-440
-525
-547
-462
-475
-508
-478
-411
-560
-479
-432
-452
-524
-421
-439
-553
-459
-531
-477
-454
-470
-512
-474
-394
-505
-535
-424
-468
-535
-460
-497
-516
-458
-476
-488
-548
-428
-546
-564
-457
-525
-534
-503
-504
-519
-534
-472
-484
-479
-441
-507
-512
-426
-538
-488
-445
-471
-528
-456
-409
-568
-481
-380
-492
-550
-387
-432
-536
-456
-403
-531
-520
-404
-508
-517
-415
-488
-483
-551
-495
-445
-492
-500
-446
-543
-502
-435
-452
-533
-522
-413
-472
-546
-441
-391
-512
-475
-356
-421
-555
-450
-348
-476
-520
-316
-441
-496
-431
-399
-390
-481
-373
-450
-331
-465
-347
-335
-416
-376
-346
-351
-369
-332
-361
-254
-374
-306
-260
-352
-317
-300
-256
-357
-224
-237
-308
-346
-239
-282
-301
-284
-310
-229
-309
-316
-283
-218
-370
-246
-265
-237
-320
-285
-241
-247
-292
-285
-190
-284
-311
-215
-229
-340
-242
-232
-255
-280
-241
-180
-283
-319
-188
-229
-277
-250
-146
-260
-272
-123
-184
-156
-130
-161
-213
-154
-154
-154
-165
-147
-209
-151
-118
-179
-149
-172
-206
-168
-39
-212
-190
-48
-154
-183
-135
-113
-193
-180
-120
-162
-154
-163
-130
-206
-126
-141
-197
-154
-92
-157
-186
-134
-153
-143
-175
-97
-129
-127
-86
-180
-96
-75
-187
-105
-88
-112
-109
-73
-150
-125
-72
-149
-115
-137
-138
-145
-100
-48
-153
-65
-177
-178
-122
-34
-123
-125
-114
-190
-29
-126
-148
-48
-80
-151
-47
-117
-147
-98
-133
-61
-174
-43
-59
-161
-168
-124
-131
-158
-32
9
-164
-241
-69
-50
-117
-123
-39
-47
-86
-151
-147
-38
-123
-139
-96
-107
-174
-97
-147
-164
-95
-105
-116
-228
-55
-119
-126
-238
-161
-161
-112
-127
-141
-251
-128
-62
-286
-154
-133
-175
-221
-52
-141
-228
-236
-61
-157
-206
-93
-146
-226
-230
-80
-134
-201
-177
-137
-164
-195
-93
-179
-238
-112
-100
-173
-192
-69
-209
-202
-43
-162
-233
-44
-89
-254
-129
-85
-191
-254
-153
-19
-219
-249
-19
-142
-218
-166
-76
-96
-207
-54
-114
-303
-149
4
-345
-234
-124
-181
-271
-233
-147
-263
-278
-116
-110
-367
-196
-200
-325
-238
-69
-246
-257
-150
-131
-179
-248
-103
-247
-193
-93
-80
-188
-149
-116
-151
-140
-158
-82
-224
-176
-271
-24
-250
-243
-253
-194
-218
-189
-20
-254
-177
-166
-89
-175
-179
-267
-99
-156
-255
-196
-211
-229
-163
-120
-197
-230
-255
-175
-257
-180
-99
-241
-222
-189
-170
-223
-124
-191
-202
-193
-192
-10
-127
-231
-125
-178
-177
-204
-358
-161
-78
-185
-285
-140
-68
-238
-283
-86
-184
-350
-105
-72
-156
-230
-71
-90
-125
-123
-32
-207
-108
-47
-101
-44
-43
-15
-158
-191
-39
-14
-204
-121
-5
-84
-179
-126
14
-84
-124
-43
-117
-146
-32
3
-183
-245
-167
15
-248
-166
-109
-186
-212
-191
-97
-270
-164
-156
-68
-170
-120
-133
-98
-195
-275
-56
-99
-44
20
-97
-245
-78
-201
-54
-6
-207
-105
-65
-243
-163
-148
32
-214
-138
-100
13
-253
-117
-121
-279
-99
-24
-89
-166
131
-106
-201
-106
-67
-321
-189
-15
-238
-137
-154
-70
-230
-129
-260
-112
-176
-80
-29
-173
-185
-112
-74
-191
-34
-114
-174
-88
-125
-149
-80
-71
-124
-112
-171
-120
-191
-64
-281
-239
-20
-51
-197
-277
-171
-174
-203
-260
-41
-340
-124
-157
-178
-219
-67
-182
-233
-93
82
-234
-457
12
-127
-252
-112
79
-279
-285
-258
-206
-262
-263
-113
-110
-345
-150
-459
-193
-207
-78
-58
-229
-310
-269
-18
-366
-210
-251
11
-330
-110
-252
-179
-327
-218
-78
80
-308
-298
-45
-139
-249
-198
-70
-263
-78
-435
4
-214
-182
-505
-221
-259
-234
-172
-407
-300
-212
-237
-422
-286
-165
-375
-340
-251
-237
-153
-235
-358
-268
-154
-218
-50
-358
-271
-114
-228
-219
-221
-95
-343
-392
-287
-305
-384
-139
-5
-98
-128
-128
-145
-266
-122
-279
-293
-40
-149
-315
-322
-176
-266
-398
-142
-58
-238
-324
-225
-248
-412
-201
-175
-249
-479
-258
-170
-325
-215
-200
-138
-438
-293
-40
-67
-614
-446
204
-106
-413
143
208
-451
-308
68
-16
-399
-299
-322
-435
-317
-297
-317
-74
-240
-324
-310
-62
-289
-386
-232
-20
-158
-453
-199
-142
-210
-398
69
-400
-382
-202
-47
-476
-302
-386
-366
-178
-263
-271
-265
-181
-630
-392
-93
-280
-440
-76
-182
-375
-236
-73
-432
-340
-137
-253
-185
-301
-269
-313
-167
-277
-261
-153
-216
-173
-612
-422
-88
-399
-591
-178
-316
-355
-182
-250
-544
-163
-113
-360
-425
-145
-177
-631
-449
-348
-326
-494
-190
-351
-460
-463
-481
-411
-144
-382
-674
-412
-190
-436
-498
-374
-278
-321
-600
-369
-189
-521
-528
-88
-346
-481
-399
-180
-390
-377
-89
-162
-719
-272
-185
-585
-620
-101
-247
-777
-437
-182
-250
-568
-240
-120
-348
-543
-276
-464
-551
-413
-368
-447
-511
-400
-355
-372
-483
-171
-288
-221
-264
-347
-248
-368
-280
-397
-604
-403
-252
-415
-461
-215
-152
-464
-626
-154
-88
-388
-674
-72
-338
-682
-368
-276
-469
-820
-328
-368
-434
-316
-284
-491
-409
-211
-540
-482
-381
-505
-651
-469
-370
-503
-478
-410
-182
-421
-433
-560
-521
-305
-196
-685
-475
-288
-631
-591
-475
-354
-663
-389
-604
-405
-464
-529
-680
-400
-444
-627
-487
-490
-549
-623
-359
-531
-535
-519
-374
-389
-384
-511
-542
-535
-586
-391
-491
-540
-439
-404
-582
-465
-250
-348
-461
-401
-629
-502
-305
-660
-584
-403
-578
-621
-626
-431
-235
-438
-572
-548
-444
-354
-356
-516
-425
-549
-466
-584
-551
-555
-593
-426
-406
-377
-554
-394
-494
-450
-493
-203
-483
-588
-434
-571
-624
-424
-354
-560
-376
-504
-298
-474
-369
-559
-536
-526
-376
-425
-524
-283
-506
-379
-498
-571
-436
-159
-411
-492
-261
-379
-391
-407
-432
-370
-380
-481
-442
-381
-496
-428
-474
-411
-170
-405
-506
-367
-422
-450
-195
-362
-291
-359
-317
-231
-378
-602
-555
-391
-402
-443
-520
-194
-525
-645
-487
-493
-436
-316
-429
-615
-401
-181
-464
-574
-449
-282
-650
-352
-297
-697
-554
-315
-348
-615
-259
-320
-493
-624
-191
-267
-672
-400
-304
-474
-565
-169
-388
-581
-461
-309
-348
-587
-471
-236
-291
-697
-409
-354
-587
-521
-402
-463
-618
-485
-490
-674
-634
-533
-507
-527
-378
-456
-496
-511
-644
-451
-698
-605
-504
-565
-567
-453
-416
-640
-642
-618
-507
-571
-508
-415
-389
-475
-549
-541
-544
-594
-354
-233
-443
-548
-410
-314
-360
-362
-452
-357
-251
-198
-242
-171
-147
-139
-144
-128
-33
-18
-65
-64
-115
-79
1
-2
14
-22
80
-2
-152
-172
66
-82
-235
-63
-168
-221
-23
-345
-443
-346
-412
-392
-355
-297
-522
-528
-610
-521
-774
-707
-695
-889
-847
-907
-1030
-1095
-984
-1119
-1155
-1202
-1151
-1248
-1207
-1050
-815
-751
-737
-577
-400
-162
-23
3
-7
43
154
169
44
-24
-13
25
-93
-207
-179
-74
55
118
44
-13
30
147
105
107
-48
-72
-51
-103
-190
-274
-265
-178
-261
-323
-250
-214
-113
11
-21
-11
125
193
180
201
243
308
310
358
333
269
332
337
345
210
218
276
223
200
322
229
116
-40
111
149
-27
-44
-49
-6
-168
106
-126
-520
-400
-337
-574
-965
-909
-897
-1133
-1276
-1245
-1534
-1798
-1490
-1366
-1323
-1265
-1101
-950
-629
-198
-60
-77
-56
193
321
280
188
162
81
3
-83
-243
-253
-54
167
92
-57
19
171
337
328
197
75
33
-17
-81
-217
-335
-365
-326
-430
-498
-425
-300
-215
-213
-138
-156
-139
1
49
-76
-134
-141
-147
-158
-53
39
61
135
213
262
357
554
640
640
629
604
636
627
576
427
333
306
268
249
301
268
245
189
124
-78
109
169
-59
-190
-216
-304
-616
-703
-885
-977
-1313
-1453
-1619
-1807
-1949
-1867
-1497
-1492
-1440
-1327
-1104
-749
-170
169
220
236
457
744
848
742
621
541
484
315
98
-20
60
222
218
11
-11
238
497
561
389
158
103
93
59
-122
-404
-477
-485
-623
-765
-698
-547
-387
-348
-351
-374
-208
64
212
150
29
15
50
56
37
58
115
152
177
202
339
526
745
813
761
798
939
1038
981
836
703
595
465
374
309
209
256
186
16
23
161
207
47
9
-65
-264
-430
-426
-809
-1171
-1340
-1539
-1850
-2223
-2334
-2260
-2080
-2070
-1919
-1790
-1513
-964
-211
170
282
432
833
1202
1381
1270
1178
1142
1055
845
556
465
403
544
429
110
48
358
656
660
430
205
254
230
97
-226
-490
-674
-776
-972
-1174
-1233
-1019
-795
-813
-753
-640
-264
133
311
289
304
435
609
659
592
595
571
527
508
535
669
837
943
916
910
1044
1182
1219
1092
861
641
520
374
205
-29
-157
-188
-299
-290
-327
-225
-176
-327
-460
-538
-593
-757
-1023
-1372
-1712
-2105
-2298
-2656
-2805
-2519
-2388
-2426
-2397
-1994
-1376
-538
-36
260
376
912
1454
1690
1591
1508
1555
1454
1103
696
611
548
612
338
-74
-116
243
508
442
135
4
137
106
-70
-428
-616
-733
-894
-1263
-1543
-1547
-1238
-1123
-1267
-1238
-949
-409
15
197
253
429
688
910
984
944
968
1006
927
746
758
942
1085
1066
995
1018
1177
1364
1353
1178
998
885
768
495
194
-15
-194
-442
-681
-800
-760
-646
-612
-770
-884
-859
-827
-999
-1279
-1575
-1925
-2249
-2642
-2930
-2740
-2557
-2607
-2628
-2385
-1841
-863
-105
240
442
982
1753
2136
2165
2070
2169
2077
1713
1122
905
810
748
481
-163
-415
-125
255
199
-125
-311
-74
10
-142
-484
-684
-729
-912
-1304
-1688
-1770
-1496
-1280
-1548
-1640
-1352
-698
-157
35
187
523
928
1233
1352
1330
1473
1596
1526
1206
1103
1300
1431
1304
1137
1092
1246
1436
1381
1201
1001
911
806
483
80
-98
-259
-573
-917
-1112
-1072
-1023
-1059
-1208
-1278
-1232
-1159
-1315
-1641
-2005
-2254
-2549
-2869
-2713
-2541
-2550
-2564
-2292
-1759
-858
-29
437
693
1255
2053
2490
2544
2484
2627
2609
2205
1541
1285
1164
1069
652
-55
-343
-63
234
58
-333
-430
-174
-130
-360
-742
-800
-756
-994
-1452
-1812
-1760
-1387
-1261
-1564
-1589
-1127
-403
37
194
431
966
1443
1648
1630
1746
2053
2173
1993
1628
1588
1844
1913
1608
1339
1371
1593
1610
1364
1163
1080
996
770
394
50
-60
-171
-529
-973
-1102
-966
-987
-1199
-1363
-1361
-1298
-1294
-1486
-1810
-2147
-2277
-2490
-2459
-2270
-2126
-2044
-1910
-1496
-649
243
717
1032
1487
2310
2747
2919
2897
2946
2985
2690
2056
1626
1511
1411
1042
225
-191
23
293
126
-304
-498
-264
-179
-360
-725
-852
-694
-838
-1285
-1686
-1607
-1193
-1027
-1335
-1384
-912
-148
296
419
638
1182
1755
1980
1913
1988
2400
2561
2331
1948
1913
2212
2254
1905
1583
1557
1727
1718
1387
1042
936
892
623
158
-163
-206
-339
-737
-1114
-1201
-1089
-1079
-1281
-1469
-1558
-1488
-1539
-1862
-2284
-2517
-2628
-2442
-2212
-2259
-2140
-1860
-1337
-606
247
775
1128
1584
2394
2776
2906
2970
3050
3065
2678
2100
1760
1614
1395
1016
248
-151
9
200
-74
-575
-722
-451
-486
-769
-1080
-1146
-1035
-1214
-1607
-1901
-1751
-1306
-1146
-1504
-1426
-775
-27
291
386
707
1318
1825
1957
1903
2047
2451
2506
2176
1878
2025
2372
2287
1848
1638
1756
1960
1844
1422
1158
1118
994
578
78
-163
-251
-569
-1049
-1372
-1340
-1207
-1298
-1528
-1665
-1577
-1405
-1494
-1903
-2234
-2359
-2542
-2547
-2263
-2190
-2131
-2006
-1573
-830
107
762
1120
1476
2228
2844
3050
3048
3058
3186
2836
2158
1712
1570
1386
946
124
-401
-311
-82
-238
-736
-975
-732
-657
-914
-1248
-1274
-1099
-1318
-1774
-2037
-1850
-1433
-1251
-1566
-1556
-951
-136
268
288
644
1321
1825
1885
1831
2043
2441
2427
2000
1613
1741
2225
2154
1579
1345
1602
1837
1709
1409
1196
1062
903
556
-33
-339
-387
-725
-1418
-1910
-1772
-1560
-1789
-2044
-2072
-2009
-1897
-1870
-2157
-2524
-2626
-2638
-2509
-2423
-2387
-2175
-1982
-1603
-853
29
565
923
1510
2323
2626
2854
3073
3171
3136
2723
2130
1744
1535
1310
721
-177
-534
-376
-380
-788
-1196
-1165
-972
-1147
-1378
-1572
-1478
-1335
-1621
-2094
-2249
-1891
-1466
-1537
-1853
-1526
-787
-190
-6
186
762
1428
1755
1761
1803
2186
2567
2363
1794
1562
1834
2121
1841
1318
1259
1556
1679
1416
1202
1214
1171
831
375
-59
-198
-339
-835
-1526
-1891
-1755
-1641
-1959
-2309
-2205
-2015
-1997
-2210
-2419
-2539
-2634
-2743
-2605
-2482
-2370
-2132
-1945
-1544
-816
82
604
851
1394
2252
2624
2722
2840
3059
3057
2545
1980
1693
1464
1193
561
-295
-579
-453
-498
-1031
-1482
-1354
-1169
-1503
-1857
-1960
-1748
-1743
-2137
-2505
-2469
-2048
-1697
-1853
-2049
-1502
-688
-198
-120
197
942
1549
1626
1598
1812
2271
2434
2079
1683
1691
1982
2044
1624
1278
1477
1690
1534
1109
987
1065
847
241
-259
-489
-558
-906
-1539
-2020
-2063
-1890
-2000
-2376
-2476
-2218
-2134
-2380
-2784
-2866
-2875
-2967
-2867
-2738
-2687
-2402
-2016
-1494
-773
9
641
1025
1546
2321
2747
2799
2807
2902
2849
2266
1681
1461
1209
795
202
-436
-587
-498
-607
-1053
-1452
-1316
-1139
-1533
-2020
-2135
-1972
-2099
-2643
-2947
-2774
-2370
-2143
-2256
-2242
-1554
-678
-208
-112
259
1121
1696
1640
1512
1788
2186
2126
1632
1322
1445
1738
1688
1226
1081
1428
1688
1471
1069
1039
1177
916
276
-238
-409
-528
-1020
-1697
-2055
-2003
-1890
-2133
-2475
-2447
-2200
-2168
-2505
-2901
-2975
-2997
-3046
-2940
-2878
-2732
-2418
-2054
-1450
-611
192
745
1151
1827
2538
2831
2882
2912
2963
2722
2073
1553
1314
1063
622
-99
-609
-558
-419
-638
-1092
-1278
-1044
-1036
-1456
-1865
-1910
-1798
-2089
-2672
-2925
-2679
-2270
-2172
-2335
-2104
-1288
-490
-144
49
653
1470
1820
1711
1716
2057
2350
2096
1589
1401
1651
1855
1578
1245
1330
1645
1698
1446
1215
1270
1250
789
161
-175
-236
-507
-1137
-1713
-1822
-1695
-1780
-2078
-2243
-2117
-2011
-2232
-2709
-2975
-3045
-3039
-3028
-3075
-2958
-2681
-2229
-1701
-938
-80
610
1103
1701
2384
2829
3008
2992
2979
2762
2286
1780
1428
1140
758
174
-342
-494
-379
-466
-832
-1081
-1009
-975
-1278
-1669
-1828
-1827
-2061
-2509
-2800
-2671
-2320
-2140
-2216
-2031
-1358
-584
-158
59
579
1271
1650
1611
1601
1854
2103
1930
1470
1198
1426
1677
1444
1239
1283
1500
1657
1520
1306
1319
1344
986
321
-49
-70
-329
-912
-1457
-1567
-1444
-1536
-1669
-1751
-1723
-1574
-1693
-2108
-2453
-2567
-2787
-3066
-3218
-3016
-2753
-2678
-2368
-1659
-647
150
704
1276
2013
2659
3033
2966
2902
2954
2688
2008
1336
1053
952
487
-216
-522
-417
-271
-451
-754
-826
-673
-776
-1192
-1696
-1736
-1727
-2130
-2723
-2972
-2651
-2295
-2254
-2227
-1742
-958
-278
31
352
983
1603
1757
1534
1479
1775
1879
1500
1048
1048
1375
1509
1287
1239
1554
1841
1811
1514
1397
1425
1190
569
-133
-468
-556
-922
-1533
-1886
-1771
-1538
-1615
-1733
-1593
-1364
-1365
-1747
-2256
-2551
-2773
-2990
-3132
-3255
-3122
-2886
-2529
-1905
-942
30
727
1225
1969
2697
3039
3060
2959
2871
2478
1791
1169
787
547
196
-410
-788
-696
-426
-476
-786
-906
-725
-815
-1276
-1740
-1890
-1954
-2348
-2911
-3178
-2904
-2444
-2249
-2223
-1764
-901
-137
221
476
1063
1643
1711
1388
1228
1408
1509
1152
668
613
894
1154
1159
1167
1441
1823
1856
1570
1400
1461
1229
508
-255
-655
-799
-1113
-1612
-1889
-1815
-1606
-1473
-1487
-1357
-1086
-1022
-1392
-2014
-2390
-2655
-2957
-3144
-3190
-3087
-2937
-2549
-1798
-678
326
1071
1631
2280
3005
3351
3316
3075
2923
2533
1770
1020
703
642
372
-216
-576
-364
-11
21
-264
-477
-412
-537
-1108
-1721
-1955
-1962
-2324
-2976
-3228
-2804
-2174
-1847
-1728
-1229
-313
489
792
946
1396
1899
1852
1339
1015
1178
1367
1055
594
636
1111
1503
1579
1634
1985
2386
2338
1895
1575
1519
1270
485
-405
-846
-865
-1034
-1439
-1645
-1404
-1027
-847
-846
-742
-525
-548
-1052
-1843
-2408
-2830
-3197
-3458
-3378
-3180
-2856
-2454
-1614
-276
963
1804
2254
2841
3472
3781
3456
3046
2795
2462
1622
746
481
680
741
296
-101
134
697
792
336
-103
-151
-334
-1151
-2099
-2442
-2354
-2483
-3118
-3416
-2843
-1831
-1185
-998
-586
378
1248
1411
1230
1418
1862
1794
1050
453
609
1049
1020
575
618
1298
1996
2127
2067
2414
2814
2741
2071
1478
1341
1211
525
-452
-977
-812
-624
-924
-1103
-775
-207
-49
-242
-273
-115
-195
-776
-1762
-2567
-2990
-3451
-3866
-3840
-3276
-2678
-2257
-1760
-473
1119
2217
2527
2671
3186
3615
3423
2731
2335
2279
2005
1154
594
876
1556
1680
1110
816
1280
1642
1224
307
-259
-428
-983
-2105
-2953
-2912
-2458
-2493
-2972
-2773
-1670
-497
-97
-92
369
1198
1508
1071
668
901
1245
895
145
-5
701
1410
1413
1230
1700
2647
3023
2722
2450
2650
2769
2134
1148
615
685
598
-48
-731
-655
-78
159
-135
-228
213
575
293
-274
-588
-601
-968
-1826
-2866
-3407
-3571
-3827
-3912
-3377
-2475
-1810
-1446
-1030
326
1624
2227
2039
1983
2359
2639
2231
1718
1769
2101
1980
1227
1110
1775
2500
2270
1402
1018
1319
1174
244
-844
-1206
-1264
-1924
-2957
-3273
-2600
-1819
-1923
-2345
-1879
-686
131
-30
-307
103
752
593
-92
-250
467
1046
703
154
496
1596
2261
1960
1654
2035
2576
2418
1763
1541
1787
1850
1188
413
409
971
1141
536
34
306
815
685
165
-16
213
184
-350
-856
-950
-740
-902
-1621
-2352
-2558
-2501
-2867
-3273
-2930
-1975
-1609
-1702
-1631
-555
827
1459
1428
1390
2019
2678
2691
2114
2205
2759
2891
2003
1335
1816
2581
2390
1371
730
982
1223
556
-443
-903
-693
-881
-1897
-2689
-2242
-1344
-1271
-2016
-2173
-1188
-169
-134
-521
-314
500
839
353
-22
487
1352
1408
690
440
1260
2112
2042
1477
1559
2200
2460
2085
1675
1897
2360
2083
1301
842
1174
1580
1146
331
91
465
647
258
-198
-61
209
97
-412
-764
-605
-505
-1008
-1878
-2580
-2743
-2936
-3443
-3478
-2722
-1947
-1650
-1602
-1017
440
1594
1990
1804
1908
2459
2747
2258
1877
2133
2557
2267
1445
1405
2189
2735
2243
1322
924
1176
923
-42
-1016
-1314
-1276
-1863
-2838
-3016
-2201
-1394
-1489
-1957
-1563
-492
169
0
-300
-21
490
372
-185
-246
488
1168
1034
562
827
1772
2355
2125
1764
1965
2341
2217
1671
1361
1587
1749
1346
683
489
936
1198
767
185
113
396
387
-46
-363
-336
-236
-433
-855
-1128
-1000
-951
-1385
-2150
-2768
-2918
-3115
-3281
-3008
-2278
-1743
-1540
-1349
-504
733
1626
1838
1644
1736
2125
2232
1889
1787
2059
2282
1815
1308
1551
2275
2444
1786
928
637
627
129
-745
-1483
-1622
-1752
-2360
-2967
-2687
-1757
-1159
-1386
-1639
-1147
-302
16
-238
-391
-132
105
-138
-392
-71
741
1244
1073
823
1250
2041
2371
2114
1828
1868
1918
1623
1173
1120
1386
1503
1099
632
642
1045
1233
887
364
169
226
152
-151
-392
-377
-354
-544
-871
-1023
-917
-903
-1318
-2049
-2678
-2950
-3132
-3174
-2806
-2072
-1474
-1200
-930
-174
1004
1899
2080
1774
1638
1854
1933
1680
1554
1819
2129
1886
1484
1648
2353
2670
2080
1048
405
227
-168
-987
-1782
-2047
-2041
-2303
-2691
-2467
-1599
-832
-815
-1187
-1122
-558
-195
-372
-704
-691
-438
-325
-309
45
846
1578
1755
1568
1657
2105
2447
2278
1808
1496
1435
1377
1285
1198
1306
1491
1406
1100
886
981
1064
793
234
-236
-441
-447
-440
-507
-623
-658
-594
-601
-772
-927
-1039
-1346
-1956
-2693
-3196
-3427
-3242
-2685
-1961
-1316
-934
-411
313
1185
1874
2088
1849
1551
1421
1432
1397
1452
1765
2096
2082
1854
1961
2359
2572
2032
1007
150
-398
-797
-1302
-1856
-2069
-2048
-2033
-2094
-1938
-1334
-720
-641
-1053
-1354
-1240
-1006
-981
-1083
-1006
-697
-299
102
583
1245
1855
2098
1930
1691
1641
1721
1711
1479
1240
1073
1071
1259
1529
1748
1799
1595
1264
954
699
482
185
-164
-502
-772
-823
-615
-327
-170
-256
-426
-550
-662
-901
-1213
-1702
-2191
-2663
-3153
-3428
-3418
-2800
-1885
-1014
-534
-336
6
594
1225
1525
1308
939
789
931
1168
1350
1698
2140
2476
2364
2045
1901
1999
1884
1124
4
-862
-1185
-1196
-1304
-1512
-1576
-1485
-1331
-1351
-1363
-1204
-1039
-1192
-1624
-1992
-1962
-1569
-1122
-752
-449
-102
358
871
1335
1673
1774
1658
1405
1168
1063
1156
1352
1502
1550
1553
1615
1865
2167
2197
1811
1191
693
393
201
0
-220
-374
-419
-411
-339
-174
-17
-4
-271
-684
-1013
-1213
-1347
-1513
-1813
-2117
-2363
-2543
-2583
-2459
-2029
-1477
-922
-489
-421
-322
1
456
1002
1156
1045
995
1136
1622
2031
2194
2225
2249
2149
1952
1561
1244
1142
816
304
-326
-790
-777
-659
-699
-871
-1231
-1422
-1500
-1564
-1568
-1616
-1718
-1818
-1844
-1688
-1295
-904
-491
-118
133
357
506
720
1072
1304
1321
1162
1035
1183
1508
1901
2051
1937
1827
1777
1832
1853
1770
1539
1071
654
403
309
308
265
132
-31
-189
-307
-282
-277
-330
-505
-819
-1047
-1118
-1047
-963
-1052
-1257
-1463
-1661
-1809
-1999
-2148
-2059
-1829
-1438
-816
-513
-312
-30
280
935
1291
1264
1125
916
1171
1534
1636
1625
1599
1655
1838
1685
1354
1269
1027
786
337
-285
-603
-814
-976
-1026
-1274
-1450
-1572
-1707
-1622
-1498
-1485
-1533
-1660
-1630
-1288
-1016
-768
-540
-277
138
445
578
782
1040
1311
1444
1333
1288
1335
1522
1846
1984
1980
1884
1740
1740
1707
1599
1348
905
524
255
124
42
-83
-246
-324
-462
-595
-605
-616
-600
-680
-827
-914
-991
-947
-826
-845
-957
-1207
-1496
-1737
-1969
-2151
-2173
-2064
-1718
-992
-543
-348
-278
-236
360
879
980
824
364
393
802
1094
1292
1318
1287
1465
1441
1202
1120
794
526
165
-417
-768
-1068
-1314
-1268
-1262
-1287
-1415
-1756
-1791
-1576
-1392
-1346
-1608
-1817
-1561
-1209
-841
-553
-387
-48
280
429
625
821
997
1114
1011
947
998
1071
1359
1654
1734
1794
1554
1347
1373
1329
1268
836
188
-151
-284
-279
-245
-456
-602
-662
-719
-587
-528
-571
-552
-661
-724
-715
-784
-728
-712
-820
-952
-1251
-1571
-1797
-2022
-2173
-2282
-2328
-2065
-1354
-701
-390
-385
-598
-354
153
469
595
185
-63
213
623
1123
1368
1340
1418
1370
1125
1016
675
336
21
-484
-764
-980
-1235
-1212
-1127
-1019
-919
-1207
-1491
-1555
-1463
-1203
-1159
-1423
-1450
-1268
-876
-372
-96
145
333
367
426
556
667
821
789
697
813
918
1095
1390
1535
1665
1663
1343
1101
878
804
894
554
115
-173
-267
12
186
162
92
-158
-292
-201
-178
-139
-167
-345
-401
-445
-373
-145
-124
-220
-389
-694
-905
-1153
-1459
-1693
-1977
-2142
-2127
-1943
-1288
-552
-207
-162
-502
-504
7
488
758
498
122
237
621
1126
1572
1637
1570
1376
991
825
719
537
354
-64
-331
-368
-388
-278
-155
-67
65
-117
-533
-804
-884
-668
-443
-527
-669
-667
-507
-99
276
513
620
455
267
290
441
684
858
811
781
848
1012
1307
1563
1674
1695
1478
1130
945
927
1180
1331
1087
794
581
569
768
815
698
436
31
-179
-168
-66
165
250
164
90
15
108
255
186
-18
-315
-701
-977
-1205
-1337
-1389
-1570
-1798
-1919
-1897
-1520
-744
-190
-9
-309
-870
-861
-448
105
522
307
-12
-8
288
998
1614
1755
1638
1237
827
842
933
1069
1137
799
551
451
431
630
701
588
475
145
-212
-429
-620
-514
-274
-237
-282
-484
-658
-477
-206
36
138
-79
-335
-359
-197
291
792
979
1058
961
965
1251
1545
1731
1759
1511
1271
1173
1202
1449
1568
1488
1298
993
819
842
860
840
684
391
180
60
40
167
251
283
198
34
-69
-109
-107
-58
-90
-244
-458
-711
-917
-1053
-1181
-1378
-1696
-2120
-2405
-2402
-2047
-1340
-742
-514
-643
-970
-894
-355
328
906
890
531
359
556
1220
1966
2358
2301
1891
1429
1359
1551
1765
1859
1524
1032
672
466
523
602
484
261
-162
-585
-829
-973
-946
-812
-730
-647
-618
-691
-653
-497
-241
75
207
112
-34
-130
-19
357
755
1044
1125
1022
972
1049
1247
1520
1608
1533
1381
1298
1394
1514
1548
1424
1191
976
857
837
816
732
603
499
455
441
448
412
290
139
6
-124
-250
-415
-611
-795
-908
-907
-865
-854
-959
-1115
-1244
-1332
-1383
-1503
-1705
-1905
-1993
-1809
-1274
-562
12
298
200
34
127
423
916
1271
1283
1110
905
884
1182
1562
1838
1825
1491
1146
910
818
828
841
802
794
734
643
605
509
391
211
-1
-135
-242
-372
-505
-628
-648
-483
-272
-88
16
-44
-150
-265
-329
-256
-112
-22
26
43
144
403
667
881
1035
1135
1215
1315
1379
1445
1454
1399
1336
1288
1299
1310
1262
1112
875
627
419
239
90
-26
-102
-177
-228
-262
-292
-347
-459
-577
-711
-779
-789
-799
-771
-720
-646
-539
-415
-295
-229
-176
-199
-301
-378
-439
-542
-696
-852
-902
-779
-537
-212
39
131
96
-27
-176
-218
-134
3
133
220
329
467
611
737
787
769
711
619
549
532
544
596
602
553
504
479
441
359
240
96
-46
-186
-279
-298
-273
-233
-176
-135
-83
-12
54
38
-25
-84
-125
-117
-39
51
145
189
212
247
255
265
263
246
189
115
86
90
149
209
217
195
149
110
86
49
4
-36
-54
-61
-64
-42
11
82
152
186
206
175
125
42
-69
-126
-178
-166
-134
-125
-91
-27
40
57
116
129
102
93
64
18
-1
22
4
16
-10
-33
-73
-139
-185
-218
-240
-221
-176
-147
-150
-181
-237
-285
-346
-371
-385
-385
-356
-294
-198
-127
-68
-42
-22
-15
-25
-50
-77
-86
-70
-34
26
88
157
198
197
165
120
90
47
12
-13
-14
5
23
24
39
54
48
20
-20
-61
-83
-88
-85
-61
-50
-35
-8
35
59
96
116
119
83
13
-37
-78
-93
-109
-149
-170
-176
-159
-124
-67
-26
-4
19
2
3
7
0
1
-9
-23
-14
4
23
35
43
75
110
110
86
48
20
-4
-34
-68
-89
-111
-162
-195
-234
-259
-302
-341
-362
-389
-408
-418
-427
-441
-456
-481
-520
-550
-534
-483
-426
-374
-316
-266
-210
-171
-150
-119
-112
-110
-108
-114
-94
-69
-27
23
72
112
130
128
110
114
138
140
132
110
93
86
116
146
178
184
187
183
198
214
227
240
230
219
187
178
174
194
211
205
189
171
180
210
223
236
234
221
203
202
223
258
276
252
210
177
173
182
161
118
63
13
-21
-29
-14
1
14
8
-14
-61
-65
-58
-41
-47
-72
-109
-155
-145
-147
-125
-124
-138
-146
-191
-217
-221
-231
-262
-328
-410
-435
-437
-430
-424
-453
-476
-480
-473
-468
-462
-443
-405
-382
-377
-347
-281
-211
-185
-185
-174
-143
-108
-97
-101
-92
-92
-100
-102
-81
-48
-10
9
8
4
15
40
51
40
49
82
128
180
216
279
344
386
385
382
390
409
414
401
386
371
354
334
323
329
334
313
290
278
284
293
265
209
171
129
75
2
-54
-83
-118
-155
-187
-209
-213
-203
-214
-229
-206
-177
-148
-139
-145
-123
-98
-87
-74
-64
-54
-35
-25
-30
-12
-1
10
-23
-41
-38
-40
-50
-60
-80
-84
-94
-120
-103
-101
-88
-98
-115
-130
-140
-162
-208
-237
-254
-241
-241
-249
-225
-196
-148
-122
-111
-104
-77
-70
-61
-46
-11
52
74
82
102
154
227
257
240
197
175
185
186
198
202
242
277
292
354
417
516
574
591
585
559
556
526
486
446
436
402
345
301
262
265
244
204
152
100
77
36
-3
-31
-39
-33
-24
-23
-7
27
69
81
84
77
88
85
84
77
61
67
52
54
56
68
89
96
75
49
34
28
12
-16
-40
-79
-111
-127
-126
-102
-85
-100
-108
-113
-106
-96
-107
-94
-86
-69
-38
19
71
117
152
148
150
152
144
121
55
12
2
-4
-8
-11
-4
22
30
21
23
40
62
69
46
37
37
50
63
75
74
82
79
45
25
29
36
29
-1
-45
-75
-109
-145
-172
-192
-203
-220
-243
-251
-212
-159
-100
-73
-53
-32
3
44
43
60
87
107
98
87
110
149
171
147
134
132
152
168
286
379
424
359
264
109
-11
-16
-62
-72
-48
34
68
67
-31
-104
-154
-191
-144
-107
-51
18
33
15
-29
-70
-81
-85
-99
-102
-121
-139
-164
-179
-150
-132
-93
-55
-40
-34
-16
-19
-61
-32
34
79
76
52
93
112
64
80
100
53
13
-5
-29
-58
-67
-106
-183
-319
-326
-300
-350
-388
-374
-358
-394
-411
-429
-422
-420
-427
-451
-460
-472
-468
-447
-424
-382
-337
-312
-304
-270
-242
-213
-184
-168
-177
-158
-126
-79
-43
-23
6
7
28
52
101
136
134
127
131
116
101
105
85
69
45
26
8
-25
-24
-64
-98
-117
-173
-219
-220
-255
-294
-259
-250
-319
-325
-310
-367
-347
-265
-286
-269
-192
-204
-140
-103
-42
12
-29
-25
9
65
53
10
-6
4
-16
-42
-1
-34
-119
-104
-110
-198
-217
-202
-180
-229
-257
-255
-268
-319
-407
-379
-415
-451
-469
-535
-569
-461
-304
-215
-222
-311
-415
-505
-500
-441
-358
-337
-309
-305
-311
-314
-303
-247
-217
-146
-64
-35
-39
-59
-85
-121
-140
-122
-80
-62
-58
-68
-110
-123
-113
-102
-93
-60
-60
-103
-171
-222
-241
-248
-231
-235
-220
-217
-225
-229
-245
-226
-177
-131
-78
-55
-21
27
65
105
131
153
157
157
150
145
151
181
191
184
182
195
224
243
248
223
204
190
196
195
155
129
130
114
105
100
88
54
31
20
-12
21
72
37
-60
-106
-122
-165
-191
-166
-178
-234
-211
-101
-36
-41
18
78
94
138
210
202
202
185
155
164
180
209
227
204
177
214
227
268
290
242
172
137
152
112
41
-4
-7
-63
-86
-86
-129
-141
-115
-113
-132
-132
-142
-100
-29
4
14
64
67
34
11
-3
26
28
32
36
31
36
54
77
122
171
178
147
93
70
72
84
85
61
34
27
40
73
107
131
142
148
144
139
126
93
58
32
-27
-45
-53
-43
-2
39
85
133
189
246
300
333
350
343
330
319
313
316
314
309
320
314
315
328
326
303
286
307
314
320
322
293
279
274
257
220
168
135
89
38
24
45
103
137
100
88
100
90
102
132
115
87
111
165
135
127
172
149
98
111
150
118
93
87
100
120
159
150
114
123
95
50
42
46
52
44
64
94
93
77
87
96
41
-41
-101
-189
-270
-295
-276
-264
-270
-244
-207
-182
-152
-111
-77
-34
-3
45
69
58
79
114
151
185
198
218
222
218
259
282
305
328
330
345
331
320
321
314
300
302
287
263
276
287
296
297
276
276
266
254
246
261
275
275
275
289
296
298
311
314
307
295
294
303
328
358
392
413
398
387
377
384
382
355
323
294
296
289
309
339
373
407
425
433
426
433
425
393
353
321
300
263
250
236
233
237
211
221
234
249
251
217
197
195
195
216
227
243
241
226
239
262
292
311
342
348
337
334
324
332
343
333
315
290
263
245
243
257
253
236
226
215
217
201
190
212
222
228
240
248
255
286
335
362
371
357
342
335
324
317
310
288
266
259
260
264
256
239
222
202
181
169
159
153
151
146
155
171
205
232
255
274
289
318
337
325
325
334
329
338
328
341
367
393
420
454
483
520
524
522
517
503
483
445
413
379
356
358
361
377
393
405
406
384
371
361
357
347
318
286
256
244
243
266
277
275
265
250
227
205
194
187
176
184
194
219
244
286
324
335
356
351
340
333
343
338
322
303
293
289
284
295
286
273
255
225
188
156
126
77
27
-36
-89
-115
-150
-161
-179
-184
-185
-209
-231
-230
-210
-208
-232
-253
-270
-258
-226
-178
-127
-87
-41
-7
41
82
122
135
141
135
125
128
111
96
89
70
46
25
20
13
0
-8
-23
-49
-70
-86
-79
-86
-85
-90
-104
-119
-127
-121
-128
-137
-163
-179
-202
-224
-229
-237
-223
-218
-192
-163
-126
-87
-33
2
26
62
91
117
144
166
195
206
188
190
202
208
211
194
164
134
87
51
2
-43
-98
-135
-172
-225
-256
-263
-264
-290
-312
-346
-349
-363
-374
-387
-414
-373
-373
-341
-286
-244
-155
-113
-69
-24
14
57
83
91
114
122
120
134
109
141
117
118
107
50
73
21
30
-11
-15
-22
-45
-52
-78
-80
-112
-118
-154
-174
-199
-187
-202
-223
-231
-250
-262
-269
-251
-236
-213
-214
-201
-181
-148
-104
-64
-39
-6
38
62
85
122
146
159
178
183
179
171
171
149
130
117
100
74
38
-4
-30
-61
-96
-117
-145
-164
-174
-209
-233
-233
-243
-254
-263
-266
-272
-271
-268
-253
-214
-172
-132
-94
-55
-4
38
77
103
123
137
155
159
172
188
194
202
194
192
187
208
200
184
179
163
137
123
111
96
87
72
60
40
29
25
20
0
-29
-52
-73
-101
-97
-105
-112
-119
-125
-90
-73
-37
-4
18
62
91
143
195
221
254
281
306
314
317
331
335
336
324
294
265
232
228
216
195
176
140
105
75
55
32
-31
-78
-131
-171
-205
-233
-236
-235
-227
-209
-183
-149
-101
-60
-12
19
47
75
105
131
161
185
189
193
206
219
222
230
220
210
194
180
177
171
164
155
140
119
108
98
90
75
56
43
24
1
-5
-18
-42
-57
-65
-75
-90
-96
-97
-102
-124
-126
-110
-88
-59
-27
-13
7
37
60
94
110
129
135
133
152
165
175
171
154
146
133
109
95
97
77
58
38
17
4
-22
-22
-40
-84
-110
-137
-157
-179
-189
-214
-238
-239
-240
-237
-216
-194
-168
-148
-129
-116
-77
-62
-35
-13
-5
11
24
47
64
78
88
98
95
91
84
97
106
113
107
97
72
63
60
53
31
6
-18
-53
-72
-95
-111
-133
-150
-163
-174
-175
-163
-164
-160
-157
-157
-144
-137
-95
-69
-40
3
20
45
58
81
106
116
117
108
118
111
91
99
98
85
68
34
40
37
35
28
13
18
2
-16
-36
-43
-76
-97
-123
-131
-133
-128
-119
-117
-98
-72
-58
-46
-22
-17
5
29
31
31
45
55
63
60
70
71
84
78
64
72
72
79
84
78
74
62
59
51
46
38
30
3
-31
-43
-71
-81
-108
-125
-154
-161
-171
-169
-153
-150
-137
-139
-135
-132
-102
-88
-87
-63
-79
-70
-57
-46
-17
-8
4
-14
-29
-30
-32
-38
-55
-83
-103
-131
-159
-162
-152
-136
-140
-159
-175
-171
-162
-157
-181
-192
-209
-225
-227
-224
-214
-199
-186
-203
-213
-203
-182
-176
-172
-177
-179
-177
-166
-155
-139
-119
-132
-136
-152
-161
-160
-154
-162
-171
-170
-178
-180
-162
-157
-153
-145
-168
-181
-185
-203
-212
-224
-245
-263
-272
-284
-294
-303
-304
-311
-327
-326
-323
-308
-316
-323
-337
-348
-347
-349
-328
-303
-287
-256
-242
-236
-214
-186
-169
-174
-175
-169
-164
-167
-178
-182
-184
-196
-219
-223
-229
-221
-236
-257
-278
-303
-327
-352
-350
-361
-390
-397
-387
-373
-348
-321
-305
-286
-261
-246
-204
-175
-160
-129
-143
-125
-114
-98
-79
-64
-50
-40
-32
-30
-1
-18
-13
-13
-29
-33
-59
-84
-106
-112
-135
-164
-182
-208
-219
-228
-243
-273
-298
-308
-319
-331
-341
-335
-334
-343
-320
-302
-287
-258
-239
-231
-225
-213
-196
-185
-154
-136
-148
-145
-123
-125
-117
-105
-103
-102
-133
-137
-135
-138
-136
-146
-158
-182
-187
-189
-181
-191
-193
-223
-258
-272
-303
-323
-336
-342
-344
-336
-323
-294
-249
-228
-212
-209
-209
-206
-213
-211
-204
-200
-201
-200
-182
-164
-138
-109
-99
-89
-80
-69
-54
-28
-9
18
29
48
55
45
63
63
46
38
7
-25
-66
-97
-120
-136
-160
-167
-179
-204
-201
-202
-194
-188
-175
-166
-166
-143
-133
-111
-99
-91
-75
-77
-67
-61
-47
-50
-54
-49
-43
-34
-12
-6
-13
-9
-11
-19
-20
-22
-27
-27
-44
-67
-90
-104
-126
-144
-161
-170
-170
-178
-187
-187
-171
-147
-126
-112
-92
-73
-55
-39
-29
-22
-5
8
9
25
38
40
54
66
46
43
42
45
44
51
68
69
81
106
130
152
174
187
190
191
181
175
160
132
102
77
54
25
13
1
-16
-31
-41
-31
-37
-38
-46
-44
-35
-22
-8
2
26
46
73
87
114
113
122
121
118
126
138
142
133
124
126
112
114
107
91
76
57
43
26
13
3
-5
-27
-36
-43
-49
-63
-72
-89
-81
-79
-75
-52
-34
-18
-3
12
30
38
39
43
34
20
26
35
32
41
25
47
75
79
75
92
115
120
132
141
156
171
182
180
200
191
193
188
158
145
130
103
77
41
22
14
-11
-15
-25
-28
-37
-37
-28
-23
-15
-8
-4
-6
9
28
39
46
47
43
53
55
72
71
70
72
69
55
54
53
40
32
18
22
15
12
17
31
29
21
16
4
19
21
23
21
26
45
46
64
86
87
89
96
89
89
89
90
80
60
58
55
52
54
45
46
45
44
42
44
50
63
86
88
116
149
167
185
200
216
228
220
228
234
232
227
221
224
209
200
193
182
167
168
164
152
140
141
145
121
129
130
131
132
141
137
148
162
158
168
174
202
215
213
208
198
185
179
174
167
147
151
143
125
123
113
118
112
108
111
100
97
101
104
111
122
127
147
166
183
194
200
220
234
229
228
228
226
224
214
210
203
190
173
154
133
135
130
128
133
137
146
143
164
179
184
184
181
182
189
198
188
179
160
143
150
139
144
156
171
172
170
179
188
190
197
200
187
192
186
185
184
195
212
211
212
202
214
216
237
252
241
247
242
227
214
209
205
202
183
163
146
154
150
138
129
111
106
86
68
74
87
81
66
65
67
89
139
151
160
168
167
169
176
181
186
182
162
144
139
136
144
142
109
99
93
81
88
87
95
110
102
113
116
118
126
119
110
109
98
87
70
75
73
59
46
37
38
42
50
36
34
34
39
28
19
17
7
2
-12
-28
-28
-20
-30
-25
-43
-51
-47
-55
-50
-42
-28
-35
-36
-26
-9
17
22
24
16
0
-5
-11
-28
-44
-55
-79
-100
-113
-97
-86
-90
-81
-91
-77
-84
-96
-81
-82
-88
-80
-85
-80
-74
-65
-58
-76
-64
-65
-63
-64
-63
-70
-82
-82
-100
-101
-89
-95
-88
-94
-105
-108
-103
-112
-118
-129
-149
-177
-198
-196
-211
-210
-219
-229
-251
-246
-234
-234
-225
-222
-222
-219
-216
-209
-203
-212
-208
-212
-216
-210
-215
-223
-234
-245
-274
-293
-306
-314
-329
-340
-336
-339
-334
-327
-333
-321
-304
-309
-310
-317
-331
-336
-339
-343
-343
-334
-338
-344
-321
-322
-306
-314
-320
-312
-328
-344
-358
-357
-374
-384
-379
-384
-386
-384
-390
-392
-382
-402
-414
-416
-424
-425
-438
-438
-435
-442
-443
-452
-447
-461
-446
-457
-471
-473
-472
-473
-476
-476
-490
-477
-479
-489
-497
-488
-479
-484
-475
-469
-462
-447
-441
-445
-433
-431
-422
-417
-423
-423
-432
-450
-463
-457
-460
-463
-462
-470
-471
-487
-476
-476
-488
-495
-516
-511
-518
-526
-535
-531
-537
-552
-563
-563
-560
-554
-552
-556
-550
-540
-531
-521
-522
-501
-495
-506
-509
-526
-512
-513
-502
-506
-503
-509
-518
-508
-519
-524
-538
-538
-567
-578
-590
-594
-591
-587
-578
-577
-573
-568
-567
-561
-553
-562
-573
-592
-584
-588
-581
-579
-588
-591
-612
-601
-591
-595
-601
-602
-601
-601
-605
-604
-608
-600
-598
-600
-588
-589
-595
-599
-588
-589
-601
-604
-610
-603
-613
-597
-598
-602
-595
-595
-582
-583
-583
-598
-601
-606
-619
-628
-642
-639
-646
-640
-632
-624
-609
-597
-583
-555
-541
-529
-513
-497
-486
-469
-459
-448
-439
-431
-414
-397
-384
-363
-358
-354
-348
-360
-362
-377
-376
-383
-406
-420
-428
-432
-439
-441
-447
-451
-463
-472
-468
-472
-484
-490
-488
-485
-495
-486
-477
-457
-443
-451
-438
-449
-435
-432
-435
-439
-438
-430
-430
-421
-410
-405
-415
-414
-416
-424
-429
-428
-424
-431
-436
-418
-413
-404
-389
-384
-372
-369
-380
-382
-385
-394
-392
-405
-414
-425
-443
-456
-459
-469
-466
-460
-467
-470
-464
-454
-449
-425
-417
-417
-420
-399
-379
-357
-315
-293
-277
-240
-210
-179
-170
-169
-153
-159
-158
-170
-183
-185
-196
-206
-209
-222
-232
-242
-243
-248
-262
-267
-267
-269
-266
-250
-247
-233
-222
-215
-207
-199
-195
-191
-185
-196
-193
-191
-185
-166
-162
-164
-164
-153
-157
-149
-143
-143
-149
-165
-165
-173
-175
-171
-166
-156
-153
-162
-148
-151
-156
-155
-161
-168
-177
-184
-190
-191
-206
-211
-218
-219
-235
-247
-253
-267
-272
-277
-291
-282
-279
-279
-264
-253
-244
-230
-227
-209
-186
-173
-165
-150
-147
-129
-121
-117
-118
-108
-118
-118
-131
-137
-133
-137
-144
-163
-167
-181
-196
-204
-185
-197
-201
-194
-207
-210
-186
-181
-188
-194
-204
-203
-211
-212
-219
-208
-218
-226
-225
-239
-229
-230
-231
-238
-249
-256
-273
-288
-290
-299
-304
-304
-301
-298
-287
-282
-281
-275
-279
-285
-297
-303
-298
-310
-322
-326
-333
-336
-343
-353
-337
-340
-345
-343
-348
-356
-361
-362
-362
-363
-369
-367
-359
-356
-342
-335
-326
-304
-299
-293
-275
-267
-271
-265
-258
-244
-248
-262
-262
-256
-259
-265
-281
-296
-311
-313
-324
-331
-334
-325
-325
