SAMPLES:	15241
BITSPERSAMPLE:	16
CHANNELS:	1
SAMPLERATE:	16000
NORMALIZED:	FALSE
73
85
86
81
86
79
84
93
94
100
102
107
116
121
138
139
143
145
135
135
137
140
135
135
145
145
149
144
153
149
152
161
160
158
157
169
160
163
161
160
169
175
182
181
177
183
187
194
207
208
226
235
231
235
240
240
255
256
246
252
247
256
255
261
267
254
251
251
247
237
238
241
234
223
229
222
212
213
215
217
220
228
221
226
227
219
223
229
236
239
238
235
237
240
245
246
238
251
253
244
242
242
229
245
232
240
240
238
246
245
240
237
233
242
236
247
247
262
261
252
259
251
256
254
260
255
255
257
256
256
263
254
262
265
264
274
271
284
288
289
288
291
294
282
284
282
278
273
282
282
268
261
263
265
259
256
256
255
261
251
247
238
227
232
231
231
227
236
243
225
221
225
219
224
233
226
218
228
234
218
212
220
224
226
226
235
244
229
223
230
229
222
227
227
215
217
208
207
212
219
230
235
242
236
235
236
245
252
243
259
264
273
265
260
264
259
260
272
275
277
282
264
271
281
277
270
281
284
287
282
278
277
268
261
263
264
261
255
264
259
265
266
263
274
273
283
292
294
307
310
293
288
290
292
283
280
289
290
289
294
293
285
284
287
289
289
285
287
294
290
293
283
270
268
269
266
265
264
257
240
241
240
235
240
236
245
250
244
236
235
230
236
231
237
231
233
236
235
232
223
222
217
215
212
217
219
219
207
211
215
207
202
200
203
208
206
204
211
212
211
210
214
219
212
215
210
207
204
195
211
200
209
224
214
218
218
225
222
226
229
240
242
245
245
250
249
253
270
258
257
259
253
267
268
269
266
261
269
268
261
272
264
270
274
267
269
268
266
273
284
278
281
282
280
284
291
282
291
295
287
297
293
300
299
295
299
297
306
313
308
317
315
313
310
308
304
311
314
309
311
308
311
307
303
299
301
300
300
312
308
310
303
301
313
307
314
313
320
320
323
322
328
326
323
322
323
317
313
317
306
313
310
315
313
299
307
306
300
303
302
296
290
299
293
289
290
288
291
289
294
290
283
287
291
297
297
303
308
307
303
303
303
300
301
304
310
312
302
297
297
293
292
285
290
285
281
275
277
282
270
270
272
280
279
268
274
261
262
260
261
257
263
271
272
267
264
257
255
258
251
255
263
254
255
251
258
249
246
252
246
247
250
247
236
231
229
227
234
224
225
235
227
228
224
230
226
238
229
240
232
219
223
225
234
246
239
246
238
242
240
238
239
244
260
258
260
248
252
254
249
256
261
265
277
262
259
251
240
254
244
243
244
256
247
247
250
238
239
241
242
248
249
234
235
228
227
223
236
236
235
252
221
217
212
215
222
222
227
225
226
220
221
210
206
207
204
207
206
206
216
212
204
195
195
197
200
198
205
200
192
188
184
184
180
180
169
171
167
163
176
167
162
158
156
159
151
159
166
158
161
155
155
149
148
141
143
137
135
137
140
143
134
132
125
125
127
128
128
130
128
116
112
117
123
122
123
130
124
123
112
117
115
110
114
114
111
118
127
113
121
121
119
107
115
121
120
125
119
126
124
114
121
128
127
131
131
129
121
125
114
114
114
115
111
107
110
114
116
110
108
98
98
98
101
101
107
106
114
112
114
116
117
101
99
106
103
107
105
102
100
96
97
91
92
103
93
89
99
99
94
93
91
91
89
87
95
95
97
91
98
105
99
105
98
92
92
95
98
88
83
84
84
79
73
76
77
77
81
79
88
92
89
95
92
90
87
79
84
66
59
72
71
61
64
73
68
66
58
59
61
59
70
63
64
61
64
53
52
51
53
51
41
36
37
42
30
29
21
28
28
21
18
26
17
22
29
21
24
14
21
11
9
5
9
0
-2
-2
-10
-4
-9
1
-14
-7
-10
-12
-9
-11
-8
-2
-4
-25
-26
-16
-19
-26
-16
-38
-43
-38
-47
-35
-38
-47
-43
-38
-35
-44
-54
-56
-53
-56
-58
-46
-52
-43
-47
-52
-47
-53
-59
-53
-64
-49
-43
-53
-58
-68
-74
-73
-73
-84
-83
-89
-84
-85
-91
-91
-90
-79
-83
-88
-85
-96
-97
-95
-88
-89
-86
-88
-86
-77
-89
-86
-86
-84
-93
-93
-92
-102
-103
-104
-111
-117
-114
-123
-127
-114
-137
-136
-130
-152
-145
-139
-144
-140
-126
-127
-123
-133
-146
-136
-141
-140
-154
-158
-156
-160
-170
-166
-171
-166
-171
-163
-158
-167
-169
-179
-176
-181
-190
-170
-173
-184
-180
-197
-194
-195
-201
-195
-202
-207
-205
-205
-211
-222
-213
-209
-205
-204
-192
-201
-189
-195
-200
-195
-205
-199
-202
-199
-200
-206
-204
-202
-192
-177
-187
-189
-200
-202
-197
-204
-199
-200
-206
-204
-200
-201
-208
-208
-207
-204
-196
-192
-197
-191
-187
-196
-206
-187
-189
-191
-176
-184
-190
-195
-189
-186
-178
-178
-178
-163
-164
-159
-158
-169
-166
-163
-169
-159
-164
-167
-174
-184
-178
-181
-176
-180
-174
-173
-176
-175
-173
-164
-165
-146
-151
-159
-152
-147
-140
-154
-161
-151
-156
-163
-161
-152
-155
-155
-150
-156
-151
-162
-166
-165
-165
-172
-174
-162
-169
-161
-157
-158
-160
-153
-156
-156
-158
-161
-146
-148
-147
-141
-139
-136
-139
-138
-147
-149
-132
-142
-148
-144
-138
-134
-143
-139
-145
-142
-141
-136
-134
-140
-135
-142
-141
-141
-149
-146
-144
-141
-137
-140
-138
-131
-131
-128
-134
-131
-123
-121
-120
-118
-120
-133
-131
-136
-125
-117
-128
-117
-111
-108
-97
-96
-98
-93
-104
-99
-94
-106
-104
-108
-110
-106
-106
-98
-100
-96
-103
-100
-99
-102
-88
-94
-89
-73
-77
-81
-85
-101
-83
-78
-77
-71
-65
-60
-70
-47
-54
-45
-39
-35
-30
-36
-34
-37
-31
-40
-37
-35
-35
-25
-26
-25
-22
-28
-30
-30
-43
-38
-44
-55
-61
-60
-55
-52
-53
-58
-47
-58
-60
-71
-64
-69
-62
-65
-73
-63
-64
-63
-74
-69
-58
-63
-70
-75
-70
-71
-75
-79
-84
-87
-81
-80
-74
-79
-92
-97
-109
-100
-110
-109
-101
-109
-106
-118
-126
-120
-109
-111
-109
-112
-115
-107
-108
-98
-113
-107
-98
-99
-101
-108
-105
-96
-96
-95
-99
-94
-80
-101
-91
-87
-102
-101
-102
-104
-103
-100
-93
-94
-106
-104
-100
-95
-104
-112
-103
-110
-122
-126
-122
-126
-122
-122
-122
-108
-99
-105
-118
-105
-109
-114
-103
-107
-97
-107
-114
-115
-117
-106
-111
-117
-106
-110
-119
-120
-112
-132
-126
-125
-129
-125
-130
-130
-133
-134
-140
-138
-146
-127
-126
-131
-122
-118
-124
-122
-120
-111
-108
-117
-105
-110
-106
-106
-109
-103
-104
-87
-88
-87
-85
-90
-90
-84
-93
-82
-86
-95
-87
-89
-89
-95
-89
-93
-109
-105
-96
-89
-94
-96
-84
-91
-102
-100
-88
-91
-95
-93
-93
-93
-98
-102
-104
-105
-100
-98
-105
-107
-106
-107
-101
-102
-92
-87
-95
-92
-102
-96
-97
-98
-105
-100
-107
-108
-106
-104
-111
-116
-108
-116
-120
-123
-113
-115
-117
-117
-126
-119
-121
-123
-118
-123
-124
-132
-135
-127
-128
-124
-126
-119
-120
-109
-112
-119
-100
-109
-93
-94
-92
-78
-88
-91
-86
-77
-86
-79
-77
-82
-90
-85
-82
-94
-82
-84
-85
-85
-87
-87
-92
-86
-84
-88
-93
-101
-101
-108
-98
-97
-106
-96
-88
-89
-93
-97
-88
-86
-80
-85
-78
-68
-74
-68
-73
-65
-69
-73
-64
-64
-54
-68
-72
-68
-79
-74
-71
-80
-82
-89
-97
-109
-105
-100
-105
-103
-107
-114
-114
-108
-99
-97
-109
-102
-99
-101
-95
-96
-86
-86
-85
-82
-79
-79
-84
-78
-87
-80
-63
-82
-72
-69
-85
-86
-89
-91
-82
-84
-83
-80
-79
-91
-86
-86
-97
-92
-86
-85
-94
-100
-86
-99
-102
-94
-97
-91
-94
-93
-107
-101
-108
-108
-109
-106
-104
-111
-113
-114
-109
-120
-111
-116
-122
-113
-119
-127
-129
-143
-143
-141
-154
-153
-157
-154
-164
-168
-165
-163
-150
-168
-160
-159
-165
-169
-172
-160
-164
-163
-167
-159
-156
-171
-171
-184
-178
-175
-181
-187
-183
-173
-182
-178
-186
-186
-179
-185
-182
-188
-179
-182
-192
-202
-206
-213
-210
-210
-224
-228
-224
-220
-224
-222
-230
-221
-217
-219
-216
-221
-224
-218
-226
-230
-229
-229
-236
-239
-233
-231
-232
-235
-237
-232
-235
-243
-236
-240
-242
-245
-243
-237
-245
-251
-241
-230
-237
-244
-253
-258
-266
-265
-268
-273
-276
-283
-281
-284
-277
-277
-287
-289
-277
-278
-279
-280
-276
-271
-283
-279
-278
-290
-277
-281
-289
-276
-277
-276
-293
-285
-287
-282
-283
-296
-295
-301
-296
-290
-306
-310
-299
-309
-313
-319
-325
-318
-315
-315
-315
-321
-327
-328
-325
-334
-326
-332
-327
-329
-331
-330
-338
-333
-333
-335
-339
-348
-348
-342
-347
-346
-356
-354
-355
-365
-370
-367
-367
-367
-375
-380
-372
-372
-369
-371
-362
-361
-361
-360
-362
-366
-374
-373
-372
-360
-358
-360
-356
-358
-352
-350
-352
-355
-351
-344
-343
-341
-341
-333
-330
-340
-329
-322
-316
-328
-324
-329
-332
-332
-335
-333
-336
-338
-336
-337
-336
-329
-334
-342
-336
-344
-348
-345
-351
-342
-346
-348
-344
-346
-356
-354
-347
-354
-353
-357
-359
-351
-352
-349
-350
-351
-356
-355
-353
-352
-341
-347
-351
-344
-341
-340
-344
-337
-343
-339
-334
-327
-332
-326
-315
-298
-298
-302
-298
-292
-288
-288
-284
-288
-281
-279
-277
-262
-268
-270
-266
-271
-278
-274
-274
-269
-264
-265
-272
-262
-271
-274
-269
-268
-269
-270
-255
-262
-256
-259
-262
-276
-269
-277
-290
-292
-303
-289
-295
-289
-289
-299
-294
-297
-300
-302
-299
-300
-302
-299
-294
-290
-298
-295
-299
-296
-297
-298
-298
-303
-301
-297
-304
-305
-294
-298
-295
-291
-295
-289
-283
-295
-284
-265
-271
-270
-257
-246
-250
-241
-240
-235
-229
-224
-221
-226
-211
-219
-218
-219
-215
-213
-227
-227
-227
-230
-217
-228
-231
-227
-231
-225
-233
-228
-228
-234
-226
-231
-231
-232
-236
-234
-239
-251
-253
-248
-249
-241
-240
-241
-233
-226
-240
-246
-249
-246
-248
-248
-248
-250
-254
-259
-268
-269
-258
-272
-272
-262
-262
-261
-270
-272
-259
-266
-266
-260
-265
-260
-267
-274
-255
-259
-255
-249
-250
-256
-257
-247
-251
-258
-257
-258
-249
-261
-258
-247
-253
-243
-246
-249
-255
-251
-263
-260
-265
-268
-256
-269
-266
-269
-261
-264
-266
-263
-270
-273
-276
-274
-277
-269
-270
-277
-273
-277
-269
-267
-268
-266
-272
-261
-265
-270
-259
-258
-262
-259
-250
-253
-251
-251
-250
-246
-257
-255
-252
-264
-255
-261
-270
-257
-264
-267
-265
-270
-269
-264
-273
-278
-273
-282
-283
-284
-289
-279
-283
-280
-280
-279
-265
-271
-282
-270
-265
-270
-277
-276
-270
-281
-277
-273
-280
-278
-277
-281
-277
-273
-275
-266
-263
-265
-260
-258
-258
-249
-242
-245
-249
-243
-253
-250
-258
-264
-251
-264
-253
-258
-268
-275
-280
-270
-270
-271
-271
-271
-278
-283
-283
-282
-285
-271
-273
-285
-273
-270
-279
-277
-271
-266
-263
-260
-256
-260
-260
-270
-267
-265
-259
-259
-256
-259
-248
-243
-247
-233
-231
-233
-223
-221
-218
-211
-222
-219
-222
-217
-226
-223
-219
-214
-209
-209
-200
-200
-186
-182
-181
-179
-176
-172
-164
-157
-153
-158
-160
-159
-146
-141
-138
-126
-128
-115
-118
-119
-111
-122
-115
-111
-118
-112
-116
-100
-101
-111
-99
-93
-95
-94
-99
-90
-82
-84
-72
-71
-70
-70
-73
-65
-50
-58
-50
-39
-38
-41
-43
-41
-44
-43
-29
-24
-23
-19
-16
-15
-17
-11
-13
-11
-7
-8
-5
-7
-15
-11
-19
-15
3
-11
-4
-5
-3
0
2
6
6
6
8
14
12
17
23
25
27
28
28
34
33
35
40
35
24
31
44
41
39
48
50
57
53
54
48
54
56
63
63
63
72
65
68
71
78
83
75
79
78
68
71
77
75
64
67
76
74
72
70
81
84
79
79
89
76
74
74
71
70
76
81
79
75
77
97
83
85
82
84
89
85
87
84
80
91
78
74
81
83
75
70
79
68
68
68
64
66
68
66
62
58
65
68
71
70
59
63
71
73
60
63
80
71
68
65
70
66
60
73
65
54
69
75
68
62
65
74
69
70
74
70
70
74
71
77
63
64
63
70
72
62
60
53
69
71
68
64
71
78
64
69
76
90
93
90
100
106
101
102
96
102
111
110
114
111
116
116
117
129
127
136
128
132
142
138
146
154
149
148
147
147
152
153
169
166
168
162
156
164
172
166
157
168
167
166
166
163
171
174
175
166
169
173
173
174
168
170
171
166
168
162
160
159
163
161
154
158
156
159
157
162
177
177
183
187
185
193
189
198
202
202
206
217
208
205
210
212
221
224
231
220
226
219
221
221
218
220
218
227
238
233
233
235
227
239
236
239
248
239
236
243
236
238
237
239
244
240
246
246
248
245
247
256
255
261
259
260
262
258
261
254
248
259
264
266
256
251
244
248
249
245
249
242
240
237
231
234
235
235
240
225
226
229
231
223
230
222
233
234
239
243
239
238
238
251
237
243
234
243
240
230
222
225
229
233
240
225
228
224
213
216
206
202
200
200
191
191
198
199
198
204
195
191
192
195
194
188
196
186
177
169
167
167
167
168
167
160
157
166
162
150
162
152
154
156
147
151
155
154
137
136
135
137
137
131
123
132
126
123
119
119
116
119
133
118
123
132
129
125
121
128
129
127
135
125
130
129
130
125
122
132
123
125
131
121
129
132
134
128
132
128
132
144
143
141
148
142
137
145
148
148
147
154
154
153
153
150
151
153
155
145
149
155
143
136
139
140
140
135
122
125
130
135
136
142
141
133
134
136
137
131
140
145
139
132
129
136
134
139
133
138
140
126
127
133
133
135
137
132
127
123
129
127
126
122
129
106
111
118
105
107
94
102
104
93
90
97
96
109
112
108
106
96
103
110
103
95
93
99
97
94
102
89
92
92
90
80
73
70
87
80
80
83
82
84
70
78
71
69
70
75
68
66
80
81
83
74
74
67
67
62
69
64
55
65
64
72
56
41
43
44
44
41
45
37
31
33
30
34
29
37
29
27
31
32
33
33
38
41
35
38
44
41
37
45
58
51
41
48
40
39
39
43
41
32
37
38
30
34
33
22
30
35
30
34
30
30
26
24
20
22
20
18
26
9
0
-3
-10
-8
-4
-16
-14
-18
-20
-11
-27
-28
-16
-17
-22
-16
-19
-33
-27
-24
-36
-35
-54
-41
-35
-34
-34
-33
-45
-45
-50
-45
-46
-60
-43
-61
-59
-47
-43
-48
-49
-55
-44
-48
-54
-53
-62
-52
-46
-60
-70
-59
-51
-59
-54
-54
-52
-70
-61
-61
-49
-45
-55
-49
-53
-48
-45
-43
-44
-33
-29
-27
-35
-33
-44
-58
-53
-57
-60
-59
-59
-62
-66
-62
-62
-54
-68
-60
-68
-62
-60
-62
-54
-53
-44
-60
-47
-49
-43
-42
-43
-48
-53
-49
-47
-42
-39
-36
-45
-36
-26
-30
-42
-48
-44
-41
-39
-41
-43
-43
-26
-29
-32
-30
-36
-32
-23
-26
-22
-17
-21
-20
-21
-21
-27
-27
-26
-38
-35
-33
-33
-36
-37
-28
-37
-39
-41
-41
-41
-47
-44
-48
-51
-59
-54
-40
-45
-39
-36
-42
-36
-39
-26
-35
-34
-28
-30
-21
-24
-26
-12
-7
-17
-11
2
11
4
1
-3
-14
-20
-13
-15
-12
-11
-21
-16
-13
-14
-13
-14
-12
-9
11
1
-6
0
-6
-2
-2
-2
1
-4
-3
6
9
-4
-5
11
17
9
8
10
0
5
-2
2
2
0
-9
-13
-16
-8
-11
-5
0
7
2
-4
6
6
10
7
5
18
16
17
26
20
27
12
11
7
23
21
11
17
11
13
13
10
-3
-5
-7
-4
-5
-1
-7
-5
4
1
-6
-1
-7
0
-7
8
13
-2
2
5
16
3
12
15
7
13
14
20
15
34
29
32
26
24
33
26
27
28
29
33
40
34
45
42
28
39
43
45
34
43
45
39
39
42
42
44
38
36
39
29
35
38
39
44
36
40
43
39
45
47
40
34
36
33
31
38
36
43
39
37
50
45
52
48
52
54
47
55
54
54
58
54
59
47
51
46
41
38
35
49
40
43
33
41
52
43
50
56
56
56
45
40
53
48
44
54
54
47
69
67
67
60
64
72
69
78
72
78
76
90
92
89
95
97
93
96
92
96
107
93
108
109
112
106
95
118
115
108
104
101
101
111
121
121
121
122
125
126
136
128
123
137
129
132
137
133
119
119
115
108
114
109
109
114
119
118
115
121
121
115
116
120
119
119
124
113
112
110
102
101
102
91
89
85
91
81
74
82
68
67
70
74
70
67
67
61
56
67
62
63
56
67
64
52
51
60
54
44
63
61
54
64
65
64
78
66
63
60
67
76
79
70
75
86
89
92
88
94
99
100
101
112
114
109
105
104
117
116
106
115
124
116
118
121
130
130
135
131
133
133
136
140
134
134
126
130
118
132
134
136
130
125
134
129
127
126
127
132
134
136
141
152
154
147
154
160
163
162
166
162
157
156
155
159
154
152
154
148
142
152
147
159
148
149
152
142
152
149
154
150
153
160
166
165
167
168
175
167
171
177
176
186
188
188
186
195
189
191
200
195
194
201
197
195
197
191
187
189
185
187
181
180
188
183
176
181
180
180
168
166
177
169
167
169
177
170
165
176
172
170
169
175
176
167
166
171
170
166
174
171
164
158
164
173
173
175
179
178
170
175
180
191
175
179
183
172
187
196
198
197
192
194
206
199
202
210
207
203
202
210
207
206
209
206
212
211
212
216
219
218
209
214
218
212
205
214
214
209
212
209
216
217
213
215
207
210
213
201
195
202
203
195
197
196
199
206
201
199
202
198
208
192
179
186
180
185
175
191
190
189
189
194
184
185
196
193
199
193
201
192
186
188
194
188
190
193
186
187
183
180
175
179
180
177
181
170
179
172
178
179
180
185
184
195
196
190
179
188
188
192
192
195
194
202
208
198
201
212
217
219
215
218
220
218
211
218
211
212
223
219
228
227
224
232
229
233
239
240
239
250
251
250
233
235
248
247
258
261
266
263
269
261
262
271
275
278
275
271
275
276
278
276
285
281
285
273
268
268
255
249
253
255
250
250
249
244
239
237
233
214
218
224
219
225
204
218
221
214
221
210
207
204
204
209
201
202
196
202
212
206
214
222
217
222
221
218
213
213
219
224
223
208
231
222
224
229
223
238
228
227
224
230
230
232
237
236
232
240
243
238
250
237
239
235
234
232
229
243
236
234
235
246
239
234
245
248
243
248
240
239
237
227
238
239
228
222
218
223
212
214
222
216
210
208
212
207
218
214
219
224
218
221
218
222
226
240
238
239
235
228
226
236
244
241
235
232
232
231
238
235
234
234
232
226
222
231
226
221
223
221
223
224
227
228
215
216
226
229
233
231
231
231
230
228
226
231
238
230
232
248
239
234
247
241
236
245
248
249
247
248
245
236
244
237
241
243
238
238
235
248
253
253
251
250
243
245
252
243
239
247
245
234
232
240
232
230
227
221
225
215
209
204
206
207
206
207
215
213
220
221
216
213
227
226
219
221
222
221
218
216
217
202
204
219
205
200
195
193
200
192
198
200
199
204
193
205
211
204
201
213
217
209
213
208
210
215
212
208
195
203
203
208
195
198
207
195
193
194
200
200
195
200
203
194
207
207
199
203
207
213
204
205
216
215
220
215
212
213
211
222
228
217
219
226
224
225
221
224
230
231
233
239
228
236
228
225
223
221
231
228
218
217
218
209
203
193
195
199
187
191
192
194
185
187
176
180
184
182
171
174
190
176
194
194
178
189
188
183
183
179
176
171
176
182
168
167
174
177
177
169
180
186
175
177
174
176
181
182
176
178
177
184
191
190
200
192
202
200
212
226
215
218
217
220
217
216
205
199
201
197
201
198
200
205
191
200
209
199
193
184
186
191
177
173
174
170
168
167
166
166
170
166
165
165
165
167
167
180
170
170
173
162
166
161
174
163
161
148
139
141
133
125
138
140
139
142
153
154
152
161
156
159
158
154
141
135
139
132
125
132
134
142
142
142
142
128
130
130
129
132
137
133
137
144
135
142
136
142
138
137
143
128
124
136
130
132
124
124
125
124
127
132
129
115
119
111
103
102
96
102
109
106
112
100
88
84
87
94
89
95
100
96
100
99
100
98
102
105
106
117
104
104
104
101
107
94
92
85
83
77
78
77
69
72
65
63
73
65
61
56
47
42
33
33
29
30
16
18
19
13
10
13
22
9
6
14
12
7
16
11
6
6
-1
5
-5
-12
-10
0
-7
-3
-9
-17
-14
-7
-4
-18
-12
-21
-17
-24
-24
-24
-31
-25
-32
-32
-39
-42
-48
-48
-47
-49
-48
-49
-52
-56
-54
-58
-52
-44
-45
-37
-52
-43
-55
-53
-43
-41
-48
-57
-51
-55
-48
-60
-62
-65
-63
-64
-56
-54
-58
-50
-54
-54
-60
-55
-61
-60
-51
-53
-50
-56
-60
-70
-60
-59
-58
-51
-63
-62
-60
-66
-65
-60
-62
-66
-68
-63
-79
-78
-66
-76
-63
-67
-57
-53
-63
-58
-55
-56
-56
-51
-56
-56
-54
-65
-52
-58
-64
-59
-72
-73
-77
-85
-79
-79
-69
-68
-79
-82
-93
-92
-87
-84
-82
-85
-95
-102
-104
-106
-111
-118
-115
-117
-118
-114
-124
-133
-133
-131
-136
-145
-150
-155
-159
-150
-159
-157
-147
-157
-152
-154
-166
-169
-171
-176
-177
-170
-172
-170
-173
-174
-171
-174
-170
-171
-169
-176
-182
-180
-181
-188
-190
-186
-183
-186
-184
-198
-196
-182
-190
-196
-199
-201
-202
-205
-208
-209
-218
-225
-223
-230
-243
-252
-250
-254
-260
-256
-259
-256
-256
-259
-258
-258
-257
-252
-259
-255
-247
-243
-245
-245
-243
-246
-235
-228
-222
-237
-226
-210
-223
-213
-217
-202
-204
-209
-196
-195
-186
-177
-185
-185
-174
-169
-176
-177
-175
-180
-161
-162
-163
-159
-153
-155
-161
-160
-161
-161
-163
-152
-155
-152
-141
-137
-139
-137
-127
-143
-134
-135
-133
-144
-147
-138
-145
-155
-148
-153
-158
-159
-162
-161
-152
-153
-166
-166
-166
-171
-175
-171
-178
-176
-181
-171
-178
-180
-176
-181
-173
-175
-169
-172
-172
-169
-161
-152
-161
-167
-166
-169
-167
-174
-186
-177
-193
-199
-188
-193
-192
-202
-197
-197
-202
-198
-208
-204
-218
-223
-221
-221
-219
-233
-226
-225
-230
-217
-216
-219
-222
-213
-223
-224
-224
-235
-217
-224
-228
-220
-225
-217
-219
-204
-213
-200
-194
-196
-197
-198
-187
-182
-185
-179
-180
-180
-179
-196
-194
-200
-196
-201
-198
-191
-186
-186
-184
-188
-180
-189
-188
-184
-191
-183
-184
-173
-176
-168
-162
-162
-150
-145
-151
-136
-143
-148
-135
-146
-140
-142
-144
-155
-150
-149
-156
-148
-156
-146
-138
-146
-137
-131
-130
-129
-133
-137
-131
-121
-126
-119
-128
-127
-112
-121
-123
-130
-127
-123
-132
-126
-116
-127
-137
-124
-122
-125
-136
-129
-128
-134
-122
-127
-120
-116
-123
-116
-125
-128
-129
-124
-114
-124
-120
-120
-115
-114
-104
-110
-109
-104
-103
-106
-116
-106
-97
-99
-92
-107
-94
-86
-99
-90
-94
-90
-97
-76
-75
-79
-69
-68
-64
-62
-58
-55
-57
-65
-50
-61
-60
-56
-48
-41
-50
-46
-37
-35
-43
-30
-39
-39
-35
-22
-25
-34
-38
-27
-22
-37
-16
-23
-23
-22
-25
-28
-39
-33
-37
-48
-51
-50
-56
-59
-61
-62
-54
-63
-66
-56
-60
-66
-63
-60
-52
-55
-61
-64
-56
-58
-57
-61
-55
-52
-56
-64
-47
-54
-60
-62
-53
-51
-59
-47
-50
-44
-49
-44
-36
-37
-32
-36
-37
-37
-33
-37
-33
-32
-34
-22
-37
-36
-32
-28
-30
-36
-34
-36
-28
-32
-39
-44
-46
-48
-46
-43
-58
-55
-53
-58
-55
-51
-60
-56
-55
-44
-41
-40
-26
-25
-15
-11
-6
-5
-6
1
-3
-14
-12
-2
-16
-24
-29
-40
-51
-57
-61
-68
-88
-81
-94
-111
-108
-132
-143
-170
-173
-143
-99
-67
-92
-138
-156
-134
-65
-5
16
10
-14
-33
-25
15
76
86
67
51
39
41
31
21
16
21
15
-1
-38
-79
-107
-127
-108
-93
-85
-99
-130
-151
-162
-120
-75
-52
-39
-49
-49
-42
-11
33
57
74
75
65
84
90
102
115
123
144
139
128
98
86
72
89
100
92
79
48
24
12
25
37
40
31
18
4
14
16
28
32
62
80
75
96
91
114
147
158
175
191
184
194
201
203
226
226
230
222
198
195
177
180
175
167
173
155
121
122
125
112
118
118
116
114
110
105
92
111
120
128
130
124
122
130
151
157
167
173
171
154
145
157
171
167
170
167
146
134
122
127
135
132
131
118
103
91
80
83
84
80
80
70
62
63
70
84
88
103
112
115
120
128
140
148
159
148
151
154
142
141
142
152
147
143
131
123
111
102
106
106
109
101
97
78
78
75
79
81
78
87
90
90
87
87
98
112
106
121
129
129
141
149
158
153
162
178
158
166
178
171
166
169
158
166
155
156
164
161
165
153
157
158
161
161
165
156
164
168
163
163
163
178
175
178
190
194
188
192
189
198
190
190
201
197
202
196
201
200
204
197
199
189
179
185
179
185
191
191
192
172
176
173
180
188
190
202
193
205
204
218
227
226
235
242
254
258
252
258
258
257
268
266
248
253
254
245
245
255
262
246
242
228
238
246
245
259
262
251
248
252
250
249
257
260
249
240
242
246
256
259
269
274
263
256
257
270
275
283
279
287
287
285
286
283
291
282
287
279
281
280
278
276
280
290
277
281
274
276
269
269
278
277
278
282
276
272
283
293
301
302
284
280
282
287
307
311
313
316
309
305
309
320
331
327
320
311
288
294
306
308
298
275
266
266
258
268
268
262
261
247
250
251
251
258
265
294
310
292
247
214
243
302
323
318
282
266
258
245
265
314
338
301
246
219
238
290
295
279
282
269
256
230
238
273
308
286
250
236
246
243
249
276
298
303
265
267
308
369
386
372
353
369
393
401
410
404
419
410
390
375
354
326
300
271
277
280
252
191
123
102
122
139
137
86
49
46
70
125
138
150
163
140
155
209
284
348
343
340
350
357
379
419
454
481
456
438
437
440
445
431
421
419
398
380
354
317
308
290
275
283
273
261
218
185
191
216
253
264
249
241
246
268
316
354
397
401
407
408
419
449
456
469
461
448
442
425
398
372
373
363
372
358
321
294
283
271
261
278
285
267
256
243
253
277
289
308
316
326
318
328
330
354
377
370
366
330
351
364
385
388
377
400
407
402
382
373
402
436
444
445
453
456
438
433
457
500
492
465
447
432
438
425
426
411
418
383
370
373
356
351
327
340
343
344
337
310
298
316
348
368
379
375
390
403
429
473
499
527
519
524
545
569
594
604
592
582
574
560
543
536
533
517
491
455
420
381
362
363
349
325
288
247
218
245
275
291
258
202
163
211
315
335
308
247
213
291
354
403
400
342
319
292
363
424
426
396
323
288
317
356
405
412
317
247
215
248
315
277
252
228
178
164
151
196
258
274
296
300
300
302
327
377
449
478
482
476
442
450
473
499
503
470
427
360
301
250
233
265
271
208
69
-115
-153
-113
-3
-1
-98
-192
-168
61
190
139
-48
-30
231
483
559
505
488
462
430
546
789
949
796
562
496
620
727
703
605
511
419
363
350
341
282
197
130
109
94
118
82
-13
-70
3
136
192
146
75
100
184
275
371
457
467
419
403
471
612
664
650
609
576
571
572
573
549
522
463
401
344
311
292
246
177
130
141
143
89
25
15
57
97
98
115
131
139
153
196
268
329
345
348
355
397
443
464
472
465
465
448
437
429
405
381
338
305
266
241
209
153
112
133
138
116
44
-3
33
62
76
103
127
142
137
142
187
250
301
323
324
306
283
281
293
294
314
296
232
176
135
123
82
6
-64
-111
-87
-71
-103
-143
-205
-279
-316
-289
-175
-109
-159
-225
-242
-202
-123
-23
55
31
-25
13
120
203
176
134
167
207
257
312
293
212
124
122
173
245
258
195
65
-23
-16
69
145
138
104
53
-10
15
76
131
136
116
93
90
98
92
104
104
128
141
133
90
55
26
25
56
59
-20
-120
-169
-140
-94
-111
-180
-237
-250
-237
-164
-169
-238
-276
-256
-229
-188
-140
-76
-118
-190
-223
-112
131
253
264
43
-116
-3
271
432
377
276
210
134
88
216
410
416
197
27
65
130
123
84
53
59
15
-5
21
-8
-46
-27
38
112
146
149
124
73
124
241
383
416
328
270
273
333
410
465
479
431
317
270
308
397
433
374
323
260
229
255
246
280
286
247
215
159
126
134
127
113
137
138
82
-25
-75
-57
-36
-36
-59
-82
-107
-176
-151
-66
14
29
-50
-101
-108
-39
50
134
179
141
64
32
90
203
274
238
174
137
145
194
230
294
263
188
144
149
255
268
227
200
201
229
233
228
250
252
240
245
286
324
302
254
266
320
396
433
406
376
375
422
480
511
523
526
515
539
597
712
792
746
655
550
548
618
631
579
461
361
271
187
178
132
68
-54
-194
-178
-169
-171
-261
-317
-289
-179
-234
-314
-460
-412
-537
-344
347
941
846
-455
-1004
-115
1129
1467
938
707
642
103
-180
604
1745
1701
446
-254
114
460
483
313
449
411
-76
-267
-182
-106
-168
-182
-34
9
-61
-81
-185
-359
-249
235
775
635
104
-27
219
513
641
895
1129
880
304
137
619
1068
971
665
552
415
263
214
417
620
424
142
24
70
199
259
289
263
253
362
434
435
446
529
657
671
636
736
709
628
609
666
768
641
423
276
183
177
172
182
70
-198
-314
-320
-268
-234
-268
-303
-365
-444
-395
-326
-267
-335
-384
-410
-491
102
694
1084
275
-709
-331
811
1547
1228
844
945
621
37
303
1414
1943
1040
-45
78
526
582
372
361
519
140
-245
-194
-34
-64
-198
-144
16
2
13
6
-163
-219
80
672
886
469
217
339
636
758
872
1201
1272
882
517
707
1240
1405
1184
1050
1038
1010
890
783
932
986
855
632
390
415
497
402
155
-19
76
62
-224
-415
-364
-168
-194
-382
-327
-179
-248
-429
-421
-151
75
-90
-248
-623
-47
766
1521
1033
-479
-624
438
1585
1547
1036
1161
956
-32
-374
840
2199
1630
-82
-464
226
523
193
-14
537
414
-330
-552
-185
129
-105
-329
-66
196
224
122
-25
-69
75
570
1090
884
514
359
538
715
802
1196
1514
1102
369
242
890
1319
1132
898
890
793
452
388
902
1332
1124
619
309
398
673
760
676
556
584
496
220
-5
95
309
206
-117
-197
-13
-93
-315
-439
-247
-59
-179
-463
-441
-538
-487
-1046
-621
535
1538
1226
-1052
-1732
-363
1539
2042
1179
942
905
-91
-708
470
2566
2796
631
-716
-161
673
743
256
722
918
40
-693
-611
55
216
-213
-266
-49
30
-101
-359
-430
-273
206
882
772
261
-82
130
561
664
1027
1548
1405
540
20
591
1479
1526
1145
1099
1186
1009
534
630
1153
1270
965
424
260
424
406
220
47
101
172
-202
-773
-859
-593
-341
-567
-750
-651
-673
-1028
-1215
-1292
-783
-1117
-881
233
1323
1233
-1302
-2210
-500
2015
2652
1367
904
1013
-60
-800
566
3136
3402
629
-1185
-457
600
684
92
611
779
-434
-1429
-1212
-311
-106
-645
-678
-392
-421
-628
-838
-715
-441
5
813
829
248
-253
-51
645
952
1246
1720
1534
586
-53
649
1817
1858
1098
725
890
982
639
667
1086
1044
566
22
25
363
339
-72
-461
-361
-76
-239
-852
-1121
-1002
-777
-914
-999
-699
-691
-1152
-1642
-1779
-1219
-1443
-766
537
1681
827
-2168
-2670
-306
2523
2770
1313
927
834
-569
-1141
901
3760
3446
63
-1570
-513
595
402
-180
684
724
-796
-1946
-1549
-391
-290
-975
-920
-477
-487
-943
-1227
-868
-438
68
723
676
178
-434
-211
537
981
1360
1718
1469
600
-90
475
1502
1714
1427
1163
1082
718
173
418
1085
1284
815
6
-269
-141
-163
-303
-435
-298
-341
-983
-1594
-1664
-1216
-963
-1095
-1205
-1222
-1832
-2414
-2877
-2304
-35
1674
1963
-1066
-3651
-2651
567
3005
2689
1879
1547
-66
-1870
-926
2801
5185
2768
-884
-1347
-3
599
-239
144
1463
533
-1722
-2750
-1494
-292
-977
-1668
-1026
-313
-742
-1852
-2027
-1195
-457
281
658
554
-43
-737
-495
250
1265
2221
2198
1205
-53
-265
804
1650
1921
1895
1601
920
-112
-283
657
1380
1257
443
-299
-528
-740
-782
-643
-392
-273
-824
-1704
-2186
-1961
-1428
-1261
-1412
-1373
-1998
-2731
-3855
-2433
567
2637
1302
-2788
-3937
-1488
1731
2670
2154
2407
1782
-1056
-2485
336
4566
4774
813
-1418
-422
431
-283
-813
829
1412
-723
-2777
-2411
-823
-837
-2118
-2043
-796
-394
-1223
-2144
-1869
-1193
-631
228
748
805
38
-527
-306
374
1577
2530
2450
1211
-131
-24
1012
1873
2241
2230
1695
542
-463
-95
991
1516
1023
-17
-597
-867
-955
-958
-862
-658
-834
-1472
-2189
-2360
-1874
-1647
-1637
-1926
-2118
-2911
-3490
-1685
1197
2861
-146
-3666
-3165
468
3056
2542
2049
2683
1360
-1681
-1755
2585
6032
3619
-799
-1435
366
686
-800
-308
1588
666
-2334
-3536
-1678
-195
-1394
-2704
-1904
-659
-908
-2015
-2115
-1168
-732
-456
123
883
811
-80
-254
282
1266
2139
2587
2200
834
-42
533
1917
2498
2145
1813
1309
574
-41
407
1345
1303
275
-563
-641
-544
-860
-1217
-1205
-1030
-1252
-1904
-2444
-2219
-2040
-2033
-2316
-2436
-2865
-3279
-1755
1092
2734
-367
-3851
-3061
1099
3671
2707
2213
3080
1708
-1610
-1502
3392
6846
3875
-918
-1300
855
890
-968
-147
2065
920
-2757
-4175
-1741
-21
-1515
-2970
-1944
-606
-1341
-2606
-2258
-904
-567
-643
37
1080
889
-88
-244
514
1629
2464
2912
2381
940
13
867
2315
2796
2469
1988
1373
369
-106
690
1666
1446
208
-731
-850
-774
-979
-1216
-1308
-1198
-1417
-2208
-2708
-2625
-2332
-2476
-2919
-3256
-3409
-2215
46
2143
167
-3661
-3978
-112
3641
3229
2095
2817
2384
-828
-2009
2420
7365
5709
-6
-1770
676
1807
-324
-583
2107
2058
-1964
-4728
-2538
364
-839
-3410
-2809
-663
-949
-2880
-3008
-1134
-513
-1172
-827
958
1606
143
-772
-10
1584
2635
2919
2758
1747
460
518
1809
2926
3147
2657
1751
535
-189
510
1535
1661
622
-463
-926
-1206
-1249
-1109
-1081
-1240
-1688
-2440
-2899
-2948
-2547
-2544
-3015
-3827
-3823
-1984
572
2080
-802
-4392
-3921
368
3851
3307
2326
2832
1687
-1535
-1630
3610
8102
5328
-500
-1791
719
1712
-106
248
2628
1613
-2745
-5003
-2205
663
-802
-3395
-2890
-947
-1315
-3126
-2965
-971
-416
-1204
-1068
716
1433
156
-605
171
1766
2690
2935
2718
1779
670
849
2027
3037
3462
2893
1845
239
-251
894
1847
1797
553
-500
-1101
-1588
-1461
-937
-766
-1164
-2115
-3043
-3256
-3094
-2531
-2744
-3529
-4338
-3154
-381
1993
568
-3648
-4869
-1507
2984
3776
2754
3060
2603
-763
-2700
1597
7825
7618
1461
-1930
-32
1769
467
64
2648
2979
-1211
-5019
-3497
217
228
-2506
-3260
-1519
-1161
-2790
-3305
-1468
-215
-1011
-1529
-69
1563
878
-420
-274
1333
2694
3089
3105
2470
1380
914
1704
3026
3908
3724
2499
665
-338
632
2081
2324
1060
-321
-1068
-1526
-1541
-1068
-605
-893
-2076
-3266
-3650
-3181
-2563
-2780
-3812
-4630
-2983
-110
1990
-34
-4049
-4679
-1178
3093
3795
3121
3355
2345
-1239
-2524
2434
8550
7584
1222
-1725
172
1636
225
582
3514
3007
-1963
-5499
-3249
426
58
-2576
-2967
-1580
-1854
-3368
-3249
-1169
-228
-1158
-1589
-175
1245
707
-146
54
1404
2591
3220
3326
2591
1416
1201
2082
3204
3982
3782
2668
581
-346
717
2116
2264
979
-293
-1244
-1880
-1649
-764
-492
-1081
-2266
-3256
-3727
-3592
-2685
-2552
-3716
-4687
-2783
589
2134
-1097
-4816
-4148
65
3450
3299
3152
3666
1730
-2280
-2192
4250
9370
6304
-5
-1441
930
1312
-155
1448
4242
2117
-3407
-5417
-1961
764
-892
-3050
-2534
-1386
-2513
-3807
-2751
-852
-822
-1889
-1347
560
1156
5
-412
471
1777
2542
3229
3547
2527
1191
1375
2801
3987
4191
3623
2265
277
-201
1311
2734
2182
227
-1077
-1517
-1708
-1474
-852
-765
-1474
-2915
-3756
-3862
-3130
-2510
-3042
-4456
-4347
-1455
1619
1445
-2758
-4909
-2597
1800
3611
3075
3634
3676
407
-2963
-80
7135
9314
3753
-1168
-252
1908
827
32
3090
4493
81
-5044
-4315
9
813
-1930
-3070
-1788
-1640
-3432
-3696
-1655
-400
-1405
-2186
-825
999
701
-369
-123
1138
2210
2713
3438
3515
2330
1307
2124
3916
4843
4404
3211
1647
399
912
2511
3231
1859
-308
-1532
-1710
-1288
-566
-300
-1047
-2426
-3582
-3871
-3576
-2778
-2592
-3450
-4876
-3604
-223
2333
139
-4267
-4588
-612
3514
3732
3199
3859
2897
-1163
-2391
3293
9702
8088
1054
-1490
1172
2454
579
1344
4751
3574
-2532
-5681
-2043
1697
140
-2884
-2642
-1252
-2389
-3960
-2764
-463
-665
-2377
-2144
78
1191
64
-596
284
1594
2308
2957
3722
3246
1883
1657
3303
4973
5087
4102
2740
1419
985
2108
3505
3251
1154
-854
-1615
-1276
-469
81
-416
-1768
-3098
-3543
-3661
-3197
-2800
-2866
-4195
-4821
-2127
1283
2045
-2332
-5267
-3096
1878
4236
3509
3588
3824
1126
-2394
106
7346
10439
5028
-731
-141
2589
2201
949
3539
5293
1132
-4416
-3982
644
1749
-1281
-2862
-1519
-1356
-3224
-3538
-1439
-306
-1662
-2434
-941
878
506
-676
-384
926
2027
2690
3500
3599
2462
1589
2788
4974
5764
4733
3203
2110
1438
1975
3371
4028
2430
-283
-1769
-1390
-293
257
-206
-1510
-2930
-3725
-3719
-3414
-2937
-3141
-3962
-5214
-3691
-324
2088
-353
-4867
-4950
-549
3823
4078
3211
3400
2339
-1133
-1486
4350
10108
7953
1052
-1218
1447
3031
1688
2395
4869
3040
-2585
-4757
-1051
1969
86
-2716
-2493
-1611
-2693
-3568
-2210
-785
-1750
-2872
-1894
78
513
-558
-684
100
1020
1968
3242
3889
2862
1581
2009
4126
5560
5384
4203
2896
1796
1667
2917
4098
3510
1078
-1020
-1515
-723
16
79
-837
-2217
-3389
-3775
-3552
-3104
-3199
-3997
-5039
-5024
-2331
604
1331
-2245
-5423
-4096
732
4192
4087
3273
2828
912
-1551
411
6647
10081
5832
-9
-441
2366
3106
2092
3392
4566
1381
-3275
-3347
337
1615
-893
-2668
-2076
-1892
-3017
-3156
-1761
-1387
-2535
-2669
-1175
24
-484
-1142
-547
327
996
2048
3311
3396
2056
1740
3451
5357
5386
4016
3196
2907
2580
2814
3677
3846
2110
-373
-1300
-473
500
354
-784
-2162
-3078
-3409
-3273
-3252
-3233
-3912
-4848
-5724
-4327
-998
1250
-218
-4580
-5743
-2383
2393
3951
3213
2691
1932
-598
-1500
2840
8597
8491
2557
-897
924
3214
2588
2290
4085
3445
-946
-3688
-1321
1536
373
-2326
-2541
-1604
-2269
-3328
-2632
-1681
-2503
-3342
-2195
-356
-231
-1480
-1736
-821
121
1150
2614
3445
2490
1365
2091
4272
5431
4722
3669
3145
2775
2641
3286
3938
3221
1011
-722
-836
54
484
-152
-1422
-2690
-3236
-3287
-3182
-3293
-3585
-4567
-5411
-5602
-3419
-494
651
-1657
-5242
-5284
-1470
2801
3779
2814
2030
1062
-957
-593
4034
8591
7029
1413
-771
1438
3252
2474
2628
3920
2437
-1678
-3147
-457
1405
-366
-2477
-2229
-1673
-2531
-3193
-2346
-2004
-2994
-3199
-1720
-430
-947
-1851
-1600
-770
-77
1082
2676
3083
1681
1038
2657
4913
5274
3918
3152
3117
2905
2853
3638
4190
2865
291
-947
-248
814
652
-513
-1701
-2618
-3062
-3202
-2972
-3022
-3553
-4893
-5704
-5469
-3326
-708
187
-1714
-5029
-5343
-1962
2329
3563
2657
1745
1039
-604
-426
3621
7946
7003
1865
-327
1683
3438
2617
2520
3874
2852
-957
-2670
-346
1444
-198
-2359
-2092
-1318
-2197
-3081
-2545
-2133
-2901
-3134
-1708
-567
-1145
-2073
-1814
-899
-191
933
2454
2916
1875
1406
2555
4199
4547
4043
3843
3658
3104
2791
3362
3763
2845
1089
78
212
619
398
-385
-1290
-2033
-2471
-2854
-3010
-3180
-3503
-4480
-5268
-5385
-3628
-1288
-35
-1435
-4615
-5507
-2670
1671
3296
2549
1612
1135
-371
-639
2810
7436
7446
2663
-105
1390
3446
3025
2795
4030
3359
-237
-2332
-423
1609
433
-1712
-1856
-1363
-2162
-2922
-2369
-1965
-2853
-3164
-1900
-908
-1441
-2131
-1693
-1049
-753
349
2344
3032
1961
1180
2199
3704
4173
4173
4384
4141
3105
2539
3181
3905
3333
1939
808
452
464
463
188
-536
-1445
-2110
-2620
-2848
-2970
-3089
-3862
-4851
-5205
-4318
-2182
-704
-741
-3208
-5230
-4317
-291
2756
2973
1705
940
267
-557
1213
5277
7721
4966
962
527
2682
3669
3195
3741
3944
1716
-1194
-950
1182
1426
-447
-1493
-1177
-1527
-2418
-2393
-1818
-2328
-3087
-2297
-1082
-1209
-2212
-2094
-1219
-862
-390
1191
2721
2262
1169
1426
2953
3830
4013
4247
4308
3450
2571
3017
3842
3812
2630
1632
1027
745
688
740
332
-643
-1454
-1864
-2172
-2519
-2716
-3029
-3890
-4707
-4887
-3687
-1859
-543
-1158
-3845
-5442
-3568
568
2678
2120
1089
1026
140
-665
1423
5779
7332
3830
599
1138
3352
3500
2917
3748
3937
1483
-898
-172
1568
1166
-655
-1056
-769
-1340
-2190
-2075
-1819
-2589
-2832
-1782
-930
-1574
-2350
-1978
-1287
-1167
-233
1618
2579
1523
346
1019
2703
3849
4290
4288
3522
2409
2180
3282
4156
3741
2655
1572
814
544
1064
1465
635
-730
-1468
-1468
-1709
-2147
-2349
-2513
-3486
-4532
-4756
-3804
-2134
-871
-884
-3239
-5244
-4391
-567
2019
1911
941
801
238
-995
350
4315
6818
4339
886
875
2910
3278
2517
3392
4168
2324
-415
-149
1683
1475
-464
-925
-81
-596
-1953
-2092
-1392
-2043
-3014
-2227
-732
-935
-2303
-2515
-1621
-1269
-1034
410
2035
1851
310
-73
1238
2823
3668
3997
3623
2636
1823
2086
3102
3716
3525
2502
1146
399
718
1349
1114
292
-320
-711
-1496
-2088
-1929
-1689
-2378
-3620
-4014
-3870
-3651
-2911
-1454
-676
-2497
-4856
-4573
-1132
1458
1475
413
314
211
-722
-32
2970
5533
4142
1235
664
2221
2931
2518
2971
3584
2416
368
325
1409
1209
-177
-387
232
-258
-1409
-1613
-1250
-2004
-2749
-1737
-340
-821
-2337
-2600
-1714
-1455
-1278
126
1562
1187
-313
-476
685
1901
2731
3549
3494
2195
1058
1591
2918
3431
3211
2698
1733
535
278
1248
1841
1145
47
-481
-866
-1484
-1636
-1289
-1393
-2462
-3396
-3661
-3541
-3589
-2717
-1348
-794
-2382
-4329
-4138
-1735
545
968
573
193
-138
-882
-342
1928
4037
3722
1749
873
1370
2057
2317
2938
3215
2360
1015
765
1145
876
410
521
700
-159
-928
-768
-722
-1648
-2177
-1102
-221
-1071
-2219
-1871
-1216
-1617
-1872
-534
869
541
-458
-301
552
841
1164
2298
3061
2389
1450
1515
2230
2452
2545
2800
2423
1509
902
1236
1408
1022
709
566
59
-744
-1070
-992
-1304
-1871
-2185
-2422
-3091
-3613
-3331
-2224
-1425
-1269
-2135
-3547
-4042
-2449
138
1179
398
-526
-626
-785
-591
1007
3254
3585
1709
387
871
1900
2212
2585
2996
2535
1341
847
1178
1128
758
912
1161
437
-505
-542
-384
-1178
-1827
-1008
-46
-621
-1932
-2011
-1505
-1704
-1872
-836
341
-113
-1012
-707
384
504
358
1144
2238
2008
1238
1448
2139
2223
1822
2239
2670
2191
1246
1133
1497
1335
885
738
614
-77
-717
-877
-826
-1274
-1734
-2033
-2405
-3041
-3263
-3013
-2460
-1946
-1509
-1853
-3260
-4087
-2871
-527
416
-166
-701
-636
-873
-998
294
2334
2841
1449
550
1105
1767
1696
1848
2527
2564
1639
1164
1428
1354
594
282
793
995
449
-204
-543
-1079
-1596
-1374
-564
-288
-894
-1623
-2147
-2290
-1940
-958
-144
-205
-673
-854
-702
-550
34
1169
1905
1597
1071
1193
1557
1573
1667
2379
2754
2132
1294
1193
1426
1182
871
981
1008
249
-648
-823
-646
-834
-1328
-1455
-1604
-1980
-2558
-2749
-2640
-2406
-1862
-1211
-1083
-1926
-2890
-2988
-1754
-226
672
506
-220
-787
-847
-190
837
1833
2184
1783
998
565
802
1466
1917
1860
1637
1428
1204
671
287
324
599
609
442
349
76
-697
-1531
-1447
-666
-99
-321
-756
-1117
-1551
-1844
-1428
-266
470
217
-439
-555
-255
32
414
1107
1639
1404
933
894
1378
1618
1422
1340
1481
1542
1178
732
402
185
-13
-92
-20
-48
-333
-829
-1277
-1401
-1114
-868
-916
-1209
-1376
-1597
-1933
-2004
-1294
-381
-156
-658
-1233
-1415
-1425
-935
16
838
687
-109
-567
-405
20
319
657
928
824
392
129
221
372
355
231
329
517
621
364
-110
-472
-474
-228
-19
134
146
-110
-692
-1035
-727
-96
202
88
8
-8
-262
-503
-179
524
733
451
336
647
794
571
507
806
924
702
674
893
872
293
-175
-164
131
216
114
-35
-390
-789
-957
-731
-331
-98
-276
-660
-949
-757
-469
-358
-393
-314
-194
-390
-652
-562
-163
-57
-156
-61
268
148
-401
-721
-464
-54
24
-7
0
-147
-632
-898
-577
-139
-164
-481
-545
-446
-576
-826
-747
-438
-393
-649
-698
-382
-151
-221
-390
-320
-111
-26
34
223
447
442
211
102
349
667
713
519
447
581
630
472
325
398
476
314
93
106
213
92
-269
-476
-336
-229
-377
-537
-436
-389
-646
-790
-518
-113
-155
-435
-382
-125
-76
-219
-9
365
386
81
43
398
598
405
226
314
326
171
91
235
264
14
-332
-369
-247
-204
-315
-469
-603
-801
-1023
-1094
-914
-689
-703
-920
-1110
-1078
-966
-965
-907
-696
-453
-443
-543
-462
-282
-222
-239
-59
321
552
451
257
226
337
442
537
618
623
491
245
78
50
138
179
72
-78
-204
-226
-278
-309
-216
-181
-280
-456
-369
-90
24
-100
-129
-15
14
-19
143
436
480
271
206
473
690
638
534
614
632
493
449
646
757
505
228
253
398
291
58
51
165
16
-333
-453
-294
-243
-456
-616
-555
-486
-626
-728
-615
-514
-525
-616
-616
-557
-522
-482
-408
-327
-254
-179
-158
-171
-155
-69
-14
-11
-1
56
31
-90
-157
-71
0
-91
-202
-220
-233
-339
-410
-302
-175
-220
-330
-280
-165
-129
-143
-23
174
196
59
-8
205
433
454
362
413
515
473
422
496
693
662
485
458
634
707
508
393
511
579
344
156
271
505
408
55
-26
132
156
-64
-135
120
254
59
-204
-167
82
166
84
69
125
95
-2
41
223
291
177
46
-3
11
36
73
59
-93
-230
-262
-227
-247
-332
-396
-459
-545
-587
-516
-444
-497
-618
-690
-684
-567
-390
-247
-252
-348
-293
-131
-18
32
153
297
282
140
168
408
557
498
370
429
468
439
451
528
564
359
213
298
489
514
326
151
129
190
266
313
358
318
158
17
31
315
578
527
309
193
290
383
414
531
694
644
448
395
611
774
655
534
527
569
452
355
383
383
230
81
56
74
-14
-160
-214
-255
-360
-458
-376
-285
-382
-635
-721
-506
-320
-344
-458
-392
-260
-278
-327
-196
57
117
-42
-147
4
176
187
119
147
205
114
-24
19
214
258
40
-124
-49
87
33
-160
-172
-84
-56
-151
-179
-47
-15
-107
-149
-32
163
231
210
196
246
345
430
533
629
679
666
688
803
954
999
934
873
872
890
896
922
920
804
619
490
471
489
418
325
204
89
-47
-156
-84
-5
-24
-212
-335
-275
-163
-142
-142
-65
26
51
17
100
232
339
366
369
433
483
465
409
401
456
493
467
390
339
236
102
63
165
215
57
-204
-348
-316
-303
-334
-338
-362
-473
-631
-656
-474
-288
-253
-352
-404
-321
-175
-53
50
111
107
109
180
406
604
618
537
519
578
619
639
717
820
764
579
468
535
591
510
435
393
336
187
87
175
268
165
-38
-33
106
183
110
72
155
191
163
206
364
457
427
386
473
602
630
597
596
620
608
575
567
607
647
567
423
354
389
400
314
196
132
137
87
-3
-28
-32
-84
-192
-252
-159
-46
-75
-180
-223
-125
-53
-52
1
55
100
45
58
203
306
334
292
257
242
236
296
414
419
307
167
76
80
117
160
141
49
-88
-208
-226
-197
-93
-71
-180
-301
-317
-216
-150
-100
-31
26
3
-23
100
261
318
277
313
429
480
490
502
580
582
531
534
587
625
637
637
581
459
394
399
408
364
359
391
304
130
41
98
139
133
143
183
90
-63
-34
187
316
229
136
160
203
215
285
397
419
354
323
349
391
418
446
449
393
340
337
341
300
227
194
192
169
152
97
19
-50
-70
-71
-78
-74
-33
-49
-145
-166
-56
54
55
58
133
161
124
138
296
408
327
252
315
437
410
333
375
471
446
371
388
452
436
339
290
302
326
333
326
277
209
194
225
215
165
205
266
167
54
144
375
439
266
147
221
345
363
423
540
539
381
270
376
550
567
489
447
428
362
297
375
460
424
291
227
253
224
167
188
228
209
127
78
111
118
110
131
167
167
156
173
218
205
188
245
325
363
310
273
265
276
315
363
397
310
241
250
330
354
319
280
251
213
177
227
264
267
215
180
183
213
225
233
254
242
201
147
230
355
402
334
225
261
348
404
397
414
445
399
312
335
462
493
377
241
265
341
330
279
241
224
149
81
112
190
177
62
-28
-15
65
108
114
73
35
5
13
87
183
250
205
103
89
168
256
307
298
288
225
151
165
281
359
288
173
123
169
223
256
245
189
78
6
80
186
199
128
71
77
99
119
171
221
196
113
115
227
352
371
298
241
250
293
359
418
466
437
306
238
295
420
425
296
200
188
215
215
213
195
124
14
-36
20
87
103
38
-68
-162
-160
-48
61
67
-18
-99
-138
-105
-12
124
171
66
-53
-39
69
141
119
108
85
23
-52
-34
58
70
-10
-71
-34
-9
-17
-55
-48
-40
-51
-42
-5
24
-27
-63
-49
9
51
52
92
87
17
0
119
269
299
225
177
201
275
320
349
391
352
300
291
327
366
343
302
255
193
189
255
283
188
51
20
72
87
63
108
137
35
-119
-116
60
160
63
-31
-27
27
31
60
177
185
50
-69
-12
142
204
150
104
50
-69
-117
-13
119
98
-31
-128
-152
-149
-154
-101
-32
-51
-153
-200
-146
-113
-127
-123
-58
-44
-114
-132
-62
-7
-46
-47
61
141
113
59
98
167
196
231
290
303
231
211
268
330
330
314
311
265
204
205
273
286
193
117
118
109
49
44
121
159
72
-47
-61
16
83
94
91
55
34
31
94
179
203
182
146
144
140
186
234
230
168
106
88
89
104
99
80
39
-32
-49
-34
-49
-60
-46
-39
-97
-193
-189
-114
-80
-131
-165
-129
-122
-166
-193
-134
-52
-53
-99
-87
-24
-2
-21
15
81
106
68
50
130
231
280
255
245
237
212
189
243
361
398
310
151
111
156
173
159
208
251
154
-20
-85
31
115
89
10
28
66
35
20
45
91
97
93
99
143
159
150
130
83
76
147
224
222
110
49
48
71
76
101
141
110
27
-37
-41
3
35
15
-32
-87
-122
-147
-161
-174
-167
-171
-206
-243
-227
-198
-191
-201
-196
-182
-172
-131
-125
-143
-103
-24
55
52
18
61
91
80
102
202
276
212
107
139
220
211
168
200
260
175
49
54
142
147
44
-17
13
22
-11
-11
1
-13
-48
-57
-16
-5
-17
8
19
-2
-29
13
81
68
42
50
74
80
71
124
154
142
157
173
189
171
175
214
217
166
134
138
101
43
45
75
38
-46
-69
-55
-55
-102
-129
-105
-120
-163
-165
-121
-77
-59
-59
-61
-52
-40
-31
39
99
140
175
164
143
132
166
231
293
319
302
245
171
167
223
275
250
183
142
104
82
64
88
99
75
35
13
3
-15
-20
-2
-1
-13
-36
-44
-32
-32
-23
-21
-32
-33
-3
42
58
70
84
95
80
77
129
182
181
128
84
73
82
90
79
71
22
-23
-39
-36
-46
-59
-73
-106
-158
-195
-171
-132
-130
-165
-175
-164
-171
-185
-120
-36
-28
-85
-116
-46
20
41
62
76
92
95
70
82
110
141
151
79
48
80
106
58
-9
-6
25
15
-30
-35
-7
-17
-71
-102
-87
-55
-41
-63
-71
-79
-76
-60
-68
-72
-54
-10
12
23
35
50
58
38
82
139
171
153
105
87
84
118
152
146
116
60
29
40
41
32
42
10
-44
-88
-70
-10
14
-19
-60
-47
-50
-43
11
71
100
70
41
86
138
174
192
213
232
260
249
225
221
253
272
245
233
226
245
216
159
154
189
203
171
138
129
142
116
75
94
132
127
65
25
62
137
112
38
31
88
117
106
143
214
204
123
111
201
267
255
219
199
173
148
173
232
271
210
137
132
145
152
153
189
178
82
9
56
176
202
129
86
95
71
53
120
207
208
116
82
152
230
231
239
259
257
224
215
276
299
295
245
233
279
286
264
210
166
145
178
240
264
202
142
110
104
108
150
212
205
93
-19
27
149
172
109
94
118
94
32
82
200
195
96
44
113
179
135
111
128
129
99
93
136
180
131
86
94
112
109
113
142
134
73
46
98
132
111
85
99
117
96
64
93
123
101
52
67
115
135
127
122
136
158
140
110
134
163
150
107
110
141
163
129
68
58
80
83
109
130
130
96
68
61
70
130
157
126
55
9
39
66
55
50
62
45
-4
-14
31
54
23
-14
-15
13
12
-3
0
-10
-33
-50
-42
-3
26
20
-4
-18
-18
-19
28
58
45
15
-3
39
71
43
29
75
102
94
66
95
136
109
78
89
134
136
107
83
88
92
65
49
78
93
62
18
19
43
64
52
-2
-8
9
21
43
45
58
48
44
47
60
102
123
110
64
44
64
96
85
76
73
69
31
5
28
65
51
-8
-30
-23
-11
-41
-47
-60
-79
-116
-107
-76
-65
-68
-80
-69
-88
-102
-71
-9
-7
-58
-62
-3
32
3
3
32
48
48
35
68
101
86
35
35
95
118
95
55
37
56
47
8
24
34
14
-44
-64
-24
-17
-37
-62
-53
-51
-56
-50
-23
-11
-17
-18
-9
-3
-4
31
57
46
12
6
1
17
41
42
36
4
-16
-24
-22
-44
-42
-30
-53
-102
-149
-155
-153
-180
-199
-183
-186
-208
-213
-196
-196
-219
-199
-149
-125
-147
-153
-109
-68
-67
-83
-38
12
5
-20
7
65
92
79
62
75
71
47
58
98
101
45
-24
-31
1
-12
-47
-63
-65
-79
-130
-153
-128
-112
-121
-137
-124
-116
-110
-97
-84
-65
-46
-20
13
34
26
11
2
22
49
66
71
55
60
50
39
19
13
20
21
-10
-52
-70
-99
-134
-155
-158
-153
-183
-220
-232
-244
-269
-274
-232
-198
-203
-227
-209
-147
-123
-130
-113
-65
-26
-22
-9
45
105
102
74
72
119
152
119
92
120
129
77
28
42
80
36
-32
-57
-26
-41
-122
-137
-107
-100
-161
-191
-160
-117
-123
-159
-134
-89
-75
-80
-50
-15
12
2
-18
28
75
91
85
95
115
145
129
104
129
147
132
93
84
90
66
31
15
0
-28
-65
-87
-90
-128
-159
-174
-157
-139
-171
-195
-196
-158
-113
-113
-112
-70
-30
-23
-31
5
85
100
97
118
174
202
164
169
215
261
237
213
220
211
168
132
153
181
140
57
22
28
35
19
-13
-19
-2
-26
-74
-86
-44
-21
-36
-42
-24
-7
-16
-17
17
61
52
38
70
140
169
130
117
165
193
205
188
191
192
148
106
106
132
123
86
61
42
-4
-45
-65
-36
-19
-52
-101
-116
-104
-122
-142
-110
-59
-53
-90
-105
-45
2
21
45
90
143
153
151
183
237
240
249
277
306
304
253
233
249
258
252
219
193
159
105
59
57
88
78
23
-33
-55
-65
-80
-57
-38
-46
-89
-129
-121
-104
-67
-59
-46
-35
-28
-21
-10
28
52
86
102
120
129
130
143
169
187
197
200
172
151
156
144
119
107
99
85
35
5
19
10
-45
-94
-101
-83
-116
-154
-162
-141
-152
-175
-148
-101
-80
-105
-100
-52
-12
11
39
79
82
72
88
117
167
189
161
124
119
124
135
115
115
117
70
-1
-42
-51
-54
-77
-114
-123
-163
-214
-247
-231
-219
-264
-296
-268
-252
-257
-275
-238
-204
-203
-189
-137
-60
-39
-70
-63
-4
42
60
83
135
150
123
109
133
163
180
155
121
114
98
82
59
34
8
-8
-38
-69
-81
-91
-102
-118
-124
-90
-81
-86
-92
-84
-48
-26
-4
45
87
101
109
136
180
218
217
481
818
512
-116
-9
574
686
247
84
475
511
-7
-115
211
264
0
-127
54
140
-26
-166
-152
-143
-161
-163
-120
-87
-66
-89
-81
-48
-55
-12
250
333
33
-176
126
486
520
284
219
639
624
179
65
326
678
683
384
752
929
387
-127
258
784
573
83
406
848
355
-150
125
299
-145
-225
358
722
320
22
97
-67
-308
-3
557
639
383
360
371
143
145
362
520
525
612
669
506
328
330
399
171
149
417
598
381
86
-17
-51
-68
-156
-155
-3
109
-139
-449
-374
-184
-237
-418
-346
-104
-95
-255
-213
-94
-169
-259
-201
-32
110
86
-59
-25
86
86
-17
-27
126
151
142
36
70
45
-194
-209
-77
-4
-88
-132
-199
-245
-394
-443
-291
-153
-231
-203
-212
-363
-404
-326
-230
-93
-78
-61
-134
-209
-102
14
-49
-26
145
213
95
-23
28
35
-26
-38
114
139
-1
-180
-207
-187
-233
-318
-237
-113
-201
-390
-462
-417
-442
-425
-295
-205
-288
-405
-374
-331
-306
-259
-167
-112
-149
-161
-130
-106
-129
-90
-55
-17
1
2
-22
-45
-68
-141
-193
-153
-74
-82
-166
-299
-370
-390
-300
-295
-335
-331
-343
-355
-388
-315
-258
-271
-349
-258
-151
-80
-60
-71
-76
-89
-106
-52
113
243
156
-3
-37
43
117
54
96
152
28
-147
-168
-25
8
-77
-186
-261
-283
-236
-183
-227
-292
-346
-374
-389
-322
-220
-196
-281
-401
-388
-250
-103
-80
-137
-139
-110
-133
-143
-4
146
123
27
39
120
86
49
65
114
101
37
41
25
-26
-86
-131
-184
-155
-81
-51
-100
-214
-239
-211
-263
-278
-202
-83
-89
-158
-191
-183
-129
-125
-113
-39
100
129
35
-23
-14
15
62
72
125
100
34
-12
-68
-95
-110
-86
-60
-53
-141
-215
-266
-335
-330
-265
-191
-230
-334
-364
-360
-386
-398
-329
-266
-282
-268
-234
-245
-286
-282
-212
-129
-90
-47
-2
-68
-206
-186
-70
-1
10
30
10
-136
-269
-236
-132
-113
-122
-133
-185
-334
-383
-282
-226
-254
-253
-233
-287
-371
-319
-219
-208
-233
-181
-115
-148
-181
-150
-136
-128
-23
51
38
-17
-63
-77
-85
-57
54
81
10
-72
-147
-234
-261
-150
-43
-91
-213
-290
-291
-348
-360
-307
-263
-273
-282
-294
-323
-383
-390
-324
-265
-200
-155
-153
-216
-262
-274
-219
-124
-2
46
-17
-110
-161
-166
-125
-26
46
-13
-154
-261
-291
-261
-174
-126
-166
-269
-335
-355
-344
-313
-238
-189
-216
-275
-269
-258
-213
-158
-119
-75
-54
-31
-18
-47
-59
6
58
79
79
89
39
-27
-44
-19
-26
-34
-20
-43
-126
-202
-225
-254
-249
-189
-166
-235
-291
-321
-326
-305
-275
-276
-291
-265
-203
-212
-250
-224
-170
-165
-155
-69
-25
-57
-88
-95
-80
-58
-20
-22
-72
-116
-120
-139
-201
-217
-187
-205
-281
-295
-260
-290
-325
-373
-385
-350
-319
-275
-328
-372
-346
-318
-303
-305
-237
-161
-154
-185
-193
-123
-71
-14
2
8
22
42
31
-14
-30
1
25
-9
-71
-96
-95
-156
-266
-279
-179
-179
-310
-382
-351
-341
-404
-440
-386
-318
-346
-402
-418
-390
-350
-327
-301
-245
-178
-177
-233
-243
-154
-87
-85
-90
-74
-65
-96
-128
-138
-145
-129
-81
-132
-227
-294
-316
-337
-360
-349
-336
-380
-448
-501
-506
-512
-506
-464
-481
-528
-530
-497
-462
-441
-420
-387
-361
-337
-299
-245
-224
-200
-171
-149
-120
-107
-114
-135
-171
-180
-196
-212
-220
-228
-264
-329
-381
-385
-405
-446
-438
-423
-489
-584
-612
-601
-605
-559
-505
-531
-613
-608
-525
-515
-505
-427
-323
-328
-363
-334
-298
-260
-236
-192
-157
-153
-175
-178
-198
-204
-194
-193
-218
-279
-323
-346
-343
-324
-332
-392
-470
-503
-476
-469
-499
-483
-471
-514
-548
-533
-486
-473
-461
-405
-397
-388
-347
-292
-267
-273
-232
-181
-158
-159
-137
-113
-117
-149
-143
-139
-151
-167
-183
-193
-233
-260
-264
-280
-370
-423
-407
-389
-437
-480
-457
-464
-496
-526
-508
-442
-417
-435
-429
-391
-379
-339
-322
-300
-281
-249
-193
-175
-147
-127
-127
-128
-138
-114
-92
-117
-129
-131
-166
-202
-213
-213
-227
-263
-318
-351
-347
-343
-316
-342
-399
-416
-386
-368
-373
-352
-339
-355
-380
-334
-272
-225
-214
-204
-185
-167
-149
-119
-74
-65
-95
-64
-38
-58
-84
-56
-27
-91
-148
-134
-125
-180
-242
-226
-207
-243
-287
-303
-322
-350
-377
-380
-367
-351
-337
-337
-365
-359
-303
-263
-253
-253
-200
-171
-170
-173
-132
-91
-87
-94
-103
-98
-82
-61
-64
-101
-85
-81
-113
-180
-211
-182
-180
-218
-236
-234
-273
-341
-398
-376
-336
-325
-348
-357
-359
-381
-388
-368
-345
-289
-249
-207
-213
-247
-244
-206
-166
-136
-106
-78
-77
-134
-174
-161
-130
-122
-133
-140
-150
-215
-303
-332
-297
-274
-306
-344
-369
-427
-456
-463
-457
-440
-425
-404
-399
-424
-450
-446
-439
-412
-341
-260
-250
-289
-333
-346
-333
-245
-169
-132
-134
-199
-250
-288
-270
-208
-157
-146
-189
-259
-323
-343
-346
-336
-329
-336
-350
-365
-400
-440
-473
-428
-383
-386
-385
-355
-329
-384
-408
-363
-269
-217
-212
-199
-185
-191
-189
-146
-87
-56
-66
-89
-118
-144
-130
-111
-125
-160
-186
-195
-227
-255
-278
-300
-362
-391
-374
-388
-397
-427
-444
-481
-503
-453
-416
-434
-449
-439
-413
-422
-386
-310
-255
-279
-302
-284
-241
-229
-218
-192
-175
-184
-218
-205
-203
-207
-224
-239
-258
-277
-308
-337
-343
-335
-360
-417
-430
-424
-429
-453
-447
-451
-479
-493
-456
-413
-426
-455
-421
-386
-380
-356
-299
-306
-337
-320
-262
-198
-197
-198
-206
-242
-275
-266
-221
-201
-211
-238
-280
-330
-351
-353
-357
-359
-367
-391
-452
-506
-506
-479
-493
-511
-493
-474
-500
-518
-513
-502
-496
-474
-422
-399
-410
-407
-401
-390
-381
-345
-294
-281
-300
-313
-306
-280
-259
-270
-256
-244
-273
-303
-325
-335
-326
-323
-326
-329
-356
-403
-411
-404
-389
-382
-407
-423
-406
-417
-437
-434
-406
-368
-345
-320
-319
-340
-352
-331
-294
-280
-267
-233
-227
-280
-302
-251
-239
-265
-295
-283
-251
-264
-287
-310
-339
-376
-403
-393
-380
-382
-383
-426
-499
-531
-502
-450
-456
-492
-493
-462
-455
-474
-452
-431
-435
-446
-416
-368
-343
-343
-352
-363
-397
-358
-311
-301
-321
-338
-330
-347
-361
-332
-311
-337
-359
-344
-355
-399
-398
-370
-386
-425
-409
-384
-407
-443
-445
-443
-431
-430
-396
-367
-389
-415
-406
-363
-331
-320
-308
-301
-310
-326
-338
-302
-260
-265
-301
-310
-309
-307
-316
-325
-338
-332
-347
-371
-391
-411
-410
-420
-436
-459
-451
-445
-448
-485
-502
-483
-460
-469
-478
-480
-481
-478
-472
-447
-420
-425
-433
-440
-449
-425
-417
-397
-393
-398
-406
-402
-402
-400
-390
-398
-398
-395
-384
-401
-428
-420
-412
-429
-440
-418
-413
-441
-469
-452
-430
-444
-433
-417
-430
-465
-451
-424
-425
-431
-401
-376
-415
-442
-418
-397
-412
-403
-358
-347
-378
-383
-369
-388
-402
-374
-352
-356
-370
-363
-393
-445
-458
-426
-403
-393
-408
-438
-465
-496
-505
-476
-436
-404
-435
-477
-510
-486
-477
-483
-449
-424
-424
-460
-487
-494
-473
-457
-460
-447
-433
-441
-459
-464
-464
-458
-458
-430
-404
-426
-441
-447
-461
-474
-445
-406
-402
-417
-410
-413
-428
-433
-417
-387
-381
-380
-388
-410
-430
-423
-403
-395
-403
-393
-395
-401
-402
-404
-387
-391
-395
-379
-373
-375
-387
-394
-397
-410
-424
-410
-389
-388
-407
-424
-441
-440
-421
-410
-413
-423
-416
-401
-415
-416
-401
-414
-424
-431
-407
-387
-389
-415
-417
-420
-418
-411
-402
-411
-444
-464
-468
-444
-438
-435
-437
-453
-463
-460
-439
-439
-446
-442
-451
-449
-449
-429
-425
-433
-440
-447
-430
-423
-433
-431
-421
-414
-419
-427
-417
-407
-417
-427
-433
-415
-410
-418
-426
-438
-428
-432
-440
-442
-429
-444
-468
-484
-466
-438
-446
-456
-475
-472
-490
-498
-473
-450
-463
-486
-488
-479
-465
-477
-470
-462
-446
-453
-447
-434
-437
-450
-453
-432
-410
-405
-432
-432
-446
-455
-472
-467
-427
-429
-449
-460
-465
-461
-463
-465
-450
-454
-461
-474
-488
-493
-484
-488
-478
-472
-475
-478
-488
-489
-493
-495
-494
-481
-493
-496
-501
-510
-510
-528
-514
-516
-500
-513
-521
-540
-547
-525
-526
-540
-564
-553
-546
-558
-577
-569
-541
-559
-576
-577
-571
-584
-598
-597
-585
-555
-562
-565
-574
-574
-566
-582
-557
-507
-497
-534
-532
-512
-503
-502
-481
-450
-451
-475
-491
-480
-482
-486
-483
-465
-466
-481
-484
-505
-512
-520
-510
-503
-519
-505
-496
-511
-534
-530
-504
-496
-491
-501
-500
-509
-520
-505
-489
-480
-492
-498
-492
-485
-494
-487
-477
-490
-505
-519
-514
-495
-499
-520
-535
-533
-532
-535
-528
-521
-537
-568
-566
-556
-553
-552
-538
-538
-568
-567
-549
-526
-515
-512
-502
-506
-517
-506
-478
-467
-475
-485
-485
-481
-478
-472
-467
-473
-494
-493
-477
-467
-467
-472
-480
-500
-510
-506
-490
-484
-497
-515
-523
-522
-525
-523
-531
-518
-504
-503
-520
-518
-496
-490
-490
-473
-458
-459
-463
-462
-453
-453
-455
-430
-425
-433
-438
-455
-457
-463
-464
-448
-448
-468
-489
-496
-493
-479
-486
-519
-531
-525
-526
-534
-532
-535
-536
-548
-558
-532
-516
-514
-520
-519
-523
-509
-484
-469
-466
-469
-470
-473
-478
-473
-460
-451
-450
-459
-464
-466
-463
-477
-473
-463
-485
-492
-486
-479
-491
-508
-513
-521
-531
-538
-519
-518
-539
-546
-546
-535
-525
-524
-509
-500
-501
-506
-487
-480
-483
-467
-474
-478
-467
-469
-459
-472
-476
-471
-466
-469
-479
-486
-504
-502
-514
-522
-538
-543
-546
-545
-565
-574
-571
-588
-610
-627
-611
-595
-592
-580
-579
-579
-586
-590
-575
-547
-525
-518
-515
-512
-512
-519
-524
-507
-494
-477
-491
-518
-522
-537
-547
-550
-559
-548
-551
-566
-581
-612
-628
-621
-619
-626
-612
-611
-631
-657
-660
-648
-624
-611
-615
-605
-590
-581
-590
-586
-561
-546
-554
-538
-523
-514
-527
-544
-524
-520
-514
-517
-518
-547
-563
-558
-570
-569
-593
-606
-609
-630
-644
-661
-662
-679
-698
-704
-698
-693
-703
-702
-705
-696
-695
-683
-662
-659
-639
-635
-626
-601
-584
-567
-556
-566
-570
-547
-549
-545
-528
-522
-523
-545
-551
-555
-552
-560
-563
-560
-586
-598
-606
-616
-600
-602
-608
-602
-615
-625
-613
-603
-598
-592
-598
-573
-555
-548
-547
-549
-528
-517
-515
-496
-484
-479
-485
-486
-477
-464
-468
-474
-468
-476
-476
-482
-484
-493
-497
-507
-509
-522
-544
-558
-567
-564
-566
-556
-565
-573
-578
-577
-566
-555
-546
-517
-511
-506
-511
-502
-472
-467
-455
-452
-446
-448
-449
-445
-422
-403
-418
-431
-427
-416
-420
-420
-424
-425
-426
-445
-449
-442
-439
-447
-450
-444
-439
-443
-442
-445
-431
-422
-416
-403
-388
-372
-369
-374
-359
-337
-327
-325
-307
-299
-299
-291
-292
-295
-286
-281
-278
-271
-268
-268
-275
-285
-287
-288
-276
-278
-284
-306
-321
-316
-305
-319
-326
-320
-340
-333
-326
-317
-309
-313
-308
-305
-305
-278
-266
-269
-254
-260
-244
-242
-246
-239
-234
-220
-240
-256
-251
-249
-240
-249
-258
-258
-254
-275
-282
-263
-272
-290
-296
-282
-281
-276
-280
-276
-270
-282
-272
-257
-225
-239
-246
-235
-233
-233
-224
-217
-203
-195
-197
-193
-198
-196
-200
-196
-204
-194
-197
-201
-214
-202
-204
-217
-215
-223
-220
-239
-249
-228
-224
-223
-231
-228
-232
-244
-241
-233
-227
-223
-202
-216
-213
-213
-197
-177
-186
-170
-179
-181
-183
-184
-174
-173
-191
-201
-209
-212
-214
-220
-221
-222
-231
-237
-245
-253
-248
-245
-248
-265
-261
-254
-245
-252
-252
-245
-248
-243
-229
-223
-223
-223
-203
-203
-216
-196
-191
-185
-194
-203
-205
-196
-189
-194
-185
-187
-196
-204
-208
-210
-208
-215
-231
-221
-222
-226
-224
-244
-243
-242
-244
-265
-258
-258
-259
-251
-244
-240
-235
-226
-212
-208
-229
-215
-202
-207
-218
-208
-196
-199
-207
-205
-200
-210
-232
-228
-230
-237
-267
-265
-261
-275
-278
-282
-279
-283
-291
-286
-275
-279
-262
-255
-254
-243
-234
-226
-222
-223
-218
-208
-188
-187
-199
-201
-211
-200
-190
-185
-189
-195
-198
-189
-196
-194
-185
-181
-192
-211
-208
-207
-215
-220
-218
-221
-218
-221
-214
-222
-229
-223
-217
-203
-195
-180
-167
-160
-166
-158
-156
-133
-119
-119
-116
-118
-114
-101
-93
-99
-92
-100
-113
-119
-113
-121
-124
-137
-139
-146
-161
-165
-169
-166
-178
-183
-181
-174
-160
-166
-157
-152
-153
-144
-135
-125
-115
-118
-102
-101
-90
-76
-73
-64
-71
-68
-66
-63
-65
-73
-66
-73
-70
-61
-79
-78
-81
-85
-96
-107
-99
-104
-122
-129
-120
-113
-123
-132
-121
-126
-126
-129
-125
-103
-108
-103
-87
-88
-70
-67
-53
-51
-46
-43
-34
-20
-21
-11
-19
-27
-25
-19
-15
-23
-13
2
-11
-27
-24
-23
-29
-32
-32
-19
-24
-24
-19
-22
-17
-33
-16
4
-2
8
9
15
14
14
36
37
45
52
59
57
63
63
60
46
48
68
47
35
22
17
9
-8
-15
-5
-7
-31
-49
-57
-55
-57
-75
-68
-63
-78
-82
-75
-74
-72
-69
-75
-75
-71
-63
-57
-49
-52
-47
-38
-33
-32
-32
-17
-15
-26
-12
-7
-12
-1
-11
-9
-16
-18
-20
-18
-11
-25
-23
-27
-32
-27
-29
-31
-25
-19
-10
1
8
19
29
22
34
54
63
68
74
93
98
102
100
106
106
106
105
111
111
87
79
89
84
63
53
54
57
41
35
25
35
33
32
20
19
21
16
17
12
13
16
19
15
22
37
23
28
39
41
48
66
69
66
82
76
78
77
93
97
80
80
69
73
78
66
49
53
40
33
26
19
16
8
8
10
22
16
17
27
23
21
30
27
38
37
47
57
61
62
77
76
83
83
80
85
87
88
71
67
61
56
45
39
38
31
21
9
7
0
-3
-9
-22
-25
-45
-48
-63
-53
-47
-64
-59
-68
-65
-78
-67
-60
-62
-56
-55
-43
-40
-44
-49
-46
-42
-32
-29
-22
-28
-40
-34
-41
-53
-46
-48
-39
-43
-54
-66
-66
-71
-81
-81
-85
-99
-105
-106
-107
-101
-101
-91
-85
-80
-65
-55
-44
-38
-35
-26
-21
-14
-9
-4
16
20
21
21
32
42
34
18
21
30
35
12
1
11
14
4
-8
-20
-32
-34
-32
-41
-57
-48
-48
-59
-68
-66
-47
-59
-63
-52
-39
-33
-33
-28
-20
-14
-9
1
15
19
23
17
25
30
26
24
28
25
7
14
7
0
-2
3
-1
-16
-9
-11
-17
-28
-28
-29
-27
-26
-29
-16
-8
-2
-1
10
19
17
30
34
40
45
53
64
63
53
57
53
56
53
71
70
51
51
47
46
30
26
22
17
2
-8
-29
-36
-27
-43
-35
-44
-52
-57
-67
-71
-68
-72
-80
-86
-80
-80
-92
-79
-78
-70
-58
-55
-47
-54
-50
-40
-37
-43
-40
-46
-47
-46
-47
-41
-44
-53
-59
-56
-61
-61
-62
-72
-71
-83
-89
-95
-103
-96
-103
-94
-94
-95
-105
-112
-108
-107
-84
-102
-94
-85
-77
-66
-70
-67
-73
-66
-58
-47
-57
-54
-60
-58
-66
-63
-58
-64
-72
-78
-85
-97
-103
-116
-133
-143
-152
-151
-154
-160
-169
-179
-178
-183
-191
-185
-180
-195
-203
-204
-197
-204
-202
-190
-191
-193
-191
-183
-182
-190
-184
-178
-172
-168
-170
-171
-174
-179
-186
-190
-179
-182
-209
-207
-206
-204
-208
-219
-221
-219
-230
-233
-220
-217
-220
-224
-225
-217
-201
-192
-198
-200
-183
-177
-177
-156
-150
-149
-143
-144
-138
-148
-139
-136
-125
-128
-146
-137
-128
-139
-149
-151
-157
-160
-168
-180
-176
-187
-196
-202
-213
-216
-226
-225
-231
-233
-225
-228
-221
-215
-231
-221
-225
-211
-201
-194
-186
-184
-172
-167
-161
-156
-166
-159
-148
-152
-153
-155
-162
-160
-164
-185
-172
-166
-184
-189
-177
-189
-199
-197
-201
-193
-209
-212
-205
-208
-206
-211
-212
-197
-207
-222
-210
-202
-200
-199
-202
-203
-198
-196
-191
-200
-188
-191
-198
-200
-201
-216
-217
-206
-212
-208
-219
-224
-236
-249
-247
-265
-268
-262
-272
-279
-279
-274
-288
-292
-299
-288
-279
-273
-276
-285
-278
-261
-258
-264
-260
-257
-255
-242
-247
-241
-230
-230
-231
-229
-221
-209
-212
-206
-190
-188
-191
-198
-188
-183
-184
-186
-174
-176
-176
-183
-184
-172
-183
-184
-167
-171
-165
-173
-183
-186
-184
-186
-195
-190
-188
-190
-198
-201
-190
-188
-193
-193
-196
-188
-194
-195
-190
-187
-183
-196
-199
-194
-188
-193
-191
-177
-176
-186
-186
-186
-197
-195
-203
-187
-189
-189
-197
-184
-187
-188
-171
-181
-169
-152
-155
-160
-164
-159
-146
-150
-154
-155
-150
-167
-166
-156
-157
-159
-174
-173
-158
-168
-163
-163
-159
-165
-170
-166
-165
-162
-166
-168
-183
-170
-172
-186
-180
-178
-178
-184
-192
-182
-194
-199
-207
-202
-203
-213
-218
-225
-221
-226
-219
-223
-222
-224
-226
-235
-247
-247
-240
-239
-229
-236
-246
-250
-259
-250
-257
-249
-250
-256
-252
-267
-267
-256
-255
-259
-260
-272
-274
-270
-266
-266
-271
-269
-264
-256
-254
-246
-233
-243
-229
-218
-218
-220
-225
-218
-207
-199
-206
-207
-195
-200
-220
-220
-213
-216
-223
-220
-211
-214
-223
-223
-218
-223
-226
-225
-229
-225
-233
-225
-229
-223
-222
-231
-237
-252
-248
-248
-242
-235
-229
-237
-234
-238
-235
-235
-234
-230
-231
-229
-234
-245
-233
-235
-225
-229
-237
-234
-238
-225
-237
-238
-231
-239
-235
-222
-233
-232
-232
-235
-226
-226
-235
-234
-221
-225
-229
-221
-211
-214
-212
-202
-203
-210
-190
-192
-196
-191
-192
-184
-190
-188
-177
-183
-192
-189
-189
-181
-187
-196
-194
-198
-198
-199
-208
-206
-199
-202
-201
-210
-203
-196
-204
-220
-202
-206
-213
-213
-208
-210
-213
-208
-191
-184
-191
-181
-184
-182
-182
-177
-168
-161
-161
-147
-156
-161
-173
-167
-154
-155
-156
-149
-153
-158
-157
-155
-157
-163
-158
-154
-161
-167
-165
-160
-164
-154
-148
-149
-150
-158
-151
-142
-125
-124
-123
-117
-115
-109
-106
-92
-93
-88
-80
-79
-73
-73
-67
-53
-41
-47
-35
-35
-34
-35
-41
-33
-29
-33
-36
-35
-35
-41
-41
-39
-51
-43
-43
-44
-55
-64
-71
-76
-78
-76
-73
-84
-77
-82
-79
-73
-68
-66
-79
-61
-79
-84
-79
-78
-78
-83
-90
-90
-93
-89
-95
-99
-98
-104
-100
-107
-115
-117
-109
-107
-100
-101
-107
-100
-106
-90
-96
-82
-67
-73
-83
-86
-72
-76
-82
-76
-56
-71
-82
-70
-55
-63
-70
-61
-42
-46
-60
-55
-48
-46
-58
-60
-52
-46
-55
-62
-70
-65
-64
-71
-70
-77
-88
-95
-94
-89
-98
-97
-86
-86
-94
-95
-95
-84
-80
-83
-77
-74
-74
-75
-67
-60
-63
-64
-42
-47
-57
-57
-54
-58
-74
-81
-86
-81
-97
-94
-101
-104
-107
-122
-107
-120
-123
-112
-115
-123
-124
-108
-98
-123
-113
-122
-117
-122
-132
-139
-146
-134
-137
-144
-149
-144
-137
-139
-143
-134
-138
-144
-146
-147
-145
-149
-142
-144
-150
-163
-174
-179
-182
-182
-193
-190
-214
-214
-222
-226
-222
-235
-243
-244
-236
-237
-225
-219
-215
-219
-225
-213
-206
-206
-192
-197
-179
-169
-164
-160
-155
-144
-139
-136
-137
-131
-132
-130
-133
-143
-137
-128
-125
-125
-126
-119
-131
-130
-130
-132
-132
-132
-135
-122
-116
-136
-135
-124
-123
-123
-124
-118
-109
-116
-116
-127
-120
-126
-122
-123
-119
-113
-118
-104
-108
-110
-101
-105
-107
-107
-109
-115
-121
-112
-133
-145
-135
-142
-147
-143
-152
-156
-156
-148
-143
-153
-145
-140
-139
-148
-151
-126
-120
-125
-122
-101
-95
-97
-91
-68
-64
-63
-61
-60
-48
-51
-46
-45
-36
-58
-58
-46
-48
-45
-46
-39
-44
-52
-65
-62
-65
-65
-65
-74
-67
-79
-80
-88
-82
-71
-83
-82
-83
-81
-90
-83
-72
-70
-64
-75
-74
-68
-61
-66
-78
-78
-67
-72
-71
-76
-74
-83
-93
-91
-99
-108
-114
-114
-124
-127
-134
-135
-144
-147
-145
-144
-149
-157
-153
-155
-150
-157
-151
-138
-146
-143
-133
-127
-123
-127
-127
-116
-123
-120
-128
-135
-124
-115
-125
-146
-137
-135
-143
-148
-151
-143
-148
-152
-162
-157
-163
-171
-166
-174
-182
-178
-165
-178
-170
-175
-175
-175
-176
-175
-183
-169
-164
-166
-168
-170
-158
-163
-169
-154
-159
-156
-157
-150
-158
-159
-171
-175
-176
-170
-175
-192
-196
-206
-200
-214
-224
-229
-233
-236
-234
-235
-236
-229
-243
-224
-216
-223
-219
-207
-193
-202
-195
-198
-190
-190
-181
-174
-178
-173
-167
-173
-185
-192
-176
-169
-171
-174
-174
-167
-179
-165
-160
-158
-155
-160
-158
-163
-158
-146
-149
-144
-159
-156
-151
-149
-150
-160
-141
-146
-149
-139
-140
-125
-125
-120
-110
-110
-113
-111
-105
-109
-106
-102
-95
-105
-105
-102
-107
-108
-119
-129
-127
-133
-138
-138
-150
-159
-157
-169
-163
-160
-166
-152
-156
-169
-166
-159
-154
-151
-156
-150
-138
-138
-128
-141
-139
-136
-133
-122
-132
-115
-109
-116
-120
-119
-119
-124
-133
-121
-122
-136
-135
-141
-141
-139
-148
-158
-165
-161
-154
-166
-178
-170
-165
-174
-170
-167
-161
-160
-158
-152
-158
-148
-141
-131
-111
-122
-122
-109
-110
-97
-110
-113
-98
-98
-107
-115
-118
-117
-115
-120
-126
-134
-131
-133
-138
-138
-139
-136
-136
-133
-134
-136
-137
-141
-143
-139
-126
-131
-132
-123
-123
-115
-115
-119
-118
-110
-116
-114
-118
-114
-123
-126
-127
-131
-132
-143
-133
-149
-160
-157
-153
-160
-180
-170
-171
-177
-181
-181
-186
-194
-196
-202
-194
-200
-203
-198
-210
-190
-181
-177
-179
-184
-176
-174
-179
-173
-166
-173
-177
-175
-191
-195
-182
-192
-192
-201
-196
-198
-222
-210
-221
-220
-237
-239
-236
-245
-248
-240
-244
-249
-247
-255
-249
-248
-237
-247
-236
-233
-242
-232
-220
-216
-214
-209
-210
-201
-204
-206
-201
-208
-199
-201
-203
-190
-203
-206
-197
-198
-198
-194
-181
-177
-183
-182
-186
-173
-178
-180
-174
-162
-150
-163
-160
-144
-139
-133
-122
-117
-124
-126
-102
-110
-101
-93
-101
-99
-102
-93
-78
-85
-89
-91
-103
-106
-105
-104
-101
-107
-110
-112
-115
-109
-123
-136
-143
-136
-142
-144
-146
-135
-149
-159
-146
-147
-153
-151
-161
-163
-161
-168
-156
-168
-173
-171
-175
-184
-190
-188
-202
-194
-190
-206
-208
-192
-190
-194
-190
-190
-197
-200
-186
-180
-182
-191
-187
-189
-193
-177
-191
-190
-193
-204
-195
-186
-189
-205
-191
-197
-184
-179
-185
-180
-195
-189
-173
-172
-168
-172
-161
-169
-163
-170
-168
-174
-172
-167
-177
-174
-174
-162
-166
-154
-163
-161
-163
-145
-148
-134
-124
-137
-132
-130
-121
-105
-98
-94
-87
-96
-91
-90
-87
-91
-90
-86
-95
-84
-80
-93
-92
-98
-94
-104
-110
-108
-114
-101
-104
-104
-103
-108
-104
-112
-111
-102
-108
-109
-109
-111
-117
-121
-110
-98
-103
-97
-116
-118
-116
-119
-121
-125
-120
-118
-104
-109
-105
-109
-112
-108
-108
-111
-101
-110
-102
-95
-103
-121
-134
-127
-140
-152
-143
-134
-146
-145
-132
-137
-130
-138
-132
-127
-125
-122
-124
-122
-140
-127
-127
-128
-123
-138
-129
-127
-138
-142
-152
-148
-138
-144
-149
-149
-152
-154
-171
-177
-161
-174
-172
-171
-179
-170
-175
-171
-169
-170
-175
-181
-171
-172
-164
-166
-164
-155
-159
-161
-154
-156
-168
-165
-158
-152
-150
-158
-146
-141
-148
-143
-139
-142
-149
-148
-154
-150
-148
-131
-130
-136
-143
-143
-142
-134
-139
-151
-148
-150
-145
-156
-145
-139
-140
-142
-148
-141
-138
-140
-141
-123
-119
-119
-122
-114
-104
-103
-99
-107
-100
-90
-94
-106
-108
-117
-117
-108
-112
-113
-124
-120
-112
-113
-120
-126
-126
-127
-126
-130
-115
-134
-122
-113
-119
-126
-131
-123
-112
-110
-123
-106
-117
-124
-133
-130
-121
-126
-138
-138
-136
-141
-140
-133
-142
-145
-148
-157
-150
-146
-149
-154
-148
-162
-167
-181
-183
-192
-194
-189
-185
-181
-190
-190
-193
-189
-176
-179
-184
-182
-171
-171
-175
-154
-162
-168
-150
-149
-142
-142
-147
-146
-149
-136
-137
-142
-144
-134
-123
-133
-130
-135
-135
-129
-114
-111
-111
-102
-108
-91
-84
-93
-82
-74
-60
-61
-65
-65
-62
-56
-53
-52
-46
-45
-52
-42
-46
-55
-46
-45
-53
-45
-36
-35
-37
-45
-50
-39
-46
-55
-55
-44
-47
-47
