SAMPLES:	10947
BITSPERSAMPLE:	16
CHANNELS:	1
SAMPLERATE:	16000
NORMALIZED:	FALSE
-95
-90
-78
-80
-82
-75
-70
-61
-55
-60
-48
-47
-42
-20
-15
-16
-4
6
19
27
28
38
31
34
29
31
30
40
41
41
44
53
64
58
73
87
92
99
106
116
121
133
133
145
157
154
168
165
166
174
177
166
157
159
152
148
141
136
120
118
126
129
130
119
123
133
131
135
145
136
137
155
153
157
170
170
176
185
183
184
176
184
172
169
161
150
155
151
152
140
150
143
132
126
124
130
127
122
110
112
115
107
107
106
108
117
114
126
130
134
138
124
116
112
110
108
96
89
84
78
75
70
75
65
60
62
64
71
64
60
64
77
72
88
98
99
102
108
120
117
110
109
92
78
74
61
63
46
33
44
51
49
41
54
55
55
60
70
65
65
61
54
59
52
66
61
52
60
57
49
49
36
38
30
32
33
15
13
17
12
-5
3
10
6
11
14
8
10
8
9
11
15
4
6
4
8
10
12
6
7
1
-2
-7
-15
-6
-17
-11
-25
-26
-23
-34
-25
-25
-30
-33
-26
-36
-33
-20
-22
-18
-16
-18
-18
-22
-8
-3
-2
-5
-14
-10
-21
-25
-16
-20
-33
-18
-16
-17
-17
-33
-18
-29
-38
-28
-35
-34
-22
-32
-35
-37
-39
-29
-37
-33
-41
-51
-39
-36
-39
-49
-55
-50
-60
-62
-49
-50
-48
-55
-47
-45
-50
-58
-47
-46
-50
-49
-45
-49
-58
-44
-52
-55
-58
-65
-60
-61
-65
-53
-62
-62
-54
-60
-58
-69
-75
-74
-73
-75
-62
-61
-45
-41
-38
-34
-27
-18
-20
-22
-26
-21
-8
-9
-5
-3
-7
7
3
7
21
17
21
7
8
15
15
27
39
52
60
62
71
74
75
84
80
87
92
99
99
104
101
100
96
95
106
100
87
79
85
83
80
79
72
70
62
58
54
57
48
42
49
52
57
36
48
43
39
42
39
30
18
25
25
20
22
29
20
11
0
-2
12
4
-1
6
6
-5
4
12
-3
5
9
11
13
16
21
21
30
13
21
22
26
28
41
39
36
51
31
33
30
24
12
7
12
8
9
3
4
15
29
24
32
41
40
51
57
60
67
77
69
70
76
73
69
76
74
80
81
80
87
73
79
81
81
82
84
94
102
104
110
115
127
136
142
145
138
148
144
143
151
147
141
146
144
137
142
144
141
140
137
150
149
155
156
160
173
163
181
189
199
192
198
201
203
220
221
215
221
219
209
219
215
219
226
226
213
218
218
219
210
217
220
216
208
208
218
221
230
243
255
262
271
289
305
302
311
308
307
316
314
305
308
313
303
302
306
301
295
284
287
278
277
280
279
274
282
283
284
279
268
284
284
288
276
275
269
276
274
263
266
268
261
250
237
230
247
249
247
237
235
241
242
243
253
245
252
255
258
267
255
259
274
281
278
285
286
295
291
288
286
291
302
304
303
298
298
294
298
285
280
271
266
268
274
280
285
291
287
295
299
305
311
315
327
337
342
352
357
353
366
362
358
351
350
350
343
348
340
328
320
301
303
301
308
311
310
302
306
320
313
321
312
312
317
317
313
333
332
326
343
341
333
324
329
324
320
309
305
307
295
291
290
293
288
285
276
278
268
263
258
242
230
216
218
220
228
221
213
223
215
225
225
209
210
206
205
196
203
188
181
182
176
181
169
160
162
163
152
143
143
144
145
142
144
146
140
135
138
141
132
119
112
108
108
93
96
104
105
111
111
112
104
103
114
119
111
111
107
101
107
113
106
96
109
105
101
109
97
98
89
82
80
80
76
66
61
57
47
37
31
34
42
32
27
20
33
40
39
55
51
61
64
68
70
82
93
86
96
101
100
102
96
102
102
96
97
91
86
81
75
67
75
63
50
68
71
60
69
75
75
69
74
78
83
94
92
96
106
102
91
97
92
89
92
84
86
76
95
99
92
102
103
104
105
110
102
122
117
105
106
109
106
114
112
116
125
118
131
125
136
123
106
103
98
94
90
88
88
87
83
88
79
82
88
78
88
94
92
105
101
104
100
109
118
102
116
110
104
105
103
101
101
86
72
71
68
72
66
69
70
68
71
72
65
69
78
84
84
96
104
111
110
117
126
113
115
110
92
95
92
84
95
95
91
92
102
106
101
110
112
120
119
120
126
123
134
145
144
146
157
155
155
158
161
151
154
166
162
160
150
149
140
130
131
134
133
130
133
137
127
128
135
143
149
155
169
183
186
198
211
226
236
246
250
246
252
258
260
246
256
262
261
266
267
269
264
264
254
257
262
270
270
262
274
278
282
285
299
314
317
318
325
336
344
344
359
354
357
351
341
349
350
346
328
320
319
313
315
318
319
312
324
320
327
338
327
342
345
346
359
363
357
361
370
360
352
354
346
329
335
342
340
337
317
320
310
313
314
315
315
310
314
317
313
319
318
325
328
331
331
321
326
320
326
315
314
322
310
296
306
295
282
275
272
258
256
252
245
238
243
234
227
231
229
222
226
239
230
233
236
252
270
268
257
259
254
243
244
246
231
223
233
229
230
222
204
199
198
193
184
185
182
184
181
185
179
171
182
192
204
202
205
207
207
208
214
207
198
194
191
185
177
162
159
166
155
162
149
143
150
154
160
155
158
149
163
162
171
177
178
186
176
168
162
174
164
170
164
166
163
152
144
140
148
136
133
132
124
123
124
129
118
108
121
123
131
133
133
146
150
151
151
154
166
169
157
152
149
168
162
162
163
161
166
168
164
178
188
188
198
196
195
198
203
206
212
213
223
227
217
225
242
238
236
227
223
229
223
224
231
231
219
217
211
209
206
194
206
205
193
192
196
193
184
191
202
193
202
197
208
209
201
205
206
209
217
217
225
221
216
219
217
210
199
199
195
194
192
177
169
163
165
176
169
175
182
183
187
199
212
217
213
216
226
221
230
233
226
236
220
222
219
208
206
205
203
202
196
188
195
191
195
192
190
193
186
196
194
195
197
200
212
212
220
215
208
206
213
211
209
200
195
189
172
176
167
157
152
151
148
143
146
141
144
137
135
140
141
137
130
136
125
127
124
121
116
113
105
99
109
110
100
88
90
85
77
75
70
63
63
45
41
40
38
50
48
57
53
56
57
69
79
76
81
75
71
68
70
63
60
70
58
55
49
37
31
39
29
23
22
4
19
24
22
27
25
35
31
33
25
16
43
38
29
27
36
23
21
25
11
0
8
1
-5
-5
4
15
1
5
13
9
-5
-1
12
10
10
22
21
31
30
32
42
47
41
60
60
64
64
65
75
78
75
72
76
61
66
59
68
58
66
72
66
80
75
87
84
98
96
96
119
123
141
141
156
160
162
165
163
171
155
165
159
142
137
134
135
122
127
117
105
102
100
108
102
94
91
94
99
95
100
103
102
111
105
109
105
106
111
108
102
103
101
98
94
86
78
71
61
68
59
51
62
50
59
52
50
54
58
58
52
48
55
63
58
64
66
69
67
56
54
54
46
46
51
34
33
30
24
19
18
17
11
9
13
17
19
25
26
28
28
33
41
33
37
36
28
34
33
40
38
41
48
49
45
44
46
48
43
43
40
43
43
41
45
44
38
37
39
33
27
19
24
20
19
21
2
-3
-3
2
-1
2
-12
-6
-11
-15
-8
-9
-6
-10
-10
-19
-18
-11
-21
-17
-9
-12
-11
-5
-5
-18
-7
-5
-2
-4
-12
1
-2
-13
-10
-6
-8
-24
-22
-15
-15
-9
-12
-12
-13
-27
-21
-19
-17
-25
-26
-21
-30
-29
-34
-34
-41
-41
-38
-40
-43
-43
-49
-45
-46
-59
-55
-58
-61
-75
-65
-74
-81
-84
-92
-78
-74
-78
-69
-67
-78
-67
-64
-66
-71
-84
-82
-76
-81
-76
-79
-77
-83
-75
-70
-72
-71
-73
-67
-74
-70
-65
-63
-60
-57
-55
-50
-46
-42
-30
-22
-23
-28
-21
-21
-19
-10
-19
-17
-16
-15
-10
-20
-34
-33
-39
-35
-34
-38
-38
-35
-42
-41
-38
-44
-45
-42
-41
-34
-28
-27
-27
-30
-32
-37
-32
-41
-46
-43
-49
-52
-55
-55
-56
-60
-56
-67
-72
-65
-76
-80
-84
-85
-73
-79
-75
-79
-78
-70
-66
-65
-60
-55
-65
-64
-70
-68
-77
-84
-82
-78
-71
-83
-83
-81
-87
-82
-84
-82
-76
-77
-85
-79
-78
-82
-71
-79
-81
-68
-68
-65
-65
-67
-64
-49
-46
-48
-45
-36
-38
-38
-40
-49
-59
-66
-71
-70
-71
-71
-71
-76
-74
-75
-69
-63
-62
-64
-63
-58
-56
-50
-51
-46
-59
-59
-55
-60
-60
-60
-49
-66
-61
-71
-74
-58
-56
-54
-53
-36
-46
-44
-32
-36
-36
-37
-44
-45
-33
-36
-34
-39
-29
-25
-25
-30
-45
-38
-40
-36
-38
-39
-36
-44
-32
-32
-35
-22
-33
-36
-39
-29
-30
-37
-36
-45
-35
-39
-30
-29
-23
-10
-2
3
4
0
13
13
5
3
2
4
-2
0
8
0
-10
0
0
10
6
23
13
7
13
20
21
18
32
22
12
27
25
12
11
13
11
9
7
0
-3
-9
-3
-5
-14
-20
-17
-8
-8
-7
-1
-7
12
15
10
19
22
30
23
34
38
43
53
62
64
64
72
71
70
58
49
52
55
61
49
49
56
58
60
59
53
58
45
40
45
50
40
33
44
49
50
50
60
56
53
52
56
65
65
59
60
61
70
62
64
58
41
47
42
37
31
35
35
42
32
42
33
38
46
45
47
44
48
39
39
33
31
18
22
25
16
9
19
16
13
19
28
25
17
20
20
15
21
13
13
14
3
-4
-3
6
-1
-1
-1
-11
-18
-37
-31
-21
-39
-46
-48
-57
-59
-52
-44
-40
-53
-54
-44
-46
-43
-47
-54
-32
-50
-48
-47
-42
-40
-42
-41
-37
-34
-54
-44
-50
-38
-55
-64
-63
-71
-85
-96
-77
-98
-115
-111
-109
-104
-106
-104
-95
-105
-108
-108
-94
-99
-110
-100
-101
-100
-106
-105
-118
-116
-113
-104
-102
-107
-110
-104
-103
-126
-121
-111
-92
-102
-106
-94
-97
-99
-95
-109
-110
-98
-107
-108
-105
-105
-105
-121
-123
-117
-127
-122
-131
-143
-130
-136
-134
-124
-117
-116
-124
-124
-116
-109
-101
-102
-99
-108
-125
-114
-99
-83
-86
-101
-100
-94
-82
-81
-85
-75
-91
-87
-90
-92
-89
-93
-94
-110
-106
-101
-107
-94
-99
-99
-93
-72
-79
-80
-85
-80
-63
-68
-57
-54
-43
-38
-33
-30
-30
-32
-32
-24
-33
-32
-25
-38
-55
-43
-54
-70
-63
-70
-82
-78
-71
-67
-78
-79
-76
-66
-77
-82
-68
-82
-75
-73
-82
-80
-85
-84
-79
-85
-82
-85
-75
-97
-103
-106
-95
-78
-90
-67
-74
-82
-73
-76
-66
-69
-72
-61
-61
-75
-62
-55
-58
-61
-80
-75
-95
-75
-79
-92
-86
-117
-123
-112
-124
-126
-142
-138
-135
-149
-131
-121
-124
-122
-121
-128
-124
-120
-109
-93
-103
-105
-106
-106
-111
-108
-96
-106
-110
-111
-108
-109
-113
-106
-112
-106
-107
-103
-111
-104
-103
-104
-121
-121
-115
-117
-110
-133
-126
-124
-133
-136
-140
-130
-146
-136
-129
-152
-141
-159
-149
-167
-184
-173
-187
-174
-202
-169
-176
-183
-181
-186
-188
-191
-189
-195
-179
-188
-201
-227
-198
-198
-219
-208
-216
-210
-225
-213
-204
-227
-199
-210
-218
-218
-213
-221
-227
-234
-235
-243
-233
-210
-219
-225
-228
-210
-216
-222
-207
-197
-231
-209
-197
-210
-212
-202
-227
-237
-208
-189
-209
-212
-205
-215
-219
-208
-226
-213
-202
-215
-230
-223
-205
-247
-246
-239
-242
-265
-232
-258
-262
-236
-209
-221
-257
-222
-239
-236
-237
-246
-205
-218
-233
-226
-239
-252
-250
-238
-265
-264
-257
-260
-276
-291
-276
-283
-283
-293
-289
-290
-301
-285
-299
-301
-305
-304
-292
-297
-280
-315
-326
-278
-298
-335
-306
-313
-301
-308
-314
-312
-313
-329
-298
-295
-299
-284
-301
-268
-288
-284
-275
-250
-291
-297
-265
-268
-289
-303
-279
-296
-341
-284
-301
-315
-283
-320
-320
-322
-303
-327
-360
-325
-300
-357
-341
-297
-330
-332
-291
-274
-303
-286
-269
-275
-292
-251
-254
-261
-252
-249
-206
-241
-244
-200
-208
-233
-185
-171
-217
-198
-194
-179
-187
-160
-181
-191
-193
-166
-159
-168
-175
-177
-164
-149
-151
-160
-163
-138
-152
-152
-123
-148
-138
-137
-139
-146
-121
-133
-92
-103
-82
-89
-96
-56
-50
-72
-70
-58
-39
-79
-71
-34
-74
-39
-35
-24
-37
-54
0
-10
-41
-12
-28
-45
-20
-19
-17
-35
-13
-23
-10
-33
-33
-20
-14
-43
-14
-21
-42
-23
-60
-26
-55
29
-32
-17
-13
-23
-16
-52
8
-18
-3
-33
-32
-23
-6
-20
-39
-9
-40
-14
-32
-44
-23
-62
-44
-54
-61
-66
-33
-49
-66
-36
-44
-68
-62
-14
-58
-85
-60
-72
-83
-71
-84
-76
-104
-115
-89
-75
-91
-113
-66
-90
-74
-97
-53
-98
-76
-80
-79
-63
-84
-61
-64
-62
-82
-55
-78
-59
-44
-81
-79
-51
-58
-102
-93
-62
-81
-105
-111
-75
-113
-103
-86
-110
-116
-95
-85
-120
-89
-108
-82
-79
-102
-109
-111
-80
-125
-57
-131
-107
-91
-124
-115
-101
-94
-124
-98
-98
-117
-110
-106
-102
-125
-89
-102
-94
-95
-100
-78
-94
-107
-95
-76
-124
-51
-112
-79
-70
-93
-95
-97
-57
-103
-93
-62
-123
-121
-91
-92
-116
-120
-75
-108
-101
-98
-118
-79
-60
-70
-65
-53
-50
-58
-48
6
-113
-58
-36
-58
-76
-77
-38
-107
-93
-55
-79
-135
-108
-97
-96
-99
-81
-60
-130
-110
-82
-121
-101
-97
-76
-106
-128
-96
-97
-104
-100
-78
-93
-87
-90
-79
-66
-86
-43
-72
-70
-81
-45
-43
-44
-50
-42
4
-60
-49
-25
-5
-17
-22
-25
-22
-17
0
-15
19
35
27
18
26
62
43
54
11
33
42
26
32
27
30
38
13
16
38
8
61
25
28
52
13
32
36
37
41
47
18
47
52
61
62
10
43
69
91
67
57
69
103
73
119
79
93
103
157
134
150
140
93
134
169
192
89
173
136
145
133
187
151
112
192
134
129
146
162
168
152
146
143
154
162
148
102
201
157
100
140
200
168
144
123
148
108
152
159
181
150
120
194
82
185
171
150
84
134
175
166
125
176
194
158
162
180
182
176
149
133
223
182
218
147
166
155
134
193
171
152
145
236
213
161
160
151
260
217
212
147
156
314
198
145
190
252
175
167
214
183
138
149
182
168
149
198
188
129
159
210
205
150
192
194
186
157
216
193
165
174
219
190
161
178
196
188
195
179
148
191
226
223
190
223
201
213
216
224
238
212
192
198
205
207
180
204
223
230
203
193
228
234
195
179
259
221
139
240
225
187
164
214
192
161
167
218
207
169
213
197
168
191
260
161
153
214
205
191
199
232
172
215
255
230
183
191
257
264
187
218
203
195
192
219
246
208
172
250
260
195
257
236
195
259
289
208
185
274
234
204
235
282
269
223
248
232
227
239
288
230
189
295
252
229
159
254
284
110
206
301
172
179
181
260
199
179
193
213
187
192
210
212
162
220
172
148
180
160
194
166
183
151
124
150
142
160
76
162
104
102
82
135
142
63
132
118
128
77
72
105
44
53
141
80
91
-16
89
46
57
66
95
75
59
84
54
96
59
69
45
98
63
61
22
46
81
81
29
31
98
87
29
46
57
-67
19
47
95
-4
34
-47
20
136
-48
-40
-46
73
-38
-66
11
-49
-56
11
-41
-38
-4
-41
-4
-51
-4
-54
95
-65
-62
-27
60
-3
-34
-48
65
-25
-83
46
-53
-18
-79
-5
-28
3
-56
1
-30
26
19
-20
2
42
127
-92
16
90
-15
-46
17
53
-40
26
31
31
-1
33
36
-7
105
61
86
47
-1
58
79
96
-12
57
39
55
40
47
33
-53
112
22
17
-64
57
40
-79
27
17
-14
-13
62
-62
-45
84
26
-128
51
10
-6
-11
-11
7
-52
-5
-23
17
-81
8
-80
-27
-36
10
-24
-60
-59
12
-50
-9
-11
11
26
-84
-56
-13
17
-96
47
11
-41
-106
46
-37
-51
-47
-12
9
-75
-70
13
-8
-145
15
20
-37
-112
41
34
-40
-87
-5
40
-105
47
59
2
-183
130
-77
-74
35
-43
41
-116
-29
-19
-58
-47
-18
54
-28
-46
43
-59
-7
27
69
-120
5
49
63
-12
22
100
-26
69
87
70
-14
5
106
83
-114
127
86
0
196
-4
81
-65
162
-46
71
5
69
14
-10
76
-42
91
138
-51
-59
37
157
-35
-12
111
135
-43
123
2
-62
97
-1
103
135
19
130
-14
-31
145
100
-5
26
184
-73
36
49
40
9
-19
93
-41
-139
30
-2
-118
-74
-1
65
-143
-25
59
-42
-44
-9
-10
-29
106
-164
-10
7
62
95
-75
-74
37
64
79
29
-29
137
-22
121
-29
-73
185
-27
-76
0
-58
166
-140
-79
93
142
-128
-78
342
-125
-22
91
81
-133
3
115
58
28
26
11
26
38
133
21
-45
35
62
-33
116
155
-130
-22
124
-63
-69
-24
100
-61
-111
71
93
-69
107
76
-7
109
19
-11
-63
225
-47
-54
83
181
-35
-128
123
114
-29
117
131
97
-11
78
249
-114
128
110
193
-144
88
86
-48
92
151
9
5
138
24
102
37
128
2
19
81
95
15
48
211
-56
16
155
72
-66
67
241
-27
-84
244
40
-183
-58
200
129
-153
-32
180
-50
25
213
-44
182
-25
199
80
84
46
79
72
-9
167
172
2
-30
84
-2
77
94
41
-107
181
-55
175
119
25
137
-1
52
59
257
-78
107
120
-19
2
69
136
-72
26
193
124
105
-32
151
36
-21
136
120
-119
198
234
212
-126
163
162
-41
-61
105
121
-29
66
39
-92
46
134
-80
67
-30
86
-140
139
60
-47
19
102
-7
-6
44
-207
42
144
-70
-210
217
145
-81
-95
-9
-144
-32
-59
62
99
-11
4
-58
58
-18
25
-184
38
-35
-58
-180
-7
-44
-213
-138
211
-15
-191
-43
-16
-41
-246
-18
-109
-92
-21
-45
-131
-129
-5
-43
-213
-133
-9
30
-67
-142
-130
-200
-230
-56
-69
-13
-69
-90
-152
-193
-11
-47
-193
-160
-40
-98
-120
-103
-86
-75
-104
-28
-5
-153
-136
33
24
-127
-135
-176
-180
-6
-21
-73
-22
-44
-106
-22
66
-99
-223
-87
81
-124
-115
8
-149
12
50
-70
-61
-8
-90
105
162
106
16
124
113
56
135
91
49
21
40
60
11
-89
19
7
68
34
36
-7
65
-60
-32
-13
26
23
48
138
46
22
35
148
137
12
106
216
88
85
62
61
156
26
-23
2
84
46
21
158
94
50
10
123
122
-43
16
134
127
35
85
173
175
175
181
152
278
352
134
31
380
307
-105
19
37
72
-114
-117
-106
-183
-180
-133
-52
-116
-136
-88
-83
-152
-72
50
45
-27
0
115
29
27
38
20
-19
96
77
12
-64
9
14
-143
-119
-69
-47
-125
-156
-137
-184
-132
-180
-190
-120
-140
-107
-145
-165
-171
-77
-148
-87
-48
-49
-56
-165
-72
-32
-4
-82
-60
-86
-98
-65
-45
-52
-86
-99
-45
3
-48
-107
-48
-97
-138
-124
-75
-25
-93
-96
-123
-90
-121
-26
6
-51
-90
-65
-15
-47
-30
-116
-92
-91
-111
-52
-69
-175
-127
-63
-95
-113
-59
-19
-32
-18
-2
-29
-77
-66
-11
-79
-80
-30
-28
-38
-19
-54
-25
47
26
-6
50
73
60
-25
26
87
-10
-20
64
102
89
107
81
44
48
60
26
31
116
105
63
54
81
109
155
185
118
117
104
120
114
123
152
38
23
115
89
88
201
247
171
80
100
66
59
138
78
10
58
44
-40
-22
48
80
61
63
31
90
101
37
-39
-6
58
-6
13
109
195
106
62
97
49
61
110
54
44
-10
-55
-27
-49
-134
-54
-37
0
7
4
-20
-15
-49
-126
-107
-54
22
-108
-131
-130
-97
-59
-72
-88
-64
-42
-95
-158
-199
-135
-182
-272
-200
-173
-202
-175
-176
-236
-216
-170
-189
-204
-240
-274
-279
-303
-325
-293
-256
-279
-302
-290
-279
-287
-272
-275
-314
-327
-305
-304
-327
-309
-285
-286
-288
-271
-265
-259
-251
-255
-306
-301
-253
-265
-256
-248
-290
-292
-277
-301
-302
-275
-214
-217
-214
-173
-202
-223
-247
-240
-242
-270
-268
-295
-286
-275
-286
-298
-296
-290
-333
-377
-344
-365
-399
-436
-465
-486
-467
-453
-520
-548
-551
-564
-632
-660
-608
-603
-648
-655
-621
-613
-672
-684
-697
-754
-804
-775
-832
-920
-936
-967
-1021
-1100
-1102
-1023
-931
-861
-777
-682
-581
-372
-190
-75
84
214
319
350
347
366
404
415
351
276
204
197
210
159
106
125
108
66
26
11
-10
-3
-41
-98
-110
-102
-73
-35
-26
-8
40
83
127
162
189
215
241
198
170
178
176
134
102
68
54
28
-27
-84
-138
-173
-252
-360
-449
-520
-622
-717
-762
-828
-963
-1041
-1059
-1171
-1271
-1324
-1449
-1607
-1761
-1907
-2021
-2104
-2065
-1897
-1500
-1133
-890
-572
-237
235
759
1014
1099
1158
1186
1153
960
777
652
569
410
134
-27
-45
-3
20
-216
-395
-503
-633
-804
-1048
-1203
-1293
-1374
-1468
-1507
-1361
-1096
-823
-570
-403
-96
189
402
543
671
807
856
834
766
773
825
844
775
700
645
649
576
403
290
146
-22
-217
-400
-533
-592
-617
-631
-675
-602
-462
-350
-257
-200
-78
-44
-15
-7
-66
-92
-109
-168
-285
-410
-459
-543
-684
-829
-1007
-1234
-1536
-1829
-2163
-2455
-2728
-2833
-2742
-2317
-1884
-1639
-1269
-751
-16
756
1149
1320
1479
1634
1671
1424
1219
1089
1013
785
362
145
137
277
268
-51
-269
-371
-473
-733
-1105
-1317
-1475
-1642
-1886
-2013
-1783
-1408
-1082
-872
-637
-173
272
576
748
901
1095
1132
1062
947
960
1095
1070
965
866
874
959
902
728
550
395
189
-92
-385
-581
-681
-740
-848
-886
-786
-569
-359
-230
-101
56
163
198
167
141
118
54
-58
-221
-334
-419
-493
-626
-821
-1026
-1304
-1702
-2109
-2469
-2887
-3057
-2629
-2161
-1948
-1656
-1338
-667
418
1239
1507
1554
1844
2146
2031
1706
1496
1493
1315
862
414
118
361
609
258
-216
-385
-381
-621
-1031
-1357
-1551
-1654
-1928
-2217
-2182
-1759
-1111
-814
-696
-203
426
890
1122
1299
1500
1603
1534
1250
1108
1245
1330
1165
866
813
976
974
824
617
429
275
5
-377
-689
-741
-744
-925
-1057
-1004
-710
-376
-164
5
175
395
541
536
486
544
533
347
111
-31
-125
-211
-401
-692
-917
-1143
-1481
-1992
-2510
-2948
-3378
-3428
-2736
-2263
-2008
-1628
-1353
-317
974
1708
1868
1928
2347
2510
2190
1760
1600
1670
1309
719
142
-49
457
510
-61
-505
-628
-669
-1082
-1566
-1816
-1893
-1982
-2350
-2537
-2253
-1531
-764
-579
-318
390
1030
1452
1577
1747
1921
1926
1654
1253
1218
1410
1442
1102
739
818
938
818
600
320
135
-118
-506
-919
-1101
-997
-966
-1140
-1207
-949
-460
-31
166
416
668
824
891
876
834
856
805
547
231
150
144
45
-201
-501
-732
-1070
-1481
-1944
-2479
-3016
-3522
-3740
-3056
-2371
-1989
-1597
-1354
-320
1125
1931
2100
2136
2538
2732
2333
1781
1546
1719
1453
829
180
-75
471
561
-46
-561
-755
-840
-1327
-1931
-2203
-2197
-2171
-2495
-2649
-2257
-1386
-462
-183
154
914
1537
1844
1864
1971
2109
2026
1630
1138
1073
1262
1243
876
491
555
615
390
98
-207
-371
-640
-1070
-1450
-1521
-1305
-1209
-1265
-1196
-830
-314
-26
202
431
584
740
656
495
464
518
409
91
-107
-115
-150
-310
-548
-785
-1130
-1455
-1852
-2453
-2949
-3389
-3987
-4206
-3282
-2321
-1922
-1506
-1178
-112
1487
2257
2328
2174
2428
2625
2009
1289
1115
1311
964
270
-362
-550
61
184
-531
-1108
-1326
-1387
-1910
-2535
-2631
-2434
-2344
-2534
-2477
-1841
-731
290
557
872
1624
2178
2323
2150
2151
2215
1929
1398
926
870
1092
1041
546
151
233
199
-109
-439
-733
-877
-1164
-1545
-1736
-1592
-1171
-935
-904
-693
-188
330
671
822
949
1099
1056
877
785
774
764
597
296
85
50
-5
-226
-553
-893
-1215
-1672
-2199
-2678
-3106
-3611
-4165
-4223
-3114
-1912
-1369
-927
-682
473
2169
2842
2742
2496
2748
2794
2108
1394
1226
1489
1158
391
-362
-512
119
14
-829
-1475
-1726
-1881
-2432
-2902
-2857
-2463
-2238
-2303
-2066
-1185
116
1039
1222
1557
2212
2542
2521
2304
2245
2244
1860
1243
777
854
1026
753
194
-192
-153
-327
-714
-1012
-1239
-1311
-1528
-1789
-1718
-1284
-753
-511
-372
-38
463
857
1045
1156
1218
1211
1060
842
771
839
782
508
202
93
-6
-236
-558
-928
-1302
-1748
-2333
-2894
-3327
-3755
-4263
-4030
-2593
-1543
-1011
-688
-387
1159
2785
3149
2738
2429
2795
2759
1884
1145
1200
1385
895
32
-712
-477
165
-299
-1312
-1886
-1939
-2077
-2650
-2983
-2656
-2148
-1961
-1910
-1423
-241
1114
1698
1689
2094
2645
2802
2544
2234
2205
2038
1426
776
479
680
791
292
-349
-552
-506
-750
-1098
-1333
-1389
-1396
-1585
-1660
-1308
-672
-135
2
105
532
1035
1214
1270
1326
1266
1133
868
637
630
695
538
167
-121
-195
-287
-595
-907
-1149
-1512
-1921
-2359
-2725
-2941
-3226
-3831
-4218
-3197
-1433
-554
-227
-117
564
2324
3367
3213
2703
2656
2890
2223
1135
796
1098
999
168
-831
-1247
-720
-440
-1181
-1930
-2145
-2134
-2413
-2812
-2569
-1859
-1389
-1249
-1009
-203
1106
2096
2303
2365
2732
2867
2578
2185
2020
1917
1343
527
-33
-101
72
-147
-736
-1126
-1100
-1140
-1414
-1512
-1404
-1224
-1228
-1365
-1135
-499
166
475
500
687
1056
1229
1212
1247
1207
976
704
312
135
217
100
-197
-542
-725
-798
-1073
-1338
-1473
-1707
-2065
-2436
-2826
-3036
-3193
-3668
-4163
-3431
-1643
-534
-132
-57
436
2079
3353
3326
2696
2394
2614
2129
906
291
425
407
-247
-1251
-1829
-1422
-991
-1468
-2216
-2476
-2407
-2508
-2796
-2580
-1833
-1272
-1000
-686
22
1222
2243
2502
2558
2770
2799
2403
1897
1662
1482
866
-5
-530
-634
-485
-578
-1101
-1397
-1320
-1315
-1508
-1560
-1339
-1071
-1020
-1093
-845
-234
397
761
792
908
1198
1267
1164
1056
955
745
340
-49
-209
-257
-317
-511
-763
-932
-1027
-1194
-1410
-1508
-1636
-1959
-2345
-2608
-2740
-2993
-3455
-3928
-3603
-1949
-524
-53
53
263
1532
2963
3172
2694
2197
2117
1840
772
-72
-108
56
-370
-1260
-1945
-1876
-1328
-1387
-1977
-2343
-2427
-2446
-2552
-2419
-1753
-1094
-744
-425
142
1092
1995
2467
2565
2587
2441
1947
1466
1196
999
497
-343
-940
-1029
-897
-923
-1197
-1383
-1363
-1337
-1473
-1489
-1167
-777
-644
-729
-581
-52
537
877
957
998
1102
1104
917
762
662
455
142
-261
-511
-508
-516
-629
-772
-890
-1006
-1182
-1370
-1447
-1527
-1790
-2177
-2533
-2832
-3191
-3671
-3739
-2414
-692
155
298
231
1158
2910
3645
3128
2333
2022
2000
1216
120
-239
-90
-174
-886
-1753
-1929
-1347
-1036
-1528
-2067
-2293
-2311
-2252
-2170
-1660
-973
-508
-89
398
1177
2166
2821
2995
2961
2740
2199
1716
1447
1216
785
2
-658
-820
-718
-673
-848
-1049
-1055
-1060
-1236
-1319
-1000
-573
-354
-413
-389
68
657
1018
1092
1070
1103
1048
825
634
517
344
81
-266
-529
-556
-499
-542
-639
-765
-893
-1044
-1168
-1252
-1359
-1551
-1869
-2176
-2456
-2807
-3240
-3616
-3167
-1589
-265
240
316
553
1798
3150
3346
2722
2055
1843
1564
581
-251
-455
-428
-687
-1398
-2026
-1975
-1443
-1302
-1717
-2093
-2234
-2161
-1966
-1695
-1148
-626
-148
405
888
1557
2304
2776
2937
2722
2246
1678
1320
1139
803
166
-532
-821
-833
-838
-897
-978
-914
-808
-926
-1072
-917
-445
-71
-55
-117
98
560
914
1040
1031
1000
958
734
434
290
222
99
-201
-546
-635
-570
-571
-602
-710
-823
-926
-1093
-1244
-1337
-1456
-1721
-2088
-2530
-3024
-3527
-3739
-2792
-1063
50
372
296
815
2430
3637
3522
2700
2054
1866
1370
324
-292
-354
-351
-796
-1688
-2198
-1838
-1218
-1228
-1766
-2202
-2338
-2168
-1866
-1478
-903
-378
178
706
1180
1906
2604
3044
3036
2591
1899
1328
1142
983
487
-237
-752
-879
-815
-796
-870
-856
-704
-683
-883
-945
-603
-78
180
127
154
476
941
1184
1194
1107
985
803
446
87
-45
-74
-218
-535
-844
-905
-752
-613
-654
-842
-1013
-1056
-1179
-1351
-1474
-1617
-1809
-2159
-2730
-3310
-3686
-3325
-1796
-291
366
422
466
1460
3030
3683
3157
2297
1767
1453
706
-185
-507
-508
-684
-1359
-2250
-2446
-1872
-1375
-1567
-2127
-2470
-2431
-2040
-1564
-1070
-475
126
728
1147
1541
2230
2877
3090
2712
1954
1267
946
864
545
-126
-673
-897
-917
-949
-961
-817
-674
-655
-886
-1021
-697
-91
317
309
307
606
1038
1343
1348
1257
1176
906
456
15
-217
-229
-270
-518
-840
-934
-801
-614
-528
-614
-746
-910
-1015
-1116
-1245
-1363
-1450
-1647
-2088
-2610
-3141
-3367
-2591
-990
199
539
466
745
1969
3273
3543
2849
2066
1710
1342
564
-145
-285
-340
-666
-1378
-2118
-2101
-1548
-1246
-1580
-2130
-2325
-2117
-1664
-1180
-677
-83
529
1157
1511
1829
2454
2974
3045
2486
1637
1038
873
802
370
-316
-760
-767
-718
-808
-774
-572
-395
-417
-655
-665
-194
435
729
644
684
1015
1405
1526
1445
1351
1139
800
329
-138
-299
-260
-340
-669
-953
-939
-775
-635
-664
-788
-904
-981
-1050
-1204
-1332
-1370
-1437
-1769
-2334
-2866
-3219
-2859
-1492
-30
671
690
718
1534
2862
3597
3171
2287
1749
1484
915
76
-307
-277
-401
-977
-1821
-2150
-1730
-1252
-1401
-2035
-2399
-2250
-1818
-1363
-916
-289
436
1108
1567
1804
2303
2920
3103
2643
1809
1118
781
647
314
-253
-699
-834
-834
-937
-895
-619
-357
-331
-553
-623
-286
306
742
808
848
1108
1462
1654
1609
1511
1367
1038
530
-6
-319
-380
-415
-655
-1001
-1131
-982
-738
-681
-795
-900
-945
-974
-1076
-1216
-1265
-1256
-1334
-1764
-2359
-2801
-3009
-2511
-1293
9
672
725
869
1656
2891
3496
3039
2104
1547
1335
818
119
-286
-323
-426
-964
-1665
-1944
-1565
-1126
-1370
-2005
-2374
-2161
-1670
-1247
-797
-220
523
1230
1678
1947
2398
2899
2986
2470
1638
1017
719
534
166
-361
-743
-806
-712
-715
-680
-456
-199
-188
-345
-343
-10
553
926
1010
1016
1225
1597
1752
1658
1464
1252
919
437
-8
-292
-381
-414
-633
-969
-1082
-886
-651
-638
-752
-844
-849
-820
-869
-977
-1033
-983
-1091
-1514
-2062
-2490
-2795
-2716
-1946
-710
294
675
777
1188
2249
3183
3188
2348
1548
1322
1079
515
-145
-407
-362
-551
-1057
-1563
-1555
-1119
-1013
-1517
-2121
-2207
-1779
-1295
-914
-528
145
967
1579
1905
2093
2530
2846
2583
1833
1012
604
447
197
-259
-702
-828
-700
-574
-617
-582
-385
-240
-264
-349
-197
250
747
1042
1095
1157
1436
1716
1753
1508
1247
1001
625
231
-155
-331
-339
-421
-664
-970
-970
-725
-579
-690
-849
-884
-850
-831
-911
-1005
-1027
-1009
-1241
-1751
-2288
-2684
-2848
-2522
-1637
-425
381
660
947
1522
2544
3128
2845
2037
1374
1177
831
241
-266
-395
-349
-609
-1101
-1457
-1345
-1018
-1147
-1719
-2207
-2094
-1569
-1149
-760
-248
536
1324
1798
2087
2320
2701
2791
2305
1558
935
688
523
207
-177
-445
-451
-372
-413
-470
-439
-287
-210
-286
-303
-57
435
884
1129
1189
1299
1546
1724
1696
1433
1119
890
608
265
28
-44
-55
-174
-417
-621
-583
-424
-394
-511
-673
-676
-630
-668
-762
-829
-856
-1062
-1507
-2052
-2524
-2803
-2599
-2001
-932
190
747
1151
1526
2355
3202
3251
2697
1905
1507
1268
882
380
15
45
-26
-358
-811
-1017
-821
-815
-1209
-1748
-1996
-1628
-1148
-697
-216
377
1232
1857
2269
2481
2703
2886
2625
2110
1470
1082
919
711
446
134
-13
16
-24
-94
-203
-187
-94
-70
-33
77
437
877
1225
1400
1479
1622
1754
1749
1580
1346
1098
914
720
486
360
318
287
118
-103
-227
-257
-266
-340
-458
-554
-504
-478
-491
-540
-620
-698
-979
-1424
-1958
-2433
-2681
-2482
-1904
-955
161
859
1414
1897
2484
3124
3202
2776
2075
1529
1188
829
412
121
84
20
-207
-575
-870
-898
-982
-1338
-1742
-1977
-1711
-1197
-722
-181
428
1216
1872
2278
2454
2495
2506
2285
1883
1392
1032
862
704
526
321
206
221
139
-38
-259
-367
-315
-239
-128
-4
243
578
906
1157
1290
1373
1419
1346
1170
949
784
698
657
554
417
322
262
230
108
-71
-254
-381
-458
-534
-592
-582
-532
-526
-628
-768
-944
-1247
-1655
-2167
-2649
-2962
-2809
-2242
-1294
-86
726
1279
1721
2176
2805
2963
2609
2001
1453
1115
812
487
246
246
217
-13
-426
-825
-997
-1176
-1542
-1921
-2135
-1915
-1411
-911
-369
212
928
1558
1950
2080
2048
1994
1800
1540
1205
963
879
807
693
514
378
314
234
29
-282
-544
-617
-544
-397
-231
-45
198
471
691
810
906
961
922
773
536
407
432
542
566
484
383
337
295
175
-33
-236
-369
-478
-593
-708
-700
-658
-646
-781
-1023
-1276
-1583
-1962
-2420
-2904
-3248
-3255
-2759
-1891
-745
279
872
1387
1769
2198
2519
2361
1907
1373
991
776
666
519
458
384
181
-138
-615
-983
-1268
-1604
-1970
-2202
-2168
-1733
-1109
-535
6
479
958
1362
1607
1661
1567
1386
1205
1044
952
1018
1102
1149
1067
819
592
410
227
-19
-334
-601
-665
-605
-449
-252
-85
145
319
396
430
435
502
512
392
355
376
486
677
725
696
629
508
362
190
-6
-141
-299
-460
-545
-603
-611
-666
-800
-1042
-1320
-1642
-1995
-2351
-2758
-3073
-3284
-3064
-2318
-1309
-122
650
1027
1449
1773
2192
2368
2024
1626
1304
1182
1222
1097
955
886
699
368
-170
-726
-1085
-1338
-1713
-2092
-2246
-2048
-1430
-809
-373
5
305
686
960
1041
1060
1037
1052
1073
1071
1146
1374
1582
1684
1544
1225
956
686
407
113
-248
-472
-548
-533
-395
-278
-133
9
45
39
-11
-39
3
57
95
160
314
518
783
961
965
874
687
526
385
187
1
-167
-274
-330
-442
-584
-763
-985
-1234
-1561
-1944
-2305
-2660
-3011
-3292
-3374
-3003
-2131
-1081
-28
539
824
1247
1595
2037
2125
1815
1587
1450
1525
1636
1511
1387
1201
893
441
-191
-694
-1044
-1306
-1672
-1996
-2112
-1873
-1294
-836
-511
-309
-124
130
307
410
538
639
803
1011
1214
1514
1822
2037
2072
1923
1608
1317
1004
683
398
47
-222
-362
-363
-232
-150
-185
-293
-428
-493
-494
-474
-455
-349
-176
25
318
608
916
1131
1168
1108
953
855
759
588
432
245
115
13
-151
-322
-555
-817
-1137
-1518
-1887
-2228
-2560
-2921
-3234
-3408
-3172
-2377
-1381
-334
268
433
800
1195
1795
2110
1917
1715
1657
1859
2089
2004
1807
1635
1373
996
411
-126
-495
-709
-1051
-1450
-1701
-1686
-1313
-978
-762
-697
-703
-568
-369
-117
131
298
484
788
1199
1632
1962
2165
2255
2257
2090
1819
1540
1252
1029
737
422
222
161
182
121
-107
-385
-621
-764
-818
-850
-821
-701
-442
-158
198
574
794
1048
1178
1170
1128
995
931
892
806
711
541
365
282
154
-79
-414
-797
-1151
-1407
-1666
-2001
-2368
-2735
-2946
-3032
-2828
-2145
-1367
-466
129
210
578
928
1480
1950
1861
1713
1644
1795
2118
2217
2073
1896
1640
1394
1040
606
227
-60
-395
-755
-1055
-1243
-1066
-856
-739
-746
-864
-805
-613
-340
-61
146
321
587
905
1279
1646
1876
2006
2068
2023
1879
1720
1507
1364
1223
1013
773
547
414
288
74
-213
-506
-743
-796
-733
-653
-556
-418
-215
92
404
587
796
887
902
963
883
832
836
815
800
726
620
504
295
89
-103
-371
-674
-946
-1177
-1419
-1644
-1872
-2133
-2366
-2464
-2399
-2036
-1501
-870
-225
-22
266
564
834
1273
1425
1456
1482
1595
1868
2083
2130
2089
1977
1821
1590
1271
827
405
72
-305
-564
-794
-882
-833
-798
-756
-796
-800
-700
-533
-374
-202
-45
163
431
749
1086
1390
1595
1715
1788
1787
1802
1729
1564
1392
1225
1077
898
668
464
288
110
-70
-280
-433
-469
-431
-374
-366
-327
-186
-7
156
282
337
387
461
529
583
594
593
559
494
431
371
274
135
-34
-193
-363
-557
-696
-821
-964
-1149
-1448
-1836
-2157
-2378
-2376
-2085
-1746
-1249
-802
-638
-356
-59
305
763
987
1097
1192
1392
1752
2099
2248
2231
2103
1886
1697
1454
1010
593
160
-210
-394
-592
-678
-688
-722
-751
-850
-967
-941
-824
-661
-580
-500
-339
-83
285
647
979
1179
1257
1330
1320
1333
1333
1219
1086
985
921
884
795
650
531
373
207
16
-184
-329
-370
-399
-468
-476
-411
-303
-170
-85
-18
23
47
98
117
160
223
259
269
266
289
314
332
295
235
141
-30
-205
-393
-603
-856
-1187
-1608
-2030
-2399
-2685
-2699
-2464
-2079
-1563
-1096
-776
-419
-66
274
674
967
1196
1357
1478
1675
1904
2026
2034
1881
1605
1349
1070
716
345
7
-278
-443
-588
-671
-685
-695
-697
-758
-845
-859
-812
-761
-685
-613
-511
-356
-151
105
349
533
620
648
641
668
729
713
680
729
781
827
820
730
614
457
272
76
-115
-271
-381
-446
-495
-495
-440
-403
-377
-348
-314
-310
-299
-259
-224
-146
-23
128
261
372
457
495
472
367
225
47
-177
-422
-691
-961
-1180
-1371
-1587
-1787
-2015
-2176
-2274
-2191
-1935
-1606
-1187
-767
-375
-86
166
359
557
766
923
1017
1047
1078
1160
1247
1297
1304
1200
1026
855
711
568
444
281
122
-3
-87
-136
-214
-312
-431
-506
-581
-669
-722
-740
-731
-679
-616
-530
-389
-251
-104
32
170
306
440
570
654
712
771
784
793
792
773
701
560
412
276
202
106
50
-13
-59
-70
-77
-94
-107
-94
-77
-42
20
107
185
241
274
290
276
250
181
48
-89
-203
-327
-428
-476
-503
-503
-489
-492
-492
-479
-514
-596
-688
-818
-911
-998
-1004
-900
-739
-541
-347
-141
22
188
251
274
331
424
594
739
885
1012
1128
1277
1359
1383
1326
1208
1044
857
705
575
447
323
226
192
174
119
-14
-218
-360
-458
-529
-585
-610
-576
-468
-336
-210
-90
22
72
93
102
116
162
192
241
294
385
511
621
714
754
748
672
600
563
522
498
444
453
498
541
568
538
468
378
229
45
-149
-284
-367
-420
-427
-407
-324
-235
-148
-76
-5
86
127
140
174
172
149
110
53
13
-32
-90
-187
-300
-409
-499
-576
-638
-640
-587
-514
-407
-270
-140
11
155
251
328
357
357
351
340
403
516
622
672
676
663
672
642
589
551
505
487
477
446
440
440
412
369
315
252
184
73
-67
-185
-285
-318
-307
-270
-205
-142
-73
-12
71
161
210
229
245
296
374
420
474
513
567
628
641
640
607
548
447
316
184
111
67
13
-44
-60
-22
70
137
218
309
401
467
500
515
471
425
362
276
186
154
112
23
-27
-72
-107
-135
-129
-101
-67
9
68
130
196
280
346
354
370
383
373
322
275
249
258
294
304
292
249
200
130
61
6
1
2
-3
22
65
144
196
221
205
190
174
163
138
90
86
86
105
158
243
332
403
462
510
555
583
598
582
580
590
581
559
552
566
573
568
533
476
414
342
253
172
132
114
116
147
206
283
393
506
587
668
734
771
793
803
773
731
674
606
518
431
355
277
223
161
81
27
9
24
62
101
166
226
275
349
405
457
492
493
467
430
400
376
380
388
371
360
356
319
282
247
212
176
123
89
84
114
158
196
180
131
93
32
-13
-80
-136
-178
-214
-238
-203
-121
-31
79
136
201
282
335
382
407
420
429
409
387
402
410
421
394
340
268
192
130
74
54
9
-3
-3
24
103
195
311
387
441
481
505
529
541
542
508
457
397
311
248
180
119
62
-19
-85
-136
-156
-142
-94
-57
-23
35
92
159
194
211
201
188
189
183
158
129
112
84
32
-19
-45
-92
-157
-214
-262
-288
-315
-351
-361
-335
-292
-250
-235
-221
-212
-212
-237
-279
-296
-308
-322
-320
-308
-242
-182
-139
-99
-79
-53
-30
-19
-23
-42
-57
-96
-149
-196
-217
-211
-231
-279
-342
-399
-415
-440
-426
-381
-330
-270
-198
-93
12
124
233
321
379
423
437
446
448
426
405
343
257
159
78
-12
-120
-220
-306
-376
-407
-395
-357
-277
-183
-98
2
105
188
249
296
325
343
347
344
363
376
370
361
338
300
248
178
112
22
-74
-163
-248
-321
-361
-376
-398
-420
-423
-424
-423
-436
-447
-463
-480
-482
-470
-410
-320
-193
-59
55
159
243
310
353
362
349
292
226
152
78
10
-43
-104
-200
-296
-371
-437
-498
-565
-605
-614
-590
-538
-447
-332
-188
-33
97
203
277
341
375
377
351
298
241
186
144
107
52
-17
-82
-176
-263
-343
-399
-437
-469
-437
-397
-317
-223
-134
-46
11
62
95
127
155
189
231
270
317
367
411
458
488
482
445
388
307
223
122
41
-35
-81
-136
-191
-225
-270
-308
-366
-419
-480
-556
-614
-618
-583
-496
-393
-295
-194
-74
53
169
244
294
291
258
226
174
140
79
10
-84
-190
-280
-342
-388
-468
-526
-599
-650
-647
-609
-544
-472
-382
-283
-193
-116
-42
6
42
39
21
-16
-40
-64
-110
-165
-235
-289
-342
-377
-413
-432
-446
-455
-478
-487
-467
-420
-378
-330
-301
-284
-261
-233
-195
-179
-168
-154
-129
-110
-82
-45
-13
23
52
46
36
21
-11
-58
-135
-208
-243
-287
-333
-373
-421
-442
-455
-507
-558
-609
-642
-679
-682
-659
-598
-532
-447
-343
-243
-134
-53
9
24
26
14
-6
-44
-91
-133
-193
-239
-270
-300
-323
-363
-408
-441
-452
-441
-428
-400
-350
-261
-171
-106
-52
-13
7
15
-12
-62
-112
-158
-200
-249
-290
-327
-356
-397
-437
-472
-484
-476
-471
-481
-440
-392
-332
-277
-241
-214
-195
-184
-181
-161
-142
-130
-110
-69
-46
12
56
86
113
98
68
51
36
-5
-29
-83
-141
-172
-187
-205
-228
-269
-313
-355
-403
-444
-482
-487
-499
-486
-463
-430
-359
-300
-231
-157
-106
-82
-38
-12
-9
-3
-33
-60
-90
-119
-129
-162
-180
-197
-213
-225
-237
-227
-203
-184
-161
-122
-72
-12
64
118
171
194
212
225
203
153
98
49
11
-45
-92
-136
-176
-212
-249
-268
-296
-296
-309
-288
-277
-258
-221
-203
-166
-118
-96
-85
-37
-19
7
23
18
48
73
102
150
188
235
247
241
244
232
204
159
103
58
17
0
-24
-44
-43
-65
-73
-93
-107
-127
-163
-170
-186
-186
-162
-120
-66
-9
36
63
90
100
101
83
42
-6
-59
-100
-116
-127
-139
-138
-135
-132
-112
-92
-53
-10
27
50
94
153
215
272
300
324
348
365
361
324
280
229
173
119
68
3
-43
-71
-110
-135
-164
-155
-143
-120
-96
-108
-108
-99
-77
-68
-67
-44
-5
31
44
60
101
122
143
156
188
236
271
289
285
271
253
243
206
147
105
70
45
10
-6
-7
-1
8
6
15
35
54
67
62
60
71
85
112
138
166
189
190
191
199
200
151
89
29
-48
-108
-161
-197
-216
-224
-215
-206
-177
-143
-105
-64
-23
11
58
122
198
260
303
368
412
433
428
391
359
308
254
198
128
56
0
-43
-70
-101
-127
-146
-151
-139
-130
-132
-134
-122
-103
-95
-98
-78
-51
-31
9
25
58
95
138
173
205
236
265
285
274
268
263
232
189
152
97
54
6
-36
-60
-66
-68
-76
-64
-30
13
48
69
97
128
170
213
226
272
307
336
349
347
344
350
329
266
197
123
81
37
-11
-52
-67
-71
-62
-52
-22
18
58
100
117
156
207
254
301
358
405
435
458
470
463
449
419
373
317
266
224
197
182
156
133
112
105
113
114
122
106
95
72
55
63
74
107
121
150
190
221
280
326
367
409
435
452
452
454
465
465
464
445
412
375
343
318
280
255
198
175
159
160
186
213
235
242
262
269
302
331
332
335
341
351
372
389
399
397
407
389
351
302
253
222
194
160
135
112
138
149
175
194
211
241
232
222
240
275
301
338
360
390
419
445
463
479
464
427
373
313
254
214
185
168
148
140
150
168
191
192
182
163
147
116
88
58
49
48
42
73
103
136
192
243
267
280
306
321
343
349
346
345
341
344
324
292
285
281
266
219
182
162
157
180
191
215
243
258
272
290
300
306
306
298
289
279
285
277
256
238
220
177
138
111
90
80
75
61
55
72
103
125
154
172
203
237
238
250
252
277
292
284
285
305
328
326
324
318
302
283
262
241
213
189
175
151
146
155
163
171
169
167
178
178
161
142
122
117
101
85
64
61
70
73
93
111
117
110
115
116
113
109
96
104
108
80
47
34
34
28
23
-4
-32
-24
-9
2
7
22
52
98
124
141
156
166
175
142
108
94
80
45
24
-18
-61
-81
-132
-171
-212
-235
-250
-274
-265
-269
-235
-215
-139
-78
-101
-176
-220
-147
-91
-17
-11
-33
-92
-111
-95
-69
-47
-55
-85
-140
-195
-218
-224
-256
-251
-258
-282
-270
-256
-237
-212
-219
-247
-270
-297
-304
-321
-331
-345
-355
-356
-350
-320
-297
-274
-265
-296
-312
-329
-340
-358
-386
-401
-413
-425
-443
-460
-483
-483
-488
-522
-542
-549
-533
-495
-470
-434
-398
-355
-313
-287
-252
-237
-228
-264
-302
-320
-330
-343
-352
-369
-399
-414
-434
-474
-508
-529
-550
-575
-584
-580
-567
-533
-486
-445
-419
-395
-369
-328
-321
-316
-325
-334
-336
-332
-339
-341
-347
-373
-389
-431
-471
-486
-502
-510
-528
-530
-525
-506
-485
-466
-460
-457
-455
-460
-469
-471
-474
-475
-467
-461
-445
-432
-424
-411
-402
-399
-391
-395
-402
-409
-424
-449
-462
-487
-501
-517
-545
-568
-598
-615
-632
-631
-626
-622
-587
-572
-542
-500
-459
-410
-378
-328
-302
-274
-277
-287
-289
-319
-343
-383
-409
-449
-481
-497
-525
-546
-571
-576
-585
-610
-618
-605
-597
-605
-592
-567
-547
-513
-489
-456
-441
-418
-399
-407
-411
-411
-421
-432
-423
-427
-423
-428
-431
-433
-445
-457
-466
-476
-470
-455
-455
-446
-439
-450
-437
-428
-449
-447
-438
-425
-434
-428
-431
-424
-412
-394
-375
-388
-389
-390
-389
-398
-399
-400
-404
-400
-417
-426
-438
-463
-484
-501
-527
-528
-538
-549
-555
-527
-503
-489
-448
-423
-404
-388
-370
-377
-371
-374
-383
-371
-385
-402
-420
-437
-448
-463
-472
-477
-476
-477
-473
-480
-464
-436
-415
-411
-409
-394
-395
-386
-397
-400
-402
-406
-409
-422
-439
-442
-449
-435
-441
-464
-457
-467
-460
-448
-435
-432
-407
-378
-365
-346
-324
-295
-278
-270
-267
-274
-279
-279
-287
-287
-315
-347
-354
-370
-386
-409
-416
-443
-479
-476
-499
-498
-495
-498
-489
-486
-462
-448
-425
-415
-436
-410
-394
-390
-384
-381
-383
-357
-343
-324
-318
-312
-310
-326
-348
-364
-382
-402
-427
-464
-474
-500
-506
-522
-541
-541
-533
-530
-509
-482
-470
-439
-399
-358
-330
-318
-295
-288
-286
-290
-307
-336
-363
-383
-406
-434
-472
-490
-506
-518
-546
-562
-581
-603
-621
-640
-632
-616
-593
-561
-529
-507
-468
-432
-396
-376
-367
-358
-331
-317
-297
-286
-285
-282
-302
-326
-367
-413
-437
-469
-516
-556
-579
-597
-584
-585
-585
-548
-523
-504
-501
-494
-468
-443
-427
-419
-387
-358
-322
-274
-241
-199
-163
-141
-143
-145
-155
-169
-179
-192
-211
-227
-242
-258
-280
-300
-288
-303
-306
-314
-309
-287
-260
-213
-178
-132
-89
-54
-39
-17
-1
-3
-15
-33
-38
-53
-76
-103
-113
-130
-142
-164
-184
-213
-233
-257
-294
-303
-318
-307
-300
-287
-279
-251
-218
-202
-182
-158
-136
-121
-112
-93
-81
-74
-67
-64
-64
-85
-96
-134
-162
-189
-228
-249
-274
-268
-276
-283
-286
-277
-250
-255
-252
-251
-247
-225
-232
-234
-221
-206
-185
-167
-148
-113
-77
-68
-67
-84
-90
-91
-105
-102
-117
-124
-152
-168
-186
-209
-226
-235
-249
-261
-260
-269
-253
-227
-189
-164
-137
-113
-87
-74
-65
-62
-72
-83
-112
-116
-134
-141
-145
-156
-170
-192
-202
-219
-238
-253
-261
-285
-305
-311
-300
-285
-274
-260
-227
-202
-184
-150
-147
-125
-109
-92
-70
-72
-59
-45
-28
-27
-44
-66
-94
-118
-139
-171
-179
-201
-204
-209
-211
-204
-205
-213
-238
-248
-271
-279
-286
-298
-307
-304
-297
-281
-270
-257
-210
-196
-179
-161
-159
-160
-153
-143
-132
-120
-127
-129
-139
-149
-160
-176
-199
-214
-233
-233
-224
-218
-207
-206
-178
-154
-152
-145
-136
-128
-118
-128
-131
-129
-125
-128
-120
-119
-112
-109
-129
-134
-155
-180
-186
-209
-227
-234
-238
-232
-222
-211
-198
-200
-188
-196
-197
-184
-184
-184
-180
-139
-124
-94
-78
-71
-60
-49
-40
-40
-55
-51
-49
-59
-55
-53
-64
-60
-54
-63
-90
-119
-138
-161
-178
-203
-222
-235
-244
-255
-253
-239
-228
-215
-207
-206
-195
-183
-170
-155
-146
-143
-127
-137
-132
-125
-128
-130
-143
-158
-175
-174
-173
-173
-175
-178
-162
-161
-172
-171
-190
-197
-209
-227
-237
-241
-237
-236
-218
-230
-239
-245
-252
-261
-259
-260
-265
-267
-272
-270
-260
-266
-264
-252
-254
-257
-275
-278
-285
-295
-295
-305
-300
-292
-271
-271
-263
-258
-266
-263
-295
-273
-255
-251
-222
-210
-198
-196
-179
-169
-158
-177
-187
-184
-200
-214
-227
-231
-240
-252
-261
-261
-267
-261
-258
-264
-260
-264
-258
-247
-256
-260
-254
-260
-252
-254
-255
-252
-238
-236
-235
-240
-243
-238
-224
-218
-214
-203
-204
-189
-202
-205
-198
-205
-203
-212
-216
-217
-206
-219
-223
-241
-247
-261
-280
-278
-293
-290
-299
-306
-312
-301
-305
-289
-275
-276
-270
-275
-260
-261
-266
-279
-275
-287
-294
-271
-257
-239
-234
-219
-208
-198
-201
-191
-184
-199
-194
-208
-211
-205
-221
-233
-232
-247
-249
-257
-261
-257
-264
-263
-275
-282
-293
-278
-279
-277
-257
-263
-254
-249
-252
-240
-252
-254
-256
-256
-263
-265
-258
-264
-261
-276
-287
-288
-288
-297
-298
-282
-275
-256
-243
-252
-250
-238
-222
-215
-194
-183
-163
-149
-138
-116
-106
-114
-119
-131
-148
-154
-165
-177
-199
-206
-226
-238
-249
-253
-256
-277
-281
-280
-276
-275
-277
-258
-253
-244
-233
-214
-190
-174
-148
-115
-89
-77
-40
-26
-11
5
7
12
2
-2
-18
-35
-42
-74
-109
-118
-137
-158
-167
-165
-171
-170
-171
-164
-143
-135
-121
-104
-89
-68
-44
-28
-28
-12
-5
0
0
0
-5
-13
-19
-33
-34
-41
-42
-60
-66
-68
-85
-97
-115
-128
-132
-138
-151
-143
-129
-128
-109
-82
-54
-23
-7
3
7
14
18
24
32
20
-1
-12
-24
-51
-60
-83
-103
-125
-144
-159
-165
-193
-204
-213
-202
-182
-181
-175
-160
-121
-108
-88
-77
-51
-24
-16
8
19
36
63
67
66
63
64
49
39
29
3
5
-16
-34
-31
-43
-51
-64
-77
-87
-80
-77
-78
-62
-39
-19
-5
13
31
51
80
88
78
79
81
75
77
74
69
60
56
45
42
29
12
-8
-26
-46
-74
-82
-90
-82
-71
-48
-26
-7
22
40
53
60
65
70
66
73
82
88
92
96
94
86
75
47
38
8
-18
-35
-64
-96
-120
-120
-129
-143
-135
-127
-133
-115
-114
-104
-86
-61
-41
-28
-10
14
33
26
34
35
36
23
12
10
-6
-21
-32
-48
-54
-59
-72
-87
-91
-109
-109
-108
-102
-92
-114
-90
-80
-83
-78
-72
-61
-60
-47
-37
-39
-13
13
9
22
31
33
25
16
-2
-38
-61
-91
-113
-126
-136
-153
-165
-171
-170
-160
-152
-158
-141
-144
-136
-122
-109
-94
-91
-75
-67
-45
-34
-19
-21
-20
-15
-30
-44
-52
-62
-80
-101
-120
-133
-154
-168
-176
-176
-177
-180
-165
-143
-120
-103
-74
-49
-33
-7
-2
23
31
40
53
45
49
53
49
39
27
21
0
-24
-28
-43
-59
-71
-73
-82
-91
-100
-101
-96
-110
-108
-102
-96
-87
-74
-50
-31
-19
-2
28
54
72
84
89
85
72
50
30
15
-19
-51
-69
-80
-100
-109
-122
-124
-134
-139
-144
-147
-151
-142
-127
-128
-103
-90
-68
-60
-45
-11
-7
14
33
38
39
34
30
11
-8
-34
-46
-70
-98
-121
-138
-156
-179
-178
-180
-178
-188
-181
-163
-144
-128
-120
-109
-97
-79
-59
-49
-40
-28
-7
9
19
28
24
26
21
0
-9
-29
-49
-47
-66
-89
-107
-128
-141
-152
-154
-160
-170
-170
-161
-146
-133
-111
-99
-73
-22
9
30
45
64
68
58
63
42
16
4
0
-16
-30
-44
-57
-73
-86
-109
-116
-141
-147
-160
-194
-191
-209
-199
-183
-176
-169
-151
-129
-112
-86
-81
-69
-48
-35
-30
-42
-44
-60
-73
-94
-120
-139
-159
-171
-191
-207
-212
-212
-210
-206
-197
-200
-188
-174
-178
-165
-155
-134
-133
-120
-92
-83
-60
-57
-34
-23
-22
-25
-34
-21
-38
-42
-58
-65
-81
-114
-113
-118
-138
-145
-156
-165
-157
-157
-143
-134
-130
-98
-75
-64
-40
-29
-13
13
23
27
37
37
48
61
56
58
49
49
38
37
30
17
5
-15
-19
-27
-41
-29
-33
-36
-28
-19
-17
-11
16
26
33
57
81
96
106
98
103
92
91
72
57
41
11
2
-5
-6
-17
-16
-19
-27
-29
-26
-19
-36
-43
-32
-38
-22
-18
-5
10
18
40
46
49
63
61
45
32
42
39
30
38
24
8
-20
-32
-43
-71
-83
-91
-94
-101
-107
-99
-96
-90
-71
-82
-85
-70
-67
-63
-51
-52
-50
-38
-46
-48
-56
-68
-86
-87
-106
-111
-109
-124
-119
-119
-111
-113
-119
-128
-112
-114
-124
-123
-122
-114
-106
-101
-92
-86
-72
-64
-58
-54
-61
-64
-81
-106
-134
-151
-163
-190
-210
-211
-208
-201
-213
-193
-193
-186
-172
-159
-150
-163
-149
-137
-119
-115
-86
-69
-66
-61
-58
-49
-44
-48
-59
-64
-79
-97
-103
-108
-116
-131
-129
-133
-140
-154
-154
-153
-162
-171
-174
-173
-163
-155
-136
-123
-120
-109
-91
-71
-71
-62
-69
-91
-87
-96
-96
-107
-123
-129
-140
-139
-141
-137
-137
-135
-131
-118
-105
-107
-90
-86
-81
-60
-54
-45
-31
-30
-12
-15
-1
15
24
28
9
1
-29
-39
-68
-96
-131
-144
-143
-155
-149
-163
-159
-150
-167
-164
-165
-178
-174
-168
-176
-173
-152
-136
-130
-94
-87
-72
-57
-57
-44
-56
-45
-49
-60
-69
-83
-97
-115
-119
-133
-144
-149
-158
-160
-163
-166
-173
-180
-182
-167
-159
-157
-138
-127
-109
-87
-77
-81
-73
-70
-79
-83
-107
-110
-112
-132
-142
-151
-151
-160
-165
-153
-137
-134
-140
-143
-139
-127
-124
-119
-102
-96
-83
-56
-50
-30
-18
-6
4
11
-3
-15
-20
-35
-42
-80
-89
-105
-121
-126
-149
-160
-183
-178
-176
-190
-181
-179
-180
-185
-175
-165
-154
-145
-129
-117
-102
-82
-75
-57
-44
-42
-28
-24
-12
-18
-27
-29
-44
-45
-59
-69
-77
-85
-101
-99
-112
-133
-152
-166
-166
-167
-166
-161
-146
-139
-127
-123
-112
-106
-102
-102
-118
-126
-124
-141
-146
-174
-188
-192
-204
-211
-213
-198
-209
-217
-218
-218
-210
-212
-222
-220
-219
-226
-214
-199
-187
-200
-188
-172
-180
-173
-166
-166
-164
-172
-180
-177
-192
-182
-190
-194
-191
-201
-198
-212
-225
-236
-260
-275
-282
-290
-292
-305
-293
-289
-275
-279
-273
-251
-244
-240
-236
-225
-210
-193
-172
-164
-166
-136
-123
-123
-130
-140
-152
-160
-175
-204
-217
-233
-239
-254
-270
-268
-269
-281
-286
-283
-288
-275
-271
-276
-278
-276
-283
-279
-276
-281
-295
-291
-284
-296
-298
-302
-296
-294
-281
-282
-285
-286
-280
-285
-291
-291
-301
-301
-289
-291
-290
-276
-283
-280
-277
-271
-273
-276
-279
-269
-261
-247
-238
-233
-221
-204
-205
-197
-172
-175
-188
-197
-199
-205
-217
-224
-230
-230
-237
-237
-229
-218
-209
-205
-203
-204
-192
-183
-172
-160
-161
-144
-124
-109
-100
-89
-79
-75
-81
-67
-81
-89
-95
-97
-82
-107
-112
-114
-106
-108
-126
-135
-144
-155
-167
-175
-188
-190
-189
-190
-175
-186
-178
-179
-185
-183
-192
-192
-193
-184
-189
-193
-187
-179
-175
-179
-171
-166
-158
-151
-145
-137
-139
-160
-154
-159
-178
-173
-184
-173
-180
-182
-175
-168
-165
-174
-169
-160
-158
-155
-143
-151
-159
-156
-171
-170
-164
-181
-187
-196
-197
-197
-196
-194
-182
-174
-170
-176
-165
-162
-165
-152
-153
-153
-137
-125
-122
-125
-130
-124
-128
-132
-134
-131
-135
-136
-134
-131
-130
-117
-104
-105
-114
-114
-105
-109
-112
-130
-139
-136
-142
-155
-147
-156
-151
-154
-158
-169
-178
-159
-175
-193
-198
-192
-184
-186
-183
-178
-185
-187
-161
-166
-166
-166
-164
-158
-146
-151
-146
-130
-137
-120
-112
-118
-111
-109
-93
-86
-93
-86
-89
-76
-83
-87
-93
-91
-83
-96
-86
-91
-86
-89
-86
-75
-92
-82
-80
-78
-74
-75
-73
-74
-60
-52
-53
-41
-35
-31
-16
-16
-12
-16
-27
-27
-36
-33
-38
-38
-45
-51
-40
-43
-54
-46
-42
-38
-38
-48
-36
-31
-43
-47
-54
-72
-71
-73
-67
-67
-73
-69
-68
-76
-76
-73
-73
-74
-83
-90
-85
-84
-84
-78
-81
-89
-88
-90
-96
-82
-105
-112
-105
-109
-119
-123
-103
-93
-94
-106
-93
-89
-87
-87
-89
-84
-91
-99
-105
-101
-102
-109
-120
-112
-113
-104
-110
-110
-108
-116
-111
-110
-105
-113
-116
-111
-124
-119
-101
-108
-104
-92
-89
-92
-85
-84
-90
-87
-84
-83
-98
-95
-87
-78
-75
-72
-70
-61
-51
-41
-47
-49
-52
-60
-61
-72
-82
-84
-93
-80
-87
-91
-82
-92
-98
-100
-113
-109
-102
-94
-92
-101
-104
-97
-82
-89
-86
-86
-77
-77
-79
-72
-65
-50
-57
-41
-47
-17
-54
-103
-42
85
121
55
18
-30
-40
-51
4
-8
-7
-24
3
3
1
11
-16
-20
-37
-24
-20
-3
9
26
15
15
-4
-15
-8
-11
-11
2
20
25
38
34
42
44
57
57
56
54
58
58
58
75
73
76
77
95
93
83
82
77
88
94
89
86
89
93
87
85
88
94
104
99
98
93
99
110
95
96
103
103
99
102
105
99
99
107
100
106
104
107
115
128
134
143
157
175
191
208
210
210
217
221
223
210
216
216
214
217
213
221
211
227
241
234
231
230
237
235
240
230
233
222
221
223
218
212
186
192
177
173
173
169
172
170
183
170
163
169
175
180
181
188
173
164
177
197
191
184
187
180
183
180
173
163
168
164
166
171
178
