SAMPLES:	13298
BITSPERSAMPLE:	16
CHANNELS:	1
SAMPLERATE:	16000
NORMALIZED:	FALSE
-161
-170
-171
-170
-172
-150
-161
-168
-187
-196
-202
-197
-188
-202
-203
-206
-199
-214
-239
-237
-237
-246
-243
-232
-230
-230
-253
-266
-239
-238
-260
-252
-232
-229
-245
-262
-279
-307
-299
-295
-300
-290
-263
-269
-299
-303
-308
-319
-322
-306
-301
-286
-280
-272
-283
-286
-287
-303
-292
-279
-257
-259
-264
-258
-263
-252
-244
-252
-253
-237
-222
-227
-214
-215
-214
-209
-204
-213
-221
-207
-195
-192
-192
-177
-185
-198
-190
-200
-212
-202
-194
-202
-213
-189
-174
-184
-197
-179
-170
-183
-173
-168
-163
-149
-140
-156
-168
-154
-150
-163
-177
-173
-157
-167
-171
-149
-146
-163
-176
-167
-174
-185
-181
-174
-166
-174
-164
-168
-172
-180
-185
-153
-147
-155
-147
-147
-164
-154
-135
-131
-163
-159
-123
-115
-131
-142
-125
-112
-114
-131
-134
-134
-132
-131
-135
-135
-135
-126
-130
-153
-164
-140
-128
-129
-128
-139
-143
-142
-130
-133
-148
-130
-112
-114
-122
-109
-92
-96
-107
-92
-72
-67
-64
-72
-72
-56
-51
-56
-61
-79
-56
-38
-40
-61
-58
-45
-49
-67
-88
-96
-98
-93
-103
-118
-120
-116
-120
-125
-120
-110
-93
-83
-91
-112
-105
-91
-98
-96
-73
-72
-84
-76
-64
-86
-110
-93
-86
-98
-95
-93
-76
-83
-86
-96
-97
-84
-93
-110
-99
-79
-83
-92
-102
-104
-100
-85
-72
-68
-59
-60
-52
-49
-53
-45
-36
-50
-70
-59
-39
-34
-58
-60
-53
-58
-56
-56
-65
-68
-51
-49
-66
-68
-53
-44
-57
-46
-15
-22
-15
-7
-11
-11
-7
-9
-30
-9
13
-3
-32
-54
-42
-47
-68
-67
-57
-61
-60
-64
-101
-110
-105
-101
-123
-139
-118
-111
-127
-141
-133
-149
-157
-155
-146
-169
-162
-158
-172
-193
-193
-181
-191
-200
-208
-205
-219
-222
-214
-200
-216
-222
-227
-225
-218
-230
-232
-241
-257
-263
-245
-229
-245
-255
-245
-237
-233
-238
-241
-225
-222
-234
-231
-240
-226
-239
-252
-247
-243
-234
-228
-227
-236
-250
-247
-223
-225
-229
-225
-214
-213
-232
-218
-222
-216
-203
-213
-218
-203
-202
-226
-227
-216
-236
-251
-244
-246
-260
-263
-257
-271
-284
-275
-254
-266
-268
-268
-269
-276
-275
-259
-277
-266
-240
-245
-271
-267
-271
-276
-278
-272
-245
-250
-250
-264
-256
-258
-276
-272
-265
-256
-253
-247
-243
-257
-260
-265
-262
-271
-268
-240
-234
-233
-235
-223
-219
-231
-248
-236
-225
-228
-209
-198
-196
-194
-194
-189
-198
-211
-201
-190
-181
-182
-173
-172
-175
-164
-157
-168
-179
-151
-146
-163
-164
-145
-129
-124
-124
-121
-117
-119
-115
-93
-89
-71
-38
-39
-62
-76
-78
-75
-71
-64
-39
-32
-32
-37
-40
-42
-44
-51
-60
-46
-55
-64
-42
-40
-57
-76
-67
-72
-61
-50
-51
-44
-25
-6
-9
-22
-22
-12
-19
-13
1
9
14
23
28
22
28
35
27
33
33
45
39
45
69
60
53
40
35
35
31
29
33
29
38
46
10
19
20
11
-5
-16
-1
3
-11
-10
-6
-21
-10
-4
-5
-8
2
17
15
-5
-12
-15
-4
1
6
19
16
9
27
30
8
-4
4
1
-18
5
13
14
31
29
22
-2
2
9
-7
-24
-10
3
-7
-20
-25
-40
-50
-47
-37
-38
-35
-16
-9
-13
-18
-19
-15
-18
-19
-13
2
14
10
-16
-27
-19
-39
-56
-57
-39
-40
-39
-39
-44
-43
-41
-48
-50
-36
-27
-28
-33
-58
-58
-42
-34
-43
-33
-22
-36
-49
-56
-46
-62
-59
-55
-64
-76
-74
-78
-106
-111
-105
-105
-109
-118
-115
-123
-142
-149
-126
-122
-146
-138
-129
-120
-133
-140
-143
-166
-177
-161
-169
-184
-185
-178
-182
-195
-195
-203
-231
-237
-231
-242
-252
-248
-241
-241
-240
-266
-278
-284
-279
-282
-286
-282
-280
-273
-280
-317
-322
-305
-308
-324
-300
-293
-299
-308
-303
-301
-321
-318
-309
-307
-317
-332
-339
-346
-360
-336
-315
-334
-344
-345
-349
-342
-343
-345
-346
-341
-344
-344
-335
-338
-319
-332
-340
-345
-351
-341
-336
-314
-326
-329
-311
-310
-342
-335
-305
-312
-312
-308
-309
-329
-315
-310
-339
-360
-340
-311
-344
-353
-330
-326
-340
-353
-357
-373
-372
-355
-350
-365
-359
-347
-359
-378
-378
-368
-365
-363
-362
-349
-347
-336
-339
-348
-354
-349
-328
-328
-331
-326
-310
-321
-319
-328
-345
-340
-335
-331
-331
-324
-324
-319
-324
-316
-307
-336
-336
-296
-287
-294
-304
-309
-310
-319
-320
-312
-307
-301
-300
-299
-303
-307
-309
-305
-317
-333
-315
-294
-286
-296
-298
-303
-322
-323
-314
-326
-316
-296
-295
-303
-303
-307
-324
-325
-312
-308
-317
-307
-292
-298
-310
-296
-277
-280
-266
-265
-269
-271
-267
-271
-295
-294
-284
-284
-271
-259
-254
-257
-252
-263
-278
-259
-253
-257
-242
-215
-207
-221
-220
-230
-237
-246
-241
-234
-226
-216
-209
-204
-211
-217
-214
-198
-192
-195
-184
-173
-169
-158
-166
-189
-200
-186
-200
-211
-209
-209
-222
-219
-215
-225
-228
-230
-231
-243
-235
-230
-223
-219
-223
-236
-246
-237
-230
-230
-221
-217
-223
-246
-239
-244
-256
-228
-217
-218
-233
-218
-226
-239
-248
-256
-245
-248
-238
-236
-240
-234
-228
-242
-264
-255
-261
-275
-270
-255
-240
-254
-257
-261
-262
-259
-262
-259
-261
-248
-222
-226
-252
-251
-238
-232
-245
-265
-246
-255
-246
-241
-255
-272
-276
-263
-278
-297
-296
-275
-282
-301
-305
-302
-318
-316
-320
-324
-334
-328
-326
-332
-328
-326
-334
-350
-348
-334
-329
-335
-335
-328
-328
-319
-311
-324
-332
-326
-321
-325
-331
-334
-335
-354
-344
-332
-325
-309
-315
-315
-309
-310
-315
-325
-321
-309
-296
-304
-308
-309
-314
-316
-334
-336
-334
-318
-315
-320
-310
-315
-312
-301
-308
-319
-312
-317
-312
-320
-306
-285
-296
-286
-284
-287
-293
-297
-274
-271
-275
-255
-241
-233
-245
-235
-240
-242
-251
-241
-215
-224
-232
-242
-234
-228
-219
-209
-212
-205
-179
-176
-195
-207
-195
-208
-201
-203
-199
-187
-174
-168
-187
-188
-182
-193
-199
-188
-170
-154
-163
-159
-151
-155
-157
-161
-165
-152
-138
-138
-137
-147
-151
-157
-149
-162
-153
-129
-117
-85
-75
-87
-93
-81
-72
-73
-93
-107
-80
-59
-69
-64
-62
-73
-96
-85
-87
-100
-107
-89
-78
-107
-114
-103
-121
-140
-138
-130
-122
-128
-111
-105
-97
-85
-96
-86
-90
-84
-75
-65
-60
-58
-66
-76
-66
-67
-68
-75
-65
-62
-44
-41
-42
-53
-54
-47
-56
-62
-49
-36
-51
-61
-62
-58
-74
-86
-79
-83
-96
-92
-95
-109
-130
-136
-133
-134
-157
-156
-137
-155
-166
-162
-167
-188
-187
-180
-187
-203
-194
-189
-203
-200
-198
-205
-210
-205
-215
-235
-241
-216
-222
-241
-248
-245
-251
-248
-243
-260
-250
-247
-251
-258
-238
-229
-237
-251
-246
-241
-243
-252
-258
-273
-271
-262
-278
-285
-316
-309
-303
-325
-316
-301
-294
-306
-322
-323
-333
-343
-344
-349
-358
-356
-347
-347
-369
-373
-358
-364
-381
-380
-378
-369
-376
-373
-371
-384
-395
-381
-384
-389
-383
-376
-353
-367
-372
-376
-381
-376
-365
-377
-392
-379
-376
-391
-397
-387
-384
-387
-383
-382
-377
-379
-386
-394
-381
-374
-390
-399
-403
-397
-390
-387
-376
-384
-390
-378
-391
-385
-390
-386
-385
-394
-401
-405
-401
-390
-401
-406
-406
-418
-425
-425
-402
-398
-415
-397
-401
-422
-429
-420
-414
-423
-413
-414
-413
-406
-394
-396
-413
-422
-403
-388
-394
-396
-397
-396
-399
-406
-416
-405
-403
-404
-392
-407
-402
-394
-390
-393
-399
-401
-389
-366
-355
-353
-358
-351
-353
-349
-347
-347
-336
-333
-324
-332
-341
-315
-321
-338
-320
-304
-304
-315
-325
-333
-345
-333
-321
-320
-336
-325
-297
-299
-306
-316
-304
-307
-323
-317
-316
-320
-318
-311
-313
-321
-311
-302
-310
-303
-290
-288
-296
-305
-312
-301
-291
-292
-286
-268
-275
-272
-273
-276
-260
-268
-256
-239
-231
-215
-213
-203
-182
-179
-196
-208
-197
-187
-190
-186
-166
-149
-157
-153
-153
-175
-173
-154
-151
-163
-142
-117
-109
-121
-134
-132
-131
-132
-121
-127
-129
-110
-87
-113
-138
-137
-128
-117
-107
-91
-99
-73
-69
-83
-86
-72
-47
-49
-57
-42
-37
-35
-52
-50
-29
-30
-42
-35
-4
13
-7
-7
-12
-20
-5
23
30
-9
-12
-8
-6
-15
-20
-1
-11
-8
-1
-14
-11
16
23
-3
-9
22
42
22
11
24
6
4
20
40
32
17
48
56
29
25
35
42
50
50
51
63
60
81
93
83
67
84
113
129
130
144
155
143
150
155
149
159
177
183
178
181
182
160
145
159
165
159
153
158
171
168
158
160
151
154
154
149
142
148
166
166
165
165
176
192
182
170
180
192
191
179
178
178
168
161
164
156
168
192
200
193
186
171
159
174
187
193
195
191
188
170
155
145
136
143
157
157
146
135
119
116
108
101
106
119
116
93
86
74
65
45
40
55
53
66
83
80
60
37
39
47
39
71
85
76
71
80
92
85
81
86
92
86
82
84
87
88
85
101
101
95
90
92
120
120
118
123
131
112
105
119
114
101
115
125
108
106
125
103
105
103
105
115
97
81
79
103
100
78
74
73
64
57
63
62
50
67
80
72
62
59
70
67
77
70
64
81
87
82
73
76
74
86
76
85
101
103
101
106
113
110
93
93
116
127
110
116
134
125
101
110
122
114
115
127
122
105
98
127
111
81
104
117
117
110
131
131
116
132
139
132
141
173
181
184
191
204
204
205
219
230
244
242
253
267
281
281
268
273
289
296
291
319
333
327
329
328
341
333
335
348
339
355
384
386
386
381
388
385
391
409
413
411
412
423
409
397
405
423
424
412
425
426
405
410
429
417
395
406
423
406
400
398
402
412
418
430
426
422
424
426
422
420
411
422
420
409
419
421
419
404
416
430
425
413
407
405
397
393
394
370
359
381
378
370
355
353
347
343
336
314
311
311
295
295
283
269
266
262
260
244
234
253
252
228
232
232
218
196
203
214
208
204
211
231
225
204
190
191
192
185
196
195
193
208
221
205
183
176
170
174
164
149
152
167
149
129
119
131
118
101
106
103
74
68
77
59
43
47
59
51
38
42
58
51
21
13
37
30
15
20
36
14
-7
6
-7
-28
-18
1
-10
-22
-14
-5
-21
-40
-40
-18
-18
-27
-29
-35
-22
-21
-20
-45
-52
-47
-45
-40
-38
-39
-33
-22
-28
-40
-63
-60
-39
-42
-37
-31
-28
-41
-40
-37
-60
-68
-50
-33
-45
-38
-32
-34
-35
-39
-53
-48
-33
-34
-28
-21
-28
-6
6
-22
-45
-14
3
-13
-9
0
-5
-12
0
-4
0
12
4
19
30
0
-1
31
44
17
-5
26
60
45
48
69
53
50
69
96
81
76
109
141
137
118
130
156
153
117
128
187
189
168
181
202
200
191
213
222
223
239
251
244
227
236
246
228
228
268
271
277
296
295
275
268
294
309
300
320
340
332
327
322
334
319
305
325
347
352
356
385
373
370
368
378
378
374
396
392
395
386
380
394
395
396
395
396
398
392
405
418
424
414
401
398
399
410
432
437
412
419
455
453
409
407
433
438
432
464
472
435
409
444
469
415
405
444
469
449
441
454
444
431
433
443
443
425
449
464
455
427
422
444
453
443
420
437
479
462
425
436
447
440
427
438
449
442
454
451
450
446
437
458
470
456
443
488
496
447
440
481
476
442
444
462
472
486
485
456
441
468
477
458
450
453
440
451
471
453
406
425
468
445
409
429
471
445
436
464
447
408
416
453
446
437
438
429
430
428
424
414
403
396
402
407
417
399
372
361
378
381
348
331
333
363
348
317
336
333
333
329
312
317
332
355
353
326
305
324
339
318
316
321
314
326
334
331
314
329
342
320
300
336
366
320
294
318
314
270
276
315
303
284
277
277
269
261
244
240
268
256
259
300
294
244
223
253
270
258
218
218
262
274
256
238
235
235
247
253
249
237
239
245
231
225
225
232
255
255
246
248
248
264
282
260
248
272
295
285
264
294
297
283
294
277
291
298
314
306
292
297
310
346
352
349
355
367
385
386
389
397
415
413
412
411
425
439
428
431
428
442
444
434
430
432
439
437
435
440
443
449
457
473
469
473
489
493
502
513
515
510
510
513
513
528
535
540
542
535
549
553
554
563
567
571
571
583
596
612
611
618
623
630
632
642
658
653
660
663
645
639
654
650
643
643
647
652
647
642
641
650
656
649
644
642
642
651
647
646
644
652
663
659
659
650
650
636
650
659
649
639
634
641
648
650
648
644
653
654
659
664
659
665
675
679
671
675
671
670
659
654
651
644
632
629
628
622
624
619
614
604
605
614
600
602
598
592
602
600
602
604
595
582
592
586
583
589
584
588
580
579
587
587
582
571
567
557
555
556
549
545
547
535
528
524
521
520
516
510
512
509
503
499
481
495
501
500
500
501
500
494
488
477
491
484
481
495
489
481
484
489
483
478
484
484
485
479
478
476
476
485
488
496
509
513
516
506
498
496
504
502
502
497
501
493
476
477
467
460
449
435
439
433
420
425
410
400
402
390
389
394
391
393
390
389
388
382
372
384
374
376
379
374
383
373
369
362
359
363
355
348
355
362
374
379
364
353
352
355
351
348
340
331
326
319
326
320
311
307
308
299
284
280
277
273
269
260
263
256
259
258
251
255
254
256
261
253
256
270
256
253
248
257
263
262
265
265
263
251
262
249
247
237
225
230
228
221
208
210
215
201
198
195
203
197
192
199
198
200
198
199
210
197
204
204
198
200
192
190
190
186
180
180
175
171
168
169
164
163
157
151
156
148
154
150
150
151
150
133
129
139
139
131
119
126
114
121
124
126
139
133
129
133
136
136
137
141
147
156
154
155
161
160
160
156
168
168
169
172
181
172
172
183
183
179
171
182
168
178
184
188
186
184
196
198
209
206
218
222
217
210
215
221
219
227
232
241
243
254
262
260
272
292
297
287
282
294
300
299
313
318
308
306
314
310
311
304
317
316
314
323
330
328
326
331
329
334
332
333
334
333
331
334
338
327
331
324
325
321
314
314
318
316
317
312
309
301
300
296
295
298
284
287
281
286
276
278
272
264
264
260
260
258
252
254
260
253
250
239
236
228
214
209
195
183
180
179
174
172
162
153
162
167
152
150
137
136
136
134
141
135
135
140
145
138
142
140
136
140
150
148
154
147
143
140
143
144
146
140
135
139
142
146
143
137
148
155
157
151
144
152
149
145
153
150
139
144
146
141
135
134
125
126
122
122
115
111
114
100
92
93
94
91
89
73
64
60
47
47
53
34
30
30
31
33
15
9
6
4
3
-4
-12
-21
-19
-26
-15
-9
-17
-17
-19
-29
-23
-27
-28
-12
-31
-26
-24
-16
-21
-36
-38
-33
-40
-45
-43
-44
-45
-52
-60
-58
-49
-58
-62
-52
-54
-52
-51
-49
-43
-54
-41
-54
-57
-60
-61
-62
-63
-52
-58
-62
-60
-69
-73
-74
-89
-92
-98
-103
-112
-102
-102
-97
-97
-105
-94
-103
-106
-111
-114
-108
-116
-104
-96
-103
-91
-89
-77
-73
-64
-69
-67
-64
-58
-55
-60
-47
-42
-46
-50
-55
-59
-59
-54
-56
-63
-56
-69
-65
-57
-55
-52
-44
-38
-30
-37
-30
-23
-26
-21
-17
-13
-14
0
-2
-5
-6
-2
9
8
-4
0
12
4
2
13
14
13
6
15
22
19
20
32
38
40
43
42
47
49
52
43
46
47
50
59
50
60
59
61
62
70
76
74
67
75
75
70
77
79
85
86
88
91
98
88
90
88
88
96
99
99
99
111
120
112
120
126
126
134
146
151
150
157
164
166
169
168
185
183
176
179
178
194
192
193
194
201
198
183
187
189
184
183
169
160
158
171
172
170
165
150
163
169
172
157
169
167
156
159
163
169
162
160
149
152
145
156
159
159
167
174
162
160
166
160
162
158
145
141
130
133
127
123
124
117
119
120
117
109
111
104
99
112
104
100
115
107
98
97
88
98
96
97
94
99
107
102
101
106
105
93
99
93
95
95
101
95
89
83
84
95
90
99
94
87
89
90
89
96
81
85
91
81
74
69
61
59
53
44
36
32
30
19
9
6
4
-2
-16
-20
-29
-31
-31
-37
-34
-51
-59
-51
-59
-59
-56
-60
-57
-56
-56
-56
-58
-67
-63
-59
-65
-61
-70
-73
-63
-67
-78
-74
-75
-90
-90
-88
-97
-95
-90
-95
-96
-92
-98
-106
-102
-94
-93
-110
-114
-114
-117
-119
-116
-120
-123
-118
-118
-122
-123
-118
-112
-112
-120
-117
-117
-117
-127
-124
-121
-122
-115
-124
-130
-129
-135
-132
-130
-128
-146
-145
-148
-146
-146
-143
-142
-152
-154
-169
-161
-154
-165
-162
-150
-160
-163
-170
-170
-168
-161
-159
-163
-163
-163
-156
-154
-152
-156
-150
-147
-149
-136
-119
-123
-121
-94
-103
-112
-108
-112
-105
-105
-95
-101
-97
-104
-106
-97
-96
-89
-91
-95
-95
-87
-87
-83
-73
-69
-66
-64
-61
-58
-58
-50
-45
-42
-43
-40
-33
-39
-37
-33
-33
-34
-29
-30
-19
-16
-22
-16
-11
-9
-3
-4
-9
11
7
6
20
20
9
21
17
11
6
14
28
20
9
12
23
25
20
24
35
43
55
63
67
71
81
93
97
106
101
109
117
115
132
130
142
136
140
145
141
150
152
149
158
149
138
139
144
141
144
146
150
153
139
141
148
140
151
165
166
181
185
178
196
187
187
187
183
190
191
196
196
188
192
188
184
180
175
185
185
185
189
195
187
186
197
201
203
207
212
210
217
217
209
216
212
211
197
209
216
213
215
218
204
213
205
203
208
201
202
201
190
193
194
187
191
193
194
193
190
190
196
188
187
194
189
181
188
183
177
177
181
175
160
152
150
152
152
151
153
152
136
140
134
139
129
138
140
135
137
139
131
123
117
102
105
97
95
95
85
82
75
72
72
76
80
75
74
71
74
77
72
77
79
81
72
71
80
76
58
61
57
54
55
54
50
48
45
31
36
37
27
20
21
15
16
25
21
21
21
23
19
21
20
25
34
27
17
19
25
25
31
20
19
16
12
9
12
12
7
-3
-11
-8
-10
-3
-3
-9
-8
9
4
-6
4
8
14
10
21
21
11
16
22
10
6
4
1
0
8
6
-6
-1
-5
3
-2
-2
-2
-6
-16
-9
-15
-25
-25
-31
-38
-56
-55
-66
-62
-58
-55
-49
-44
-36
-45
-54
-44
-49
-57
-62
-67
-59
-55
-42
-48
-48
-37
-38
-45
-46
-24
-32
-35
-19
-15
-14
-10
-8
-7
12
10
20
19
29
44
38
56
58
59
62
63
68
93
84
94
101
101
111
117
128
128
138
144
148
160
169
160
175
180
182
180
187
190
186
190
195
191
188
195
189
193
194
195
201
201
200
193
194
202
205
197
190
198
193
192
196
178
187
191
187
185
176
185
193
195
188
186
194
196
193
201
196
189
195
195
195
186
177
174
170
168
166
164
158
167
154
149
151
147
158
168
167
166
168
162
167
170
171
164
161
157
157
151
159
158
155
163
156
145
140
134
141
141
126
135
136
146
148
143
137
139
140
149
146
133
146
136
128
113
111
104
96
96
99
100
106
109
108
109
109
117
100
116
111
106
103
105
89
73
71
65
60
53
49
43
42
32
39
33
28
26
18
16
18
12
7
-7
-22
-24
-28
-33
-41
-53
-64
-67
-74
-75
-84
-92
-98
-101
-107
-116
-111
-116
-115
-121
-125
-133
-146
-154
-165
-161
-161
-165
-161
-170
-184
-177
-177
-180
-180
-184
-184
-194
-194
-191
-192
-197
-192
-194
-187
-191
-183
-193
-196
-189
-198
-198
-213
-224
-222
-209
-208
-203
-198
-202
-194
-177
-188
-188
-198
-192
-193
-190
-182
-191
-188
-188
-185
-190
-198
-180
-169
-173
-169
-175
-180
-175
-179
-188
-191
-196
-190
-184
-186
-198
-208
-208
-205
-211
-206
-189
-204
-196
-188
-188
-193
-188
-184
-195
-195
-185
-189
-179
-177
-176
-168
-169
-166
-165
-159
-142
-135
-123
-124
-116
-108
-105
-104
-111
-107
-114
-115
-107
-110
-123
-112
-107
-108
-116
-104
-96
-100
-97
-108
-109
-95
-97
-100
-96
-102
-92
-99
-95
-93
-92
-88
-80
-76
-70
-64
-63
-48
-41
-42
-43
-39
-47
-36
-32
-25
-19
-14
-8
-9
0
6
13
15
15
18
21
24
30
36
28
30
40
43
59
63
74
83
83
90
91
94
98
92
98
88
82
91
88
96
95
108
103
106
104
117
120
115
123
140
146
150
144
149
165
155
164
160
162
166
172
170
167
166
157
153
149
150
145
140
145
151
150
159
147
141
145
143
143
151
141
145
135
128
126
132
137
135
140
139
136
132
126
143
137
129
127
124
127
126
133
110
115
127
124
122
120
124
132
120
130
135
126
123
117
118
110
111
115
110
114
120
107
94
99
105
105
98
108
103
105
105
98
105
109
107
108
114
112
99
107
110
100
97
101
82
91
91
81
80
77
71
82
84
72
78
69
67
70
67
77
75
74
76
70
76
75
74
54
65
58
47
47
32
17
19
5
6
3
-13
-11
-8
-10
-25
-20
-30
-48
-51
-53
-62
-49
-61
-68
-70
-86
-87
-92
-97
-91
-101
-106
-108
-111
-116
-132
-133
-135
-127
-142
-136
-133
-128
-131
-145
-149
-154
-151
-157
-168
-165
-157
-151
-159
-164
-162
-171
-172
-179
-184
-185
-193
-188
-182
-185
-174
-175
-177
-178
-172
-170
-176
-174
-174
-178
-173
-167
-179
-172
-181
-188
-197
-194
-189
-198
-202
-185
-190
-200
-203
-214
-223
-216
-233
-230
-225
-226
-226
-232
-248
-241
-245
-253
-238
-243
-240
-241
-227
-224
-216
-222
-218
-214
-213
-201
-204
-180
-168
-174
-169
-171
-163
-158
-155
-154
-145
-142
-133
-132
-142
-136
-112
-115
-117
-103
-106
-88
-81
-77
-59
-57
-47
-50
-50
-40
-28
-26
-20
-12
-22
-15
-13
-6
0
-14
-12
-11
-13
4
-4
0
-1
4
8
10
26
37
50
38
47
54
51
67
68
68
84
89
95
101
108
108
111
118
114
131
136
130
128
133
139
150
147
150
159
150
145
138
144
145
147
149
163
148
151
147
142
136
146
155
151
163
179
190
195
199
202
198
216
216
220
232
239
247
236
252
254
259
252
254
266
278
283
285
276
279
278
277
277
276
269
261
270
279
292
299
290
291
297
298
315
312
324
321
330
345
354
351
344
359
361
372
384
397
388
379
392
389
398
400
388
387
386
376
404
394
396
400
382
383
391
404
408
410
398
386
398
409
408
407
401
400
407
415
410
398
398
385
385
388
377
382
370
360
361
359
361
352
338
335
335
336
334
334
312
306
291
278
279
278
277
254
245
243
252
251
240
232
211
214
220
207
203
193
172
168
167
169
174
165
170
157
154
156
147
133
130
126
118
124
128
122
111
109
96
99
97
88
99
106
109
114
104
106
120
111
110
117
110
105
101
98
106
102
92
93
91
86
89
78
69
70
67
63
64
60
52
58
51
58
48
48
47
38
33
44
45
54
56
44
46
48
52
59
54
56
47
36
48
48
58
54
51
47
48
44
50
60
63
64
63
59
64
49
48
52
35
50
48
51
56
47
51
72
69
58
55
54
68
61
65
65
58
58
59
68
68
57
55
49
65
78
87
87
74
71
77
93
102
100
98
90
89
106
114
110
105
103
99
102
104
108
97
78
79
77
87
96
82
84
83
71
75
68
69
63
59
72
76
67
62
60
60
63
54
51
47
31
25
34
39
48
43
35
28
20
40
32
36
37
22
20
31
31
23
25
15
18
19
22
22
6
-8
-10
-11
-3
7
9
2
-22
-20
-18
-12
-9
-7
-3
-1
-3
5
11
15
18
33
32
35
37
21
27
23
27
42
40
40
36
27
40
45
46
59
48
43
50
49
63
55
50
50
62
63
68
75
77
85
67
66
65
69
80
79
78
78
84
81
84
80
85
83
80
71
68
85
77
75
71
85
76
65
57
50
48
58
50
36
27
27
25
13
-8
-18
-20
-34
-35
-38
-46
-47
-55
-80
-65
-60
-69
-72
-82
-95
-97
-98
-89
-110
-132
-138
-140
-134
-138
-137
-156
-167
-158
-149
-134
-129
-139
-147
-153
-149
-145
-133
-132
-134
-125
-124
-108
-97
-101
-112
-119
-116
-113
-114
-96
-110
-124
-123
-107
-104
-100
-98
-105
-84
-78
-67
-64
-72
-74
-75
-68
-43
-43
-44
-58
-61
-49
-38
-32
-38
-44
-60
-67
-71
-67
-63
-85
-101
-94
-94
-90
-92
-115
-132
-158
-164
-170
-174
-201
-217
-218
-228
-246
-271
-281
-301
-320
-324
-345
-344
-372
-404
-413
-430
-426
-436
-454
-474
-477
-487
-503
-508
-539
-553
-548
-545
-545
-549
-561
-575
-589
-596
-588
-570
-571
-581
-585
-578
-574
-569
-566
-575
-593
-569
-486
-406
-327
-305
-315
-325
-281
-198
-107
-29
8
42
89
159
240
301
326
343
365
425
496
556
598
610
612
629
658
692
713
717
721
736
734
734
733
694
656
622
594
587
552
517
474
438
414
364
306
244
181
139
131
91
35
-41
-119
-195
-250
-274
-333
-407
-488
-583
-646
-682
-744
-796
-864
-942
-1000
-1063
-1087
-1137
-1208
-1261
-1307
-1299
-1273
-1239
-1204
-1105
-960
-832
-864
-975
-865
-687
-511
-402
-379
-223
-165
-105
19
159
328
283
212
291
436
568
602
611
620
631
645
685
748
739
736
715
696
746
744
755
750
687
716
753
768
749
699
774
912
928
879
848
805
824
853
915
1021
966
890
894
939
1035
1022
948
910
866
854
886
916
894
816
733
723
712
687
629
549
487
444
402
393
338
253
170
87
56
11
-57
-132
-217
-316
-392
-489
-585
-680
-806
-860
-940
-1030
-1136
-1295
-1470
-1584
-1690
-1559
-936
-254
-200
-1230
-1911
-1745
-901
-56
-66
-175
-450
-611
-436
-20
720
788
92
-485
-323
455
1014
1022
682
339
264
364
726
845
777
638
392
472
675
793
817
438
260
384
583
657
422
236
361
539
651
828
838
557
255
177
548
929
909
769
622
653
857
915
975
860
592
516
642
898
1067
955
793
676
642
754
789
651
492
401
467
595
626
602
452
235
177
218
260
233
66
-34
-63
-74
-43
-107
-232
-402
-576
-649
-683
-781
-867
-1007
-1166
-1302
-1434
-1540
-1652
-1772
-1725
-1147
-519
-380
-1297
-2037
-1863
-1144
-233
-139
-254
-498
-755
-527
-115
597
790
174
-411
-335
374
1034
1049
694
377
296
384
759
949
857
698
472
543
765
870
951
606
320
418
638
800
577
318
448
629
694
737
851
852
630
306
447
828
900
861
809
891
1007
886
890
927
820
703
657
834
1022
975
925
922
855
788
729
670
617
515
528
686
741
722
622
474
389
300
289
333
259
140
85
61
109
76
-47
-165
-342
-485
-621
-711
-719
-839
-1023
-1182
-1361
-1527
-1667
-1710
-1582
-1043
-537
-439
-1234
-1933
-1753
-1078
-113
59
-151
-425
-709
-381
97
736
917
314
-250
-196
519
1252
1319
937
511
446
614
974
1229
1134
942
704
768
1035
1096
1140
817
551
660
852
997
804
538
606
784
862
869
853
792
783
741
828
973
864
823
851
1048
1324
1226
1087
942
860
965
1028
1128
1156
1044
1011
1091
1225
1230
1091
852
730
717
795
922
943
910
823
723
715
674
546
455
342
310
287
256
257
172
68
-22
-126
-288
-501
-732
-828
-889
-1017
-1187
-1443
-1671
-1744
-1745
-1399
-811
-442
-787
-1875
-2182
-1670
-695
25
-178
-387
-686
-695
-273
250
804
578
-162
-509
-79
809
1274
1030
545
332
415
580
911
999
873
671
477
681
887
911
854
462
311
497
699
648
289
201
481
612
538
477
438
343
254
292
657
825
570
367
323
666
920
846
793
622
488
472
642
927
924
734
646
719
842
933
892
690
521
434
534
712
727
673
571
522
566
500
431
321
125
38
15
83
88
-89
-258
-364
-424
-545
-749
-970
-1169
-1398
-1570
-1686
-1823
-2020
-2142
-2188
-1890
-1286
-916
-1316
-2402
-2689
-2180
-1152
-486
-703
-936
-1176
-1037
-660
-227
207
-1
-659
-915
-435
515
952
595
116
-11
157
351
574
552
431
305
228
436
589
686
553
71
50
290
437
294
-98
-70
266
375
294
245
205
110
-51
-64
296
530
326
34
-2
443
724
590
404
262
316
370
492
729
732
503
400
585
853
916
768
608
510
491
606
770
786
671
534
585
736
708
583
471
330
237
202
294
317
96
-140
-205
-165
-272
-540
-772
-951
-1179
-1409
-1539
-1711
-1902
-2085
-2150
-2069
-1685
-1158
-908
-1619
-2545
-2566
-1921
-818
-550
-823
-945
-1034
-676
-359
92
470
27
-602
-615
90
1023
1222
806
405
417
709
922
947
856
805
671
645
918
1138
1259
850
418
594
842
908
557
253
484
719
762
715
699
660
456
304
431
705
681
384
235
557
1002
1042
808
648
559
564
727
933
1119
931
734
879
1132
1379
1322
1162
1037
887
982
1218
1309
1206
1031
1049
1190
1232
1166
1050
939
755
654
744
826
674
370
280
338
291
107
-160
-380
-673
-996
-1138
-1268
-1486
-1792
-1947
-1850
-1567
-1025
-614
-975
-2161
-2748
-2237
-1132
-366
-624
-927
-1033
-834
-333
30
462
260
-550
-835
-261
793
1377
987
456
325
590
870
947
886
735
549
459
730
1056
1095
849
381
389
745
837
585
158
131
412
581
630
557
462
286
142
240
474
509
191
-138
-8
498
828
692
422
231
180
287
509
735
646
361
270
510
898
1034
881
679
541
522
713
891
870
657
546
666
799
810
702
597
432
258
271
370
255
-41
-269
-241
-164
-301
-560
-812
-1081
-1429
-1738
-1899
-2011
-2285
-2459
-2452
-2056
-1431
-1096
-1564
-2699
-3022
-2552
-1569
-983
-1213
-1306
-1438
-1181
-679
-256
158
-280
-1013
-1082
-441
506
812
482
131
76
442
650
655
591
367
210
209
527
837
758
406
70
278
620
595
275
-50
-33
168
324
409
339
214
24
-9
228
417
373
-6
-258
-40
295
435
359
310
316
251
192
324
516
464
331
321
489
647
652
765
868
734
650
716
813
818
714
791
845
770
749
714
817
766
478
483
520
408
196
-28
63
3
-279
-407
-512
-694
-1060
-1512
-1671
-1837
-2149
-2258
-2277
-1914
-1324
-998
-1348
-2399
-2774
-2352
-1551
-956
-1102
-1118
-1219
-1255
-619
369
834
-174
-1099
-662
197
650
559
480
775
797
840
763
937
1342
765
-61
74
843
1110
433
72
483
927
846
393
263
457
378
-22
-59
444
588
52
-396
150
976
796
152
-55
289
557
182
25
509
900
677
271
564
1271
1186
490
431
1011
1193
621
359
1070
1580
1106
602
899
1321
799
48
646
1437
935
-121
294
1794
1368
-373
-348
673
420
-1036
-1526
-766
-790
-1934
-2617
-2287
-2531
-4046
-5064
-4695
-4185
-4211
-3308
-1082
1009
1149
-947
-2069
-50
950
-641
-1573
528
3225
2434
1017
2405
4072
2776
-1037
-2315
-261
506
-1144
-2003
-178
1986
1081
-1247
-1786
-847
-860
-2405
-3171
-1425
645
672
-160
340
1873
2010
-208
-1901
-973
721
755
-344
219
2274
2486
539
-701
121
663
-1057
-2525
-1169
1169
1391
-106
-264
1161
1217
-614
-1429
-153
951
170
-653
711
2557
2281
998
802
1778
1801
597
345
1162
1759
1463
896
1009
962
270
-354
-596
-481
-556
-719
-494
-355
-383
-651
-1283
-2022
-2637
-2844
-3113
-3859
-4506
-4729
-4955
-5510
-6170
-5736
-4167
-927
2105
2501
330
-1032
296
2218
930
-808
248
3248
4305
2029
896
2194
2247
-856
-4358
-3540
-606
-688
-3055
-2903
475
1930
-1121
-3756
-2634
-545
-907
-2413
-1430
1686
3016
1147
-170
1351
2817
626
-2428
-1919
994
1715
-118
-840
884
1641
-426
-2564
-2031
-398
-805
-2321
-1567
1112
2143
487
-937
89
1234
154
-1378
-661
1771
2609
1210
343
1343
1917
620
-747
-6
1662
2012
1303
1299
2162
2340
1255
-44
-225
127
163
-7
107
625
676
85
-511
-772
-944
-1528
-2158
-2129
-1906
-2000
-2600
-3612
-4400
-5046
-5586
-6275
-6877
-5970
-3001
1983
5038
3854
627
191
2220
2838
-44
-1349
1624
4934
4668
1706
1394
2585
905
-3698
-6086
-3541
-631
-1913
-3808
-1585
2594
2573
-1878
-3914
-1702
437
-740
-1993
582
4220
3999
1176
653
2627
2575
-1215
-3631
-1467
1723
1268
-938
-599
1564
997
-1986
-3242
-1714
-447
-1362
-1915
128
2856
2697
372
-505
1045
1455
-443
-1485
375
2703
2473
842
476
1297
904
-628
-1300
4
1385
1620
1626
2130
2824
2287
811
-338
-371
-15
54
-64
402
997
683
-174
-911
-1265
-1833
-2390
-2514
-2378
-2301
-2531
-3303
-4455
-5140
-5736
-6075
-7106
-6524
-3401
2501
6071
4796
941
103
2766
3332
5
-2495
824
4842
4732
984
290
1875
672
-4330
-7170
-4397
-938
-1823
-4248
-1961
2958
3727
-1213
-3954
-1409
1442
42
-1890
565
4381
4303
1091
176
2090
2271
-1617
-4400
-2378
1158
970
-1356
-1257
993
1078
-1641
-3195
-1685
135
-521
-1353
446
3240
3141
623
-382
1055
1469
-482
-1750
155
2486
2004
42
-278
633
511
-538
-858
284
1729
2093
1426
1466
2087
1911
357
-696
-487
-51
-115
-218
-26
46
-154
-700
-1482
-2293
-2406
-2547
-3027
-3422
-3257
-3668
-4700
-5651
-5820
-6489
-7161
-5761
-416
5672
6341
2498
-805
1495
4267
2195
-2827
-2419
2785
5571
2069
-1304
297
1648
-2050
-7440
-6848
-2267
-807
-3840
-4245
572
4572
1477
-3690
-3265
893
1769
-1447
-1648
2531
4844
2065
-911
86
2117
-194
-4462
-4657
-839
1139
-968
-2444
-493
1327
-416
-3238
-2876
-162
372
-1134
-774
2129
3691
1619
-732
-114
1225
142
-2000
-1518
1286
2093
272
-1054
-238
539
-263
-1424
-764
1094
2369
2200
1472
1799
1934
890
-702
-1060
-591
-503
-766
-520
-171
-234
-620
-1662
-2569
-2930
-2776
-3098
-3848
-3841
-3727
-4362
-5465
-5709
-6491
-6812
-5129
1499
6948
6439
1617
-1069
1886
4367
1439
-3733
-2771
2850
5456
857
-2037
-17
1360
-3227
-8157
-6287
-1265
-540
-3526
-3237
1970
5242
1325
-3419
-2698
1727
2062
-1295
-792
3629
4826
1266
-1342
346
1604
-1436
-5002
-4344
-380
1166
-1005
-2037
58
1360
-747
-3106
-1774
743
613
-710
344
3142
3599
1104
-545
63
782
-448
-1825
-304
1980
1633
-595
-1127
471
1255
-82
-842
316
2558
3089
2007
1136
1152
1170
143
-914
-995
-491
-330
-405
-596
-418
-587
-1253
-2262
-2871
-2650
-2673
-3366
-4288
-4736
-4664
-4842
-5944
-7036
-6567
-1442
6222
7979
3843
-909
347
4350
3333
-1809
-3753
231
5032
2946
-1357
-1418
911
-627
-6689
-7677
-2910
597
-1309
-3677
-457
4522
3704
-1089
-3428
-296
2561
568
-987
1895
5015
3205
-945
-1175
1223
359
-3259
-4993
-2216
944
414
-1372
-1023
711
190
-2476
-2535
246
1771
487
-311
2058
3948
2385
-107
-707
331
305
-836
-384
1407
1955
254
-1314
-117
1528
934
94
145
1838
3133
2257
1059
440
487
156
-880
-837
-587
-534
-568
-1031
-785
-929
-1167
-2220
-3083
-2789
-2831
-3369
-4175
-5280
-5576
-6101
-7087
-6772
-3094
5165
9008
5367
-684
-1658
3165
4405
-725
-4240
-1319
4916
4497
-758
-2577
-511
-287
-5730
-8879
-4885
755
601
-2978
-2071
3336
4473
-242
-4204
-2261
1788
1661
-407
1134
4393
4089
-404
-2709
-568
287
-2429
-4985
-3006
836
1415
-694
-1673
-615
-221
-2398
-3417
-1013
1785
1565
57
1241
3409
2695
-162
-1690
-815
384
136
107
1001
1750
963
-424
-88
1006
1307
415
107
1367
2235
1906
809
-209
-407
-676
-922
-1272
-1305
-894
-925
-1208
-1346
-1426
-1762
-2516
-3224
-3545
-3717
-3876
-4973
-5715
-6316
-6981
-6707
-2277
6250
9541
4886
-2105
-2535
3337
4580
-702
-4814
-1013
5804
4515
-1517
-3531
-377
-396
-6480
-9517
-4414
2189
1758
-2876
-2535
2929
4516
-578
-4963
-2352
2455
2179
-253
1035
4519
3966
-1254
-3594
-1239
646
-1450
-4289
-2741
1068
1865
-581
-2105
-814
-309
-2421
-3071
-272
2543
1973
142
679
2430
2098
-267
-1742
-343
1605
1295
-13
240
1542
1558
334
86
1451
2643
2389
1170
646
1346
1702
593
-845
-1060
-377
-351
-932
-1367
-1175
-1045
-1483
-2212
-2510
-2112
-2251
-3367
-4228
-4635
-4959
-5430
-6845
-7231
-5106
2177
9358
8593
2045
-3192
-776
3868
2492
-2009
-2628
3082
6659
2150
-2960
-2714
-207
-2837
-8411
-7816
-757
3673
1052
-2785
-827
3345
2264
-2585
-4097
200
3649
2050
640
2794
4889
1850
-3191
-3662
-871
255
-1744
-2919
-543
1754
811
-1472
-1951
-708
-1143
-2583
-1371
1838
3375
1887
360
1082
1782
776
-695
-365
1723
2177
644
-89
1043
2130
1188
90
692
2016
2771
2068
1188
1208
1419
1075
-96
-519
0
66
-276
-886
-1173
-1183
-1415
-1845
-2597
-2625
-2478
-3105
-4247
-5693
-5887
-6168
-7308
-7164
-3478
5579
10543
6387
-1428
-4087
1659
5065
1236
-2714
-265
6291
5968
-895
-4182
-1715
-180
-5096
-9583
-5265
2660
3994
-1276
-4440
-518
2759
5
-3829
-2419
3008
4525
1600
866
3340
3930
-562
-4385
-2530
1059
1245
-1553
-2368
-105
400
-1989
-3621
-2531
-702
-1358
-2057
146
2922
3034
461
-904
353
993
333
211
2092
3603
1941
-450
-578
1245
2194
984
5
808
2448
2808
1123
-185
-63
299
-76
-559
44
851
662
-230
-1287
-1451
-1081
-1514
-2546
-2706
-2070
-2235
-3895
-5471
-6139
-6784
-7856
-7932
-3546
5799
10648
5936
-2789
-5084
1153
4954
1838
-1801
985
7112
6149
-851
-4191
-1660
57
-4677
-8611
-4076
3551
4467
-1611
-5483
-2121
1089
-874
-3591
-1403
3940
5061
1902
715
2723
3342
-523
-3778
-1498
2642
3213
425
-1108
-212
-418
-2534
-3577
-2129
-223
-704
-1458
245
2325
1792
-700
-1473
200
1322
1614
2391
3455
3220
1138
-299
489
2268
3181
2301
1283
1632
2357
2029
433
-558
-300
6
364
708
888
711
-57
-1106
-1950
-1564
-302
-289
-1053
-1527
-1991
-2903
-4426
-5785
-6594
-7380
-6816
-4103
2861
9677
7763
-687
-6982
-3578
3538
4486
1369
1170
5644
7576
1690
-4033
-3342
127
-997
-5604
-4554
2818
6100
1089
-5671
-5702
-1089
-61
-1871
-1161
3177
5674
2402
-922
278
2402
1140
-1938
-990
3407
5078
2553
-463
-1226
-1070
-2391
-2969
-1123
1264
1498
-541
-1043
452
545
-1023
-1880
-438
1649
2544
3075
3029
2109
655
-432
451
2752
4528
4371
2420
1356
1536
1376
636
-26
-55
279
671
817
86
-665
-865
-1513
-2073
-1372
117
475
-561
-1942
-3288
-4141
-4466
-5063
-5748
-6306
-5257
-2080
4067
8514
4871
-3158
-7323
-2577
4087
4973
2646
2618
5274
4573
-1443
-5200
-2727
927
-353
-3851
-2100
3596
4280
-1554
-6750
-5458
-856
520
-240
904
3741
3750
-317
-2713
-664
1683
1110
-325
1037
3763
3604
854
-1346
-1752
-1360
-1436
-687
1198
1895
359
-1709
-1747
-666
-758
-996
74
1455
2071
1790
1164
573
62
119
1025
2611
4344
4614
2904
921
-58
337
960
1309
1466
1074
759
299
-820
-1746
-1741
-1221
-1088
-1139
-522
-238
-1157
-2523
-4157
-4759
-4359
-4338
-4833
-6394
-6239
-3605
1508
6729
4859
-1810
-6445
-3459
3631
5818
3400
2007
3588
4146
-176
-4205
-2230
1806
1317
-2871
-3668
799
2654
-1659
-6383
-5826
-1075
1138
115
255
2152
2365
-751
-2937
-517
2780
2743
980
903
2685
2769
349
-1224
-1050
-204
-42
-90
1106
1520
-310
-2337
-2268
-611
314
247
918
1815
1714
558
-391
229
1584
2456
2656
2895
3650
3527
2007
489
379
1632
2758
2699
1579
468
-158
-740
-1478
-1496
-531
277
158
-696
-1378
-1724
-2058
-2906
-3838
-3497
-3484
-4512
-5937
-6842
-4997
-940
4581
5430
185
-4795
-4464
1296
5415
4709
2514
2596
3769
1885
-2159
-1931
2308
3662
66
-2764
-580
2117
-325
-4686
-5650
-2244
1116
826
-429
102
818
-927
-3068
-1468
2375
3424
1823
980
1667
2090
1005
78
516
1143
1162
684
970
1337
-138
-2040
-1756
-17
821
556
803
1526
924
-900
-1425
147
2530
3528
3011
2648
2908
2966
2029
1159
1459
2747
3302
2804
1721
674
-52
-647
-853
-427
246
627
80
-1270
-2297
-2422
-2041
-2288
-3051
-3031
-3765
-5103
-6374
-6531
-4307
-525
4427
3901
-1658
-5793
-4306
1622
5254
4636
2824
2507
2891
837
-2464
-1058
3552
4467
747
-1759
271
1869
-1334
-4930
-4591
-751
1862
839
-779
-501
-223
-2114
-3533
-783
3411
3706
1138
-298
322
1177
766
575
1620
2290
1810
607
260
620
-35
-1020
-417
1067
1666
1026
469
190
-806
-1351
-176
2027
3510
3393
2329
1156
1255
1976
2328
2416
2861
3360
2557
1301
625
340
249
381
410
289
148
7
-943
-2354
-2481
-1426
-1252
-2208
-2916
-3892
-5423
-6265
-6519
-4796
-1817
3119
4256
-1457
-6363
-5694
333
4985
4785
2543
1482
1672
848
-1881
-1065
3897
5742
1817
-1955
-836
1561
-563
-3791
-3138
222
2293
672
-1927
-2211
-1331
-2021
-2927
-653
3548
3618
-119
-2005
-1110
365
1075
1466
2574
2849
1496
-13
-298
493
742
155
604
1599
1293
358
-84
-132
-533
-840
182
2018
2576
1886
1057
634
1709
2657
2781
2549
2445
2498
1600
868
1284
1652
1306
888
346
-323
-738
-482
-482
-1104
-1122
-744
-1611
-3097
-3657
-3858
-4956
-5604
-5084
-3552
-1458
1982
2265
-2720
-6440
-4776
1370
5370
4683
1914
-137
-319
-360
-1403
393
4954
5890
1327
-2657
-1258
1403
-14
-2183
-1199
1082
1546
-612
-2405
-1856
-688
-994
-1630
-244
2186
1328
-2168
-2866
-298
1796
1891
1545
1811
1116
-549
-906
774
2715
2836
1426
764
910
438
73
721
1290
1107
539
645
1395
1045
484
382
1169
2816
3253
2527
1689
1527
1522
1174
1420
2182
1929
1080
523
133
-3
283
477
-266
-1234
-1212
-1161
-2175
-2891
-2456
-3137
-4712
-5704
-5423
-3739
-1441
2046
737
-3955
-5827
-2582
2967
4844
2925
424
-431
208
391
52
2700
5790
3912
-1149
-2572
720
2516
-83
-1635
38
1626
410
-1856
-1877
-205
243
-787
-609
1140
1842
-631
-3052
-1717
1275
2362
1548
1035
983
-239
-1473
-414
1870
2703
1670
478
546
1203
1371
1707
1799
1519
1294
994
1248
1538
1463
1631
1722
2393
2654
1775
1185
1241
1723
1724
1920
2345
1699
320
98
409
472
463
658
240
-854
-1385
-1008
-1201
-1740
-1833
-2428
-4036
-5250
-5064
-4038
-2552
-51
1415
-1938
-5491
-4995
-479
3420
3100
785
-728
-439
261
14
898
4257
5194
1253
-2627
-1146
2558
2228
-721
-685
1329
1153
-1347
-2385
-611
756
-346
-1621
-533
1202
183
-2809
-2843
274
2019
975
-112
363
477
-867
-1058
1097
2730
1700
-275
-756
370
1218
1324
1399
1360
1286
812
338
694
1496
2224
1940
1800
2152
1890
1515
1241
1705
1743
1497
1506
1272
450
293
522
469
268
211
-93
-1076
-1616
-1228
-1023
-1648
-2141
-2425
-3859
-5002
-5359
-4478
-3240
-2109
120
-1093
-4605
-5636
-2615
2195
3335
948
-1223
-1557
-670
-101
394
3031
5016
2323
-2074
-2585
1124
2886
313
-923
837
1146
-1239
-2573
-524
1691
534
-1675
-1175
584
315
-2104
-2773
-71
1801
522
-919
-311
428
-714
-1609
389
2800
1950
-550
-1355
-20
1242
1371
1478
1664
1410
550
241
714
1663
2318
2021
1512
1889
1667
1388
1527
2240
2382
1264
628
637
360
272
705
766
609
187
-186
-1066
-1599
-932
-462
-1006
-1797
-1833
-2783
-4363
-4906
-4733
-3238
-3007
-1534
-694
-3525
-5587
-4737
-395
2749
1308
-1403
-2343
-1604
-231
381
1750
4259
3231
-920
-2795
-99
3460
2366
-578
18
1230
-548
-2536
-1130
1875
1847
-1105
-1804
118
607
-1413
-2842
-762
1699
766
-1141
-756
582
10
-1494
-479
2334
2194
-695
-1703
89
1868
1611
970
1150
1343
282
-212
979
2415
2820
1937
1144
1565
2064
1549
1606
2370
3236
2259
845
858
1039
633
698
802
424
-143
-418
-439
-794
-655
-349
-863
-1795
-2188
-2220
-2893
-3616
-3939
-3782
-3186
-3208
-1467
-1182
-3634
-4954
-3603
562
1980
-419
-2370
-2203
-986
-85
174
1990
3787
1380
-2209
-2174
1572
3932
1464
-917
377
954
-1139
-2148
348
2758
888
-2321
-1531
1118
802
-1785
-2324
405
1287
-1083
-1981
20
1180
-314
-1596
125
2266
692
-1858
-1200
1342
2107
928
610
1287
1066
-224
275
2026
2623
1703
965
1259
2029
2045
1434
1938
2472
2354
1051
706
1921
1844
516
447
898
543
-193
-391
116
-98
-559
-777
-1215
-1589
-1806
-1992
-2493
-3031
-3473
-4050
-3596
-3093
-2519
-1550
-2571
-4137
-4138
-1893
918
127
-1950
-2459
-1727
-676
-199
457
2309
2151
-783
-2015
-29
2687
2186
-488
-587
967
235
-1383
-734
1405
1343
-1408
-2201
132
1167
-780
-2416
-1086
775
-367
-2007
-950
643
61
-1353
-863
1091
956
-1268
-1646
262
1470
771
277
684
901
-105
-213
1465
2260
1543
682
1090
1910
2133
1392
1644
2156
1952
1280
696
1529
1846
638
59
715
548
-236
-692
-178
20
-679
-943
-847
-1077
-1450
-2051
-2272
-2491
-3026
-3597
-3942
-3279
-3097
-2820
-1643
-2346
-4045
-4365
-2004
806
-405
-2300
-2579
-1787
-1035
-997
-104
2180
1840
-1266
-1995
397
2780
1690
-687
-164
1377
200
-1500
-374
1977
1400
-1553
-1820
630
1078
-1274
-2375
-479
968
-975
-2345
-377
965
-781
-2254
-643
1623
711
-1805
-1320
1070
1440
-28
105
1468
1257
-576
-515
1725
2354
1191
541
1422
2013
1541
1270
2154
2553
1685
1049
1237
2161
2152
984
885
1630
963
-174
-25
707
413
-508
-379
41
-638
-1523
-1794
-1676
-1741
-2629
-2947
-2893
-3078
-3077
-3408
-2470
-931
-1839
-3311
-3451
-1586
134
-970
-1719
-1262
-821
-783
-1060
-203
1893
1660
-652
-992
564
1688
1074
272
1025
1487
-48
-1053
269
2056
1709
-204
-352
980
643
-892
-972
521
1027
-771
-1547
134
904
-547
-1348
-77
1305
602
-807
-91
1271
796
-229
607
2057
1703
86
254
1702
1666
1031
1316
2124
2178
1232
910
1983
2302
1612
1439
1689
1990
1453
805
1459
1882
992
292
620
1102
702
101
345
540
-115
-670
-698
-564
-777
-1463
-1776
-1769
-2219
-2718
-2764
-2397
-1875
-1584
-1769
-2027
-2399
-1903
-1075
-1213
-833
-632
-698
-480
-946
-928
319
878
433
295
402
428
-117
-516
256
1059
759
133
91
699
683
-84
70
761
549
-166
-340
289
863
207
-270
210
262
-163
-152
396
807
433
-163
147
729
811
585
695
1029
860
330
797
1626
1443
1152
971
1107
1322
1106
1141
1675
1630
1086
955
1162
1695
1706
1251
1285
1392
1038
889
1234
1449
1102
734
802
798
499
386
390
303
61
-415
-645
-649
-904
-1537
-1922
-2137
-2231
-2417
-2383
-1616
-1457
-2072
-2258
-2075
-2581
-2292
-1592
-1421
-967
-1153
-1463
-799
-59
-59
-121
-4
155
-95
-283
350
1066
973
437
147
329
659
600
768
990
703
195
133
507
985
786
410
618
560
225
278
847
1183
814
319
473
886
935
895
997
1205
1023
393
626
1398
1471
1285
1100
1176
1309
965
882
1451
1806
1544
1174
1215
1681
1681
1299
1434
1561
1039
690
964
1308
1363
1104
879
739
537
361
327
494
483
-88
-556
-538
-652
-1211
-1629
-1695
-1842
-2084
-2177
-1621
-1168
-1394
-2004
-2032
-2207
-2322
-1378
-1130
-936
-694
-1292
-1347
-456
19
119
370
344
164
3
385
1042
1178
880
627
586
845
912
928
1321
1327
613
242
539
1061
1236
854
813
884
570
404
825
1362
1373
828
484
787
1058
1082
1145
1265
1310
770
335
914
1403
1257
1047
954
933
928
928
1236
1782
1699
1298
1240
1426
1578
1293
1129
1570
1638
1190
1111
1380
1413
1097
796
902
1026
787
532
363
354
290
-140
-431
-394
-672
-1158
-1365
-1406
-1692
-1870
-1921
-1814
-1477
-1544
-1737
-1922
-1851
-2189
-2009
-1230
-1323
-1151
-1016
-1229
-963
-372
-200
-40
149
-65
-183
-4
527
940
921
762
631
480
648
881
1040
1240
1074
686
638
710
1050
1232
967
830
658
431
613
1062
1248
1111
680
469
517
672
895
965
901
878
581
320
580
755
851
905
835
716
791
997
1158
1250
1157
1103
1090
1255
1414
1384
1367
1393
1171
859
1004
1215
1115
906
913
1008
848
630
524
419
186
-57
-261
-201
-96
-474
-1091
-1432
-1484
-1781
-2119
-1986
-2013
-1878
-1621
-1557
-1610
-1828
-1940
-2403
-1907
-1244
-1294
-1008
-1016
-1253
-992
-438
-228
-91
-90
-113
-66
48
451
707
794
679
399
432
801
1062
1160
1269
1084
776
727
910
1269
1245
943
820
774
576
511
734
923
812
398
177
296
467
466
435
577
583
68
-108
307
576
722
684
774
854
671
685
980
1155
1105
972
928
1244
1333
1062
1014
1137
1049
751
838
1319
1374
950
786
805
769
711
547
488
480
345
67
-180
-174
-335
-789
-1101
-1139
-1388
-1836
-1915
-1922
-2098
-1923
-1611
-1417
-1654
-1917
-1913
-2275
-1793
-1117
-1079
-721
-649
-1015
-909
-340
-141
42
122
121
73
-7
443
987
993
799
707
739
1123
1345
1397
1593
1335
935
892
1081
1480
1430
922
766
760
526
562
840
980
774
214
-92
90
337
482
544
619
574
252
219
682
953
844
665
737
1016
983
947
1248
1292
988
804
905
1314
1589
1292
1106
1268
1224
982
1041
1386
1477
1184
1004
1048
1025
901
760
830
945
677
241
125
191
-14
-473
-752
-875
-1045
-1505
-1830
-1855
-1902
-2066
-1825
-1490
-1382
-1475
-1911
-1819
-1898
-1590
-924
-866
-699
-760
-1081
-833
-81
125
220
361
197
88
84
563
1209
1174
827
773
833
1044
1235
1334
1592
1337
704
590
851
1258
1219
671
387
352
137
142
484
638
466
-72
-327
31
395
550
540
464
320
90
131
559
848
739
525
583
757
767
829
1080
1124
849
751
940
1248
1365
1190
1027
1120
1164
1100
1249
1484
1453
1054
882
1129
1255
1100
908
749
551
220
-36
19
125
10
-320
-664
-814
-1064
-1436
-1635
-1649
-1719
-2117
-2167
-1930
-1669
-1621
-1607
-1621
-1762
-1672
-1861
-1422
-912
-948
-784
-802
-801
-399
12
60
248
151
-55
102
326
756
966
711
564
521
482
774
1017
992
936
576
295
411
568
740
627
346
209
137
20
134
365
408
217
-99
-71
188
333
380
334
165
111
148
263
599
748
619
514
497
504
659
870
1055
1077
956
958
1069
1225
1283
1186
1115
1254
1208
1050
1043
1049
1046
939
852
873
794
541
381
289
269
255
111
-21
-138
-357
-544
-605
-631
-808
-1152
-1375
-1439
-1553
-1768
-1978
-2046
-1962
-1586
-1354
-1395
-1559
-1858
-1947
-1972
-1349
-797
-850
-714
-875
-1008
-584
-18
132
142
-1
-204
-182
73
644
920
602
259
164
235
518
770
853
838
482
137
216
511
800
621
245
128
126
130
297
501
460
182
-129
-63
308
510
555
447
390
427
368
563
916
944
771
801
855
1044
1271
1220
1150
1168
1138
1123
1322
1534
1489
1174
1049
1233
1242
1148
1197
1207
1125
979
901
949
974
872
740
642
668
707
548
464
431
283
94
23
-31
-188
-537
-763
-887
-1118
-1214
-1378
-1727
-1969
-1856
-1644
-1183
-932
-1224
-1640
-1791
-1774
-1419
-647
-434
-434
-563
-766
-448
113
464
472
277
32
-8
230
812
1277
1157
722
421
430
788
1086
1240
1306
1030
509
465
845
1207
1197
811
579
499
467
643
928
992
744
382
376
763
1025
984
903
718
632
757
965
1242
1256
1072
923
1018
1242
1286
1168
1199
1250
1086
1047
1298
1493
1364
1050
920
1145
1321
1246
1189
1100
953
864
865
993
1053
846
568
532
642
621
436
273
122
-171
-386
-284
-198
-410
-728
-936
-1029
-1127
-1355
-1527
-1677
-1991
-2154
-2152
-2062
-1512
-1261
-1564
-1722
-1741
-1914
-1899
-1069
-693
-754
-651
-925
-989
-525
-51
65
18
-76
-210
-212
264
842
850
529
305
208
449
787
1001
1102
904
512
378
545
776
908
662
329
220
246
362
619
731
575
250
108
290
438
613
720
578
555
657
577
740
997
939
840
801
908
1102
1156
1144
1199
1149
1007
1023
1134
1231
1180
1031
1019
1002
897
851
859
838
737
584
539
561
523
478
424
333
202
23
-108
-101
-116
-224
-272
-298
-408
-622
-742
-730
-803
-981
-1103
-1223
-1465
-1549
-1701
-1914
-1850
-1929
-1952
-1634
-1358
-1443
-1762
-1741
-1773
-1600
-981
-750
-543
-446
-684
-572
-71
385
560
518
337
198
289
637
1021
1148
925
565
395
691
1020
1074
985
761
420
330
524
800
913
620
303
237
396
614
797
813
632
423
445
748
974
990
888
708
730
869
929
1154
1257
989
787
837
969
1040
1004
964
903
801
790
871
1001
969
738
590
656
763
781
713
610
563
451
358
467
576
437
235
156
149
123
124
119
126
7
-205
-268
-195
-149
-279
-494
-578
-587
-714
-848
-918
-1067
-1287
-1462
-1523
-1490
-1550
-1683
-1641
-1617
-1258
-1027
-1111
-1106
-1207
-1278
-1170
-613
-282
-270
-110
-231
-281
73
358
520
491
331
255
353
742
989
995
839
669
557
732
1079
1282
1205
963
761
765
927
1089
1229
1083
858
778
805
840
1048
1128
954
821
762
768
842
937
837
620
615
778
751
814
945
909
784
700
635
675
842
861
761
697
684
652
613
601
617
580
467
388
433
430
396
370
290
255
314
294
164
140
170
134
108
169
184
103
4
-87
-121
-87
-51
-114
-201
-309
-423
-591
-757
-726
-718
-876
-1024
-1089
-1224
-1357
-1534
-1753
-1686
-1574
-1499
-1481
-1406
-1275
-1085
-991
-1072
-952
-1025
-964
-734
-502
-156
-80
-94
-119
-153
119
302
312
343
283
264
333
633
857
897
708
493
537
600
793
1114
1059
586
388
711
1039
903
676
620
624
637
569
472
627
861
804
565
433
572
670
559
409
407
489
528
478
504
604
528
274
157
250
350
395
468
550
488
367
300
342
432
474
527
533
496
316
403
807
198
-465
125
853
464
-326
-154
270
-103
-553
-461
-387
-441
-394
-438
-582
-821
-887
-707
-836
-964
-859
-732
-894
-1256
-1353
-1105
-1228
-1587
-1594
-1284
-1155
-1336
-1271
-914
-659
-933
-915
-580
-382
-383
-401
-228
-27
-167
-146
130
290
327
421
495
478
372
347
534
553
460
505
661
596
484
459
536
560
412
368
439
411
368
361
343
330
332
360
460
484
484
576
520
512
564
616
706
731
721
819
830
802
814
883
963
970
918
945
925
841
801
777
786
777
753
722
707
679
642
563
516
496
491
434
392
389
378
349
297
277
327
293
232
203
230
238
182
116
79
38
-39
-68
-79
-155
-228
-206
-241
-256
-355
-497
-510
-509
-525
-566
-632
-567
-666
-869
-1002
-1022
-959
-1079
-1199
-1267
-840
-800
-943
-1066
-906
-575
-673
-669
-366
-107
-108
-321
-351
-14
166
231
249
425
533
522
403
524
690
707
661
760
876
860
782
711
729
765
824
821
815
828
719
591
568
593
651
622
635
654
677
652
618
550
609
733
748
743
730
697
658
646
744
793
763
756
756
747
732
721
706
701
674
636
562
559
552
480
397
388
385
362
321
297
263
222
219
226
252
286
248
171
136
132
136
104
120
124
39
-14
-49
-65
-140
-207
-244
-269
-276
-330
-428
-508
-520
-598
-762
-745
-680
-711
-748
-812
-861
-958
-1009
-872
-1024
-1139
-1191
-1126
-702
-778
-720
-867
-839
-576
-554
-470
-305
-247
-236
-447
-386
-144
35
55
22
24
59
118
72
156
257
252
140
119
211
324
319
233
206
256
292
312
243
314
390
334
274
318
413
421
357
344
447
481
446
441
464
566
610
553
596
643
652
686
733
854
902
786
770
794
791
799
777
788
800
717
617
568
565
540
392
288
267
247
183
134
110
68
-5
-47
-12
28
10
-17
22
101
98
83
107
89
35
-24
19
72
79
46
-11
-30
-84
-152
-209
-245
-233
-292
-344
-358
-369
-393
-474
-547
-585
-612
-663
-688
-703
-719
-772
-835
-858
-866
-857
-690
-616
-642
-604
-623
-601
-549
-456
-302
-318
-287
-174
-169
-133
-82
13
104
89
131
170
226
281
295
321
390
453
456
434
488
535
492
412
469
619
686
626
559
587
651
677
616
598
599
642
644
602
659
707
692
601
557
625
664
651
658
695
725
709
692
776
843
850
821
792
846
930
909
852
864
868
766
658
633
643
613
548
476
394
373
390
347
264
203
163
125
103
96
92
49
-5
-89
-141
-139
-106
-87
-99
-122
-158
-226
-267
-256
-312
-369
-406
-395
-357
-348
-350
-360
-392
-399
-411
-373
-290
-186
-183
-215
-216
-194
-140
-131
-129
-119
-150
-150
-164
-178
-107
-139
-189
-187
-238
-231
-218
-235
-199
-247
-256
-210
-182
-170
-161
-164
-182
-179
-135
-124
-104
-26
-6
-26
1
48
87
112
126
127
137
242
315
340
353
353
374
355
316
368
394
405
435
460
503
512
448
400
360
356
381
431
443
393
304
251
222
193
236
273
220
151
131
77
50
99
99
52
47
55
13
-31
-20
-37
-100
-113
-83
-62
-38
-41
-90
-128
-86
-44
-33
-20
7
21
-17
-3
1
-34
-51
-53
-53
-98
-143
-168
-158
-184
-251
-285
-308
-299
-272
-325
-308
-291
-306
-283
-256
-203
-153
-165
-174
-188
-195
-122
-96
-90
-64
-96
-114
-110
-88
-88
-84
-61
-47
-63
-59
-76
-98
-101
-90
-82
-91
-71
-68
-131
-136
-59
-13
-3
-8
-26
-43
-59
-44
-8
-2
9
-52
-103
-91
-40
-26
-61
-88
-91
-86
-113
-130
-110
-82
-104
-128
-137
-150
-148
-168
-169
-160
-134
-86
-51
-16
8
28
38
20
60
121
123
113
150
194
187
153
192
241
231
198
188
199
220
234
238
192
209
252
232
218
223
229
171
154
208
241
210
217
233
194
197
203
207
197
226
239
216
212
175
104
36
27
45
35
36
57
3
-43
-47
-33
-9
-12
-48
-57
-39
0
31
23
22
0
-32
-30
-29
-3
4
-15
-70
-98
-71
-55
-68
-111
-118
-116
-130
-112
-95
-115
-152
-179
-180
-204
-237
-258
-267
-246
-240
-244
-245
-221
-195
-232
-236
-216
-162
-148
-168
-154
-110
-90
-128
-130
-70
-31
-70
-108
-79
-43
-40
-37
0
40
69
55
22
47
102
119
87
105
140
125
109
126
131
119
130
148
137
106
110
131
86
43
39
57
50
13
-9
-3
13
19
13
-18
-14
-28
-46
-26
-3
31
52
32
3
-15
-31
-68
-72
-60
-22
-10
-19
-20
-53
-93
-125
-127
-132
-137
-131
-150
-187
-211
-252
-275
-274
-288
-292
-310
-294
-303
-338
-344
-362
-388
-391
-355
-346
-335
-336
-337
-361
-374
-349
-335
-315
-299
-315
-319
-293
-286
-309
-331
-315
-301
-300
-284
-256
-230
-204
-214
-210
-185
-170
-194
-215
-190
-151
-114
-104
-107
-147
-172
-176
-189
-178
-137
-125
-161
-209
-248
-247
-230
-225
-217
-204
-202
-199
-201
-185
-145
-140
-162
-171
-140
-70
-46
-73
-121
-146
-133
-154
-177
-152
-125
-117
-146
-160
-148
-115
-95
-120
-117
-105
-96
-100
-118
-103
-106
-142
-182
-187
-176
-186
-210
-212
-195
-217
-245
-269
-262
-245
-273
-295
-284
-238
-236
-291
-322
-289
-244
-233
-239
-232
-234
-247
-238
-211
-170
-177
-187
-232
-220
-181
-159
-169
-170
-158
-154
-126
-110
-98
-88
-99
-131
-147
-111
-85
-96
-97
-124
-155
-153
-154
-144
-136
-143
-166
-166
-122
-102
-123
-165
-163
-123
-69
-32
-16
6
-6
-47
-60
-40
-22
-8
-39
-88
-108
-87
-80
-120
-130
-150
-172
-165
-155
-141
-129
-122
-161
-184
-152
-108
-131
-141
-124
-101
-71
-75
-103
-141
-141
-159
-170
-157
-131
-155
-207
-194
-175
-181
-191
-167
-176
-192
-176
-157
-120
-93
-92
-123
-123
-124
-107
-79
-50
-28
-31
-36
-43
-33
-9
-7
-6
-2
-3
-2
-5
19
5
-39
-39
-34
-30
-22
-29
-53
-54
-65
-76
-81
-76
-87
-107
-101
-102
-86
-88
-70
-67
-96
-81
-41
-14
-29
-54
-57
-40
-47
-72
-57
-48
-47
-76
-92
-81
-87
-102
-133
-131
-112
-117
-136
-138
-131
-129
-156
-174
-161
-124
-118
-112
-142
-146
-133
-154
-155
-158
-159
-156
-155
-167
-164
-155
-164
-188
-200
-179
-166
-173
-148
-150
-185
-218
-232
-193
-159
-155
-168
-186
-192
-161
-162
-157
-142
-142
-159
-169
-167
-144
-111
-112
-126
-139
-125
-111
-97
-88
-87
-97
-113
-115
-97
-72
-70
-80
-86
-86
-93
-102
-117
-116
-113
-90
-80
-96
-121
-132
-116
-116
-101
-84
-85
-113
-123
-116
-106
-111
-117
-110
-119
-114
-135
-118
-78
-84
-103
-124
-114
-102
-86
-90
-95
-93
-116
-144
-141
-120
-129
-168
-201
-179
-165
-167
-181
-182
-200
-234
-263
-257
-237
-244
-246
-251
-240
-235
-263
-291
-290
-259
-246
-261
-238
-191
-182
-202
-236
-221
-192
-173
-165
-139
-119
-120
-122
-130
-125
-127
-131
-122
-110
-113
-104
-99
-120
-115
-119
-143
-136
-117
-108
-109
-109
-98
-92
-108
-119
-122
-125
-124
-108
-101
-95
-111
-136
-148
-144
-146
-162
-174
-153
-147
-180
-196
-179
-152
-174
-189
-179
-159
-145
-155
-167
-159
-164
-175
-192
-186
-135
-118
-128
-161
-178
-166
-174
-161
-168
-157
-153
-188
-210
-217
-217
-230
-253
-268
-272
-271
-291
-297
-308
-322
-338
-352
-354
-327
-309
-337
-338
-333
-332
-332
-331
-298
-267
-234
-247
-260
-240
-245
-235
-225
-208
-191
-205
-198
-178
-162
-168
-184
-178
-172
-176
-172
-163
-150
-141
-145
-150
-155
-153
-147
-145
-147
-149
-115
-100
-104
-100
-119
-133
-122
-112
-105
-86
-56
-43
-84
-120
-103
-62
-32
-38
-22
-19
-29
-50
-59
-45
-27
-31
-46
-27
-7
0
-14
-30
-37
-16
1
8
10
-13
-17
-36
-65
-88
-84
-68
-83
-143
-175
-140
-113
-126
-154
-163
-168
-176
-196
-186
-168
-152
-166
-180
-160
-143
-153
-148
-147
-147
-149
-132
-103
-94
-87
-105
-85
-71
-65
-39
-27
-6
-12
-14
0
23
35
24
25
17
14
-3
-19
-17
-35
-52
-60
-54
-70
-99
-111
-108
-96
-83
-74
-68
-85
-100
-104
-81
-38
-34
-13
14
13
16
18
32
37
29
37
53
89
96
62
32
19
10
4
8
23
28
1
-18
-6
-5
-14
-24
-22
-31
-55
-51
-50
-33
-28
-47
-77
-98
-113
-114
-126
-124
-104
-122
-136
-152
-172
-202
-222
-218
-206
-202
-203
-215
-222
-241
-254
-246
-265
-277
-287
-289
-295
-290
-280
-284
-288
-292
-274
-277
-273
-261
-251
-251
-260
-257
-237
-226
-234
-242
-261
-274
-304
-309
-298
-287
-268
-290
-310
-302
-311
-316
-318
-316
-305
-318
-300
-276
-256
-249
-252
-244
-247
-247
-254
-240
-217
-205
-193
-186
-183
-182
-193
-201
-179
-163
-171
-178
-160
-153
-167
-200
-218
-218
-206
-198
-197
-198
-225
-240
-238
-232
-237
-246
-245
-248
-268
-288
-284
-281
-280
-306
-322
-337
-352
-361
-363
-359
-369
-380
-394
-386
-375
-385
-382
-378
-381
-391
-373
-346
-345
-355
-367
-359
-340
-327
-321
-314
-315
-335
-343
-327
-303
-309
-336
-340
-330
-323
-326
-302
-275
-259
-266
-275
-262
-255
-269
-267
-254
-225
-221
-224
-232
-212
-215
-232
-236
-238
-221
-225
-224
-219
-194
-197
-204
-211
-196
-154
-120
-111
-108
-103
-86
-74
-62
-51
-32
-9
-3
-18
-13
-10
-9
-11
-16
-3
23
35
25
21
21
22
18
12
3
-6
-16
-21
-18
-8
-29
-39
-40
-40
-26
-16
0
12
9
14
7
4
7
25
39
53
69
84
86
73
38
32
53
55
79
74
68
60
59
41
41
55
55
41
24
21
24
50
38
40
30
31
41
15
28
39
48
25
-10
-18
-13
-25
-36
-51
-40
-30
-52
-69
-86
-66
-73
-85
-92
-75
-46
-57
-61
-60
-50
-57
-78
-89
-87
-86
-96
-103
-120
-137
-165
-181
-183
-192
-192
-213
-239
-270
-282
-293
-313
-303
-293
-308
-340
-358
-369
-374
-376
-367
-365
-364
-376
-382
-378
-368
-363
-363
-351
-352
-367
-374
-371
-373
-384
-361
-339
-327
-334
-344
-334
-345
-345
-329
-328
-314
-339
-340
-338
-323
-315
-319
-325
-321
-315
-308
-289
-302
-268
-255
-245
-262
-261
-214
-197
-189
-192
-175
-152
-145
-139
-142
-141
-137
-150
-160
-155
-143
-141
-141
-122
-117
-131
-135
-141
-129
-101
-75
-49
-56
-69
-82
-90
-80
-62
-44
-47
-76
-102
-117
-122
-115
-102
-113
-121
-129
-148
-148
-143
-132
-136
-140
-144
-154
-159
-172
-161
-149
-148
-148
-136
-138
-147
-148
-154
-161
-159
-158
-153
-153
-160
-157
-147
-152
-150
-156
-163
-169
-160
-157
-153
-146
-155
-170
-179
-179
-174
-171
-176
-190
-198
-194
-187
-198
-182
-189
-215
-211
-195
-153
-149
-156
-170
-180
-174
-174
-165
-152
-133
-150
-161
-156
-169
-150
-138
-150
-143
-136
-117
-97
-99
-93
-81
-70
-85
-85
-69
-75
-74
-73
-85
-96
-98
-85
-97
-116
-122
-125
-136
-146
-128
-141
-160
-191
-210
-200
-199
-185
-190
-191
-194
-200
-198
-213
-216
-221
-222
-223
-219
-218
-220
-211
-210
-223
-213
-189
-191
-196
-196
-193
-182
-165
-140
-143
-154
-153
-149
-129
-127
-131
-131
-137
-149
-156
-161
-168
-175
-197
-217
-220
-202
-215
-225
-239
-241
-256
-275
-274
-266
-249
-272
-265
-262
-257
-266
-268
-266
-253
-258
-267
-270
-272
-273
-278
-271
-256
-250
-256
-270
-280
-281
-276
-272
-270
-247
-262
-291
-296
-290
-297
-291
-288
-298
-294
-309
-332
-329
-336
-343
-330
-330
-339
-352
-353
-356
-350
-347
-361
-374
-391
-385
-385
-396
-389
-386
-395
-404
-405
-404
-399
-406
-397
-385
-368
-359
-368
-363
-371
-365
-356
-355
-346
-312
-311
-317
-310
-310
-318
-333
-342
-335
-331
-314
-303
-311
-327
-342
-337
-329
-323
-321
-321
-314
-320
-321
-326
-307
-307
-314
-308
-300
-291
-292
-292
-286
-285
-287
-287
-283
-283
-283
-265
-266
-260
-248
-238
-236
-224
-219
-216
-201
-207
-200
-212
-212
-208
-214
-204
-179
-167
-186
-216
-227
-219
-220
-219
-225
-221
-230
-249
-256
-257
-244
-249
-254
-249
-244
-262
-271
-276
-278
-259
-256
-273
-282
-264
-258
-239
-234
-232
-241
-259
-271
-270
-244
-234
-232
-249
-241
-227
-237
-234
-231
-224
-230
-227
-219
-202
-207
-208
-232
-235
-219
-218
-213
-218
-218
-229
-219
-218
-210
-210
-213
-217
-221
-228
-248
-242
-241
-231
-222
-219
-221
-202
-217
-233
-235
-240
-217
-212
-203
-191
-185
-176
-178
-171
-169
-168
-168
-168
-155
-149
-155
-160
-167
-188
-185
-183
-185
-203
-218
-224
-242
-238
-232
-233
-241
-252
-271
-269
-248
-238
-232
-246
-261
-264
-259
-246
-231
-220
-216
-229
-228
-241
-224
-207
-205
-203
-194
-200
-198
-194
-181
-183
-184
-182
-187
-169
-164
-169
-192
-204
-212
-217
-203
-196
-189
-187
-198
-219
-234
-234
-237
-230
-229
-240
-241
-250
-253
-241
-241
-230
-235
-243
-238
-234
-228
-236
-233
-230
-214
-189
-185
-180
-186
-175
-164
-152
-145
-138
-141
-131
-145
-150
-129
-127
-133
-152
-143
-151
-173
-183
-206
-193
-208
-232
-240
-252
-254
-266
-273
-276
-262
-274
-292
-303
-312
-318
-318
-312
-290
-281
-303
-312
-328
-322
-322
-325
-307
-306
-305
-302
-303
-306
-305
-313
-317
-317
-318
-315
-325
-334
-350
-362
-367
-371
-377
-389
-406
-400
-408
-412
-415
-410
-393
-401
-392
-392
-381
-384
-397
-392
-396
-391
-389
-394
-387
-387
-373
-365
-367
-359
-366
-364
-360
-357
-342
-341
-336
-330
-344
-348
-337
-330
-318
-319
-319
-311
-302
-298
-301
-306
-314
-313
-307
-318
-332
-329
-335
-332
-316
-326
-320
-309
-316
-324
-338
-357
-353
-354
-356
-354
-363
-366
-376
-394
-409
-401
-402
-426
-436
-445
-439
-441
-457
-465
-461
-467
-477
-476
-458
-445
-452
-483
-488
-482
-484
-485
-491
-485
-490
-496
-509
-505
-498
-485
-479
-480
-471
-461
-459
-459
-446
-437
-425
-418
-417
-424
-416
-400
-407
-411
-405
-408
-398
-410
-397
-384
-384
-376
-379
-374
-354
-347
-329
-325
-300
-283
-290
-289
-288
-274
-277
-270
-260
-249
-243
-245
-250
-246
-250
-242
-226
-225
-221
-216
-218
-233
-232
-213
-197
-195
-166
-154
-146
-139
-153
-148
-151
-154
-169
-172
-178
-171
-158
-175
-176
-187
-209
-213
-231
-219
-205
-208
-217
-217
-221
-221
-223
-228
-223
-228
-224
-212
-198
-199
-192
-199
-215
-217
-212
-200
-196
-186
-179
-180
-179
-175
-169
-170
-158
-144
-126
-124
-134
-124
-127
-125
-108
-99
-92
-105
-114
-110
-105
-96
-85
-77
-60
-64
-81
-78
-70
-64
-57
-55
-51
-42
-40
-39
-33
-28
-29
-27
-32
-32
-47
-48
-52
-51
-55
-50
-45
-42
-38
-45
-35
-37
-25
-10
-15
-21
-26
-23
-30
-25
-30
-31
-27
-44
-49
-56
-57
-73
-98
-99
-109
-120
-108
-99
-111
-121
-145
-153
-145
-133
-120
-131
-126
-136
-155
-180
-178
-165
-160
-160
-175
-180
-179
-167
-169
-165
-167
-162
-160
-175
-179
-173
-158
-169
-163
-159
-168
-172
-181
-185
-176
-168
-167
-165
-185
-201
-203
-200
-202
-203
-221
-230
-236
-231
-245
-248
-251
-262
-254
-248
-253
-262
-279
-288
-299
-297
-297
-290
-279
-284
-273
-283
-298
-299
-296
-293
-277
-275
-273
-264
-272
-287
-284
-283
-276
-278
-287
-300
-297
-293
-312
-328
-338
-342
-357
-364
-376
-394
-402
-427
-426
-433
-441
-443
-457
-451
-443
-451
-445
-437
-456
-458
-470
-477
-457
-456
-438
-441
-451
-469
-469
-444
-454
-455
-455
-447
-453
-463
-457
-461
-446
-438
-425
-420
-418
-403
-408
-412
-413
-422
-415
-407
-415
-422
-421
-423
-421
-412
-404
-401
-402
-398
-364
-353
-371
-369
-372
-346
-342
-334
-339
-333
-325
-332
-321
-309
-301
-299
-303
-294
-290
-283
-285
-298
-287
-297
-284
-267
-268
-272
-277
-282
-268
-279
-290
-289
-307
-303
-317
-306
-298
-301
-311
-322
-318
-325
-328
-353
-359
-349
-350
-361
-369
-377
-377
-377
-380
-380
-384
-371
-378
-383
-370
-359
-353
-337
-338
-354
-344
-341
-337
-326
-314
-296
-310
-309
-292
-299
-286
-292
-293
-293
-280
-271
-271
-276
-270
-261
-263
-267
-261
-253
-254
-255
-242
-234
-243
-249
-250
-252
-242
-233
-233
-235
-225
-215
-213
-222
-223
-208
-205
-203
-208
-215
-205
-198
-201
-208
-203
-200
-204
-209
-208
-198
-211
-215
-230
-225
-228
-222
-218
-217
-208
-217
-217
-227
-226
-216
-222
-223
-212
-228
-229
-236
-235
-228
-228
-239
-242
-236
-239
-235
-241
-247
-249
-250
-252
-259
-273
-284
-275
-285
-285
-278
-300
-303
-287
-286
-284
-277
-273
-276
-282
-277
-277
-273
-268
-250
-249
-263
-270
-289
-279
-277
-288
-302
-292
-283
-280
-284
-280
-271
-283
-296
-301
-293
-290
-282
-281
-277
-275
-276
-285
-289
-284
-279
-272
-285
-295
-306
-319
-328
-334
-327
-331
-329
-337
-348
-345
-349
-351
-359
-361
-360
-366
-370
-373
-383
-391
-400
-396
-379
-369
-373
-388
-390
-399
-407
-415
-416
-426
-428
-422
-427
-422
-423
-447
-467
-467
-467
-485
-497
-500
-504
-510
-528
-524
-522
-517
-523
-520
-529
-520
-500
-523
-518
-508
-514
-518
-516
-512
-506
-524
-520
-519
-529
-522
-530
-528
-515
-509
-500
-486
-494
-494
-484
-480
-475
-473
-467
-449
-443
-449
-450
-451
-451
-440
-440
-435
-441
-442
-457
-448
-428
-420
-422
-424
-412
-415
-411
-410
-400
-385
-376
-377
-390
-378
-366
-364
-378
-374
-354
-357
-361
-364
-369
-360
-358
-359
-355
-353
-336
-332
-336
-344
-360
-357
-342
-348
-361
-349
-347
-338
-353
-357
-341
-346
-344
-339
-332
-348
-348
-353
-357
-340
-347
-351
-351
-354
-336
-343
-353
-341
-338
-339
-337
-324
-327
-321
-323
-336
-333
-324
-313
-303
-291
-280
-270
-260
-264
-255
-245
-233
-225
-220
-219
-201
-166
-169
-171
-170
-165
-173
-161
-168
-170
-162
-159
-159
-186
-181
-167
-160
-148
-138
-138
-148
-153
-135
-132
-133
-121
-118
-113
-95
-91
-100
-92
-78
-62
-56
-56
-51
-45
