SAMPLES:	7930
BITSPERSAMPLE:	16
CHANNELS:	1
SAMPLERATE:	16000
NORMALIZED:	FALSE
-155
-158
-154
-145
-143
-149
-147
-154
-157
-153
-157
-170
-177
-167
-169
-182
-180
-181
-180
-195
-197
-202
-206
-215
-219
-218
-216
-218
-211
-215
-219
-205
-207
-210
-220
-209
-200
-201
-204
-190
-199
-199
-198
-197
-205
-214
-215
-206
-221
-240
-235
-229
-228
-231
-219
-225
-229
-230
-225
-244
-254
-251
-261
-260
-268
-255
-258
-270
-273
-263
-257
-268
-253
-257
-248
-245
-250
-258
-244
-237
-248
-246
-243
-243
-250
-241
-242
-234
-238
-246
-249
-254
-253
-258
-250
-260
-255
-244
-255
-256
-258
-259
-247
-253
-246
-237
-244
-223
-231
-223
-229
-230
-226
-226
-227
-234
-232
-240
-247
-257
-262
-255
-241
-243
-245
-246
-237
-232
-244
-246
-243
-247
-258
-263
-254
-246
-251
-235
-227
-246
-238
-226
-235
-233
-219
-208
-211
-208
-210
-212
-221
-215
-214
-221
-235
-229
-214
-228
-234
-229
-235
-231
-228
-235
-229
-244
-227
-219
-232
-223
-231
-236
-233
-237
-228
-225
-235
-236
-236
-240
-244
-251
-253
-256
-255
-258
-258
-268
-252
-249
-263
-252
-240
-242
-245
-241
-236
-237
-242
-236
-234
-241
-242
-242
-238
-242
-231
-221
-232
-244
-245
-248
-245
-245
-254
-257
-266
-259
-262
-268
-261
-258
-266
-264
-247
-250
-236
-236
-239
-244
-239
-237
-235
-229
-225
-228
-234
-230
-237
-231
-225
-216
-208
-217
-219
-210
-210
-218
-213
-200
-199
-209
-199
-192
-197
-188
-197
-188
-186
-199
-201
-206
-214
-217
-210
-209
-216
-210
-200
-203
-205
-200
-195
-203
-202
-207
-198
-198
-195
-187
-194
-194
-196
-197
-204
-214
-200
-205
-209
-204
-201
-201
-202
-196
-204
-203
-203
-209
-216
-230
-229
-225
-228
-228
-233
-233
-225
-225
-219
-231
-240
-224
-220
-215
-217
-225
-215
-210
-217
-208
-219
-221
-225
-243
-240
-229
-232
-243
-246
-242
-233
-250
-246
-243
-240
-246
-251
-242
-253
-251
-246
-248
-246
-239
-238
-241
-243
-244
-234
-244
-243
-233
-240
-237
-225
-230
-242
-240
-235
-236
-241
-229
-230
-225
-223
-231
-231
-240
-244
-258
-258
-261
-258
-255
-269
-262
-271
-270
-269
-272
-263
-267
-274
-284
-280
-278
-274
-284
-289
-287
-282
-274
-280
-266
-260
-256
-258
-260
-257
-253
-246
-251
-248
-240
-230
-236
-226
-228
-228
-232
-231
-223
-221
-213
-216
-219
-209
-209
-220
-233
-229
-239
-244
-239
-251
-251
-265
-274
-265
-264
-261
-266
-271
-283
-293
-298
-298
-297
-300
-298
-299
-316
-341
-334
-345
-353
-343
-352
-350
-356
-359
-365
-369
-365
-362
-357
-365
-360
-363
-366
-379
-379
-383
-401
-398
-398
-396
-392
-386
-375
-383
-391
-388
-393
-397
-389
-402
-401
-388
-392
-405
-402
-390
-402
-402
-398
-383
-392
-387
-390
-397
-402
-399
-398
-399
-398
-401
-406
-399
-397
-403
-395
-395
-393
-391
-395
-398
-375
-375
-384
-390
-388
-392
-389
-397
-401
-408
-411
-404
-415
-417
-417
-418
-428
-439
-434
-429
-436
-439
-446
-444
-442
-443
-446
-452
-432
-443
-444
-439
-452
-436
-452
-466
-462
-461
-463
-467
-462
-460
-454
-457
-451
-444
-430
-423
-424
-424
-431
-438
-442
-435
-434
-440
-430
-432
-435
-430
-441
-435
-451
-454
-457
-466
-469
-463
-465
-467
-464
-471
-462
-461
-457
-453
-451
-437
-437
-428
-435
-435
-427
-426
-426
-429
-416
-412
-411
-419
-420
-411
-413
-412
-414
-430
-427
-425
-425
-444
-442
-441
-436
-449
-456
-449
-441
-445
-460
-446
-454
-450
-452
-445
-452
-445
-442
-441
-427
-431
-415
-410
-415
-416
-413
-408
-412
-405
-400
-393
-383
-391
-390
-388
-391
-398
-405
-409
-388
-378
-394
-403
-404
-405
-412
-412
-413
-399
-390
-394
-396
-392
-386
-378
-388
-371
-365
-367
-367
-352
-340
-340
-329
-315
-309
-311
-299
-285
-284
-272
-270
-266
-268
-279
-267
-267
-271
-266
-259
-251
-262
-255
-232
-237
-231
-238
-237
-236
-237
-226
-222
-214
-199
-205
-198
-188
-182
-185
-180
-171
-162
-158
-158
-161
-158
-149
-147
-154
-151
-148
-149
-149
-153
-139
-141
-146
-149
-157
-148
-147
-148
-151
-140
-134
-131
-126
-126
-116
-123
-97
-102
-99
-87
-86
-74
-89
-73
-62
-56
-70
-64
-53
-53
-54
-54
-47
-58
-60
-47
-47
-47
-53
-62
-60
-63
-54
-52
-56
-54
-59
-52
-53
-60
-64
-50
-46
-52
-55
-56
-58
-70
-75
-87
-79
-77
-80
-85
-91
-89
-83
-83
-85
-83
-80
-63
-69
-70
-59
-58
-71
-68
-64
-68
-73
-67
-57
-52
-61
-58
-54
-50
-49
-51
-47
-59
-47
-56
-47
-60
-70
-66
-83
-75
-81
-85
-79
-87
-90
-89
-95
-105
-110
-105
-127
-125
-129
-132
-126
-122
-121
-122
-118
-119
-114
-113
-117
-118
-115
-107
-94
-101
-97
-95
-101
-106
-114
-109
-105
-112
-112
-107
-112
-119
-126
-111
-124
-113
-104
-99
-104
-106
-103
-93
-104
-103
-85
-94
-77
-70
-72
-76
-75
-87
-85
-68
-63
-78
-68
-79
-84
-84
-90
-87
-88
-87
-98
-93
-102
-104
-97
-112
-109
-105
-101
-109
-93
-93
-98
-83
-97
-90
-95
-84
-79
-70
-75
-81
-73
-82
-91
-88
-89
-87
-92
-89
-90
-93
-93
-98
-93
-84
-94
-96
-95
-96
-93
-96
-108
-114
-106
-104
-101
-98
-82
-75
-76
-70
-60
-79
-73
-61
-59
-57
-63
-62
-63
-61
-55
-67
-73
-70
-68
-77
-77
-75
-73
-78
-87
-87
-87
-94
-92
-86
-88
-89
-89
-94
-108
-120
-107
-103
-104
-100
-97
-97
-93
-94
-96
-93
-99
-92
-107
-111
-100
-86
-89
-93
-75
-77
-79
-67
-55
-49
-58
-49
-57
-57
-58
-52
-48
-56
-50
-46
-58
-56
-54
-59
-54
-50
-56
-57
-63
-56
-56
-60
-67
-64
-56
-64
-60
-60
-61
-66
-67
-63
-67
-63
-61
-71
-68
-78
-84
-87
-90
-83
-75
-85
-84
-78
-81
-80
-83
-89
-94
-94
-87
-83
-82
-99
-98
-98
-108
-101
-115
-126
-121
-129
-117
-130
-132
-128
-149
-143
-135
-149
-136
-133
-142
-136
-146
-146
-154
-170
-168
-163
-163
-163
-165
-160
-158
-166
-159
-163
-153
-147
-143
-146
-145
-136
-137
-126
-128
-118
-113
-125
-124
-116
-113
-115
-109
-103
-100
-96
-98
-85
-87
-100
-99
-90
-91
-91
-91
-91
-84
-78
-81
-83
-73
-70
-56
-58
-67
-75
-73
-68
-76
-77
-68
-72
-59
-65
-82
-71
-76
-75
-70
-75
-67
-66
-58
-59
-73
-57
-60
-60
-67
-63
-58
-64
-60
-52
-57
-53
-41
-37
-35
-35
-17
-24
-24
-32
-32
-23
-22
-19
-21
-12
-12
-12
-22
-27
-11
-14
-28
-18
-17
-24
-19
-18
-15
-26
-28
-26
-26
-34
-30
-32
-33
-24
-31
-33
-38
-38
-39
-23
-21
-20
-13
-18
-12
-8
-14
-13
-5
2
24
14
1
16
-2
4
-1
9
6
-11
-16
-22
-12
-38
-28
-19
-22
-24
-27
-19
-18
-17
-27
-25
-27
-24
-25
-30
-33
-41
-40
-38
-30
-41
-45
-44
-44
-27
-23
-34
-27
-18
-22
-21
-20
-23
-18
-20
-20
-33
-22
-24
-24
-18
-8
-13
-15
-22
-27
-7
-22
-23
-19
-2
-21
-3
-4
-7
-18
-11
-5
-5
3
-14
-6
-17
-19
-12
-9
-13
-11
-9
-6
-16
-20
-10
1
7
7
11
9
-3
-4
-13
0
-9
-20
-15
-16
-22
-28
-20
-35
-23
-32
-30
-32
-39
-33
-44
-41
-48
-44
-45
-47
-55
-47
-42
-48
-49
-60
-56
-63
-61
-72
-72
-74
-79
-78
-81
-81
-85
-93
-96
-103
-98
-91
-96
-103
-117
-115
-110
-111
-107
-115
-115
-111
-120
-121
-128
-109
-119
-122
-120
-125
-138
-141
-137
-148
-139
-158
-155
-150
-151
-147
-151
-148
-150
-146
-153
-156
-152
-157
-167
-159
-170
-171
-172
-167
-163
-178
-177
-179
-178
-172
-169
-173
-179
-177
-181
-171
-168
-169
-153
-154
-150
-164
-151
-152
-154
-157
-158
-135
-138
-141
-143
-142
-143
-149
-146
-144
-153
-138
-130
-132
-132
-125
-117
-122
-130
-138
-130
-142
-138
-150
-149
-144
-150
-144
-147
-141
-134
-139
-128
-128
-120
-126
-133
-120
-123
-111
-104
-107
-100
-98
-86
-78
-74
-70
-68
-71
-66
-57
-48
-53
-61
-60
-49
-56
-55
-60
-63
-72
-67
-43
-62
-59
-59
-49
-57
-64
-55
-52
-58
-70
-64
-79
-81
-79
-86
-78
-69
-81
-82
-71
-71
-68
-72
-70
-76
-81
-71
-76
-80
-79
-80
-75
-71
-61
-56
-62
-53
-57
-63
-55
-45
-47
-39
-32
-34
-44
-37
-32
-39
-25
-29
-21
-28
-22
-26
-18
-17
-25
-20
-18
-2
-9
-11
-9
-10
-24
-32
-28
-24
-28
-25
-27
-35
-33
-34
-34
-30
-20
-19
-22
-20
-5
-15
8
41
15
27
-3
-50
-30
-38
-23
-12
-17
-27
-86
-89
-82
-83
-56
-37
-55
-112
-69
-58
-109
-69
-60
-77
-75
-78
38
-40
-106
7
-100
-201
-44
-7
-129
-50
-39
-215
-191
-62
-185
-139
1
-126
-321
-118
-29
-168
-91
-53
-219
-171
-23
27
-85
-92
-72
-160
-160
74
186
39
-208
-285
-213
-153
43
71
-114
-245
-280
-199
-41
20
-17
-79
-102
-101
-22
17
117
42
-131
-156
46
109
87
47
46
-119
-138
-38
-54
106
132
-21
-9
-6
-166
-60
259
241
-41
13
-30
-178
10
222
129
-91
-107
-35
-164
-131
-160
-61
343
477
358
117
-234
-326
283
636
315
47
-42
-308
-200
318
325
62
-5
70
135
217
335
257
-21
-106
-50
142
306
254
81
-54
-119
-53
240
330
262
-38
2
197
166
104
212
237
117
-33
127
212
78
95
353
144
-185
114
303
66
-16
359
363
-53
26
439
169
24
216
158
2
158
436
242
102
144
-111
57
629
527
117
0
171
250
417
297
-76
27
265
472
188
72
-24
4
50
325
253
33
-121
35
278
253
234
167
156
20
69
287
386
104
234
276
21
81
28
-14
287
203
63
45
130
35
20
121
-166
-159
323
429
110
-187
36
-42
-189
166
437
316
-269
-65
214
159
160
191
-7
-88
139
549
319
-247
-62
183
32
75
225
264
77
-154
42
-23
100
363
-16
-181
120
6
103
145
-127
-29
356
231
-361
-90
315
107
131
234
-44
-76
56
33
236
333
56
56
74
-178
51
418
115
11
236
2
-270
30
551
300
-271
11
176
-42
86
375
205
-220
-3
229
106
180
308
86
-262
359
670
168
-192
209
364
110
136
231
-36
-135
14
112
203
114
-81
38
218
-40
65
310
-161
-123
627
315
-307
219
413
-258
187
521
-116
-223
606
382
-362
144
478
-239
-249
331
163
79
225
28
-213
106
267
106
217
-4
-160
298
484
173
24
-43
1
390
220
-126
144
291
40
-28
98
63
68
157
62
245
406
39
-190
221
422
84
174
213
-129
-170
337
360
-190
-245
355
112
-4
87
132
92
-87
108
185
126
-262
-18
479
363
-273
37
261
-61
101
194
3
131
342
186
-39
-80
-52
114
228
190
145
70
-33
-36
173
169
157
-44
-25
28
375
441
-109
-333
202
295
80
-1
51
81
224
405
-41
-268
-158
364
377
181
-111
-128
209
401
214
-126
-217
78
507
495
49
-75
235
271
229
-97
-53
431
465
106
-91
-53
113
212
181
-71
41
189
183
285
277
-49
-252
171
277
10
64
269
196
82
11
67
43
117
186
176
-20
120
481
241
-198
6
327
180
134
226
107
141
234
184
85
-115
83
399
269
79
21
-15
122
130
196
170
-86
81
288
41
157
257
94
-113
124
360
157
100
258
242
91
123
128
134
120
115
310
272
-70
40
209
136
86
24
193
14
79
153
180
85
-203
-122
364
220
-36
15
7
112
207
57
-121
104
178
12
-173
81
239
72
-160
14
51
-247
-45
204
36
-234
-34
-17
-294
-66
134
-220
-314
-111
84
-12
-200
-150
-46
-115
-213
58
-53
-292
3
245
-115
-288
-51
-22
-176
-59
99
-49
-157
-47
-11
-182
-196
-67
-104
-202
-46
-81
-162
-63
-169
-331
-331
-134
-47
-152
-96
-39
-246
-303
-198
-162
-162
-140
-15
-11
-100
-199
-182
-87
-99
-275
-120
82
-67
-251
-143
-26
-170
-243
-188
-88
-115
-129
36
-143
-292
-267
-125
0
-69
-126
-147
-109
-27
-5
-147
-156
-96
-13
-82
-53
-111
-98
51
-4
-167
-306
-29
3
-5
46
-167
-185
-47
-68
-152
-134
-184
-135
55
-34
-138
-218
-240
29
-68
-230
-172
-64
-11
-77
-180
-192
-108
-5
-74
-145
-109
-68
36
80
-58
-186
-84
33
75
-10
-9
-1
40
-3
-82
40
37
56
96
19
14
174
161
1
57
163
-49
-43
245
309
64
-23
113
88
96
157
97
7
196
181
-66
39
167
90
13
72
-46
-37
198
160
-113
-5
149
-46
-134
64
158
19
42
27
-44
-20
73
0
5
107
192
43
36
129
147
99
103
163
132
152
202
209
212
200
117
94
184
245
105
169
294
202
-11
114
254
150
-91
33
369
136
-45
77
103
-23
18
96
-2
-128
47
227
-23
-168
38
107
-82
-64
95
93
11
27
16
62
71
-19
98
98
144
134
193
206
107
215
202
180
195
249
299
250
278
269
279
345
324
292
290
294
341
351
343
325
266
249
291
273
267
275
311
177
111
258
298
117
45
163
98
-17
46
131
20
-38
-71
7
-32
-172
-166
-87
-110
-91
-168
-229
-200
-275
-321
-302
-289
-355
-391
-338
-312
-465
-458
-434
-572
-637
-520
-459
-650
-853
-996
-647
-203
407
422
-429
-842
-701
42
695
841
662
595
566
530
441
426
710
1073
1289
1125
930
673
869
1002
890
774
538
629
876
937
753
480
323
281
229
141
164
256
381
432
244
-36
-158
-100
166
366
257
131
33
18
35
-57
-142
-202
-235
-199
-300
-511
-660
-756
-826
-1053
-1286
-1294
-1369
-1669
-1905
-1884
-947
-260
-114
-706
-1985
-2244
-1447
73
1068
767
158
17
76
199
268
498
996
1373
1441
1111
837
704
933
1035
722
482
185
319
700
671
439
-132
-605
-718
-652
-492
-316
-205
-157
-281
-518
-733
-706
-438
-74
182
192
261
208
277
508
623
566
478
573
864
1061
1066
904
571
336
220
238
327
326
190
43
-126
-407
-663
-839
-919
-678
-716
-1007
-1243
-1359
-1362
-1410
-1502
-1687
-1830
-1940
-1973
-1815
-987
-507
-320
-854
-1839
-1874
-1292
24
875
773
371
76
0
197
436
793
1143
1217
1140
1054
1014
958
1059
947
712
617
400
623
811
654
445
-61
-437
-585
-530
-296
-116
-232
-320
-505
-623
-608
-531
-447
-378
-198
-30
214
310
203
148
123
290
510
638
787
813
844
789
567
385
270
352
537
551
432
254
108
-84
-165
-194
-329
-431
-425
-403
-579
-705
-962
-1098
-1120
-1227
-1264
-1448
-1109
-740
-603
-532
-1030
-1460
-1613
-1218
-177
273
74
-123
-435
-617
-386
47
542
577
412
364
430
520
656
804
669
512
364
364
654
805
824
618
212
5
-115
-134
100
200
157
0
-206
-310
-399
-349
-239
-155
-147
-212
-209
-172
-70
4
73
66
-117
-159
19
167
331
368
215
84
-4
50
104
216
332
290
133
52
33
41
-24
-158
-83
-64
-218
-409
-364
-302
-551
-770
-785
-728
-598
-548
-457
-600
-979
-1094
-1035
-786
-474
-386
-443
-579
-732
-720
-535
-319
-171
-180
-251
-217
-124
-60
7
54
52
16
-65
-4
143
255
269
150
30
16
32
46
147
212
224
126
35
30
43
36
-8
-6
23
69
87
80
58
55
40
-4
17
76
138
135
90
31
53
116
161
127
101
135
112
175
258
226
172
116
106
173
130
122
167
107
19
-24
-60
-129
-181
-219
-290
-313
-311
-308
-334
-427
-519
-594
-576
-540
-515
-486
-477
-520
-569
-586
-550
-438
-366
-345
-333
-290
-215
-168
-182
-164
-85
-13
34
41
72
125
118
79
87
91
80
126
129
120
79
11
-40
-106
-126
-86
-127
-166
-173
-186
-171
-177
-231
-244
-227
-214
-172
-158
-122
-116
-153
-158
-114
-57
-24
21
37
52
69
75
98
160
181
158
160
138
133
113
126
102
5
-64
-85
-100
-141
-183
-250
-346
-444
-484
-500
-530
-559
-600
-655
-747
-777
-752
-733
-714
-709
-705
-725
-756
-684
-628
-581
-553
-557
-534
-497
-423
-370
-324
-304
-314
-304
-293
-229
-160
-138
-137
-147
-157
-156
-154
-146
-137
-169
-156
-135
-148
-148
-123
-141
-174
-186
-220
-160
217
260
-272
-523
-110
54
-308
-402
-60
113
-133
-252
305
591
28
-261
235
608
364
151
232
205
32
-83
-11
130
190
217
78
-15
-20
-94
-214
-197
-157
-317
-410
-339
-504
-733
-698
-430
-616
-1049
-1114
-899
-847
-1009
-936
-554
-574
-944
-1107
-917
-653
-512
-437
-390
-235
-254
-356
-252
-74
-27
48
171
320
350
329
334
274
119
32
292
525
387
143
93
138
-60
-317
-290
-29
56
-268
-492
-336
-295
-496
-668
-573
-338
-334
-446
-406
-241
-299
-415
-266
86
290
320
322
329
343
402
494
678
778
631
529
507
431
387
372
377
359
164
-69
-180
-155
-286
-689
-765
-778
-1062
-1411
-1393
-1118
-918
-755
-1250
-1924
-2148
-1662
-1109
-878
-692
-581
-917
-1339
-1448
-1135
-390
351
309
-169
-198
49
186
101
152
579
907
765
604
693
773
565
210
98
502
951
884
358
-37
-91
-166
-360
-335
-70
104
-227
-788
-971
-836
-782
-904
-963
-744
-484
-541
-782
-755
-440
-419
-398
-151
305
544
513
341
324
403
528
721
961
994
903
794
506
354
345
359
262
335
218
-170
-622
-1001
-1255
-1343
-1495
-1569
-1488
-1336
-1320
-1667
-2347
-2923
-2471
-1692
-1213
-1142
-1268
-1416
-1651
-1869
-1657
-858
15
304
-13
-262
-136
157
157
100
502
1221
1428
956
609
607
572
377
331
815
1278
924
40
-498
-442
-288
-355
-431
-263
-253
-763
-1445
-1588
-1180
-845
-955
-1050
-913
-781
-887
-1097
-884
-526
-298
-192
-61
84
206
209
101
218
489
633
681
614
553
412
119
7
71
76
-131
-463
-724
-1095
-1354
-1423
-727
-252
-988
-1905
-2684
-2267
-1247
-818
-1041
-1110
-1404
-1743
-1989
-1784
-841
298
84
-789
-874
-480
-4
-146
-232
407
1233
1134
388
165
622
759
560
549
1228
1737
1116
-54
-217
415
630
373
247
448
403
-401
-1109
-755
-94
-61
-524
-756
-659
-552
-874
-981
-578
-26
-87
-392
-423
-284
-156
-101
36
309
488
190
-21
42
136
136
161
26
14
-131
-602
-889
-941
-1045
-896
178
32
-856
-2150
-2555
-1214
-8
-304
-788
-717
-995
-1435
-1844
-1255
252
996
-196
-1015
-811
-36
-38
-501
-183
921
1286
351
-534
-57
646
462
160
579
1388
1219
-60
-851
40
909
709
161
223
463
104
-806
-780
223
656
-36
-641
-494
-211
-383
-744
-558
76
242
-212
-483
-419
-317
-256
-93
109
311
-55
-511
-455
-150
-155
-184
-285
-298
-527
-962
-1286
-1088
-971
-549
148
-523
-1475
-2550
-2105
-624
232
-387
-835
-1010
-1143
-1429
-1550
-662
707
702
-554
-1118
-698
75
-199
-468
143
1148
893
-319
-899
-60
577
403
156
642
1024
314
-940
-826
480
1055
448
-177
1
171
-417
-957
-289
649
642
-379
-840
-476
-123
-338
-356
-8
462
154
-486
-532
-200
36
133
244
357
253
-393
-602
-255
129
0
-193
-477
-539
-909
-1182
-1242
-994
-1048
-668
-305
-1005
-1903
-2750
-1767
-248
281
-717
-1297
-1379
-1152
-1294
-1190
-167
982
522
-831
-1241
-329
513
130
-156
512
1351
762
-508
-722
474
1052
627
229
708
949
86
-972
-366
969
1261
210
-518
-206
59
-394
-604
133
815
341
-776
-913
-304
103
-41
-40
284
481
-38
-439
-196
291
501
529
520
524
200
-166
-43
479
661
269
-173
-337
-393
-610
-840
-785
-709
-783
-337
-806
-1460
-2425
-2203
-847
150
-515
-1621
-1858
-1569
-1166
-1214
-758
247
452
-738
-1537
-946
431
601
23
-53
789
978
38
-692
189
1279
1163
414
332
851
713
-215
-316
837
1516
700
-495
-459
182
247
-264
-76
528
370
-679
-1202
-544
218
154
-291
-345
-110
-332
-650
-442
144
410
190
-32
12
92
-83
-37
439
757
429
-127
-325
-133
23
-135
-341
-427
-669
-715
-191
-479
-1118
-1975
-1710
-481
132
-832
-1857
-1814
-1314
-1026
-1270
-1000
-353
-408
-1472
-1912
-945
231
-32
-850
-821
61
345
-421
-896
66
907
543
-187
-23
650
571
-222
-175
867
1292
341
-632
-216
546
484
-78
-86
399
253
-655
-921
-184
358
51
-516
-617
-355
-382
-638
-470
-117
-132
-442
-553
-349
-226
-310
-321
-80
22
-280
-559
-536
-247
-271
-414
-733
-707
-852
-513
-101
-624
-1273
-1939
-1091
-80
134
-1116
-1643
-1434
-834
-819
-1069
-713
-276
-612
-1564
-1555
-475
237
-400
-1094
-815
-17
-19
-842
-954
114
482
-103
-690
-270
266
14
-575
-168
749
753
-362
-882
-129
544
274
-223
-60
403
17
-712
-567
207
513
-47
-508
-384
-128
-317
-457
-238
79
-134
-545
-590
-339
-279
-406
-411
-189
-257
-683
-885
-702
-462
-604
-897
-1048
-1089
-1120
-1125
-383
-702
-1242
-2165
-1740
-567
116
-715
-1715
-1568
-983
-556
-975
-698
-260
-86
-992
-1492
-755
380
197
-679
-837
-152
208
-500
-1065
-313
507
243
-698
-806
-160
-47
-606
-706
63
480
-301
-1316
-887
54
254
-330
-598
-270
-111
-564
-682
-183
232
-50
-560
-523
-222
-192
-345
-346
-109
-73
-397
-566
-372
-307
-416
-462
-334
-365
-641
-917
-853
-712
-783
-1097
-1202
-1315
-1337
-1535
-1102
-696
-1271
-1959
-2553
-1550
-519
-218
-1520
-1952
-1698
-935
-911
-1072
-754
-340
-463
-1385
-1366
-356
549
-69
-802
-756
8
133
-587
-735
174
705
-14
-893
-630
16
49
-493
-385
240
294
-818
-1376
-600
302
165
-596
-821
-493
-448
-766
-609
-112
10
-641
-1000
-667
-198
-191
-421
-518
-367
-443
-637
-472
-150
-201
-478
-561
-396
-329
-557
-700
-613
-517
-729
-884
-904
-868
-1197
-1298
-1340
-641
-775
-1428
-2197
-2034
-943
-250
-657
-1862
-1934
-1521
-730
-934
-779
-563
-292
-924
-1537
-1034
272
678
-273
-887
-541
254
73
-503
-249
591
572
-359
-770
-86
518
177
-335
-100
402
82
-878
-756
191
701
-33
-708
-620
-152
-307
-529
-169
283
-9
-973
-1102
-409
232
50
-410
-652
-545
-552
-479
-102
102
-156
-692
-805
-464
-163
-219
-385
-456
-592
-841
-992
-741
-653
-816
-1285
-1320
-1215
-594
-973
-1534
-2122
-1759
-859
-396
-989
-1961
-1828
-1333
-721
-1002
-813
-750
-568
-1156
-1375
-697
388
298
-677
-1000
-373
381
94
-387
-126
521
329
-474
-525
265
629
39
-394
-59
504
99
-743
-524
368
622
-221
-802
-507
41
-174
-534
-327
99
-173
-926
-952
-289
151
-124
-574
-661
-438
-423
-422
-147
-13
-285
-673
-610
-255
-72
-252
-449
-481
-521
-658
-642
-462
-447
-801
-1039
-1188
-1016
-1018
-600
-789
-1188
-1824
-1770
-890
-222
-611
-1720
-1732
-1235
-558
-916
-920
-760
-392
-942
-1406
-1005
46
226
-625
-978
-511
183
-141
-714
-464
419
442
-334
-637
-41
443
73
-303
27
639
309
-564
-491
370
733
58
-484
-257
204
-77
-491
-241
264
43
-657
-820
-245
119
-188
-548
-501
-300
-449
-611
-368
-89
-203
-551
-581
-300
-209
-351
-424
-263
-249
-456
-579
-438
-322
-425
-641
-712
-735
-722
-794
-446
-374
-809
-1337
-1385
-607
-70
-328
-1237
-1302
-958
-509
-751
-752
-502
-322
-720
-1231
-931
-94
211
-501
-857
-496
79
-93
-524
-331
361
431
-243
-526
55
581
235
-156
132
687
467
-319
-349
464
859
256
-296
-101
331
108
-281
-57
475
301
-484
-667
-120
320
32
-377
-361
-108
-242
-511
-323
31
-11
-464
-529
-294
-106
-283
-403
-268
-163
-349
-525
-391
-226
-306
-478
-527
-503
-589
-722
-627
-307
-82
-604
-1021
-1187
-614
-109
-17
-664
-1037
-940
-582
-439
-467
-317
-309
-439
-872
-804
-295
230
-55
-493
-550
-192
-21
-194
-229
115
346
-12
-404
-212
272
333
64
5
225
338
-86
-296
63
566
454
-17
-192
51
193
30
56
245
342
-72
-394
-194
247
287
53
-156
-174
-144
-178
-95
105
111
-238
-442
-255
-24
1
-145
-215
-173
-187
-292
-256
-51
-65
-300
-494
-407
-334
-327
-513
-481
-438
-234
-438
-745
-892
-754
-265
-17
-198
-843
-921
-761
-278
-290
-245
-297
-276
-555
-773
-452
175
377
-187
-540
-409
79
102
-144
-64
311
303
-214
-405
34
479
301
-16
44
360
252
-182
-135
475
712
201
-234
-95
332
283
45
80
384
255
-258
-307
202
548
214
-174
-243
53
99
58
114
240
74
-270
-222
131
322
94
-136
-165
-31
-89
-128
-39
76
-116
-414
-508
-347
-198
-279
-476
-619
-516
-487
-274
-513
-703
-961
-621
-186
-3
-448
-941
-810
-353
-27
-263
-306
-281
-197
-564
-511
28
536
159
-516
-532
20
407
134
-95
107
360
87
-274
-31
531
570
24
-148
209
526
142
-186
113
607
405
-172
-214
260
489
80
-115
140
423
14
-356
-97
506
529
-77
-362
-124
241
154
70
112
180
-105
-296
-18
410
373
-82
-296
-80
194
133
27
48
74
-90
-252
-126
94
131
-176
-392
-397
-192
-163
-203
-68
-338
-546
-849
-448
-11
209
-505
-909
-774
-235
-93
-360
-370
-305
-128
-430
-446
-173
386
161
-287
-321
159
462
172
2
234
627
408
23
139
688
776
390
235
514
775
435
172
435
895
694
186
46
457
597
325
174
299
381
28
-233
66
491
355
-129
-309
-50
172
118
82
109
89
-101
-106
246
518
366
94
56
273
429
441
463
478
411
243
229
372
476
349
187
19
-3
-31
42
-74
140
-79
-355
-710
-573
-150
172
-70
-722
-762
-496
-89
-289
-223
-191
8
-290
-518
-261
426
577
16
-224
117
606
455
199
398
882
845
261
189
753
1151
751
436
606
976
748
293
407
892
968
334
-5
284
615
388
139
158
295
97
-248
-53
387
511
1
-305
-116
253
352
338
334
275
152
76
404
775
827
474
295
399
635
723
733
672
574
426
283
408
562
539
244
65
0
51
-49
-48
-167
8
-50
-354
-720
-742
-171
218
54
-758
-880
-532
80
-85
-212
-128
174
-12
-460
-307
530
1013
335
-245
47
807
823
331
359
909
1050
319
-25
585
1296
916
246
209
712
727
167
62
652
939
268
-329
-79
579
456
32
-40
295
322
-65
-142
300
622
274
-125
-16
401
480
351
324
388
333
166
306
624
708
416
206
283
441
441
365
396
392
246
48
96
228
212
21
-87
-190
-172
-240
-230
-357
-272
27
-240
-602
-1025
-497
123
527
-308
-845
-743
-4
176
-98
-56
231
328
-298
-450
237
1126
696
-181
-258
516
917
351
46
484
1019
511
-215
101
984
948
142
-49
504
883
302
-93
319
968
637
-69
-61
534
717
320
161
366
510
137
-47
269
694
534
64
-44
175
347
315
336
323
267
55
61
278
484
410
206
118
169
253
284
309
285
238
83
-16
56
127
160
59
-63
-139
-93
-177
-233
-261
-174
139
-141
-384
-797
-473
-10
401
-153
-684
-737
-220
59
-127
-123
-22
46
-469
-617
-47
768
516
-282
-446
113
545
236
55
418
758
340
-242
58
823
920
278
52
371
658
306
89
417
760
407
-171
-154
307
474
149
-10
45
105
-121
-200
13
237
100
-196
-274
-128
25
52
81
-13
-106
-136
-54
115
206
158
16
-59
-56
101
207
201
50
-18
-10
-16
-37
53
38
-127
-304
-325
-275
-280
-338
-396
-488
-525
-391
-517
-650
-914
-699
-332
-84
-562
-970
-885
-354
-119
-263
-293
-169
-115
-394
-373
169
702
426
-125
-136
333
618
429
313
462
550
239
54
362
673
513
86
32
227
306
40
-28
93
167
-38
-235
-162
17
-3
-161
-197
-170
-89
-131
-96
-13
69
9
-87
-78
90
249
263
216
160
168
181
219
329
416
368
203
65
127
271
278
182
85
24
-88
-155
-153
-73
-104
-216
-384
-445
-416
-318
-392
-500
-587
-577
-555
-435
-284
-410
-591
-704
-387
-71
84
-178
-326
-244
47
208
241
304
318
270
183
339
623
736
514
320
397
567
595
479
470
494
465
330
303
434
454
333
206
272
349
330
245
246
306
309
300
314
375
384
374
348
396
454
479
449
452
487
533
548
487
447
457
559
587
510
392
375
370
396
398
376
326
202
115
138
188
133
82
61
16
-54
-66
-65
-81
-81
-63
-147
-194
-216
-181
-167
-208
-264
-167
-159
-126
-175
-184
-196
-35
58
77
21
-4
57
80
217
274
380
303
273
265
375
467
503
516
474
463
432
539
587
572
542
504
517
515
559
539
544
488
495
489
495
500
482
500
482
443
444
460
460
480
437
418
411
416
443
459
460
408
368
382
403
400
412
424
421
350
289
299
374
431
356
280
277
307
274
267
281
300
251
179
170
210
238
208
173
121
123
106
74
60
143
142
33
-19
45
40
-3
-6
133
100
19
-83
-55
74
216
191
24
0
83
237
259
281
291
333
278
214
318
528
572
411
352
420
530
496
470
544
603
520
401
431
573
606
516
434
426
446
426
427
474
505
467
367
311
359
431
466
445
378
359
380
360
330
330
382
392
318
271
278
319
315
253
210
255
280
213
151
193
263
204
117
128
214
246
196
131
116
129
168
208
204
146
128
138
121
123
175
182
129
55
21
15
45
56
22
-2
-49
-138
-171
-66
0
-71
-180
-171
-154
-148
-149
-86
-63
-113
-140
-105
-48
0
-2
4
25
37
70
134
186
165
132
155
263
309
288
298
326
349
341
342
345
385
442
417
356
325
329
348
324
328
315
312
261
177
152
211
239
210
163
148
136
130
137
172
229
228
185
191
249
272
254
264
293
336
362
323
309
331
374
356
318
321
361
396
337
252
229
286
320
287
234
137
132
217
223
133
106
138
106
35
31
76
97
66
26
45
32
10
-11
9
77
99
28
-18
108
184
134
62
135
248
273
240
198
222
283
319
335
352
346
336
314
335
379
426
389
350
366
382
385
375
377
379
433
451
450
448
443
453
475
518
540
547
535
518
524
563
588
598
591
587
583
582
578
598
607
593
544
516
540
566
550
483
465
499
528
468
397
418
470
438
382
390
441
437
342
283
338
433
387
261
238
299
306
247
219
235
250
204
195
238
282
229
128
178
273
285
230
196
235
241
202
262
333
297
229
203
252
330
356
330
239
187
261
344
338
291
242
223
231
290
320
262
236
305
323
255
274
372
395
330
311
388
451
458
435
423
478
538
537
488
501
569
573
538
518
551
534
499
506
551
574
519
462
461
499
513
494
469
471
452
429
416
424
421
399
386
360
336
331
355
342
322
305
322
326
265
248
273
331
342
277
248
256
294
346
349
316
294
339
387
336
305
362
433
418
356
344
377
410
365
347
362
419
419
358
325
339
378
414
482
456
353
331
416
509
508
467
458
494
521
516
530
549
533
487
519
625
615
543
520
567
588
585
587
564
510
504
563
557
501
476
469
444
440
444
431
417
376
326
318
386
390
319
275
337
398
374
339
302
302
343
395
382
387
393
420
424
385
362
418
508
469
376
377
453
459
406
401
440
435
411
405
427
418
392
364
379
423
421
381
342
356
378
376
372
389
386
332
318
368
383
394
415
408
380
391
440
413
390
434
445
452
434
418
422
467
481
433
410
474
469
390
381
448
471
375
342
351
372
366
346
326
296
282
329
350
273
211
252
287
278
249
246
283
279
197
183
261
289
244
199
245
270
240
210
229
250
236
240
268
260
206
219
300
330
310
296
301
262
247
359
451
355
229
272
405
416
333
304
350
379
332
332
393
422
355
326
354
401
425
396
357
341
346
403
425
355
282
332
397
354
295
318
367
318
274
300
349
316
256
284
303
292
252
243
293
284
220
200
249
280
243
169
154
180
213
201
127
105
150
143
86
112
169
129
65
70
126
166
150
73
74
123
149
142
116
151
201
185
133
163
253
266
188
178
206
229
231
253
260
255
286
263
222
260
334
348
287
251
319
354
300
287
327
340
321
287
279
332
360
308
261
315
361
358
319
281
308
359
358
325
339
374
373
342
315
334
391
397
369
332
345
393
387
352
312
351
394
373
332
343
348
312
296
272
257
291
286
234
209
201
203
225
231
189
183
222
255
265
233
218
262
304
268
256
328
373
311
290
369
426
364
298
355
458
475
406
356
398
458
459
412
400
413
390
395
419
422
398
378
358
329
338
389
371
337
356
362
336
318
346
371
355
328
341
358
383
402
407
375
385
425
442
422
400
423
464
493
459
414
427
482
513
469
420
442
457
445
424
408
424
420
391
396
410
375
367
416
435
382
324
325
378
425
388
353
347
369
360
355
389
394
371
341
359
380
399
395
386
395
398
402
409
387
333
377
428
378
295
311
361
364
330
330
377
354
287
267
336
378
326
280
307
341
319
267
278
324
345
332
297
294
301
311
350
380
353
312
334
389
396
402
408
409
403
409
439
449
436
431
436
435
424
413
438
449
446
410
407
431
419
419
401
399
382
368
373
364
347
312
291
308
317
312
282
264
265
254
265
261
267
265
251
233
228
251
265
254
252
245
244
256
281
288
289
289
296
299
303
328
324
302
307
334
349
336
327
344
356
320
310
342
355
326
305
322
349
342
302
287
331
378
356
330
352
388
392
382
404
426
433
403
398
436
454
462
453
449
447
454
441
450
471
480
471
463
480
493
486
472
479
479
491
489
454
445
460
469
445
412
389
391
376
346
352
352
341
306
302
300
328
322
289
285
300
317
284
275
305
326
316
303
302
313
320
315
307
310
337
317
297
313
351
359
322
306
329
360
345
322
331
359
351
305
310
351
370
350
299
307
354
364
326
321
363
353
313
299
332
372
350
308
302
334
333
307
297
303
314
289
266
274
292
278
263
258
293
304
275
265
273
287
284
263
261
268
280
286
293
294
300
294
292
287
294
305
312
299
287
298
291
293
292
289
276
272
285
288
277
276
258
257
253
261
264
260
246
243
270
270
282
280
302
300
269
275
312
326
335
318
318
340
336
344
353
387
390
360
332
352
378
372
369
369
373
365
341
345
371
381
352
328
340
361
354
338
338
359
356
338
337
366
388
368
346
368
390
391
386
400
426
441
437
443
467
478
451
448
476
500
491
466
474
498
509
483
480
481
488
466
449
446
460
456
438
438
449
453
432
423
433
448
444
422
424
451
474
477
450
455
480
494
496
487
500
521
517
499
511
522
529
521
506
498
501
497
487
464
466
465
440
439
427
433
417
381
366
375
399
397
364
336
332
338
342
342
362
359
336
318
312
335
350
353
339
339
331
321
328
343
369
366
354
342
336
340
356
350
340
350
348
329
322
342
354
347
337
322
331
347
336
338
351
360
361
350
357
381
400
408
394
409
431
417
415
433
455
458
430
422
435
443
450
420
412
411
410
406
388
386
384
365
342
357
379
382
366
347
343
345
358
369
377
369
362
338
343
370
384
374
361
391
416
407
394
408
429
446
447
457
487
499
481
471
495
496
485
484
490
506
504
465
461
489
489
489
486
486
496
481
459
480
519
512
480
479
492
513
521
524
531
544
542
537
546
576
585
563
545
561
594
587
584
580
570
557
552
554
563
547
539
538
535
524
533
537
525
501
487
502
492
483
482
487
490
478
478
480
475
499
508
506
515
509
494
497
521
538
537
536
522
524
527
525
513
521
511
511
482
468
468
466
463
447
446
457
445
409
398
400
415
419
399
402
417
419
407
405
421
430
428
417
419
429
432
434
446
443
443
434
431
425
433
431
436
434
417
402
399
408
407
408
389
380
378
368
364
367
366
357
330
311
325
338
327
309
321
336
333
320
313
326
337
322
320
352
377
361
342
342
374
391
364
355
343
370
367
345
343
345
366
341
327
324
336
330
314
321
326
341
324
300
307
321
331
316
312
322
341
336
319
303
313
318
312
309
323
312
299
282
265
306
311
290
259
248
252
246
222
224
250
235
195
176
196
214
205
180
194
211
202
163
155
206
225
219
190
197
213
204
179
191
224
229
196
183
201
216
201
176
196
227
217
213
207
223
245
230
221
227
254
256
260
269
270
291
313
308
319
339
344
362
366
364
371
389
394
393
398
404
403
386
367
377
390
387
372
361
373
375
367
363
356
352
355
348
368
376
382
380
374
374
386
382
385
402
400
415
396
406
418
422
417
418
435
431
425
417
412
430
433
415
404
398
408
412
426
419
422
423
409
423
442
444
419
412
421
426
413
412
416
416
418
420
415
442
447
437
423
426
446
460
483
473
467
468
476
475
475
490
487
478
483
500
491
481
471
466
481
460
450
442
443
445
421
404
423
433
418
387
390
426
426
399
390
399
412
405
392
411
438
426
401
421
444
456
430
403
418
451
458
430
434
461
467
446
447
474
479
467
445
470
497
501
483
476
491
506
502
480
494
513
511
504
492
516
539
536
536
545
555
554
565
568
580
587
582
574
583
583
580
579
583
575
562
569
569
559
567
589
575
554
554
576
585
582
568
568
585
581
567
554
560
564
554
553
554
552
544
547
555
566
545
511
515
548
550
526
531
538
549
540
538
561
571
550
531
533
551
556
537
531
551
551
530
529
531
542
550
524
531
527
517
508
500
515
514
504
490
510
517
506
496
481
488
489
478
469
469
476
453
425
418
422
402
389
373
365
359
343
339
327
323
308
290
294
296
285
279
270
264
257
245
246
241
248
244
253
241
249
260
265
272
271
274
280
290
276
264
268
290
287
270
264
265
272
270
261
276
279
269
256
245
253
253
248
252
256
246
216
227
237
243
214
193
206
228
233
226
212
214
236
230
226
222
238
240
236
227
225
237
227
225
206
197
190
189
202
209
207
185
183
177
185
196
193
179
179
159
153
158
159
172
178
166
151
160
159
164
157
152
160
169
159
151
155
175
178
182
176
174
179
181
193
190
205
206
193
203
216
233
223
208
207
217
204
202
210
210
210
191
211
214
223
203
191
209
222
222
204
197
214
217
206
213
227
230
205
210
214
219
212
200
195
212
209
195
199
202
189
180
186
188
190
178
164
170
174
171
162
168
175
162
159
164
171
162
150
134
142
146
129
130
131
129
106
91
93
92
76
72
59
70
73
57
52
48
51
60
72
78
90
86
86
100
119
119
119
118
122
113
94
115
135
144
137
118
114
123
121
110
129
135
117
88
80
99
96
89
74
75
67
55
39
39
54
44
26
16
23
25
5
4
23
38
38
28
30
41
48
39
38
44
60
48
39
41
45
34
8
16
25
31
16
-4
-11
-10
-19
-32
-34
-35
-47
-66
-71
-66
-83
-90
-99
-101
-98
-104
-91
-78
-67
-73
-65
-57
-49
-41
-41
-31
-11
-13
-17
-8
-3
1
6
9
15
14
10
4
5
12
4
-6
-13
-24
-24
-47
-51
-59
-69
-84
-99
-94
-98
-85
-97
-96
-103
-105
-101
-118
-109
-99
-94
-82
-84
-102
-92
-101
-99
-91
-94
-107
-119
-125
-128
-123
-131
-124
-140
-147
-142
-142
-136
-135
-146
-161
-157
-142
-142
-155
-164
-162
-168
-169
-171
-183
-170
-175
-176
-179
-184
-157
-166
-171
-165
-156
-134
-132
-151
-147
-134
-132
-129
-124
-116
-112
-93
-95
-90
-80
-64
-73
-80
-59
-37
-25
-34
-37
-23
-16
-3
4
-4
3
-5
-2
17
26
23
31
26
35
52
53
43
42
64
83
79
77
78
85
87
86
92
92
92
97
85
80
80
76
56
45
58
50
41
41
28
13
2
-3
-3
9
-7
-14
-14
-20
-36
-31
-29
-28
-17
-28
-32
-36
-31
-34
-39
-28
-27
-29
-21
-14
-16
-30
-19
-9
-36
-38
-38
-33
-29
-33
-64
-72
-63
-74
-75
-75
-70
-81
-95
-98
-86
-84
-89
-107
-94
-81
-84
-93
-95
-81
-72
-94
-96
-75
-69
-75
-96
-92
-77
-86
-95
-104
-95
-78
-98
-107
-108
-99
-104
-116
-114
-122
-117
-131
-140
-131
-117
-129
-128
-133
-133
-149
-151
-139
-142
-135
-150
-145
-153
-156
-164
-156
-140
-161
-180
-185
-177
-179
-193
-193
-188
-203
-221
-225
-197
-196
-215
-223
-230
-224
-219
-225
-255
-247
-247
-259
-275
-276
-267
-287
-295
-299
-289
-291
-307
-294
-295
-301
-311
-313
-307
-301
-298
-307
-308
-298
-292
-308
-310
-307
-302
-312
-337
-330
-326
-325
-335
-347
-333
-330
-337
-350
-343
-341
-340
-339
-337
-318
-325
-334
-344
-345
-329
-336
-339
-333
-332
-333
-341
-336
-326
-324
-334
-338
-331
-331
-346
-351
-343
-342
-345
-353
-341
-337
-326
-332
-333
-320
-312
-311
-327
-310
-308
-305
-315
-331
-314
-322
-330
-320
-320
-329
-345
-340
-322
-313
-331
-345
-338
-323
-331
-341
-337
-322
-334
-340
-329
-315
-295
-311
-327
-311
-307
-313
-320
-326
-309
-314
-318
-327
-330
-330
-330
-334
-334
-318
-322
-331
-316
-314
-312
-315
-317
-309
-319
-324
-318
-310
-306
-302
-300
-305
-306
-294
-292
-288
-292
-280
-267
-268
-264
-262
-273
-278
-277
-274
-261
-266
-270
-276
-274
-276
-286
-286
-282
-286
-284
-283
-274
-269
-285
-296
-310
-312
-323
-332
-329
-328
-326
-328
-342
-350
-342
-332
-340
-359
