SAMPLES:	8237
BITSPERSAMPLE:	16
CHANNELS:	1
SAMPLERATE:	16000
NORMALIZED:	FALSE
-7
-6
-4
-10
-12
-14
-17
-9
-6
-13
-6
-3
-23
-20
-11
-12
0
-2
-3
-8
-16
-10
-5
-3
-4
-9
-3
-9
-14
-12
-26
-23
-11
-18
-19
-23
-11
-10
-16
-12
-16
-11
-14
-11
-12
-10
-8
-8
-5
-15
-11
-14
-15
-9
-4
-6
-11
-12
-2
0
-7
-14
-11
-12
-22
-22
-30
-13
-17
-17
-13
-19
-12
-14
-12
-6
-6
-8
-13
-16
-15
-19
-11
-9
-11
-13
-12
-8
-8
0
-4
-2
-1
0
-3
-12
2
-4
-4
-6
-4
-8
-2
4
-3
0
-6
6
4
12
1
7
11
1
10
10
1
-3
-3
2
-3
0
3
-2
0
-3
0
-5
3
-2
-14
1
-5
10
1
-10
5
-2
-10
-10
-8
-10
-3
3
-3
-7
-14
1
0
-13
-8
-21
-19
-19
-16
-12
-13
-12
-19
-23
-16
-23
-20
-12
-17
-12
-19
-20
-18
-17
-15
-16
-29
-18
-9
-15
-24
-4
-10
-15
-16
-10
-9
-16
-15
-20
-10
-13
-9
-9
-14
-10
-18
-25
-23
-14
-18
-27
-25
-18
-20
-27
-28
-22
-27
-25
-26
-38
-24
-23
-18
-12
-20
-24
-18
-20
-27
-17
-15
-24
-21
-28
-26
-23
-29
-25
-29
-26
-27
-28
-21
-21
-27
-28
-28
-21
-31
-33
-26
-31
-37
-35
-24
-33
-33
-36
-32
-23
-32
-33
-33
-42
-35
-25
-24
-24
-31
-29
-30
-31
-30
-28
-26
-37
-35
-28
-20
-22
-15
-25
-28
-26
-26
-26
-31
-26
-34
-28
-29
-28
-25
-23
-34
-35
-32
-36
-24
-34
-38
-29
-25
-34
-37
-31
-31
-26
-28
-40
-42
-34
-42
-29
-32
-42
-39
-42
-37
-48
-48
-35
-42
-43
-45
-44
-39
-35
-25
-36
-41
-39
-34
-45
-48
-45
-38
-35
-45
-31
-35
-31
-40
-40
-33
-43
-37
-40
-37
-34
-43
-35
-39
-40
-41
-35
-39
-46
-48
-54
-48
-51
-49
-49
-44
-47
-53
-48
-51
-56
-53
-43
-49
-40
-51
-46
-41
-49
-45
-45
-46
-43
-39
-45
-44
-47
-44
-44
-41
-43
-43
-48
-54
-51
-51
-53
-51
-56
-59
-47
-53
-53
-39
-44
-49
-46
-48
-44
-49
-45
-43
-44
-48
-43
-39
-40
-38
-42
-39
-43
-38
-48
-45
-43
-35
-36
-39
-35
-37
-41
-51
-38
-39
-38
-45
-38
-39
-32
-32
-35
-33
-34
-31
-41
-38
-32
-33
-34
-33
-35
-36
-36
-38
-39
-28
-29
-26
-25
-32
-29
-25
-30
-26
-29
-32
-27
-37
-30
-29
-34
-38
-28
-32
-38
-28
-43
-32
-32
-30
-32
-31
-29
-35
-34
-31
-31
-24
-22
-24
-21
-20
-31
-21
-15
-24
-21
-22
-29
-22
-27
-20
-15
-20
-14
-17
-19
-23
-23
-18
-29
-23
-16
-19
-20
-24
-23
-26
-23
-23
-31
-27
-29
-30
-20
-25
-24
-23
-20
-28
-26
-12
-16
-23
-27
-31
-30
-28
-29
-28
-29
-31
-29
-26
-33
-30
-22
-29
-29
-27
-33
-25
-21
-30
-26
-31
-31
-32
-39
-32
-31
-33
-33
-34
-35
-41
-41
-39
-36
-34
-32
-38
-40
-36
-28
-26
-32
-35
-36
-28
-26
-29
-25
-28
-22
-21
-26
-18
-17
-26
-17
-19
-16
-25
-19
-25
-17
-11
-22
-6
-10
-13
-15
-21
-22
-19
-20
-20
-14
-24
-28
-10
-5
-10
-14
-12
-12
-25
-22
-4
-14
-17
-12
-18
-23
-19
-21
-9
-14
-15
-23
-28
-21
-16
-21
-18
-14
-16
-19
-29
-27
-32
-25
-23
-23
-18
-20
-13
-12
-15
-17
-18
-23
-28
-20
-19
-24
-20
-14
-27
-25
-15
-18
-23
-29
-21
-23
-34
-28
-29
-29
-31
-31
-32
-30
-30
-26
-22
-25
-30
-27
-22
-26
-25
-19
-28
-28
-22
-17
-21
-9
-8
-10
-5
0
-3
-4
1
-12
-12
-3
-1
-6
-4
0
5
-1
-8
7
11
9
11
8
18
20
18
30
23
24
19
25
37
27
23
31
32
31
33
34
29
36
38
33
30
25
27
37
35
24
24
26
28
23
24
21
20
12
5
2
-6
0
-9
-17
-14
-22
-33
-39
-51
-60
-50
-58
-69
-61
-70
-87
-88
-82
-87
-104
-101
-102
-96
-98
-104
-92
-105
-103
-108
-108
-99
-105
-104
-103
-105
-108
-93
-89
-92
-92
-75
-78
-84
-80
-78
-79
-72
-65
-66
-67
-60
-51
-53
-44
-38
-46
-50
-31
-31
-26
-3
7
11
29
47
52
67
86
108
111
123
130
150
157
168
176
175
199
200
205
212
215
217
213
222
210
210
211
210
207
204
202
186
178
165
164
155
147
135
120
114
117
84
69
78
71
55
35
32
25
-6
-11
-4
-15
-21
-23
-36
-66
-64
-71
-99
-92
-101
-119
-123
-123
-138
-137
-153
-166
-156
-163
-173
-177
-171
-191
-193
-179
-186
-193
-196
-182
-192
-203
-197
-217
-211
-215
-220
-214
-218
-222
-226
-225
-249
-240
-229
-213
-194
-177
-151
-118
-108
-101
-65
-32
-9
11
27
60
99
115
146
173
192
205
210
212
224
225
223
216
219
220
212
200
199
194
184
166
151
143
131
124
114
141
138
121
131
138
133
156
159
147
168
160
159
160
169
163
178
172
154
163
165
161
141
122
142
150
121
111
118
103
84
95
92
53
49
51
10
11
9
-16
-18
-30
-60
-59
-76
-89
-74
-68
-96
-140
-104
-95
-144
-139
-119
-126
-136
-152
-149
-121
-150
-175
-142
-150
-171
-150
-136
-171
-185
-158
-178
-195
-174
-171
-197
-201
-204
-224
-237
-249
-262
-279
-282
-282
-242
-181
-151
-154
-138
-125
-130
-114
-96
-54
-11
7
11
55
111
144
146
162
179
186
178
166
188
210
215
205
184
191
177
152
155
153
141
119
96
95
110
111
113
120
133
120
113
109
124
136
131
132
134
133
147
157
154
175
152
110
127
145
152
141
157
146
135
137
118
116
124
111
81
172
100
-44
59
151
3
3
115
-9
-98
17
22
-25
-43
-74
-34
-32
-112
-93
-60
-57
-80
-127
-127
-128
-85
-104
-138
-117
-138
-165
-123
-98
-139
-162
-117
-137
-174
-146
-151
-153
-160
-154
-179
-182
-174
-159
-162
-190
-203
-204
-220
-254
-246
-280
-307
-323
-306
-213
-179
-207
-188
-154
-162
-140
-146
-125
-38
-13
-43
-27
44
91
103
117
143
156
137
107
111
175
213
160
132
173
176
153
137
157
178
140
91
81
137
150
140
153
159
163
160
140
91
139
205
173
125
157
159
118
184
210
143
159
196
127
105
209
216
108
275
239
-97
20
321
171
-28
132
152
-40
28
136
14
-4
45
30
-25
-29
-35
-1
-12
-97
-57
-12
-119
-154
-18
-61
-183
-116
-29
-157
-187
-67
-89
-182
-136
-137
-211
-166
-118
-164
-225
-180
-128
-248
-256
-168
-230
-253
-201
-206
-260
-230
-231
-261
-266
-260
-326
-370
-290
-245
-209
-182
-141
-180
-184
-154
-181
-108
-39
-55
-76
-31
20
43
81
138
138
123
119
98
100
157
194
149
147
206
188
163
207
213
167
178
176
159
197
192
205
222
217
231
196
195
210
231
245
210
196
185
223
191
182
278
193
129
220
267
114
93
219
223
108
116
175
125
110
95
136
135
63
34
104
121
1
94
109
-43
49
98
-23
-35
55
54
-4
-80
-93
2
-23
-94
-30
-14
-164
-142
-37
-122
-177
-89
-89
-161
-140
-139
-197
-127
-84
-154
-191
-178
-196
-165
-147
-211
-192
-171
-217
-242
-172
-172
-240
-232
-250
-276
-304
-289
-222
-181
-186
-153
-169
-170
-108
-143
-130
-37
-31
-92
-51
13
24
58
100
102
95
92
76
72
114
158
136
126
179
158
149
172
194
203
166
177
164
161
244
218
191
233
251
179
172
278
291
219
232
314
201
174
255
308
175
166
305
209
184
171
214
206
193
175
140
160
180
148
109
139
87
104
89
67
106
79
14
4
97
6
-32
41
63
-48
-61
53
-24
-128
-24
45
-59
-90
-54
-15
-110
-128
-41
-42
-140
-135
-79
-155
-159
-157
-59
-52
-267
-255
-81
-193
-294
-211
-163
-265
-279
-202
-283
-251
-253
-292
-280
-246
-350
-365
-183
-214
-245
-149
-162
-214
-129
-119
-172
-75
-23
-96
-75
14
11
49
95
74
63
94
80
55
116
150
151
135
156
170
146
176
187
201
192
169
174
210
206
220
280
237
194
217
262
230
262
309
244
214
215
285
293
242
273
245
267
227
187
232
268
229
142
244
225
116
115
202
182
119
131
155
72
40
116
78
61
68
52
0
21
-17
-17
58
-6
-116
-61
28
-103
-111
-18
-61
-121
-109
-122
-98
-92
-160
-134
-138
-177
-201
-154
-155
-188
-183
-160
-232
-303
-218
-216
-297
-248
-208
-259
-290
-274
-243
-288
-349
-352
-329
-264
-229
-207
-198
-218
-224
-168
-170
-190
-106
-48
-67
-89
-35
4
36
81
106
107
85
91
107
145
161
161
203
198
127
146
185
216
154
216
250
97
100
279
239
100
306
310
138
156
239
203
211
200
230
229
153
179
165
278
171
180
215
156
121
190
268
69
153
204
177
54
146
132
122
136
47
58
56
98
-14
107
52
-46
-109
16
13
-83
-58
-39
-63
-134
-74
-110
-136
-100
-114
-145
-156
-109
-111
-288
-171
-34
-187
-297
-188
-178
-247
-247
-191
-261
-281
-299
-302
-271
-313
-326
-294
-263
-302
-341
-326
-342
-420
-323
-247
-269
-235
-204
-259
-275
-168
-205
-220
-109
-86
-154
-129
-45
-19
-26
-24
40
21
12
35
43
60
105
150
88
52
99
120
130
124
132
176
125
95
183
144
127
226
134
92
173
181
139
139
190
194
108
157
174
136
107
118
178
177
160
43
79
179
91
62
134
161
27
38
134
53
84
85
11
40
84
-50
1
149
-13
-106
20
76
-121
-58
34
-101
-105
-52
-34
-167
-163
-88
-68
-157
-209
-205
-137
-186
-239
-133
-137
-345
-311
-69
-210
-359
-281
-151
-289
-376
-230
-259
-388
-284
-262
-381
-361
-371
-388
-281
-195
-220
-255
-346
-307
-220
-237
-240
-166
-91
-159
-203
-147
-97
-46
-3
19
-32
-17
-5
2
61
57
71
108
74
54
84
86
94
90
157
95
61
100
55
193
233
132
20
64
252
355
19
16
471
78
27
218
215
108
-6
217
157
85
-43
217
207
-169
104
188
-63
26
266
102
-136
107
210
-29
-41
134
60
-8
97
20
32
57
-1
-129
37
-5
-154
76
42
-241
-107
-32
-165
-102
-80
-131
-257
-114
-87
-177
-424
-213
40
-365
-409
-128
-280
-365
-206
-328
-404
-299
-394
-428
-308
-391
-574
-404
-250
-412
-390
-276
-280
-371
-385
-285
-217
-253
-212
-86
-183
-300
-98
68
-147
-141
76
18
-147
-34
109
-20
-20
96
139
-8
-10
54
80
76
87
76
-20
21
124
82
50
95
116
204
83
154
-80
499
185
-263
326
374
-322
27
561
7
-247
162
329
-341
165
185
49
-78
260
282
-108
-19
426
191
-245
123
311
-36
-96
325
-75
-92
74
44
-10
-37
-6
81
-162
-230
57
-83
-80
-282
-56
80
-303
-342
52
-65
-439
-177
-68
-381
-347
-80
-274
-298
-291
-420
-270
-471
-189
-257
-737
-325
-348
-609
-465
-79
-338
-460
-274
-296
-407
-402
-201
-140
-231
-110
-143
-250
-149
37
-78
-84
23
-49
6
-74
-5
142
139
-35
47
102
2
1
185
59
-4
156
-25
48
111
97
64
0
129
61
60
99
34
121
188
111
33
123
138
8
53
192
230
77
84
101
221
488
237
-299
136
380
75
33
299
213
-182
6
238
5
-6
-36
84
242
5
-12
-103
87
11
-40
1
35
-123
-135
-87
-34
-150
-219
37
-229
-269
-140
-93
-343
-411
-187
-219
-393
-439
-248
-434
-470
-530
-476
-484
-608
-528
-569
-364
-297
-249
-473
-542
-312
-303
-428
-179
-27
-195
-139
-132
-174
-120
10
22
-5
35
86
-17
6
75
167
66
-39
149
52
-57
71
205
27
-82
47
35
-98
-14
172
-31
-65
33
-15
-31
-55
-26
57
95
40
-2
80
14
-76
168
102
-3
27
121
165
19
94
195
37
45
147
103
-31
286
87
239
515
1
-110
287
466
142
209
240
-33
-66
242
25
167
290
-461
-362
18
38
-389
-138
-12
-395
-509
-108
-241
-576
-461
-614
-720
-593
-386
-794
-936
-906
-1044
-1212
-861
-508
-419
-480
-646
-944
-891
-327
-131
-113
5
129
-2
-101
-35
243
411
456
334
301
432
474
542
413
315
338
204
214
391
387
332
182
9
-90
-87
-10
85
133
112
-35
-171
-158
-114
-4
53
73
31
61
58
50
136
328
406
267
277
381
476
604
648
579
618
618
628
723
794
845
745
634
549
594
676
601
582
568
519
372
297
394
324
255
229
216
122
-29
41
-46
-253
-234
-243
-349
-487
-471
-588
-912
-1011
-948
-1135
-1302
-1330
-1420
-1627
-1808
-1662
-1074
-357
-425
-1059
-1541
-1248
-353
311
380
438
714
631
326
312
856
1461
1524
1143
926
1175
1353
1169
851
705
713
603
429
508
664
427
-105
-629
-725
-475
-309
-264
-311
-465
-692
-921
-917
-666
-326
-163
-252
-259
-159
0
45
120
247
392
472
530
748
934
912
714
661
753
1117
1364
1315
1289
1219
1087
871
875
1016
1056
983
812
611
439
340
241
147
9
18
51
18
-66
-218
-402
-573
-557
-527
-425
-333
-413
-698
-945
-1046
-1141
-1209
-1127
-1139
-1312
-1568
-1717
-1878
-2022
-1911
-871
32
-325
-1408
-2111
-1219
23
686
449
404
902
807
251
101
1118
2019
1815
937
838
1556
1695
1027
440
577
849
669
272
404
646
224
-787
-1416
-1043
-352
-229
-684
-887
-889
-1056
-1400
-1350
-755
-278
-301
-577
-494
-50
204
-21
-155
133
638
930
1000
1114
1182
1030
674
681
1151
1660
1652
1326
1184
1226
1253
1009
868
903
999
952
802
650
514
310
-47
-283
-196
52
193
73
-348
-666
-768
-707
-579
-466
-340
-383
-606
-924
-1061
-1018
-1055
-1134
-1276
-1272
-1417
-1581
-1939
-2173
-1916
-735
252
-466
-1852
-2497
-1150
402
902
334
82
586
523
107
115
1365
2236
1774
625
517
1489
1894
1166
427
599
1029
949
411
407
590
232
-762
-1349
-843
62
133
-699
-1290
-1297
-1091
-1199
-1177
-755
-273
-389
-878
-963
-400
31
-86
-252
13
607
825
700
626
770
813
737
847
1333
1772
1504
983
673
1068
1616
1625
1270
967
918
849
763
666
743
713
374
-82
-208
77
260
-15
-464
-656
-548
-379
-400
-454
-540
-663
-882
-987
-869
-630
-703
-1157
-1544
-1581
-1489
-1476
-1778
-1940
-1894
-1179
-110
-319
-1523
-2734
-1878
-1
1000
588
-129
292
456
-21
-391
698
2255
2401
1085
137
883
1724
1407
506
461
1269
1511
736
166
333
502
-268
-1197
-1005
119
635
-313
-1493
-1701
-1183
-1050
-1218
-1010
-369
-202
-890
-1502
-1129
-297
-17
-330
-397
281
810
650
274
215
544
786
920
1320
1847
1812
1105
426
833
1829
2103
1688
1079
1076
1102
951
744
660
864
665
252
-66
55
202
-25
-572
-890
-586
-184
-196
-602
-896
-906
-946
-1109
-945
-660
-621
-1030
-1539
-1700
-1546
-1436
-1732
-1742
-1593
-526
143
-536
-2042
-2855
-1327
530
1293
416
-218
207
349
-240
-447
991
2461
2321
763
47
888
1624
1165
346
542
1581
1731
766
-74
21
325
-278
-914
-572
499
652
-586
-1914
-1880
-1030
-710
-964
-956
-463
-407
-1173
-1776
-1285
-360
-13
-405
-490
101
521
257
-217
-126
505
986
1080
1239
1488
1386
790
398
892
2061
2434
1769
885
749
1051
1044
927
794
1013
901
264
-263
-180
103
-24
-513
-754
-423
-115
-363
-942
-1213
-1036
-783
-815
-833
-695
-737
-1196
-1711
-1690
-1361
-1119
-1502
-1775
-1823
-829
132
-312
-1917
-3214
-1732
531
1582
364
-831
-416
124
-152
-649
621
2351
2457
540
-715
275
1675
1557
409
226
1388
1901
823
-442
-351
478
269
-583
-646
441
795
-571
-2185
-2113
-790
-140
-671
-1232
-956
-690
-1298
-2006
-1541
-421
98
-516
-1002
-568
69
-62
-656
-593
290
1089
1008
642
593
781
614
302
794
2183
2740
1754
272
-6
862
1498
1504
1102
1076
878
132
-563
-428
262
496
-61
-688
-728
-466
-587
-1167
-1487
-1080
-529
-638
-1147
-1357
-1292
-1451
-1840
-1831
-1341
-1007
-1463
-2198
-2397
-1888
-465
-97
-958
-2646
-2785
-840
827
892
-823
-1071
-235
268
-308
-350
1138
2170
1241
-701
-604
1110
2077
1080
-194
193
1440
1312
8
-659
160
688
-200
-1160
-718
485
138
-1575
-2542
-1505
-277
-510
-1586
-1785
-1101
-1024
-1816
-2057
-1122
-201
-446
-1394
-1388
-487
64
-415
-892
-368
597
803
418
353
687
763
340
425
1499
2554
2206
714
-132
456
1458
1727
1303
965
816
411
-343
-569
49
633
302
-655
-1081
-735
-466
-868
-1401
-1309
-771
-636
-1107
-1527
-1395
-1281
-1527
-1853
-1601
-1193
-1187
-1831
-2292
-2206
-1450
-251
-239
-1167
-2734
-2373
-481
960
551
-917
-769
83
380
-434
-216
1296
2161
943
-730
-281
1497
2019
640
-440
393
1692
1218
-239
-653
405
673
-498
-1375
-462
728
12
-1891
-2522
-1203
-165
-785
-1879
-1681
-850
-959
-1995
-2077
-954
-87
-635
-1592
-1242
-132
174
-566
-903
-135
852
763
229
335
1001
1115
429
361
1532
2594
2019
573
91
893
1579
1430
1004
971
1017
401
-435
-498
184
626
156
-684
-894
-574
-460
-900
-1299
-1047
-528
-617
-1221
-1416
-1092
-1006
-1433
-1712
-1375
-945
-1120
-1794
-2033
-1901
-1033
-46
-58
-1106
-2558
-1975
-125
1218
632
-612
-346
419
409
-376
106
1741
2430
952
-558
130
1805
2011
564
-182
921
1906
1083
-288
-260
842
735
-624
-1226
26
1064
24
-1862
-2085
-691
-8
-848
-1659
-1054
-278
-756
-1860
-1708
-398
328
-451
-1275
-645
456
463
-351
-492
513
1269
933
464
861
1543
1348
539
898
2155
2570
1719
581
747
1353
1660
1338
1026
1127
903
280
-234
-104
351
537
-22
-634
-756
-427
-402
-896
-1147
-725
-441
-797
-1241
-1170
-880
-1054
-1459
-1610
-1303
-1036
-1281
-1748
-2036
-1297
55
237
-1075
-2772
-2114
150
1403
556
-777
-247
718
296
-742
-117
1974
2822
1022
-750
-130
1719
1984
480
-184
1046
2049
1023
-600
-521
871
904
-588
-1339
-90
1095
155
-1812
-2171
-796
29
-734
-1564
-992
-145
-629
-1878
-1851
-446
482
-159
-1051
-647
436
528
-261
-411
567
1371
1070
570
883
1516
1290
589
866
2101
2682
1820
696
656
1244
1513
1296
1117
1240
1040
325
-303
-215
394
581
65
-547
-611
-290
-357
-848
-1017
-609
-323
-672
-1102
-951
-635
-838
-1393
-1538
-1178
-856
-1117
-1545
-1735
-1260
-199
172
-603
-2003
-2038
-340
1143
1025
-18
-193
416
265
-339
125
1672
2537
1355
-177
-137
1082
1613
911
342
830
1384
890
-74
-232
488
606
-291
-947
-336
593
328
-984
-1687
-1135
-427
-531
-951
-733
-215
-437
-1334
-1531
-671
244
170
-428
-451
151
424
93
-93
407
1047
1049
778
951
1390
1349
815
710
1622
2327
2003
1116
767
1137
1288
1151
1009
1140
1133
589
-59
-150
190
441
139
-367
-457
-255
-206
-586
-874
-676
-392
-614
-959
-879
-509
-632
-1250
-1574
-1323
-979
-1082
-1522
-1617
-556
453
96
-1568
-2632
-1340
860
1535
361
-385
418
1014
-38
-862
418
2603
2810
683
-526
514
1787
1266
-54
171
1631
1820
388
-645
-15
907
247
-1080
-1030
344
985
-162
-1542
-1433
-605
-520
-1122
-1080
-142
297
-603
-1689
-1400
-275
210
-299
-553
66
644
299
-382
-210
636
1015
661
566
1171
1645
1172
414
678
1645
2037
1507
966
1168
1454
1176
608
550
1020
1166
634
31
-25
287
313
-237
-627
-401
48
-7
-616
-919
-616
-414
-754
-1144
-894
-359
-463
-1159
-1608
-1324
-969
-1201
-1593
-1444
-610
144
-90
-1077
-1809
-1408
-171
688
627
259
401
730
236
-558
-179
1379
2296
1410
140
230
1155
1189
222
-67
855
1502
777
-253
-106
688
514
-650
-1174
-377
537
299
-572
-877
-534
-496
-1065
-1273
-593
197
86
-726
-1110
-670
-203
-345
-620
-300
366
487
15
-228
195
627
484
179
459
1122
1315
899
710
1171
1550
1235
674
783
1414
1661
1226
741
766
849
579
204
200
523
605
232
-262
-440
-273
-176
-385
-577
-516
-309
-358
-762
-978
-797
-578
-738
-1034
-997
-706
-726
-1096
-1265
-964
-584
-563
-607
-481
-282
-368
-653
-538
33
514
409
66
121
510
604
312
200
569
926
727
341
353
688
771
382
65
181
465
457
229
134
211
141
-153
-349
-225
36
66
-118
-267
-265
-275
-361
-412
-307
-137
-66
-145
-228
-225
-167
-117
-128
-77
36
161
198
184
212
315
365
336
317
406
660
865
858
681
507
470
552
581
580
588
565
413
144
-20
0
145
215
133
39
12
4
-45
-90
-41
13
-17
-46
3
46
21
-69
-96
21
147
82
-74
-28
158
224
92
-41
-45
42
95
68
21
-4
-18
-99
-166
-184
-126
-84
-153
-281
-328
-320
-287
-291
-329
-318
-350
-375
-405
-381
-295
-235
-238
-271
-238
-197
-184
-166
-53
77
102
43
13
87
191
211
183
220
287
340
324
287
312
322
295
271
284
388
444
393
333
331
411
436
374
343
418
538
522
388
311
352
419
385
311
326
395
411
287
162
145
221
240
188
156
179
202
153
45
-13
49
133
171
87
9
4
22
11
-13
8
34
19
-79
-120
-67
3
-11
-114
-162
-115
-85
-114
-159
-146
-123
-155
-221
-235
-178
-152
-189
-296
-332
-295
-253
-269
-326
-327
-300
-295
-326
-335
-254
-148
-139
-173
-190
-121
-37
15
75
159
214
198
138
161
308
406
426
383
377
415
410
394
389
423
441
402
360
369
385
388
369
344
370
376
333
287
285
329
357
332
303
271
253
224
176
187
220
238
222
147
79
81
120
137
109
117
155
173
138
58
31
93
165
166
107
51
93
165
128
43
2
51
99
48
-1
34
67
15
-80
-107
-33
37
-1
-76
-79
-35
-60
-135
-174
-118
-82
-137
-231
-239
-167
-178
-270
-387
-340
-255
-257
-317
-312
-210
-198
-263
-285
-207
-114
-66
-59
8
101
115
72
70
172
281
315
313
335
365
353
315
312
342
363
355
364
375
361
300
259
317
372
379
322
268
271
277
239
248
297
330
281
178
172
215
237
196
172
204
234
173
113
163
255
262
153
110
198
250
160
80
140
280
245
57
13
144
243
119
-30
-9
101
102
-26
-52
48
86
-37
-150
-118
15
35
-79
-144
-102
-45
-103
-191
-171
-102
-136
-257
-314
-236
-155
-210
-326
-338
-287
-281
-360
-367
-243
-143
-172
-270
-277
-174
-104
-90
-44
44
113
75
15
83
215
258
243
226
275
323
305
287
294
309
267
220
254
327
328
260
215
226
228
177
166
209
257
219
139
122
154
136
100
101
163
200
149
99
140
204
183
132
145
235
274
220
184
255
330
244
133
172
297
343
221
135
196
260
195
53
60
180
199
51
-46
42
118
37
-92
-88
31
50
-111
-220
-143
-29
-68
-217
-276
-213
-188
-262
-336
-298
-245
-311
-418
-422
-301
-223
-284
-384
-388
-317
-271
-228
-179
-97
-86
-150
-159
-85
55
161
196
230
375
482
481
354
331
387
466
525
516
411
214
139
236
308
281
214
102
59
163
190
137
176
123
0
-81
80
279
276
116
-29
129
269
233
239
240
222
153
272
381
548
754
500
242
234
502
531
451
470
318
302
204
143
66
281
398
87
-63
-57
31
-28
34
-110
-121
-217
-395
-318
-471
-455
-709
-838
-815
-934
-714
-528
-69
-124
-612
-968
-1083
-584
-46
238
84
-177
-186
-115
76
221
350
338
226
203
294
504
661
675
611
522
459
288
141
211
438
597
452
153
-71
-152
-94
-39
-25
-87
-277
-444
-434
-200
-7
-40
-228
-412
-433
-346
-244
-30
233
323
277
172
199
378
506
598
711
860
912
822
811
937
1109
1056
840
691
659
700
663
627
625
543
333
125
60
87
54
-24
-108
-163
-234
-341
-378
-409
-475
-557
-675
-801
-907
-991
-1069
-1180
-1320
-1529
-1720
-1825
-1556
-783
-29
134
-592
-1360
-1246
-272
610
711
459
505
848
922
760
721
1047
1258
1045
631
389
462
621
825
928
650
-23
-648
-803
-490
-252
-356
-655
-859
-884
-905
-998
-1090
-929
-598
-481
-724
-980
-786
-159
402
505
326
184
196
279
460
791
1104
1182
1056
924
856
805
833
1103
1375
1282
771
398
471
748
859
692
429
151
-77
-138
-39
32
38
27
19
-118
-351
-356
-35
284
226
-102
-291
-250
-152
-93
-68
-131
-405
-721
-931
-1046
-1233
-1463
-1690
-1885
-2107
-2037
-1267
-305
45
-660
-1393
-1251
-415
218
226
311
809
1304
1146
694
631
1191
1748
1634
929
247
165
532
903
873
521
56
-300
-627
-908
-1051
-1000
-880
-868
-1016
-1369
-1576
-1388
-848
-468
-580
-966
-1062
-642
-156
73
220
562
883
868
619
533
814
1217
1405
1317
1078
840
781
941
1152
1153
975
741
552
337
112
89
221
340
190
-97
-334
-365
-253
-100
12
-53
-191
-208
-30
139
208
267
390
409
172
-82
-43
182
234
-31
-361
-563
-752
-992
-1288
-1516
-1774
-2133
-2487
-2469
-1707
-777
-338
-790
-1337
-1060
-238
310
147
192
847
1466
1266
626
722
1612
2298
2002
1191
656
626
723
664
489
327
168
-100
-539
-999
-1208
-1084
-903
-1038
-1451
-1809
-1790
-1468
-1031
-725
-707
-800
-730
-409
-143
-64
116
617
1065
1029
657
625
1139
1626
1597
1238
1057
1048
975
829
765
864
972
874
510
106
-84
69
241
127
-205
-440
-345
-213
-191
-164
34
221
184
48
62
255
453
573
589
482
284
187
283
381
246
-50
-284
-461
-747
-1086
-1296
-1428
-1672
-2159
-2658
-2853
-2329
-1356
-710
-821
-1360
-1176
-341
342
345
212
787
1458
1416
771
608
1395
2298
2391
1713
1053
937
1052
944
553
205
144
39
-441
-1113
-1420
-1191
-880
-998
-1477
-1864
-1888
-1599
-1265
-1044
-993
-956
-753
-498
-331
-177
183
738
1076
966
733
795
1228
1618
1651
1431
1217
1164
1143
1001
857
869
959
895
514
57
-65
99
263
119
-248
-484
-448
-265
-201
-198
-69
179
270
87
-12
201
544
713
573
376
291
330
390
392
311
147
-8
-187
-452
-738
-867
-900
-1094
-1543
-2116
-2583
-2725
-2455
-1721
-1055
-922
-1206
-1269
-545
272
696
710
895
1316
1336
1003
781
1260
2019
2318
1894
1211
959
1111
1217
941
517
247
29
-450
-1064
-1386
-1254
-1013
-1076
-1459
-1821
-1879
-1642
-1259
-1003
-939
-983
-915
-694
-441
-182
154
602
908
909
790
893
1296
1736
1864
1662
1363
1186
1133
1075
1021
973
920
755
433
60
-103
10
228
179
-213
-578
-620
-356
-211
-250
-234
-47
107
50
-28
165
540
801
742
503
369
461
639
650
517
362
286
167
-64
-279
-337
-326
-507
-881
-1301
-1655
-1978
-2289
-2446
-2293
-1850
-1483
-1408
-1494
-1252
-430
347
691
635
755
1191
1356
1209
1059
1355
1778
1776
1371
974
980
1188
1263
1034
667
304
-5
-309
-632
-860
-1012
-1133
-1350
-1608
-1782
-1776
-1527
-1176
-931
-913
-990
-906
-571
-158
85
165
307
567
778
838
912
1188
1542
1654
1442
1216
1222
1375
1422
1242
961
728
550
382
220
117
100
90
-47
-297
-463
-415
-237
-173
-229
-259
-252
-209
-149
17
252
422
499
527
605
670
677
692
719
686
536
316
161
80
-5
-146
-379
-583
-737
-866
-1055
-1309
-1605
-2024
-2408
-2535
-2256
-1774
-1542
-1581
-1537
-1066
-329
268
619
881
1249
1514
1497
1352
1338
1572
1742
1610
1230
916
884
1029
1074
851
501
209
-25
-246
-507
-777
-980
-1156
-1405
-1748
-1992
-1940
-1619
-1307
-1183
-1147
-1054
-765
-396
-51
239
462
601
664
748
872
1026
1181
1344
1436
1432
1367
1328
1394
1469
1394
1146
847
662
570
399
152
-87
-240
-364
-505
-611
-618
-515
-433
-425
-423
-356
-214
-16
195
298
321
320
377
482
576
628
627
598
559
479
369
254
153
55
-94
-296
-550
-766
-970
-1201
-1521
-1924
-2250
-2364
-2190
-1890
-1694
-1671
-1613
-1220
-524
112
461
637
885
1212
1382
1367
1347
1479
1636
1584
1308
1023
916
985
1036
901
596
279
74
-63
-237
-491
-829
-1133
-1341
-1516
-1691
-1822
-1774
-1566
-1380
-1326
-1262
-1006
-542
-82
210
347
460
630
815
969
1114
1281
1414
1460
1413
1337
1315
1366
1429
1415
1242
969
745
601
500
346
105
-169
-430
-609
-693
-712
-690
-667
-598
-481
-360
-249
-81
164
369
439
417
447
575
704
717
662
603
574
538
472
425
332
196
41
-132
-317
-519
-752
-977
-1223
-1530
-1897
-2223
-2395
-2339
-2114
-1896
-1799
-1680
-1341
-750
-102
336
638
904
1212
1446
1567
1651
1680
1685
1570
1375
1164
962
864
820
734
519
223
-28
-175
-257
-417
-704
-1066
-1364
-1541
-1669
-1787
-1851
-1781
-1632
-1486
-1327
-1064
-684
-282
66
341
615
874
1103
1311
1501
1607
1564
1466
1434
1461
1441
1320
1190
1112
1047
901
702
527
404
274
52
-207
-411
-555
-672
-780
-838
-790
-705
-622
-515
-364
-158
14
125
259
430
613
697
693
740
770
739
662
561
499
445
345
192
21
-135
-268
-401
-593
-806
-1035
-1278
-1541
-1833
-2077
-2228
-2279
-2156
-1941
-1737
-1592
-1377
-887
-257
304
656
907
1213
1512
1707
1748
1699
1609
1469
1299
1082
825
631
509
393
218
-48
-293
-444
-515
-581
-722
-949
-1177
-1324
-1377
-1384
-1430
-1441
-1363
-1186
-989
-789
-544
-216
163
521
796
1005
1198
1366
1513
1555
1517
1411
1313
1225
1105
922
756
627
520
398
235
103
16
-55
-174
-289
-390
-491
-554
-566
-547
-544
-559
-527
-440
-297
-136
38
253
437
550
625
701
803
887
882
835
750
637
483
317
180
69
-54
-254
-480
-641
-757
-883
-1057
-1226
-1355
-1529
-1747
-1966
-2125
-2199
-2126
-1863
-1535
-1329
-1200
-906
-362
234
661
896
1114
1392
1598
1706
1656
1555
1454
1321
1114
788
450
253
179
65
-152
-404
-540
-555
-539
-563
-633
-737
-820
-872
-895
-926
-942
-928
-848
-745
-645
-538
-369
-105
173
421
591
746
913
1067
1158
1158
1110
1044
936
793
652
546
429
286
163
120
116
66
11
27
57
42
-48
-120
-95
-42
-26
-86
-152
-168
-116
-39
44
156
286
397
462
523
589
653
666
632
577
455
286
93
-43
-136
-283
-461
-610
-694
-777
-905
-1046
-1146
-1183
-1233
-1300
-1371
-1438
-1542
-1636
-1608
-1398
-1112
-945
-870
-689
-301
120
448
649
837
1064
1235
1316
1331
1270
1175
1023
854
642
373
160
49
19
-73
-249
-395
-425
-355
-274
-264
-305
-354
-356
-373
-458
-562
-611
-572
-525
-525
-533
-460
-325
-174
-26
132
291
417
507
628
734
750
706
648
637
605
542
448
383
337
286
238
198
192
222
246
220
152
95
85
83
74
73
73
44
32
58
123
184
206
197
215
247
250
230
179
162
138
86
-16
-120
-171
-210
-275
-401
-487
-526
-543
-579
-629
-640
-624
-648
-680
-713
-745
-771
-834
-918
-1016
-1071
-1081
-1049
-1006
-897
-727
-572
-449
-295
-66
201
395
487
565
644
722
732
683
610
565
504
416
318
262
249
247
208
157
154
177
169
114
86
57
-3
-123
-201
-256
-316
-395
-498
-539
-533
-506
-495
-461
-393
-302
-225
-136
-47
59
171
258
296
314
368
424
463
471
488
514
508
493
480
482
482
465
448
414
404
374
325
281
223
164
110
19
-66
-105
-127
-165
-244
-311
-332
-307
-299
-298
-289
-250
-211
-227
-249
-230
-156
-98
-93
-121
-133
-103
-89
-108
-108
-97
-121
-196
-290
-317
-343
-400
-505
-606
-654
-729
-824
-904
-907
-872
-894
-987
-1021
-893
-672
-450
-329
-233
-61
116
239
372
530
679
724
655
597
569
543
484
447
402
301
183
98
74
86
62
13
-27
-71
-96
-147
-220
-280
-324
-376
-471
-552
-573
-552
-497
-437
-371
-284
-186
-48
125
288
382
459
524
607
662
648
627
598
559
464
354
284
246
198
125
67
29
-11
-57
-111
-151
-195
-243
-310
-361
-375
-399
-436
-439
-405
-356
-321
-279
-200
-100
-10
44
101
174
235
246
231
217
218
187
107
33
-29
-86
-158
-242
-298
-309
-317
-377
-426
-447
-436
-429
-456
-485
-516
-514
-507
-523
-547
-557
-512
-457
-430
-403
-346
-279
-224
-191
-133
-77
-35
-2
20
13
27
62
75
55
17
12
35
36
12
-7
-6
-21
-61
-80
-65
-31
-26
-58
-68
-49
-13
29
54
70
113
158
168
174
212
228
210
175
155
180
191
144
107
103
89
34
-28
-34
-11
-13
-78
-106
-96
-85
-93
-127
-124
-93
-83
-87
-65
-26
27
41
38
61
105
133
128
165
207
227
202
159
146
136
90
3
-67
-111
-133
-193
-237
-236
-203
-203
-222
-230
-228
-199
-168
-158
-168
-162
-163
-171
-165
-171
-183
-194
-200
-196
-199
-207
-196
-180
-197
-249
-295
-286
-266
-268
-304
-333
-329
-319
-322
-335
-300
-240
-221
-215
-177
-114
-55
-68
-72
-29
31
56
61
89
156
207
191
183
231
292
298
248
227
251
244
173
113
85
45
-32
-133
-219
-237
-250
-295
-323
-331
-335
-351
-352
-310
-254
-201
-156
-117
-39
34
64
77
132
204
222
214
236
323
389
390
362
356
384
373
319
275
276
253
173
71
0
-19
-53
-92
-159
-203
-215
-239
-265
-268
-258
-232
-207
-195
-154
-96
-46
-15
9
24
48
51
75
89
84
80
59
45
27
-21
-67
-107
-131
-152
-209
-238
-265
-276
-298
-295
-284
-280
-267
-287
-295
-285
-247
-204
-173
-115
-81
-70
-25
35
99
136
163
190
221
248
232
206
176
153
93
12
-72
-122
-170
-243
-300
-339
-366
-427
-483
-499
-471
-451
-441
-428
-376
-320
-283
-229
-138
-49
27
79
129
226
314
371
404
440
474
467
441
418
392
361
296
219
125
66
16
-41
-91
-136
-171
-209
-225
-231
-225
-211
-175
-154
-117
-52
3
56
102
148
178
190
220
244
272
299
312
305
280
236
204
179
169
135
59
-23
-87
-148
-201
-234
-275
-306
-338
-369
-388
-354
-310
-253
-220
-183
-154
-111
-45
24
81
96
106
140
171
185
219
244
258
220
188
139
105
64
21
-33
-105
-153
-220
-282
-358
-385
-402
-430
-447
-454
-434
-437
-451
-462
-422
-349
-278
-216
-169
-104
-22
66
143
209
277
334
356
367
355
342
324
271
206
125
35
-21
-66
-118
-178
-244
-282
-292
-293
-290
-250
-198
-130
-88
-46
22
84
158
204
241
285
318
320
323
340
346
329
288
261
267
250
215
179
134
105
62
-14
-70
-99
-126
-186
-247
-281
-283
-274
-280
-267
-237
-191
-141
-83
-13
44
77
102
114
128
160
188
210
222
209
202
186
169
153
141
109
51
-13
-94
-156
-205
-264
-312
-355
-393
-416
-439
-460
-437
-406
-379
-369
-341
-276
-217
-145
-113
-91
-54
-33
-7
-5
10
58
68
65
59
52
46
35
8
-14
-21
-51
-99
-149
-179
-192
-228
-268
-279
-249
-228
-231
-224
-177
-101
-48
-3
62
140
192
196
172
189
232
242
207
165
152
135
90
29
-6
-6
0
-36
-85
-98
-101
-137
-166
-174
-180
-195
-215
-212
-192
-154
-127
-84
-29
47
95
141
176
214
262
286
280
271
267
251
224
177
136
113
93
50
-5
-53
-79
-95
-118
-148
-183
-209
-223
-241
-270
-270
-253
-242
-234
-243
-229
-167
-120
-92
-54
-2
52
78
87
101
132
172
178
166
152
142
101
30
-19
-37
-53
-110
-163
-191
-183
-193
-218
-221
-200
-185
-200
-213
-181
-135
-102
-89
-75
-12
22
39
36
60
113
155
147
124
132
162
156
107
72
57
59
39
-15
-53
-64
-55
-78
-105
-100
-77
-74
-89
-97
-97
-67
-45
-40
-15
9
27
53
82
123
153
185
206
194
196
192
184
157
115
81
39
-7
-61
-95
-105
-111
-143
-170
-185
-183
-181
-187
-181
-167
-151
-146
-134
-109
-61
-17
-5
23
65
91
119
120
146
204
226
218
204
214
226
198
143
92
70
44
-6
-66
-100
-113
-137
-148
-178
-172
-164
-166
-169
-126
-78
-71
-56
-47
-8
22
41
63
90
114
126
144
160
183
202
202
188
169
157
141
102
55
9
-24
-53
-85
-106
-127
-131
-111
-99
-96
-91
-70
-38
-14
-1
26
72
109
120
134
164
190
223
224
241
263
264
258
229
203
193
155
83
36
1
-22
-75
-130
-159
-179
-190
-218
-223
-216
-197
-210
-224
-194
-144
-105
-86
-65
-34
8
33
51
91
138
172
180
204
247
274
284
256
241
237
217
176
132
123
96
42
-24
-68
-99
-120
-133
-156
-158
-148
-128
-120
-101
-57
-14
40
54
75
100
116
156
184
217
247
274
308
330
342
333
317
292
257
215
158
102
46
-19
-72
-117
-162
-201
-229
-226
-229
-233
-217
-177
-111
-69
-41
-11
47
84
122
136
155
205
228
233
245
260
270
266
238
213
214
206
170
128
83
51
20
-32
-80
-117
-142
-186
-219
-224
-197
-158
-161
-140
-104
-70
-46
-20
17
52
63
73
79
104
132
136
137
138
158
178
180
195
207
208
200
179
150
113
75
40
1
-52
-103
-144
-175
-191
-186
-158
-133
-101
-62
-21
28
76
134
182
213
257
295
307
314
308
311
305
294
283
272
246
215
180
148
134
96
58
6
-34
-82
-118
-135
-139
-142
-152
-161
-137
-96
-92
-78
-34
16
75
99
115
147
202
232
218
208
221
271
264
239
217
214
208
181
140
121
114
89
31
-19
-51
-86
-115
-130
-142
-156
-159
-152
-145
-129
-99
-78
-45
3
22
56
84
102
113
122
127
129
129
136
145
134
141
140
142
133
129
135
110
87
44
19
14
-2
-9
-11
-1
0
-1
9
38
70
105
130
156
192
213
232
248
249
252
240
235
234
227
217
188
180
175
159
134
111
101
80
58
26
5
-5
-22
-32
-44
-42
-47
-27
-18
-9
23
53
84
114
136
157
169
181
191
191
212
202
181
167
161
148
127
106
109
101
71
53
27
23
12
1
-15
-28
-34
-37
-35
-47
-52
-46
-19
16
32
45
68
108
122
121
131
134
128
121
95
78
70
71
53
31
10
4
20
9
3
-1
-14
-25
-25
-23
-19
-13
-9
7
23
37
73
99
135
167
207
237
256
270
267
283
278
245
231
208
180
164
146
113
81
60
36
22
13
5
4
4
-3
-11
-16
-10
18
19
6
22
42
62
77
102
133
167
179
190
210
224
243
240
229
222
204
181
166
145
131
116
99
68
45
31
22
25
1
-10
-28
-45
-42
-56
-55
-54
-36
-38
-14
13
49
80
115
151
170
212
218
228
216
213
202
170
148
102
71
54
22
2
-3
6
7
-2
7
17
16
11
-2
-6
9
10
12
12
21
48
74
106
146
179
212
234
250
276
284
278
261
248
224
202
185
157
117
87
62
46
50
57
68
58
47
52
53
36
29
33
46
24
-10
-22
-11
7
21
34
60
88
127
155
178
200
224
229
235
241
238
219
182
152
120
107
77
46
34
30
11
12
7
3
24
35
38
52
41
46
40
33
42
39
63
68
83
100
119
127
144
161
168
181
180
179
158
139
108
98
74
46
34
24
35
33
23
13
31
42
41
52
50
66
76
77
71
86
97
90
96
105
117
124
123
134
146
147
156
157
163
148
132
115
117
126
108
87
76
74
77
57
45
71
92
109
90
86
108
118
114
92
94
106
105
82
62
68
68
63
38
36
48
47
46
37
47
65
53
47
43
52
46
31
48
48
49
38
43
50
72
90
111
138
153
168
160
173
178
180
172
154
159
143
126
108
101
107
90
57
36
29
29
25
3
15
21
16
7
-15
-16
10
23
39
48
75
99
115
136
162
178
189
194
207
225
221
212
205
212
204
177
152
141
126
88
59
39
36
35
14
-8
-10
-3
-6
-10
-12
11
37
40
60
86
108
129
128
148
174
187
191
192
211
224
207
179
166
172
164
135
102
73
62
39
4
-11
-25
-21
-35
-46
-53
-42
-30
-36
-10
0
29
44
60
84
105
129
157
190
220
238
250
258
280
290
277
258
245
232
215
175
148
131
110
84
58
49
40
23
12
12
18
20
22
26
31
58
62
67
85
102
116
134
147
179
203
221
233
251
264
274
270
266
267
249
212
183
173
149
124
76
54
41
25
-4
-28
-17
-10
-7
-2
6
21
44
67
62
79
104
137
163
183
203
220
222
235
253
262
256
239
224
208
172
136
114
98
87
56
39
11
2
0
-12
-8
3
1
11
18
17
30
41
53
66
90
99
107
131
159
167
185
192
207
218
219
224
221
233
208
181
163
143
132
120
97
83
73
52
29
23
23
36
55
55
58
76
82
82
92
126
160
183
203
213
228
241
249
250
248
258
256
244
218
205
196
164
132
110
93
71
52
42
25
9
26
19
18
29
28
33
34
29
56
66
93
110
117
130
144
175
191
217
215
225
213
209
205
186
174
158
151
129
110
95
81
61
55
60
65
55
49
56
62
66
69
60
80
80
73
79
91
123
151
161
172
179
191
194
198
216
210
213
198
169
164
157
148
136
113
104
91
70
72
82
96
118
107
125
133
136
141
149
175
179
186
172
180
198
206
236
250
243
245
238
238
247
236
231
198
171
161
143
123
111
113
94
73
55
69
81
93
92
93
111
124
143
148
145
153
159
159
163
177
181
178
197
190
188
186
190
203
203
194
187
174
165
131
130
113
100
108
90
84
86
95
94
101
102
130
133
130
140
141
146
156
166
157
151
170
174
181
192
179
173
168
161
170
166
161
151
136
118
109
99
83
81
81
82
81
81
96
113
136
166
183
183
192
209
221
224
221
225
230
240
218
215
222
217
217
199
187
179
165
152
133
120
109
99
82
61
59
67
75
78
82
99
116
125
147
170
173
179
187
195
193
188
188
185
178
166
165
142
144
151
149
133
119
124
111
94
85
81
80
74
57
44
39
51
55
62
80
83
94
104
113
143
162
168
180
186
191
188
187
190
189
193
177
170
175
172
169
168
152
149
140
138
117
104
90
69
59
49
46
41
53
80
88
99
119
130
164
174
180
211
209
219
208
198
197
189
183
160
147
132
128
112
100
93
85
79
66
49
45
53
57
39
31
43
47
54
65
72
85
102
112
131
151
167
171
176
180
178
180
183
176
167
153
137
132
127
128
111
102
84
80
67
61
51
53
50
45
34
18
28
30
34
47
52
51
71
81
95
101
122
137
161
165
154
164
165
162
158
152
140
136
124
121
126
115
115
96
81
82
75
70
64
51
50
52
44
39
35
60
73
78
93
101
116
136
128
120
138
146
149
136
126
123
115
102
105
96
101
94
81
81
87
88
78
68
78
79
77
63
61
61
58
52
47
61
68
69
64
68
71
76
77
80
67
72
68
61
69
73
78
70
67
56
62
78
81
92
84
87
88
84
81
76
86
76
76
74
66
62
60
66
81
80
79
93
89
91
101
111
121
114
116
106
116
117
99
107
104
96
90
85
94
105
85
77
81
82
69
57
42
39
42
38
34
30
27
34
40
33
45
53
61
71
69
84
91
101
109
109
113
116
119
122
124
128
118
107
103
116
112
99
103
98
93
70
70
57
48
37
18
9
-9
-8
-13
-21
-17
-4
-13
-19
-16
-4
-9
7
7
6
22
27
35
39
53
65
82
82
91
104
106
99
109
104
107
111
103
95
86
81
76
78
63
59
52
46
48
51
54
52
65
75
75
70
69
65
61
69
74
79
74
67
64
70
76
68
