SAMPLES:	7682
BITSPERSAMPLE:	16
CHANNELS:	1
SAMPLERATE:	16000
NORMALIZED:	FALSE
-7
-4
-9
-8
-5
-6
7
8
3
5
8
14
22
33
36
44
46
48
51
50
51
58
60
61
72
73
73
73
78
80
85
92
94
98
101
111
110
119
121
124
136
144
140
150
156
156
149
136
136
128
137
132
133
133
131
141
134
138
135
121
129
120
119
125
124
118
114
123
110
116
114
110
104
103
100
97
106
105
100
91
83
75
78
77
72
63
61
60
55
62
52
43
42
42
39
49
44
47
52
45
54
44
48
39
44
53
58
59
45
50
47
38
39
29
17
10
10
3
7
13
9
4
5
0
1
11
8
13
14
21
16
15
15
9
11
5
4
15
17
26
36
27
16
23
25
28
14
12
9
10
12
9
3
-9
-20
-24
-18
-24
-20
-22
-21
-33
-26
-26
-27
-22
-33
-26
-27
-39
-31
-23
-30
-26
-28
-26
-31
-33
-37
-46
-51
-54
-57
-56
-53
-49
-44
-61
-62
-57
-54
-60
-61
-69
-69
-72
-73
-77
-80
-82
-86
-92
-92
-95
-89
-90
-89
-80
-88
-86
-88
-83
-78
-69
-78
-77
-80
-74
-82
-73
-68
-80
-71
-77
-79
-75
-75
-69
-67
-71
-59
-49
-44
-47
-45
-44
-40
-33
-26
-19
-16
-15
-16
-4
-3
12
11
16
15
12
14
16
25
26
33
25
20
11
12
12
19
15
14
6
8
6
3
4
-14
-10
-10
-14
-13
-11
-2
-9
-7
-11
0
0
-11
2
10
13
5
12
10
7
6
4
2
-3
3
3
-1
1
-8
-14
-25
-29
-25
-15
-9
-18
-17
-21
-23
-32
-34
-23
-21
-25
-35
-44
-46
-53
-60
-72
-81
-83
-84
-94
-91
-103
-103
-90
-98
-97
-89
-83
-96
-97
-93
-75
-72
-80
-74
-78
-74
-67
-67
-66
-72
-73
-65
-77
-66
-63
-64
-61
-73
-65
-71
-72
-67
-73
-72
-69
-76
-73
-65
-77
-81
-73
-65
-73
-81
-85
-93
-85
-89
-89
-90
-84
-91
-90
-92
-96
-88
-94
-105
-102
-102
-119
-117
-126
-130
-126
-128
-124
-125
-130
-130
-134
-133
-131
-130
-124
-133
-128
-131
-135
-139
-153
-150
-137
-128
-127
-138
-139
-143
-150
-138
-130
-127
-129
-127
-125
-124
-132
-130
-131
-122
-119
-119
-124
-127
-106
-111
-120
-107
-113
-122
-113
-116
-111
-102
-105
-104
-99
-100
-101
-100
-96
-89
-82
-83
-91
-76
-61
-63
-70
-70
-78
-73
-80
-81
-75
-88
-83
-88
-86
-78
-80
-86
-81
-82
-76
-85
-83
-74
-77
-83
-86
-91
-89
-84
-82
-82
-83
-80
-75
-70
-69
-64
-58
-59
-59
-64
-65
-64
-59
-49
-58
-45
-44
-40
-26
-23
-26
-18
-10
-11
-3
-1
-3
0
7
7
-6
-9
-5
-13
-12
-20
-30
-31
-23
-28
-28
-31
-22
-18
-14
-14
-16
-6
-8
-6
-5
6
3
9
6
-2
0
7
12
16
24
19
20
23
20
17
16
23
33
35
30
45
49
53
59
61
67
75
78
76
82
76
73
81
97
91
86
87
92
102
93
87
90
99
91
85
79
82
87
103
97
90
92
93
100
108
116
115
127
126
129
131
129
147
151
154
152
153
157
151
164
158
164
171
165
182
194
196
199
198
204
207
205
211
206
211
211
215
219
217
221
221
215
212
200
202
201
209
220
224
228
233
239
237
236
240
242
242
242
246
249
253
254
246
259
251
249
244
245
247
248
258
258
260
254
266
259
265
263
258
262
258
260
243
250
245
247
245
238
244
239
237
236
243
245
240
243
233
238
247
239
241
245
251
264
262
266
264
265
258
258
258
251
256
249
256
248
251
250
249
245
245
245
242
229
228
238
236
231
230
226
224
218
217
214
195
200
193
196
199
197
196
196
194
202
199
200
215
206
212
209
212
212
230
225
219
220
222
224
208
220
210
204
203
204
201
197
189
188
190
189
191
191
190
194
195
199
204
205
212
206
202
208
211
199
200
195
189
192
189
208
201
202
205
210
203
213
202
197
205
198
194
202
202
209
207
206
216
205
219
209
206
205
203
200
192
187
190
202
190
187
193
193
184
178
181
169
167
168
161
169
159
160
164
160
145
140
137
145
141
148
147
138
137
133
144
132
131
121
118
118
128
114
106
101
98
93
90
89
80
80
67
61
55
56
54
52
46
36
26
26
21
4
2
3
-5
-17
-14
-21
-36
-36
-32
-39
-47
-42
-47
-49
-48
-52
-51
-52
-53
-60
-60
-65
-62
-68
-68
-53
-63
-72
-62
-62
-68
-70
-67
-62
-64
-74
-69
-65
-70
-75
-63
-50
-52
-47
-57
-64
-52
-55
-47
-46
-51
-35
-44
-51
-54
-55
-57
-51
-56
-50
-53
-63
-69
-61
-66
-69
-68
-68
-68
-83
-84
-82
-84
-88
-94
-97
-102
-108
-108
-111
-114
-127
-134
-136
-131
-137
-136
-141
-143
-148
-151
-146
-164
-162
-168
-162
-167
-181
-185
-181
-168
-176
-170
-176
-185
-190
-184
-190
-187
-178
-178
-179
-180
-177
-192
-189
-196
-188
-177
-188
-184
-180
-187
-185
-185
-189
-190
-192
-192
-182
-193
-177
-176
-186
-182
-184
-185
-182
-174
-168
-160
-156
-158
-157
-165
-159
-164
-167
-148
-158
-151
-147
-153
-152
-166
-188
-184
-192
-194
-191
-196
-201
-210
-200
-201
-211
-207
-211
-212
-215
-222
-221
-221
-238
-231
-235
-247
-236
-237
-245
-249
-240
-246
-252
-249
-254
-245
-239
-235
-234
-234
-236
-235
-229
-231
-236
-240
-239
-242
-244
-246
-231
-223
-218
-218
-222
-234
-238
-242
-254
-250
-241
-244
-241
-236
-249
-245
-238
-245
-249
-233
-236
-246
-243
-250
-234
-232
-240
-235
-234
-235
-241
-235
-234
-235
-242
-244
-245
-255
-257
-256
-265
-262
-265
-274
-258
-260
-269
-262
-275
-277
-275
-284
-282
-273
-272
-274
-275
-276
-272
-260
-254
-250
-245
-242
-241
-252
-245
-241
-233
-230
-233
-224
-225
-227
-223
-228
-232
-227
-229
-220
-229
-236
-226
-220
-226
-231
-220
-217
-211
-205
-206
-203
-197
-192
-201
-201
-201
-198
-203
-205
-207
-208
-208
-209
-205
-207
-197
-201
-196
-203
-209
-206
-213
-214
-231
-235
-236
-243
-231
-240
-243
-245
-245
-247
-252
-244
-255
-248
-239
-254
-249
-250
-260
-257
-259
-265
-264
-259
-258
-257
-251
-253
-254
-262
-260
-268
-269
-264
-273
-269
-276
-270
-277
-279
-268
-276
-275
-265
-271
-273
-276
-284
-281
-284
-288
-298
-287
-291
-305
-297
-296
-304
-299
-294
-297
-289
-284
-285
-287
-286
-278
-270
-273
-267
-276
-270
-262
-269
-265
-263
-268
-261
-259
-253
-250
-246
-241
-231
-238
-245
-244
-246
-248
-250
-241
-246
-244
-249
-238
-234
-238
-234
-242
-241
-244
-240
-239
-236
-240
-224
-220
-218
-209
-204
-202
-211
-213
-220
-220
-218
-215
-213
-217
-227
-215
-214
-219
-212
-209
-204
-195
-195
-193
-195
-184
-185
-191
-180
-180
-184
-183
-175
-172
-166
-168
-173
-181
-176
-173
-176
-172
-176
-160
-164
-165
-165
-174
-168
-170
-170
-177
-177
-179
-173
-170
-186
-183
-183
-188
-181
-182
-184
-184
-189
-190
-198
-205
-195
-190
-198
-198
-205
-217
-202
-209
-202
-207
-202
-197
-191
-202
-201
-195
-197
-194
-204
-212
-212
-195
-207
-197
-189
-199
-200
-184
-181
-185
-181
-191
-191
-185
-181
-180
-178
-169
-178
-160
-164
-166
-163
-168
-148
-146
-151
-158
-159
-165
-162
-167
-169
-165
-168
-165
-162
-160
-168
-168
-167
-164
-178
-175
-184
-189
-186
-186
-183
-188
-197
-204
-200
-200
-198
-195
-189
-191
-197
-213
-208
-205
-210
-215
-210
-215
-209
-200
-203
-212
-208
-207
-211
-196
-206
-203
-189
-194
-202
-200
-197
-196
-183
-198
-196
-185
-179
-186
-177
-184
-191
-189
-190
-186
-190
-180
-179
-164
-176
-166
-158
-161
-159
-156
-148
-139
-133
-148
-147
-151
-151
-149
-151
-146
-156
-162
-159
-168
-176
-188
-193
-188
-182
-187
-194
-189
-194
-192
-193
-185
-188
-194
-195
-190
-192
-196
-193
-200
-197
-193
-196
-197
-196
-190
-191
-190
-193
-199
-192
-183
-188
-185
-173
-180
-179
-184
-182
-176
-175
-179
-182
-182
-188
-188
-185
-189
-198
-196
-192
-194
-184
-190
-190
-187
-190
-191
-186
-169
-176
-178
-180
-174
-171
-166
-158
-155
-159
-181
-196
-189
-181
-178
-162
-156
-142
-130
-114
-92
-93
-89
-49
-25
-28
-33
5
87
147
102
8
-44
-100
-152
-152
-135
-100
-15
59
6
-52
-7
120
207
209
195
178
199
149
65
-27
-77
-51
5
-10
-78
-175
-226
-193
-143
-131
-189
-178
-166
-215
-294
-301
-269
-252
-213
-246
-257
-289
-258
-265
-233
-193
-145
-123
-158
-185
-227
-213
-209
-168
-177
-157
-156
-144
-167
-140
-76
-54
-49
-53
-58
-96
-54
-22
-37
-47
-25
17
-1
-64
-115
-113
-106
-107
-104
-129
-168
-203
-216
-179
-190
-233
-273
-288
-344
-357
-332
-344
-357
-392
-445
-523
-546
-564
-628
-724
-748
-772
-818
-865
-885
-887
-907
-923
-879
-771
-679
-608
-541
-513
-472
-375
-288
-266
-214
-127
-44
39
77
121
189
258
276
235
198
229
224
172
141
141
123
98
72
13
-20
-2
-7
-59
-110
-131
-131
-142
-135
-99
-51
10
31
34
91
146
174
190
215
268
309
336
330
331
339
330
347
343
280
213
168
102
26
-69
-152
-275
-401
-483
-599
-755
-896
-1052
-1233
-1347
-1364
-1222
-1078
-991
-991
-953
-826
-647
-508
-480
-423
-300
-236
-178
-150
-4
251
483
576
598
646
758
799
748
701
691
713
602
460
345
340
411
377
305
178
88
30
-95
-219
-291
-289
-344
-458
-552
-541
-483
-414
-411
-357
-279
-189
-103
-61
18
149
285
405
509
592
701
806
862
917
927
916
853
785
676
569
492
392
300
163
28
-95
-188
-321
-452
-622
-761
-926
-1152
-1365
-1587
-1796
-1936
-1876
-1670
-1524
-1413
-1344
-1190
-996
-780
-627
-589
-479
-364
-285
-227
-149
68
378
605
709
786
919
1080
1097
1054
989
997
892
681
502
378
388
347
239
119
-9
-113
-210
-330
-473
-553
-674
-826
-996
-1049
-1021
-948
-874
-823
-700
-614
-394
-241
-119
81
237
368
465
652
750
873
994
1070
1125
1070
1027
966
896
798
679
502
361
187
33
-93
-261
-431
-647
-814
-1087
-1335
-1563
-1818
-1996
-2115
-2007
-1896
-1828
-1808
-1689
-1450
-1158
-899
-789
-604
-408
-280
-199
-136
29
295
526
632
712
880
1134
1287
1369
1365
1423
1386
1210
1013
799
756
651
435
245
139
54
-16
-94
-204
-247
-332
-470
-682
-801
-857
-833
-861
-916
-840
-712
-472
-283
-63
162
402
624
766
922
1008
1105
1155
1138
1125
1109
1059
1054
1005
934
885
778
677
496
326
109
-136
-435
-757
-1057
-1344
-1546
-1604
-1536
-1531
-1514
-1512
-1367
-1162
-955
-782
-703
-554
-473
-387
-323
-172
67
254
396
490
634
857
1106
1269
1397
1481
1544
1498
1397
1329
1309
1264
1114
979
838
750
701
621
555
495
403
272
139
47
-1
-86
-198
-321
-405
-426
-374
-306
-217
-54
93
252
423
642
846
1030
1127
1158
1181
1133
1104
1030
951
882
786
676
622
557
507
433
297
118
-121
-367
-652
-821
-907
-980
-1071
-1196
-1219
-1100
-920
-724
-599
-447
-293
-210
-123
-77
57
157
210
217
217
350
516
691
831
980
1134
1225
1256
1293
1321
1350
1297
1151
1009
911
860
788
743
704
649
587
511
473
473
442
365
240
130
66
-2
-34
-40
0
53
107
200
347
536
708
806
885
960
1004
1028
982
904
794
669
524
399
298
193
76
-74
-235
-404
-577
-652
-572
-553
-595
-705
-761
-709
-595
-456
-459
-357
-279
-193
-94
1
216
391
519
562
588
656
800
878
938
983
1024
984
940
945
965
1047
997
921
854
817
801
769
705
655
567
478
379
322
288
272
252
135
108
57
79
125
181
213
240
313
365
535
658
785
829
887
959
1010
1024
1018
988
898
812
636
527
385
275
100
-108
-311
-548
-720
-928
-945
-918
-965
-1040
-1147
-1097
-954
-761
-697
-632
-506
-410
-257
-175
-20
186
321
420
459
531
686
831
929
1003
1086
1116
1100
1136
1163
1177
1139
992
904
838
774
721
594
530
455
363
254
188
178
142
98
-34
-112
-147
-154
-141
-128
-106
-59
9
84
252
403
569
670
760
870
979
1064
1067
1076
976
903
779
632
527
380
219
30
-182
-418
-600
-725
-715
-735
-828
-955
-1010
-955
-857
-736
-746
-678
-619
-529
-417
-330
-147
7
126
179
271
389
557
729
845
950
1048
1069
1121
1209
1267
1304
1235
1161
1115
1080
1042
1000
923
861
775
677
571
557
511
454
355
207
182
103
74
32
-1
-21
-11
18
91
233
353
465
534
651
745
871
910
936
919
835
783
668
592
486
374
211
43
-158
-327
-419
-430
-413
-487
-595
-672
-617
-559
-454
-475
-449
-399
-395
-329
-301
-192
-102
2
31
72
162
301
444
549
651
738
798
864
979
1044
1122
1098
1053
1063
1089
1093
1064
1044
1019
973
908
841
818
817
743
659
535
504
476
453
395
331
311
300
300
310
405
471
532
541
573
638
720
733
695
661
591
526
417
328
222
112
-35
-212
-360
-503
-539
-493
-478
-484
-556
-542
-460
-323
-207
-216
-137
-140
-90
-59
-18
88
140
204
184
209
269
376
453
502
528
571
594
633
710
765
822
772
751
755
770
769
720
699
669
613
547
519
564
570
562
508
453
479
496
519
480
475
456
460
461
474
556
619
652
633
664
722
783
756
720
627
513
418
257
128
-42
-202
-394
-590
-745
-903
-891
-849
-838
-856
-906
-813
-696
-519
-431
-373
-252
-199
-89
-48
58
174
248
292
280
314
393
493
539
603
639
692
725
782
854
896
902
814
781
767
745
683
605
564
502
427
364
334
349
330
297
230
228
263
275
274
264
296
324
374
414
513
614
698
723
743
796
848
868
813
739
638
541
423
291
147
-28
-176
-391
-600
-794
-874
-863
-916
-966
-1062
-1026
-935
-820
-702
-661
-531
-439
-329
-242
-127
38
109
177
181
219
308
392
461
502
564
620
665
710
794
869
903
879
850
869
875
862
794
732
673
592
502
429
417
362
286
182
132
150
162
174
151
175
200
233
272
362
467
531
568
576
644
725
778
763
727
664
588
518
407
313
163
-3
-207
-417
-581
-690
-682
-739
-796
-884
-861
-780
-665
-554
-513
-387
-325
-228
-173
-64
90
151
191
182
236
324
397
445
484
553
580
596
650
753
852
894
870
869
947
983
1008
976
954
936
863
812
772
789
747
677
557
506
520
516
517
468
472
465
485
505
560
658
713
732
697
734
776
806
784
732
653
569
491
382
318
200
69
-101
-291
-446
-526
-509
-554
-614
-691
-666
-590
-483
-365
-313
-180
-109
-26
52
159
308
376
420
394
413
467
520
553
571
613
623
632
661
736
795
827
784
768
812
841
869
829
824
815
745
691
664
695
669
619
555
526
543
552
568
565
586
592
634
637
702
799
849
879
858
899
925
940
899
840
762
651
558
438
348
215
67
-126
-303
-479
-589
-594
-641
-687
-786
-790
-705
-619
-516
-477
-350
-266
-195
-120
-24
162
266
349
360
410
496
587
625
650
694
707
720
704
774
838
874
843
787
814
842
869
832
806
779
688
620
552
557
524
474
385
315
349
347
363
366
384
400
437
468
526
634
707
758
754
821
876
914
899
859
821
726
650
531
435
332
196
18
-169
-348
-495
-524
-574
-646
-739
-798
-769
-697
-604
-574
-517
-438
-386
-319
-251
-112
8
74
78
95
176
273
347
367
435
493
516
528
598
696
757
774
743
764
817
842
843
819
826
788
710
636
612
606
546
458
357
342
328
296
268
243
249
250
259
289
366
461
515
520
550
609
661
670
639
615
559
489
394
314
243
142
32
-108
-257
-400
-476
-498
-551
-620
-717
-747
-702
-626
-571
-544
-451
-373
-294
-232
-128
7
97
141
140
163
208
273
294
306
332
362
384
414
488
573
634
627
626
674
726
743
711
703
685
630
590
555
570
555
513
442
392
404
395
386
351
342
341
349
353
381
448
502
521
527
566
605
643
617
594
545
477
406
304
239
142
38
-85
-232
-373
-507
-599
-645
-700
-781
-858
-895
-837
-768
-703
-679
-600
-498
-404
-308
-219
-92
22
101
133
180
250
337
384
398
428
460
484
499
531
575
613
625
614
642
691
706
690
664
658
629
592
547
519
503
454
387
326
326
323
301
274
268
279
312
320
353
429
478
509
506
552
609
650
671
666
668
631
590
517
455
399
295
185
52
-88
-225
-364
-493
-581
-628
-709
-786
-828
-794
-747
-701
-674
-623
-524
-423
-326
-283
-176
-54
42
81
126
201
302
370
382
430
493
553
560
559
602
675
705
706
741
790
825
813
790
782
784
736
657
602
555
509
421
338
302
268
240
193
181
193
197
206
222
271
316
365
384
429
498
552
582
582
586
600
583
523
469
406
341
250
136
31
-94
-219
-365
-491
-553
-603
-680
-754
-771
-751
-720
-684
-660
-575
-490
-417
-349
-279
-150
-43
17
61
127
197
261
294
318
379
434
466
482
514
588
668
700
720
766
818
839
830
832
860
853
792
745
714
685
640
568
487
457
415
349
293
280
268
248
239
239
290
324
353
388
440
512
546
563
588
604
595
545
489
457
402
348
254
161
84
-20
-126
-253
-351
-422
-471
-534
-605
-649
-644
-615
-590
-564
-515
-432
-339
-265
-212
-110
5
83
124
173
241
291
337
361
401
464
520
545
577
635
705
741
768
799
864
910
931
920
924
952
903
851
790
755
706
617
535
468
435
382
320
267
232
219
215
216
250
293
324
341
360
418
471
508
520
523
521
498
466
418
383
343
283
206
125
79
4
-77
-167
-279
-360
-403
-432
-487
-512
-523
-507
-488
-463
-427
-356
-276
-236
-186
-116
-33
62
126
165
217
271
327
368
414
485
542
573
595
648
715
777
820
854
894
939
946
946
964
977
951
881
823
776
730
683
613
535
481
427
371
347
345
333
315
287
286
325
351
362
366
404
440
441
437
454
492
495
475
440
417
402
359
299
258
233
179
114
32
-33
-96
-176
-234
-272
-307
-348
-384
-384
-368
-351
-337
-319
-272
-207
-159
-100
-25
53
141
205
263
340
405
470
535
600
673
746
782
823
890
952
982
1009
1039
1077
1085
1076
1066
1050
1042
990
939
884
843
781
716
650
590
558
490
433
401
384
363
338
332
346
364
377
380
400
449
469
482
493
512
542
537
529
528
531
521
501
480
466
434
394
335
250
163
68
-38
-123
-180
-249
-315
-353
-388
-406
-390
-375
-347
-298
-245
-191
-124
-67
22
122
209
287
351
429
504
586
661
720
771
806
840
862
890
927
935
925
925
924
905
885
859
837
818
765
714
667
613
554
470
406
360
290
224
173
131
110
92
64
76
107
135
170
191
245
298
334
366
403
435
454
463
469
490
496
499
467
441
428
389
350
285
201
108
11
-97
-204
-283
-356
-428
-484
-506
-495
-478
-440
-394
-319
-247
-173
-88
-4
101
187
263
333
406
467
538
613
648
695
738
763
788
782
803
836
829
805
798
820
823
799
767
749
729
677
619
577
519
465
380
304
242
194
147
103
66
51
60
46
67
112
168
224
272
324
383
434
476
482
512
536
544
539
544
539
505
496
463
425
368
304
243
155
63
-32
-130
-246
-344
-412
-460
-488
-525
-554
-538
-499
-464
-412
-371
-316
-236
-182
-135
-76
-8
63
108
138
183
238
282
307
334
362
397
416
398
394
398
411
413
384
360
375
353
325
297
264
247
194
147
97
44
8
-52
-105
-140
-156
-185
-196
-185
-140
-116
-80
-23
40
115
167
205
240
303
325
324
330
338
340
325
294
265
244
214
173
127
70
31
-21
-66
-105
-153
-214
-284
-360
-417
-473
-511
-537
-560
-578
-585
-570
-553
-516
-481
-453
-410
-353
-292
-246
-200
-119
-59
-8
28
62
97
144
166
167
188
187
184
163
162
161
144
116
95
87
85
87
71
51
48
32
-8
-39
-50
-74
-100
-134
-169
-164
-159
-160
-151
-143
-130
-93
-71
-47
-12
24
37
43
54
58
66
55
42
22
-2
-8
-24
-31
-39
-38
-56
-87
-107
-135
-145
-189
-235
-283
-322
-374
-431
-487
-532
-589
-647
-687
-726
-738
-752
-764
-767
-747
-713
-690
-667
-611
-557
-511
-483
-453
-394
-336
-302
-291
-276
-252
-233
-229
-226
-204
-189
-185
-190
-200
-197
-169
-173
-178
-156
-141
-131
-129
-136
-123
-114
-146
-169
-172
-177
-200
-241
-262
-278
-279
-285
-304
-296
-272
-262
-266
-254
-217
-186
-175
-179
-166
-143
-128
-137
-139
-116
-105
-112
-118
-106
-107
-109
-109
-120
-132
-145
-169
-202
-235
-264
-308
-358
-418
-470
-529
-591
-648
-714
-767
-784
-822
-848
-862
-876
-859
-833
-809
-777
-710
-668
-615
-582
-529
-459
-411
-367
-344
-304
-260
-235
-239
-218
-196
-176
-170
-163
-146
-113
-93
-105
-90
-71
-49
-47
-46
-48
-39
-41
-86
-113
-133
-149
-186
-223
-254
-267
-276
-290
-310
-301
-271
-259
-245
-230
-193
-167
-152
-140
-122
-97
-92
-102
-109
-99
-93
-98
-119
-110
-96
-100
-116
-122
-152
-161
-176
-209
-229
-278
-305
-347
-410
-452
-503
-563
-618
-687
-727
-750
-759
-777
-802
-799
-799
-786
-760
-734
-700
-644
-612
-590
-564
-526
-450
-409
-381
-351
-305
-259
-232
-209
-176
-150
-120
-117
-126
-99
-61
-46
-52
-56
-46
-28
-35
-31
-28
-6
-15
-54
-79
-87
-95
-120
-175
-204
-211
-230
-253
-263
-256
-258
-257
-275
-262
-229
-215
-211
-215
-207
-205
-204
-213
-231
-222
-202
-204
-210
-197
-163
-154
-145
-143
-135
-126
-124
-138
-163
-166
-184
-217
-250
-280
-315
-337
-376
-443
-492
-547
-591
-623
-654
-690
-731
-747
-752
-746
-734
-717
-701
-677
-650
-596
-554
-495
-433
-387
-357
-328
-290
-236
-194
-161
-115
-85
-43
-17
24
66
99
132
131
146
170
179
182
165
158
144
112
76
51
19
-19
-84
-145
-169
-186
-208
-225
-252
-261
-262
-272
-278
-263
-224
-198
-196
-189
-162
-132
-97
-71
-37
-5
26
46
77
106
129
158
145
155
152
159
146
119
93
52
8
-43
-98
-150
-199
-259
-331
-413
-495
-562
-618
-670
-709
-762
-784
-804
-806
-779
-756
-728
-694
-637
-577
-500
-430
-363
-285
-215
-153
-101
-55
13
62
82
102
126
138
147
137
140
156
140
123
113
117
104
72
44
18
-12
-47
-95
-125
-147
-167
-186
-220
-230
-217
-211
-206
-211
-187
-178
-163
-135
-109
-80
-68
-42
-32
7
50
69
92
109
132
150
151
153
168
163
154
132
108
91
58
28
-11
-47
-88
-132
-175
-214
-257
-304
-352
-388
-415
-455
-492
-513
-540
-553
-559
-546
-538
-534
-501
-472
-432
-406
-373
-337
-289
-268
-242
-204
-176
-134
-116
-103
-84
-54
-38
-21
2
37
69
70
87
93
127
148
137
145
147
156
142
117
101
84
48
10
-38
-72
-81
-103
-126
-142
-155
-144
-132
-128
-101
-79
-63
-56
-51
-28
-9
6
15
12
27
40
42
45
57
74
62
54
45
35
42
47
31
17
10
-4
-25
-52
-59
-76
-106
-136
-177
-219
-261
-324
-390
-437
-490
-550
-620
-689
-713
-726
-747
-772
-786
-756
-719
-689
-657
-611
-533
-469
-412
-345
-275
-188
-99
-48
-5
44
103
133
136
149
154
166
140
113
107
108
94
62
35
22
16
-5
-25
-44
-47
-51
-70
-92
-86
-95
-126
-138
-151
-149
-147
-146
-135
-111
-91
-60
-20
5
49
93
116
145
177
216
248
257
262
266
267
258
247
232
200
168
120
61
13
-38
-92
-150
-207
-276
-330
-377
-415
-453
-480
-499
-526
-548
-560
-559
-548
-541
-551
-552
-531
-497
-479
-463
-441
-404
-358
-326
-295
-245
-183
-138
-112
-89
-36
13
51
72
95
132
145
138
141
140
159
136
104
83
73
78
71
54
43
36
37
16
-2
14
15
10
-2
2
12
39
49
47
60
86
94
95
108
103
104
87
81
59
43
26
-7
-28
-58
-84
-97
-131
-142
-156
-171
-207
-213
-218
-223
-222
-239
-238
-262
-239
-230
-223
-223
-195
-201
-197
-193
-221
-224
-236
-263
-279
-297
-321
-309
-322
-329
-355
-382
-378
-442
-474
-465
-482
-490
-485
-492
-448
-448
-426
-400
-381
-341
-404
-245
-306
-215
-179
-160
-93
-113
-32
-32
38
36
90
77
84
111
113
136
143
160
120
143
98
96
56
30
8
-54
-48
-94
-100
-125
-135
-145
-149
-149
-152
-144
-121
-125
-103
-101
-67
-53
-32
-4
-4
23
20
37
42
53
49
26
17
-24
-48
-84
-104
-142
-166
-202
-229
-253
-277
-306
-326
-364
-376
-392
-449
-470
-495
-515
-542
-553
-569
-608
-618
-638
-635
-643
-629
-621
-612
-591
-581
-557
-533
-493
-460
-399
-344
-302
-242
-197
-129
-100
-72
-30
-7
27
14
28
17
39
28
8
-6
-18
2
-2
-10
0
-2
8
27
35
41
46
40
36
40
40
56
33
30
24
11
-9
-25
-28
-50
-62
-73
-86
-112
-111
-103
-118
-111
-114
-106
-116
-100
-95
-87
-84
-106
-102
-120
-122
-122
-135
-149
-164
-193
-194
-197
-181
-209
-195
-210
-213
-206
-205
-211
-234
-237
-256
-261
-285
-298
-316
-344
-393
-437
-482
-501
-532
-566
-596
-611
-634
-647
-638
-630
-599
-578
-534
-495
-440
-390
-352
-289
-249
-200
-166
-117
-70
-24
-1
34
66
68
88
110
124
119
123
129
140
126
123
119
100
82
60
59
17
-1
-33
-49
-88
-121
-124
-146
-161
-182
-195
-194
-195
-194
-183
-178
-158
-133
-107
-103
-83
-67
-41
-22
-15
-2
-20
-7
-22
-26
-36
-56
-76
-101
-124
-154
-170
-191
-229
-250
-277
-318
-334
-370
-397
-415
-448
-480
-504
-504
-540
-524
-557
-552
-568
-591
-580
-602
-581
-602
-584
-583
-564
-538
-515
-472
-431
-377
-319
-244
-195
-145
-86
-33
16
54
93
120
141
149
143
151
137
136
108
107
103
89
73
52
64
41
42
23
35
11
12
15
2
-4
-19
-22
-35
-27
-33
-37
-49
-53
-58
-37
-46
-46
-38
-48
-40
-48
-35
-44
-36
-30
-21
-15
1
-1
-17
-16
-26
-35
-64
-75
-92
-121
-142
-178
-203
-239
-259
-295
-305
-312
-329
-337
-353
-350
-336
-310
-308
-295
-289
-278
-270
-270
-260
-261
-268
-268
-278
-292
-308
-321
-333
-357
-355
-382
-377
-383
-396
-396
-392
-369
-357
-336
-330
-296
-289
-257
-241
-226
-208
-189
-194
-190
-177
-168
-143
-156
-145
-139
-135
-141
-132
-113
-96
-84
-83
-69
-57
-37
-30
-23
-26
-23
-37
-38
-59
-79
-89
-102
-134
-162
-166
-190
-211
-237
-249
-253
-267
-278
-273
-269
-254
-244
-234
-226
-214
-196
-181
-170
-143
-126
-131
-120
-115
-114
-127
-131
-151
-159
-161
-179
-192
-208
-208
-219
-223
-236
-224
-220
-232
-236
-258
-257
-264
-282
-298
-309
-335
-355
-356
-373
-383
-388
-384
-379
-371
-359
-344
-320
-287
-263
-226
-190
-153
-109
-72
-31
7
44
65
96
120
136
137
133
128
117
116
110
90
79
63
45
41
25
22
8
-8
-22
-34
-42
-52
-68
-66
-79
-104
-116
-134
-144
-147
-146
-149
-160
-165
-170
-180
-193
-205
-208
-216
-228
-233
-232
-245
-237
-229
-235
-229
-235
-232
-228
-239
-242
-246
-254
-265
-289
-295
-304
-317
-317
-327
-342
-360
-359
-347
-341
-334
-334
-321
-303
-306
-285
-286
-281
-277
-277
-287
-298
-302
-311
-308
-316
-332
-339
-357
-351
-352
-360
-344
-344
-331
-325
-299
-289
-272
-257
-239
-227
-212
-196
-186
-167
-163
-163
-157
-162
-155
-151
-172
-174
-184
-188
-201
-221
-230
-236
-254
-281
-291
-304
-315
-326
-333
-365
-376
-381
-392
-407
-410
-398
-411
-429
-429
-424
-415
-414
-406
-407
-399
-392
-391
-374
-355
-324
-308
-290
-275
-258
-240
-222
-219
-194
-205
-192
-202
-211
-204
-221
-233
-256
-264
-284
-291
-305
-318
-320
-333
-344
-351
-342
-339
-352
-334
-333
-324
-311
-312
-303
-300
-303
-289
-293
-290
-290
-297
-299
-309
-314
-314
-334
-344
-343
-362
-372
-385
-395
-403
-415
-413
-423
-437
-423
-426
-434
-441
-452
-455
-467
-466
-460
-455
-445
-435
-417
-401
-383
-369
-334
-321
-302
-277
-241
-204
-199
-180
-168
-148
-140
-133
-124
-126
-126
-139
-154
-180
-182
-183
-204
-217
-229
-226
-229
-243
-259
-245
-240
-235
-240
-230
-223
-220
-204
-201
-199
-184
-191
-189
-178
-175
-176
-167
-155
-161
-157
-159
-161
-168
-166
-167
-173
-181
-183
-180
-191
-198
-188
-198
-211
-226
-235
-237
-261
-276
-290
-313
-335
-362
-378
-402
-423
-439
-464
-462
-466
-486
-486
-488
-500
-493
-488
-480
-466
-453
-446
-438
-413
-403
-390
-383
-369
-360
-340
-312
-317
-303
-279
-252
-244
-226
-209
-188
-171
-162
-130
-115
-106
-101
-82
-74
-56
-58
-72
-66
-83
-89
-105
-118
-138
-153
-159
-189
-197
-196
-200
-193
-201
-205
-198
-197
-193
-170
-166
-153
-156
-160
-135
-119
-120
-116
-107
-103
-91
-97
-101
-103
-112
-116
-134
-133
-142
-142
-148
-154
-163
-177
-182
-203
-204
-209
-221
-231
-256
-264
-277
-286
-309
-328
-338
-351
-354
-367
-373
-388
-384
-383
-390
-381
-375
-369
-361
-356
-352
-344
-341
-332
-335
-332
-330
-331
-335
-351
-347
-341
-342
-348
-349
-340
-328
-331
-326
-310
-309
-293
-293
-276
-257
-253
-256
-247
-236
-243
-234
-228
-228
-211
-211
-218
-208
-205
-212
-201
-197
-201
-208
-204
-198
-203
-198
-192
-187
-177
-188
-179
-175
-174
-165
-166
-156
-157
-159
-158
-152
-158
-170
-164
-165
-174
-173
-160
-160
-157
-151
-149
-157
-152
-157
-169
-173
-176
-190
-206
-210
-234
-253
-273
-275
-297
-328
-339
-356
-361
-381
-390
-393
-392
-384
-395
-395
-386
-399
-383
-382
-382
-360
-360
-354
-344
-341
-339
-332
-327
-313
-312
-311
-316
-298
-292
-294
-288
-281
-281
-281
-281
-281
-266
-252
-240
-232
-225
-218
-212
-205
-205
-189
-179
-179
-172
-158
-157
-143
-130
-124
-106
-94
-74
-58
-47
-21
7
16
37
47
62
86
96
110
132
131
144
159
163
163
159
155
143
140
123
104
98
80
64
44
29
13
0
-15
-12
-19
-34
-30
-33
-33
-33
-33
-34
-31
-35
-44
-49
-51
-50
-54
-51
-48
-54
-52
-47
-40
-35
-41
-30
-39
-35
-26
-25
-29
-36
-25
-27
-21
-15
-8
-13
-22
-32
-43
-50
-71
-60
-67
-71
-67
-59
-59
-66
-64
-67
-69
-61
-53
-53
-56
-44
-33
-27
-17
-10
1
-3
17
31
34
41
39
38
42
46
43
49
43
33
51
60
56
56
60
58
49
49
56
47
30
20
0
2
-6
-19
-20
-32
-48
-53
-51
-55
-61
-68
-77
-78
-79
-73
-77
-76
-80
-69
-68
-71
-54
-65
-56
-43
-45
-31
-22
-16
-8
-14
-6
-10
-7
1
8
14
14
12
19
37
35
35
28
19
17
22
1
-15
-23
-36
-37
-47
-68
-79
-80
-87
-97
-102
-94
-100
-108
-108
-108
-106
-109
-106
-98
-94
-95
-91
-92
-88
-81
-83
-87
-79
-82
-87
-80
-77
-68
-74
-81
-76
-66
-58
-42
-46
-38
-17
-15
-3
-12
-13
-9
-8
-6
0
0
0
4
9
22
24
30
30
42
60
63
70
78
91
85
79
86
90
95
100
98
91
90
88
84
72
59
56
41
33
36
24
30
12
2
-2
7
6
-9
-14
-28
-19
-26
-30
-37
-35
-40
-34
-47
-50
-51
-49
-51
-57
-42
-49
-49
-54
-50
-38
-39
-36
-40
-29
-20
-23
-15
-6
-4
1
-10
-19
-18
-19
-15
-25
-42
-53
-48
-49
-62
-49
-44
-27
-20
-5
7
27
41
41
48
58
62
61
68
73
67
68
79
77
75
84
89
97
95
95
103
104
108
104
112
116
109
108
106
111
119
114
121
120
126
139
139
125
130
138
131
129
123
127
133
132
137
132
123
126
116
112
125
129
119
122
139
127
119
118
110
102
94
88
95
82
67
61
42
42
50
56
56
50
53
52
56
67
70
81
93
96
92
95
97
102
103
102
98
100
101
104
100
87
98
91
92
87
84
95
87
86
87
91
94
99
88
83
83
79
73
56
68
66
62
57
49
40
31
34
36
43
44
52
45
60
73
83
95
97
97
99
102
109
113
100
105
100
101
98
98
85
80
82
80
77
63
56
59
62
45
51
47
47
38
24
28
21
25
19
22
22
9
9
2
1
-1
-3
-2
8
-2
-17
-12
-24
-32
-26
-27
-17
-22
-25
-28
-31
-21
-24
-25
-22
-16
-23
-25
-29
-34
-45
-46
-52
-72
-74
-89
-91
-97
-93
-106
-123
-119
-117
-126
-139
-141
-143
-147
-141
-126
-128
-123
-127
-131
-119
-124
-124
-119
-113
-117
-116
-113
-109
-102
-102
-94
-89
-73
-67
-64
-57
-48
-40
-40
-37
-41
-33
-33
-50
-53
-55
-77
-71
-65
-72
-76
-77
-80
-92
-106
-114
-118
-125
-124
-130
-126
-120
-124
-124
-110
-105
-111
-98
-89
-73
-79
-81
-82
-83
-80
-80
-72
-82
-85
-91
-99
-89
-93
-97
-94
-91
-99
-97
-90
-114
-111
-132
-142
-149
-159
-161
-173
-182
-181
-191
-205
-203
-187
-179
-192
-191
-179
-172
-163
-162
-161
-152
-149
-146
-134
-117
-109
-106
-96
-82
-72
-59
-29
-33
-20
-17
-31
-27
-31
-23
-29
-23
-16
-18
-27
-24
-23
-30
-45
-55
-51
-62
-77
-83
-85
-87
-97
-104
-98
-100
-106
-111
-113
-106
-104
-105
-107
-101
-82
-76
-72
-56
-58
-41
-30
-22
-7
22
40
45
63
82
104
108
106
115
123
123
120
112
122
105
102
107
115
116
111
108
101
106
99
91
83
76
75
71
64
62
63
67
74
83
88
110
120
139
138
146
168
170
184
177
180
183
191
186
177
182
182
173
169
177
168
169
159
149
157
152
149
146
133
125
117
108
84
78
79
71
70
63
62
63
58
49
50
48
30
36
31
31
45
37
45
56
45
62
68
80
92
85
97
100
91
98
93
97
90
89
92
88
90
94
79
72
72
76
79
71
75
78
78
65
66
53
65
60
50
56
59
59
44
53
50
46
54
60
58
54
47
54
57
58
60
61
70
71
68
67
67
73
75
85
105
102
103
116
122
131
133
138
154
155
164
164
169
181
182
186
198
197
191
193
203
197
206
215
207
206
197
196
202
203
204
191
186
184
172
169
175
166
161
151
149
151
137
133
134
144
150
153
152
163
166
164
173
171
172
172
170
177
178
170
168
146
154
143
128
117
106
102
90
82
77
66
63
57
48
46
45
46
33
44
39
28
38
29
35
37
37
34
33
46
59
69
74
78
74
97
113
130
129
132
136
136
144
141
138
142
138
137
132
127
124
117
103
97
101
97
90
76
75
63
62
51
45
42
39
34
37
35
24
37
49
42
45
54
67
66
67
71
65
73
70
71
72
75
81
81
75
72
76
80
81
73
70
70
44
32
25
13
4
-1
-15
-22
-19
-33
-44
-41
-40
-38
-41
-48
-41
-32
-32
-31
-20
-6
-11
7
16
22
20
21
31
38
45
45
51
39
40
42
42
33
32
27
21
18
3
-2
6
-4
-7
-3
-14
-16
-19
-24
-19
-21
-26
-15
-20
-16
-13
-19
-7
1
6
10
15
15
28
24
30
27
27
31
28
37
46
62
65
69
68
79
84
88
81
82
89
84
84
86
98
102
104
101
109
108
115
115
120
128
121
115
115
121
117
115
116
101
100
111
103
92
95
98
93
96
92
86
94
94
89
95
90
87
106
96
91
103
107
102
100
102
103
97
87
96
91
93
98
95
91
86
87
83
81
77
78
70
73
70
66
72
62
59
65
66
57
56
56
56
59
50
41
45
52
48
49
66
56
57
60
67
76
84
91
95
107
108
114
107
104
109
96
88
87
77
74
70
57
59
59
49
38
33
30
34
21
5
0
1
-3
-8
-11
-17
-24
-22
-26
-33
-32
-36
-18
-12
-9
-6
4
1
7
19
22
33
26
37
43
40
38
55
60
52
53
50
56
57
50
49
45
57
53
59
54
66
61
62
80
74
84
86
95
97
117
120
123
140
142
145
153
157
156
152
160
156
161
162
165
168
174
173
160
166
163
164
158
162
165
168
161
167
157
160
150
143
158
161
166
167
170
167
166
170
170
167
167
163
160
170
168
177
181
182
185
198
200
213
213
225
224
229
226
223
230
227
232
238
244
233
236
236
247
238
240
249
247
247
257
252
251
264
259
269
268
279
286
284
283
288
285
286
300
284
286
290
277
257
243
251
244
239
254
250
247
244
250
242
239
222
217
224
220
222
218
222
207
221
213
195
197
197
187
184
187
188
183
181
174
165
172
172
172
179
182
187
176
175
165
159
150
141
140
125
123
114
119
123
121
114
120
123
120
120
117
125
127
130
133
138
143
140
137
142
141
145
132
130
138
137
125
120
118
118
113
107
96
82
79
81
78
71
77
75
71
64
59
56
56
53
47
40
45
39
33
28
11
-5
-6
-9
-20
-29
-26
-28
-27
-33
-37
-38
-37
-27
-35
-35
-45
-46
-38
-40
-43
-40
-42
-27
-28
-29
-36
-39
-48
-58
-50
-41
-46
-50
-49
-54
-50
-47
-31
-26
-27
-28
-16
-15
-9
9
1
-7
5
5
-5
-8
-21
-28
-40
-41
-49
-63
-64
-73
-71
-72
-72
-72
-70
-59
-63
-64
-60
-68
-60
-63
-54
-48
-50
-42
-52
-44
-43
-41
-30
-44
-46
-45
-41
-41
-44
-50
-43
-51
-55
-50
-46
-48
-43
-36
-45
-43
-46
-42
-32
-31
-31
-28
-20
-18
-20
-27
-17
-8
-11
-9
-7
-1
11
16
13
24
21
28
22
14
12
9
9
7
9
1
5
5
-2
-8
-14
-11
-21
-25
-21
-28
-37
-41
-46
-34
-36
-38
-39
-45
-34
-39
-30
-28
-24
-11
-15
-3
-14
-6
-4
3
10
8
8
16
19
16
30
23
25
30
30
24
22
19
15
15
16
17
23
24
16
18
15
15
30
39
37
38
23
28
34
32
35
29
34
31
26
28
29
23
18
5
1
-14
-32
-37
-45
-52
-59
-52
-57
-66
-71
-73
-83
-87
-84
-82
-81
-85
-87
-95
-81
-87
-94
-97
-104
-109
-98
-103
-104
-103
-113
-108
-108
-105
-108
-107
-97
-95
-95
-92
-87
-90
-89
-88
-84
-77
-83
-83
-95
-81
-79
-62
-61
-60
-55
-50
-45
-43
-31
-38
-36
-23
-14
7
20
21
29
34
34
32
38
37
45
37
38
46
42
41
39
32
33
33
27
26
15
14
5
0
-11
-17
-16
-20
-26
-24
-28
-27
-20
-26
-20
-28
-26
-27
-22
-16
-3
-3
1
4
3
6
-1
5
2
1
5
1
5
7
8
-1
-9
-13
-6
-5
-12
-12
-19
-21
-23
-20
-23
-17
-14
-7
-4
6
12
19
10
9
15
9
10
25
26
31
45
40
44
53
61
57
48
49
50
40
38
37
38
40
47
41
21
28
29
17
25
15
8
8
5
8
10
11
1
-5
0
-14
-25
-21
-17
-24
-28
-29
-35
-25
-23
-19
-17
-17
-14
-5
8
11
15
13
22
31
22
25
35
32
38
40
43
48
47
44
51
70
66
70
68
56
61
70
61
50
54
48
42
53
44
41
37
29
26
27
22
21
21
25
18
19
20
14
21
-1
2
8
0
9
1
4
2
-5
6
0
-3
-10
-17
-14
-11
1
3
-3
0
-11
-22
-17
-22
-16
-8
-20
-11
-19
-12
-16
-14
-33
-30
-28
-33
-37
-44
-40
-53
-52
-70
-68
-68
-59
-67
-66
-59
-52
-43
-45
-36
-34
-24
-17
-7
8
6
9
11
15
25
26
28
38
46
49
52
47
44
35
31
33
32
34
28
24
21
16
7
-5
-16
-11
-19
-14
-15
-34
-34
-36
-32
-37
-40
-47
-44
-35
-48
-45
-48
-41
-32
-32
-31
-36
-29
-28
-32
-29
-16
-11
-17
-19
-19
-21
-16
-25
-21
-16
-17
-22
-34
-35
-41
-42
-47
-53
-58
-59
-63
-64
-62
-62
-51
-69
-69
-61
-66
-71
-71
-73
-76
-83
-94
-90
-94
-104
-108
-101
-100
-103
-116
-115
-114
-107
-108
-117
-102
-110
-113
-125
-113
-114
-107
-102
-101
-102
-104
-93
-86
-72
-76
-82
-84
-82
