SAMPLES:	7295
BITSPERSAMPLE:	16
CHANNELS:	1
SAMPLERATE:	16000
NORMALIZED:	FALSE
173
162
161
162
165
170
180
180
190
186
172
179
185
197
199
195
198
193
185
179
187
183
183
175
181
190
189
192
183
184
193
192
188
197
191
186
195
187
184
185
184
184
179
177
185
175
177
175
155
152
150
142
140
140
145
130
135
130
131
142
142
143
135
140
149
148
151
157
158
161
167
170
181
178
163
169
175
190
187
196
201
196
208
217
214
207
214
222
236
235
247
251
260
270
262
258
264
264
264
278
276
277
272
277
281
277
276
267
269
272
270
262
264
271
271
267
266
271
282
281
289
283
284
290
291
297
274
277
279
271
268
265
260
271
271
268
271
272
267
253
273
269
273
274
270
268
254
252
260
247
249
254
255
254
260
265
254
249
265
264
269
271
272
280
274
287
291
288
278
276
270
260
276
275
267
283
292
289
292
292
288
296
285
294
297
301
296
295
306
309
324
329
323
319
328
330
325
320
330
335
326
323
320
323
327
330
322
320
327
333
341
336
341
338
337
343
351
348
340
349
361
358
347
348
352
348
346
353
350
350
356
356
350
350
354
356
352
362
362
364
374
368
379
378
384
371
369
368
372
374
383
384
385
391
375
392
392
396
399
399
403
394
400
402
395
396
387
389
391
380
383
381
391
396
384
385
387
376
375
379
381
390
372
370
384
378
380
369
373
380
376
387
384
392
388
391
390
386
390
391
393
376
372
372
365
367
371
373
380
378
369
378
385
385
380
383
384
393
395
400
405
406
407
421
420
421
427
428
433
429
426
417
422
429
427
433
433
432
434
444
442
438
446
457
448
459
460
463
463
457
465
459
458
445
456
461
456
457
455
459
456
449
452
455
449
446
450
449
440
434
441
434
437
427
432
438
436
431
425
419
403
401
399
405
408
404
409
407
414
424
414
414
416
414
421
426
419
416
427
416
420
422
422
424
426
428
424
432
422
422
418
420
407
403
403
409
403
396
396
395
397
388
385
382
390
386
391
390
388
375
371
370
373
361
354
353
331
349
347
340
339
334
348
341
347
345
337
334
334
337
338
337
340
334
339
338
331
332
327
320
323
317
317
314
304
309
312
296
293
292
286
289
287
291
301
300
300
297
288
291
297
290
284
278
280
285
276
280
279
279
278
277
264
260
258
265
256
251
251
252
255
253
247
243
258
260
258
264
248
256
259
253
261
249
261
259
254
247
239
244
241
236
239
234
239
241
246
248
251
248
244
244
249
251
243
240
240
234
226
229
219
227
220
214
214
208
210
211
208
211
207
208
208
202
199
204
203
199
202
204
204
190
202
197
196
181
178
176
178
167
160
170
163
167
155
157
151
153
143
149
160
152
159
165
167
163
159
161
158
163
156
155
154
147
134
134
122
116
111
103
116
109
106
111
108
110
111
107
109
101
103
100
88
86
96
95
87
92
99
94
91
104
91
97
104
94
102
99
99
99
98
104
105
106
107
111
111
122
123
124
131
127
128
130
128
126
131
128
117
125
130
119
123
117
120
122
122
130
125
126
130
130
121
111
123
127
118
103
104
96
95
100
103
110
101
106
103
107
99
94
100
86
100
93
95
96
93
97
109
107
108
121
118
135
129
134
141
139
137
139
140
125
138
140
129
132
131
125
125
124
125
127
125
129
136
141
141
136
142
137
145
141
145
147
145
148
130
134
139
150
145
142
145
143
132
131
124
127
130
122
118
108
113
109
109
104
101
100
101
95
104
102
104
104
94
107
108
117
117
114
116
105
110
125
117
116
112
116
119
135
136
129
136
134
146
140
145
149
141
139
141
142
141
136
128
135
119
124
114
111
105
98
95
93
102
100
100
98
94
84
87
86
96
85
75
88
81
82
85
76
74
68
68
71
74
77
68
72
66
59
58
71
70
66
76
75
61
69
60
66
68
52
50
51
52
52
51
68
62
72
78
72
76
73
73
67
69
71
87
73
80
81
74
79
90
92
84
98
97
86
103
106
106
114
111
110
111
119
118
124
125
129
138
139
137
147
142
143
135
141
136
134
133
122
123
124
128
125
122
118
120
122
117
132
124
119
126
124
127
126
128
117
127
126
114
119
113
109
117
105
109
103
106
105
111
119
111
110
111
119
116
120
115
112
115
103
122
124
113
118
109
109
118
112
109
117
118
114
119
117
112
108
100
99
90
97
87
86
94
89
83
89
92
86
81
57
64
60
52
50
43
34
34
28
29
27
23
19
27
23
12
8
15
19
13
13
11
18
14
14
16
25
15
8
12
13
8
5
6
3
13
-1
12
9
-5
-7
-9
11
11
25
21
34
31
41
35
24
32
33
42
48
51
51
56
54
46
46
48
37
32
29
18
-1
3
-3
-9
-10
-22
-17
-17
-17
-34
-34
-20
-14
-20
-27
-16
-15
-18
-17
-18
-22
-24
-34
-29
-30
-35
-34
-47
-45
-51
-50
-45
-42
-42
-34
-39
-36
-32
-33
-24
-25
-21
-11
-13
-9
3
2
13
9
5
15
22
13
11
14
5
4
-15
-21
-17
-21
-26
-28
-28
-28
-24
-25
-22
-25
-18
-16
-16
-3
-16
-14
-15
-19
-21
-31
-34
-44
-37
-39
-33
-40
-34
-32
-42
-47
-54
-54
-56
-62
-73
-66
-69
-60
-66
-72
-59
-54
-61
-61
-57
-62
-63
-57
-60
-58
-67
-79
-77
-87
-84
-82
-85
-83
-88
-85
-84
-93
-88
-96
-82
-82
-74
-77
-79
-67
-80
-73
-77
-73
-83
-78
-76
-78
-76
-85
-83
-89
-71
-71
-79
-67
-62
-68
-72
-56
-61
-54
-48
-48
-30
-24
-19
-20
-14
-9
-14
-10
-9
-6
-6
-9
-13
-19
-21
-28
-27
-38
-43
-39
-37
-28
-33
-34
-15
-16
-13
-6
-3
12
12
15
29
29
30
36
36
43
44
54
60
64
64
57
66
67
80
81
81
89
82
84
89
92
96
90
94
97
84
84
86
88
103
100
109
125
132
113
117
134
133
138
134
145
147
155
149
149
155
143
154
155
145
157
159
157
154
150
146
154
160
160
172
169
155
172
175
169
167
170
171
166
157
158
156
160
162
162
171
174
178
181
181
192
199
199
216
217
211
214
219
223
228
225
226
219
217
218
222
227
223
226
232
227
229
240
238
244
254
251
239
245
249
251
256
255
253
252
255
274
281
284
286
281
283
281
288
289
286
283
277
286
289
287
292
288
287
279
287
294
298
295
298
303
303
303
299
311
320
314
312
318
325
335
334
331
343
342
351
350
350
361
348
366
375
370
376
376
381
381
391
381
393
394
398
397
399
410
416
412
401
406
397
427
417
412
423
422
427
426
424
429
426
425
428
423
428
433
432
439
445
436
441
438
446
436
445
444
429
423
415
422
414
420
424
427
432
424
423
433
431
442
432
445
451
440
445
439
431
425
425
433
434
441
442
444
448
450
445
436
440
446
447
445
456
442
448
441
447
449
453
453
454
465
460
470
464
461
465
463
465
478
473
470
466
477
479
468
474
479
474
477
472
474
479
476
477
472
470
468
464
468
467
468
467
463
469
457
460
468
465
466
470
471
459
454
460
461
463
461
464
451
445
436
423
421
422
413
413
402
400
400
403
414
413
413
402
396
394
391
385
390
397
384
385
384
386
391
376
373
375
370
370
376
370
372
361
369
370
360
366
365
370
365
379
385
375
371
382
385
383
383
373
384
371
367
368
369
368
370
370
365
364
368
377
368
371
373
374
370
369
370
360
371
370
371
370
373
362
358
358
358
363
364
359
362
366
367
377
368
360
372
369
367
369
368
367
369
378
372
371
370
377
383
375
373
370
370
370
371
367
366
352
351
353
348
355
344
353
346
340
338
343
344
340
351
348
337
324
327
326
320
324
324
323
327
324
327
322
320
321
321
325
313
318
313
317
315
312
314
306
311
309
312
309
317
305
312
308
298
301
295
300
301
299
292
296
300
294
285
281
288
280
278
298
289
294
302
295
304
295
299
303
304
306
317
313
315
323
310
309
309
311
310
312
303
300
300
304
302
289
283
279
290
282
284
275
273
271
267
266
259
250
257
254
250
257
238
237
236
231
240
244
229
225
230
222
222
214
218
219
220
217
215
213
210
222
222
224
226
219
221
218
213
229
220
214
217
206
211
204
209
208
208
194
187
192
180
177
180
184
183
177
180
175
171
173
169
163
162
159
165
162
164
152
158
161
159
176
172
172
173
175
178
169
160
163
162
161
159
161
150
143
154
161
167
160
159
165
164
169
177
188
185
175
174
183
188
186
180
169
177
164
162
163
161
166
154
164
162
163
161
157
160
152
147
141
150
143
150
149
139
147
154
165
151
160
165
168
172
162
166
165
156
154
156
156
158
147
155
159
148
143
150
140
154
149
136
129
138
138
130
132
133
121
117
125
118
109
104
107
104
108
102
97
100
96
87
70
65
68
61
52
48
34
34
29
28
34
29
23
21
23
26
13
10
11
-2
-12
-13
-4
-14
-11
5
-2
-7
-8
-21
-16
-12
-16
-10
-14
-2
9
184
265
207
116
68
42
-112
-139
-45
51
155
542
809
894
731
543
315
52
-30
-77
16
333
832
1117
1050
771
533
355
64
-71
104
368
440
329
207
25
-275
-416
-434
-383
-188
-169
-113
-72
160
-69
-345
-303
-57
-58
-295
-192
-91
-110
-362
-417
-233
-170
-445
-505
-354
-160
-314
-424
-221
-198
-277
-492
-405
-118
-152
-303
-293
-41
-116
-400
-322
-1
-24
-222
-196
29
-52
-272
-278
-82
-120
-408
-411
-295
-287
-420
-342
-284
-429
-487
-467
-579
-675
-717
-547
-464
-389
-388
-545
-693
-856
-969
-1030
-1048
-991
-1016
-963
-927
-796
-801
-1036
-1099
-1178
-1181
-1444
-1484
-1303
-1235
-1297
-1302
-1168
-1234
-1352
-1396
-1418
-1632
-1823
-1582
-1207
-1070
-957
-753
-538
-532
-476
-314
-317
-382
-424
-287
-190
-159
39
292
534
624
759
810
726
642
582
577
558
586
642
676
690
683
763
667
506
354
208
37
-110
-178
-160
-144
-108
-33
11
-10
-181
-258
-379
-595
-828
-1075
-1181
-1305
-1364
-1358
-1398
-1401
-1621
-1814
-1948
-2266
-2655
-3067
-3197
-3049
-2532
-2118
-1861
-1780
-1683
-1417
-1104
-956
-1009
-1017
-893
-772
-592
-323
-107
296
790
1204
1293
1239
1227
1204
1122
918
780
791
854
830
792
751
769
776
831
645
221
-137
-247
-441
-577
-647
-512
-313
-187
17
226
523
572
570
615
648
580
620
706
853
978
1164
1331
1504
1626
1601
1511
1381
1183
861
485
181
-69
-342
-496
-640
-742
-938
-1147
-1369
-1747
-2213
-2759
-3232
-3815
-4120
-3395
-2979
-2709
-2691
-2404
-1905
-1680
-1302
-1168
-1178
-1104
-1225
-759
-605
-731
-176
550
1289
1265
1454
1823
1890
1895
1748
1542
1416
1133
1027
871
637
601
771
1138
959
410
288
218
-37
-512
-830
-836
-1063
-1011
-1083
-874
-667
-490
-205
127
298
374
525
616
544
488
694
834
927
1077
1289
1491
1556
1562
1481
1259
1075
708
392
-54
-431
-755
-1037
-1374
-1733
-1944
-2150
-2494
-2896
-3276
-3474
-3060
-2953
-2865
-2953
-2904
-2594
-2318
-1938
-1693
-1499
-1125
-1054
-650
-490
-486
-86
297
860
762
896
1145
1388
1652
1678
1667
1754
1673
1585
1268
1095
989
914
957
637
209
71
76
28
-244
-433
-500
-592
-699
-912
-880
-780
-700
-714
-515
-363
-145
35
295
473
521
709
821
922
915
936
1054
1033
1001
779
713
611
335
51
-226
-479
-853
-1182
-1567
-1956
-2360
-2707
-3155
-3637
-3423
-3043
-2905
-2841
-2987
-2669
-2371
-2022
-1855
-1829
-1441
-1395
-1254
-954
-1086
-763
-384
241
335
301
691
940
1340
1374
1364
1492
1529
1456
1163
1001
991
864
884
667
333
186
266
278
46
-164
-182
-311
-431
-737
-862
-844
-844
-958
-930
-717
-481
-354
-43
243
361
566
660
779
710
715
663
595
557
307
305
334
237
-37
-244
-357
-766
-1169
-1647
-2017
-2505
-2999
-3633
-3465
-3166
-3090
-3036
-3064
-2514
-2290
-1822
-1554
-1552
-1257
-1342
-1093
-1044
-1193
-926
-631
92
-18
59
475
942
1352
1363
1434
1586
1596
1511
1173
1099
1026
886
860
536
303
248
396
456
148
98
97
142
-106
-367
-386
-383
-403
-630
-600
-503
-330
-316
9
198
357
533
708
850
818
935
883
829
579
282
217
53
-122
-531
-593
-737
-1030
-1367
-1655
-1859
-2247
-2747
-3077
-2862
-2872
-2863
-3110
-2965
-2679
-2501
-2039
-1939
-1606
-1372
-1133
-726
-859
-639
-557
-69
119
-150
78
325
772
845
934
1200
1424
1622
1465
1399
1471
1310
1268
966
666
404
278
298
78
-25
-66
15
62
-152
-99
-100
-27
-233
-365
-368
-320
-374
-365
-213
-66
77
217
446
562
749
780
804
726
489
416
232
92
-294
-547
-687
-976
-1259
-1608
-1772
-2001
-2354
-2757
-2635
-2499
-2435
-2561
-2714
-2458
-2414
-2114
-2010
-1870
-1555
-1514
-1119
-1074
-906
-724
-439
85
-93
17
134
511
770
765
990
1145
1425
1424
1327
1492
1457
1484
1305
1120
934
755
788
601
465
350
276
315
118
113
5
82
-14
-161
-151
-167
-107
-163
-12
29
90
172
289
436
525
572
567
583
429
366
288
247
36
-245
-388
-634
-888
-1270
-1415
-1690
-2009
-2467
-2572
-2342
-2378
-2303
-2579
-2332
-2199
-2049
-1771
-1810
-1435
-1464
-1225
-1082
-1139
-846
-827
-265
-326
-354
-198
20
500
526
738
897
1146
1317
1221
1413
1476
1486
1425
1172
1070
852
868
816
649
562
387
470
338
345
295
303
316
104
84
0
57
-15
93
95
55
67
159
299
358
464
407
481
331
242
156
29
-127
-458
-592
-868
-1060
-1411
-1587
-1775
-2046
-2398
-2479
-2251
-2285
-2186
-2438
-2248
-2103
-1936
-1694
-1715
-1349
-1384
-1134
-1034
-1080
-835
-805
-266
-331
-312
-217
-19
398
389
550
585
794
903
793
922
962
1042
1062
891
815
649
712
622
481
368
155
249
88
162
62
102
161
73
168
99
250
164
311
270
214
222
238
373
377
472
385
443
320
247
151
17
-161
-505
-693
-994
-1225
-1561
-1773
-1993
-2310
-2622
-2514
-2480
-2362
-2421
-2531
-2204
-2123
-1752
-1781
-1484
-1261
-1192
-841
-971
-686
-696
-386
-180
-350
-211
-230
205
309
439
477
610
912
884
884
962
1029
1071
910
718
561
500
549
318
218
-17
-4
-5
-73
-27
-117
56
-14
30
-47
36
69
81
184
90
128
89
231
203
282
240
293
313
207
196
94
58
-241
-457
-761
-1029
-1368
-1722
-2009
-2341
-2742
-2809
-2745
-2738
-2621
-2778
-2518
-2390
-2070
-1933
-1823
-1443
-1470
-1112
-1183
-1038
-958
-830
-517
-681
-548
-590
-258
-65
48
203
294
657
754
773
846
904
1010
915
729
540
418
480
245
117
-56
-76
-22
-107
-56
-167
-1
-50
3
-63
-28
16
-37
66
-90
-50
-120
16
-31
-37
-26
-54
42
-57
-18
-95
-72
-249
-462
-700
-971
-1241
-1570
-1865
-2221
-2619
-2728
-2733
-2790
-2733
-2909
-2651
-2495
-2134
-1967
-1856
-1450
-1438
-1102
-1179
-1030
-951
-854
-610
-817
-711
-735
-422
-255
-141
-13
89
429
523
591
700
837
941
883
746
621
573
614
390
248
57
7
-36
-152
-112
-220
-36
-104
-20
-50
32
136
71
213
14
60
-30
32
-12
-57
-45
-147
-83
-200
-169
-207
-185
-289
-419
-521
-679
-899
-1184
-1438
-1768
-2181
-2382
-2422
-2528
-2520
-2718
-2563
-2401
-2145
-1930
-1825
-1410
-1363
-1024
-981
-847
-707
-645
-353
-596
-511
-614
-417
-336
-328
-206
-200
173
238
389
547
745
957
924
907
815
825
856
669
504
289
202
124
-29
-50
-181
-49
-86
-48
-13
70
242
211
385
297
371
372
394
378
268
244
97
63
-117
-166
-215
-232
-345
-469
-508
-615
-716
-935
-1109
-1381
-1737
-2052
-2154
-2330
-2399
-2578
-2647
-2485
-2413
-2126
-2081
-1712
-1514
-1259
-991
-944
-631
-589
-282
-300
-359
-337
-333
-141
-218
-149
-181
6
171
195
347
505
780
866
862
868
895
989
904
741
578
380
300
93
23
-140
-166
-186
-240
-166
-185
27
66
224
202
229
329
349
454
356
420
323
311
205
115
99
-16
-99
-284
-364
-511
-616
-782
-926
-1132
-1405
-1719
-1904
-1933
-2075
-2133
-2389
-2383
-2350
-2271
-2124
-2073
-1772
-1636
-1367
-1245
-1089
-828
-671
-358
-443
-404
-397
-254
-117
-160
-80
-86
127
154
186
334
498
722
729
727
716
815
911
813
725
547
446
314
117
31
-125
-134
-298
-343
-403
-348
-217
-177
-30
-71
62
84
223
274
279
314
228
223
58
42
-25
-66
-213
-383
-431
-566
-627
-800
-904
-1076
-1328
-1629
-1846
-1846
-1965
-2063
-2279
-2324
-2254
-2181
-2016
-1989
-1725
-1593
-1382
-1222
-1128
-834
-719
-415
-495
-469
-452
-344
-157
-234
-129
-151
51
88
117
284
434
682
643
663
660
749
867
766
712
546
484
374
213
177
25
42
-129
-172
-232
-209
-79
-101
47
-1
113
142
233
305
295
380
255
243
116
102
39
-55
-175
-399
-443
-541
-606
-714
-831
-965
-1208
-1453
-1764
-1820
-1860
-1983
-2134
-2338
-2238
-2218
-2040
-1928
-1823
-1539
-1442
-1158
-1106
-849
-651
-447
-252
-416
-333
-332
-118
-113
-115
-63
-53
137
96
208
346
576
691
632
668
707
854
860
773
642
516
466
299
217
158
79
17
-124
-110
-160
-33
34
99
155
104
209
234
387
370
383
355
277
219
129
165
82
14
-170
-296
-365
-456
-530
-659
-744
-963
-1219
-1528
-1742
-1755
-1844
-1930
-2138
-2252
-2180
-2112
-1894
-1856
-1655
-1486
-1320
-1075
-1022
-693
-551
-254
-237
-318
-227
-167
99
10
59
33
143
267
233
418
558
814
826
826
866
948
1117
1054
945
784
665
583
406
363
255
169
42
-86
-101
-115
35
26
110
74
74
160
246
373
299
357
276
244
152
112
135
40
-32
-206
-255
-309
-338
-424
-490
-615
-834
-1053
-1304
-1552
-1626
-1697
-1857
-2004
-2209
-2140
-2055
-1832
-1780
-1705
-1449
-1343
-1061
-1000
-728
-532
-370
-240
-379
-251
-154
51
29
-1
18
35
229
257
373
543
708
829
814
905
1029
1181
1227
1048
931
776
733
550
410
373
196
149
-40
0
-10
72
123
79
162
93
219
224
311
268
222
229
160
139
78
119
55
-58
-187
-264
-280
-325
-414
-487
-575
-723
-917
-1130
-1337
-1614
-1668
-1808
-1948
-2108
-2252
-2093
-2023
-1832
-1822
-1689
-1383
-1242
-977
-910
-609
-454
-333
-219
-313
-156
-133
5
-50
-62
19
79
308
300
419
573
738
863
808
941
1012
1104
1059
879
845
740
708
455
307
226
53
-20
-182
-134
-173
-99
-67
-78
5
-10
104
131
191
118
105
131
47
-2
-74
-52
-125
-219
-302
-333
-319
-392
-460
-523
-603
-760
-937
-1101
-1305
-1582
-1767
-1814
-1958
-2021
-2173
-2144
-2027
-1949
-1795
-1762
-1458
-1302
-1124
-945
-837
-571
-516
-277
-323
-308
-223
-187
-67
-147
-34
-25
139
250
254
462
619
833
850
900
1018
1066
1138
1006
925
813
689
547
295
241
90
25
-95
-163
-154
-176
-74
-106
-12
0
26
72
77
137
52
94
11
-71
-150
-182
-196
-304
-355
-444
-434
-457
-510
-542
-542
-565
-685
-808
-932
-1131
-1405
-1664
-1726
-1839
-1960
-2118
-2184
-2035
-1994
-1827
-1769
-1544
-1297
-1174
-932
-877
-631
-545
-374
-319
-415
-300
-306
-137
-195
-167
-96
17
221
229
407
600
807
927
940
1062
1140
1205
1138
969
886
716
569
309
143
20
-114
-181
-306
-289
-305
-235
-177
-127
-49
-40
32
75
102
70
66
46
-16
-122
-165
-214
-262
-326
-387
-379
-376
-371
-372
-316
-276
-334
-394
-478
-596
-829
-1074
-1387
-1594
-1692
-1900
-2019
-2162
-2128
-2044
-1929
-1709
-1635
-1332
-1164
-945
-761
-694
-410
-375
-187
-274
-295
-194
-168
-48
-125
25
102
262
406
455
723
856
1054
1063
1087
1183
1134
1153
966
826
649
452
274
-15
-67
-208
-300
-397
-462
-414
-424
-297
-259
-180
-141
-130
-68
-58
-20
-92
-106
-187
-253
-308
-344
-320
-390
-393
-377
-331
-278
-258
-193
-156
-153
-258
-368
-469
-657
-936
-1215
-1522
-1743
-1860
-2019
-2067
-2202
-2140
-2039
-1898
-1699
-1610
-1289
-1105
-879
-754
-649
-387
-326
-166
-241
-212
-146
-106
8
-18
146
233
383
497
555
785
920
1078
1032
1013
1069
1005
978
776
656
508
328
149
-96
-122
-249
-329
-432
-494
-448
-447
-347
-326
-244
-233
-214
-168
-150
-126
-160
-147
-192
-258
-299
-257
-228
-251
-256
-221
-165
-109
-82
-40
16
-19
-88
-191
-316
-494
-720
-973
-1266
-1594
-1781
-1856
-1932
-1975
-2061
-1967
-1835
-1643
-1461
-1292
-959
-780
-601
-485
-337
-142
-76
31
-30
-10
25
79
168
186
306
362
469
554
609
780
894
966
920
874
900
839
805
636
513
390
208
38
-166
-201
-333
-435
-534
-564
-543
-509
-429
-384
-306
-270
-225
-175
-99
-64
-56
-41
-64
-127
-150
-111
-103
-119
-132
-90
-34
15
44
96
129
95
-7
-122
-240
-431
-667
-916
-1167
-1444
-1718
-1779
-1802
-1829
-1828
-1826
-1649
-1478
-1266
-1093
-919
-634
-535
-381
-301
-173
-32
-11
70
-16
23
64
131
183
187
279
312
449
480
544
692
772
808
723
718
731
681
597
411
317
180
19
-144
-275
-285
-412
-486
-535
-501
-442
-377
-265
-220
-110
-84
2
66
116
141
126
142
70
22
15
50
33
-14
-13
8
43
62
74
105
89
21
-101
-200
-321
-501
-700
-898
-1110
-1339
-1519
-1551
-1531
-1551
-1548
-1562
-1424
-1299
-1153
-989
-863
-654
-563
-421
-324
-238
-116
-99
-13
-82
-72
-25
17
85
70
136
174
276
357
393
539
615
660
614
598
647
602
557
394
296
172
33
-73
-221
-225
-335
-395
-419
-410
-335
-290
-169
-125
-37
-4
52
138
158
165
141
132
102
54
33
35
13
-32
-68
-58
-56
-26
-11
25
41
11
-32
-94
-154
-296
-434
-597
-758
-941
-1112
-1265
-1331
-1331
-1386
-1378
-1420
-1337
-1229
-1086
-936
-888
-720
-621
-499
-432
-383
-250
-221
-137
-181
-154
-83
-45
25
26
127
222
322
427
484
612
693
747
736
715
752
699
663
547
444
351
223
142
15
-7
-106
-156
-187
-201
-160
-147
-54
-39
-20
8
25
75
68
77
53
34
6
-52
-35
-41
-37
-42
-27
20
42
105
151
188
194
167
136
69
-8
-111
-237
-366
-528
-689
-855
-1008
-1149
-1214
-1241
-1279
-1297
-1318
-1235
-1161
-1044
-977
-915
-765
-688
-586
-536
-413
-316
-256
-173
-195
-97
-18
72
130
170
285
341
452
518
596
681
716
737
703
701
700
645
593
489
417
341
284
217
137
106
24
5
-42
-49
-31
-37
3
-2
25
42
64
100
103
142
140
165
173
190
214
200
193
188
207
198
200
210
217
209
180
151
111
75
6
-103
-205
-312
-459
-605
-735
-869
-1029
-1134
-1159
-1192
-1197
-1234
-1211
-1127
-1064
-958
-883
-755
-633
-515
-403
-318
-165
-87
30
93
126
199
245
305
315
353
388
428
472
493
576
651
694
714
702
727
720
710
670
600
542
429
353
235
185
131
58
25
-21
-11
-10
38
82
117
163
203
245
283
317
325
323
295
242
195
160
125
79
43
17
-2
-1
19
27
34
35
32
6
-28
-73
-154
-245
-357
-479
-606
-699
-822
-937
-1033
-1111
-1132
-1139
-1118
-1100
-1031
-961
-855
-760
-664
-526
-422
-312
-259
-191
-122
-89
-48
-51
-38
-13
10
52
88
150
187
252
327
385
459
500
542
551
560
559
535
530
470
426
357
278
213
161
135
99
83
69
81
113
117
156
161
172
178
148
131
87
57
12
-42
-73
-135
-151
-166
-176
-194
-185
-167
-150
-112
-101
-62
-29
-7
23
18
9
-3
-37
-91
-157
-227
-309
-396
-468
-534
-600
-664
-707
-737
-753
-751
-733
-714
-689
-651
-619
-566
-516
-468
-431
-391
-365
-309
-242
-207
-156
-118
-76
-31
24
79
151
234
296
364
445
520
603
661
699
741
760
778
781
756
716
674
611
538
459
392
332
259
198
127
82
33
-4
-13
-50
-88
-109
-140
-172
-180
-202
-210
-208
-202
-186
-161
-130
-75
-23
24
81
114
165
211
243
261
276
290
279
257
229
169
117
52
-27
-112
-191
-262
-344
-423
-490
-542
-604
-639
-682
-705
-728
-747
-739
-748
-733
-707
-676
-638
-581
-524
-463
-387
-297
-212
-127
-34
54
130
218
317
403
490
546
605
646
667
691
690
668
629
594
548
497
434
365
319
246
193
123
67
15
-40
-62
-101
-118
-140
-151
-153
-152
-141
-132
-108
-74
-49
-27
-5
27
50
69
89
112
138
158
186
206
227
247
248
263
257
247
234
218
183
141
102
39
-11
-78
-149
-210
-283
-340
-413
-481
-547
-607
-653
-709
-761
-780
-776
-767
-745
-722
-677
-619
-563
-507
-430
-338
-276
-197
-128
-63
-4
36
71
78
98
121
146
171
179
198
206
232
255
268
303
329
357
374
381
391
390
418
403
383
359
320
275
233
194
137
91
32
6
-22
-45
-54
-51
-24
-19
-4
7
27
58
71
75
94
104
106
115
114
107
90
94
105
103
91
95
82
92
74
45
56
41
18
-4
-42
-78
-105
-142
-190
-241
-304
-348
-392
-462
-505
-550
-579
-621
-694
-734
-728
-732
-736
-739
-726
-688
-659
-627
-581
-527
-484
-426
-366
-280
-208
-120
-11
74
175
253
333
417
475
536
563
578
601
602
590
573
550
522
492
480
439
407
379
335
305
244
233
197
161
125
84
61
31
24
11
7
-5
-6
8
11
17
42
78
93
122
150
163
197
223
255
254
255
247
237
206
178
143
93
60
7
-46
-114
-162
-229
-290
-352
-415
-443
-486
-525
-572
-589
-609
-635
-637
-651
-654
-637
-633
-618
-589
-568
-531
-507
-478
-458
-422
-381
-355
-323
-271
-223
-183
-156
-112
-73
-35
17
57
97
120
148
174
193
194
196
187
168
156
137
120
119
109
87
106
119
135
150
168
182
184
196
196
186
183
181
171
165
156
146
135
112
101
87
66
56
34
13
-9
-25
-55
-82
-114
-157
-187
-222
-259
-285
-306
-318
-339
-347
-353
-353
-347
-344
-321
-300
-266
-257
-227
-190
-178
-157
-165
-181
-201
-217
-233
-270
-282
-293
-302
-315
-314
-316
-313
-310
-330
-336
-344
-362
-380
-405
-442
-474
-503
-539
-578
-602
-605
-608
-616
-594
-583
-555
-507
-449
-382
-337
-279
-231
-164
-115
-73
-40
-9
28
47
66
73
100
87
94
104
102
104
112
118
112
102
78
53
26
-2
-30
-50
-85
-116
-159
-190
-200
-222
-236
-243
-267
-267
-257
-240
-222
-198
-169
-151
-129
-108
-90
-79
-63
-47
-46
-52
-51
-44
-46
-50
-47
-58
-59
-52
-52
-43
-55
-84
-104
-126
-155
-182
-224
-244
-290
-340
-370
-416
-453
-466
-486
-513
-516
-526
-516
-519
-523
-509
-504
-494
-497
-487
-470
-467
-461
-460
-447
-475
-468
-448
-431
-407
-387
-347
-312
-285
-252
-204
-171
-128
-103
-84
-41
-26
-9
0
6
6
5
25
28
35
47
58
60
73
86
109
120
127
132
125
126
119
110
102
90
80
43
36
3
-15
-29
-49
-60
-71
-72
-85
-91
-91
-87
-102
-99
-93
-72
-71
-69
-69
-87
-86
-88
-92
-116
-137
-152
-172
-186
-200
-206
-220
-226
-235
-251
-264
-276
-283
-310
-329
-356
-373
-387
-414
-422
-434
-449
-459
-466
-466
-464
-456
-456
-468
-457
-459
-456
-464
-459
-455
-458
-449
-444
-429
-420
-403
-394
-365
-341
-308
-265
-248
-210
-181
-149
-125
-107
-93
-84
-81
-94
-104
-121
-142
-150
-154
-170
-174
-170
-161
-168
-167
-154
-143
-127
-123
-112
-110
-103
-95
-101
-98
-105
-117
-132
-152
-155
-172
-199
-203
-216
-217
-225
-218
-205
-210
-212
-202
-192
-183
-181
-188
-182
-186
-191
-221
-224
-238
-260
-264
-291
-301
-321
-341
-351
-358
-355
-365
-358
-346
-339
-324
-313
-292
-274
-256
-232
-222
-201
-179
-168
-165
-164
-162
-149
-148
-164
-194
-223
-239
-256
-282
-294
-329
-350
-363
-396
-414
-428
-440
-448
-440
-437
-433
-438
-414
-397
-389
-371
-358
-344
-329
-314
-300
-268
-254
-242
-224
-209
-189
-179
-160
-129
-114
-94
-60
-31
-19
5
23
26
38
32
28
25
5
-17
-28
-55
-78
-104
-119
-148
-168
-172
-186
-196
-196
-192
-183
-171
-161
-142
-115
-99
-76
-54
-48
-37
-30
-11
2
13
18
4
8
3
-14
-5
-15
-24
-32
-41
-55
-73
-83
-100
-103
-130
-164
-187
-197
-206
-226
-237
-256
-270
-279
-290
-291
-281
-280
-277
-273
-274
-263
-232
-227
-219
-199
-178
-154
-133
-114
-83
-56
-32
-12
-8
2
14
27
20
-6
-12
-38
-61
-81
-104
-128
-144
-154
-178
-173
-167
-161
-155
-146
-128
-117
-95
-79
-55
-41
-26
-16
-2
16
17
42
47
51
51
57
53
46
54
50
55
55
53
55
53
41
40
15
4
-12
-32
-48
-66
-84
-110
-120
-135
-150
-167
-164
-179
-183
-185
-195
-190
-183
-179
-185
-171
-158
-153
-142
-115
-92
-71
-50
-37
-21
-10
3
-4
-19
-23
-23
-35
-51
-77
-104
-115
-129
-133
-153
-157
-173
-180
-190
-202
-206
-218
-236
-253
-268
-284
-293
-302
-304
-316
-317
-325
-322
-317
-312
-322
-324
-315
-316
-311
-315
-309
-311
-310
-315
-309
-297
-296
-305
-309
-310
-307
-305
-317
-324
-325
-319
-315
-320
-317
-307
-295
-290
-275
-256
-249
-228
-218
-183
-154
-133
-97
-63
-32
-8
28
53
64
85
87
96
94
99
91
63
57
43
29
22
17
15
5
-5
2
-8
-20
-23
-31
-45
-51
-58
-75
-85
-101
-113
-131
-156
-166
-175
-194
-212
-229
-240
-255
-262
-261
-275
-279
-279
-283
-291
-289
-292
-306
-294
-304
-312
-323
-330
-337
-349
-351
-366
-362
-367
-365
-358
-349
-343
-345
-333
-330
-330
-319
-322
-312
-308
-294
-285
-272
-253
-237
-218
-188
-168
-157
-145
-130
-117
-113
-97
-80
-71
-63
-44
-31
-25
-2
15
21
45
64
63
78
93
101
120
112
130
138
140
148
140
128
121
118
118
109
88
86
85
72
58
59
51
46
36
18
15
7
-3
-17
-36
-51
-75
-101
-118
-142
-178
-195
-237
-252
-259
-276
-277
-275
-266
-247
-229
-215
-200
-176
-143
-137
-127
-115
-107
-91
-95
-84
-73
-66
-52
-47
-39
-31
-20
-12
2
14
33
44
37
66
79
67
76
85
95
81
72
80
75
55
41
30
18
7
-3
-13
-16
-29
-53
-56
-65
-70
-87
-93
-86
-78
-75
-77
-71
-67
-59
-30
-18
-20
-8
9
30
31
38
37
32
21
7
-4
-10
-30
-54
-67
-93
-113
-122
-115
-121
-134
-130
-122
-115
-108
-101
-98
-91
-98
-94
-105
-81
-74
-68
-55
-56
-41
-33
-23
-9
10
30
56
69
83
101
119
134
133
129
124
120
119
101
78
63
45
22
-5
-22
-48
-72
-89
-113
-135
-151
-164
-169
-188
-195
-196
-191
-186
-193
-186
-191
-181
-178
-175
-166
-163
-162
-166
-156
-159
-147
-133
-129
-117
-117
-119
-123
-122
-108
-99
-89
-103
-107
-104
-114
-123
-123
-140
-146
-155
-168
-173
-182
-178
-187
-185
-188
-183
-193
-197
-203
-190
-181
-173
-154
-142
-109
-88
-82
-73
-55
-37
-21
4
15
4
8
11
10
6
3
-1
-13
-21
-48
-46
-53
-65
-77
-89
-86
-85
-103
-113
-100
-91
-116
-109
-96
-110
-110
-111
-94
-103
-117
-118
-108
-93
-83
-98
-87
-90
-87
-71
-78
-70
-63
-71
-81
-75
-69
-71
-65
-73
-69
-55
-73
-71
-65
-68
-55
-68
-74
-75
-72
-69
-64
-48
-46
-36
-33
-25
-37
-34
-25
-19
-11
-9
-12
-2
9
-12
-6
-10
-17
-18
-37
-32
-40
-44
-48
-54
-68
-85
-85
-85
-85
-88
-85
-92
-90
-96
-100
-98
-101
-99
-89
-91
-89
-87
-81
-74
-78
-74
-62
-56
-53
-52
-42
-35
-22
-1
9
19
28
38
50
63
67
85
86
88
92
104
101
95
95
87
88
72
76
75
76
64
70
69
71
82
86
102
108
117
117
124
135
136
141
140
149
151
145
146
143
150
138
132
121
109
104
85
71
50
51
23
17
3
-13
-9
-12
-20
-21
-25
-42
-23
-24
-30
-36
-44
-47
-43
-47
-63
-58
-65
-61
-64
-60
-51
-57
-51
-38
-40
-54
-55
-43
-28
-33
-31
-29
-14
-23
-13
-2
1
4
3
18
20
31
30
26
38
48
51
56
60
53
52
34
21
33
23
7
-4
2
-6
-12
-24
-30
-14
-19
-6
3
5
12
23
24
24
21
18
7
1
-15
-22
-19
-44
-52
-56
-54
-63
-67
-72
-75
-82
-88
-83
-90
-96
-102
-99
-108
-111
-108
-111
-112
-122
-116
-110
-121
-108
-102
-107
-103
-93
-84
-74
-51
-48
-43
-26
-24
-4
6
21
35
35
38
52
62
67
68
76
88
92
96
102
110
107
91
79
64
39
19
-5
-12
-35
-50
-55
-57
-63
-69
-62
-66
-62
-53
-50
-44
-50
-42
-40
-33
-33
-25
-20
-29
-10
-17
-21
-7
5
0
1
-9
-15
-23
-33
-32
-31
-24
-31
-29
-29
-38
-37
-38
-50
-45
-52
-58
-63
-66
-73
-73
-70
-71
-63
-47
-29
-22
3
25
36
52
58
77
86
102
114
112
131
142
146
142
133
139
131
132
137
134
135
142
144
134
127
107
105
106
107
95
98
103
97
90
85
76
67
71
66
67
62
57
51
47
48
45
45
41
38
41
38
29
36
35
41
47
58
57
60
75
78
92
90
92
91
89
81
79
75
60
65
57
41
46
52
53
56
66
79
99
114
121
142
144
163
176
185
190
199
198
185
183
180
185
174
174
164
171
177
162
163
164
165
164
170
167
162
154
147
152
150
143
137
135
133
127
120
110
117
122
114
121
133
136
140
152
152
150
154
164
174
177
170
171
181
174
186
188
200
205
204
216
218
226
225
226
226
231
223
230
227
229
225
226
227
226
233
242
247
239
252
249
263
268
265
282
292
280
283
295
285
288
287
270
269
271
276
260
254
262
264
264
257
258
251
252
259
255
250
244
244
231
226
206
205
197
188
170
162
157
145
145
146
149
157
157
171
190
194
206
215
238
236
254
260
271
282
280
280
293
285
284
293
302
301
287
293
296
307
304
296
289
291
284
276
274
274
272
267
260
255
261
256
257
247
254
268
270
273
283
296
309
313
315
330
316
313
323
324
301
310
319
313
321
323
327
323
315
308
319
313
301
291
284
278
272
249
240
223
216
197
179
183
189
192
184
188
183
193
205
212
225
232
232
249
261
263
282
292
307
314
315
330
341
345
349
356
356
355
361
360
363
362
363
353
350
353
345
341
332
334
317
305
298
280
274
281
268
252
257
255
264
273
265
278
286
285
299
298
302
305
300
298
295
304
312
301
300
308
308
314
318
320
315
310
304
303
297
295
287
282
273
264
268
266
271
282
275
269
273
270
273
268
262
274
265
269
282
294
295
291
304
300
298
297
298
299
291
282
285
289
284
280
296
291
296
281
292
295
295
298
291
310
288
292
277
269
273
267
268
248
253
254
249
245
245
247
247
234
242
246
224
224
221
220
214
199
199
214
208
191
187
182
178
174
174
171
168
176
170
169
170
180
188
189
192
210
211
223
225
226
232
234
248
250
244
258
247
243
245
247
242
254
257
248
242
242
239
240
245
238
230
226
235
230
227
223
230
230
236
232
217
219
228
233
243
234
232
237
233
233
235
227
219
231
229
237
233
231
244
249
239
240
233
234
235
217
211
201
188
192
195
194
194
187
197
191
194
195
206
211
217
226
236
246
253
269
293
306
309
315
330
337
348
351
359
369
369
366
357
360
355
349
345
339
327
324
319
306
310
297
299
296
297
303
291
294
305
309
302
313
328
335
337
338
346
348
347
345
365
374
372
381
379
373
368
363
363
363
347
344
352
348
337
336
327
321
329
334
341
330
324
334
336
340
353
357
357
360
370
380
387
399
410
418
436
433
436
435
437
445
446
446
458
470
478
480
479
489
477
493
484
478
472
451
441
432
423
409
399
392
394
385
380
373
371
382
387
389
391
405
408
414
432
440
445
461
466
475
485
489
496
503
498
497
504
498
490
498
495
481
483
474
469
465
451
449
442
436
427
417
425
425
427
430
438
455
472
478
497
519
516
528
546
557
562
555
566
570
571
566
571
575
572
561
542
550
559
540
535
531
517
506
490
492
483
469
457
458
446
431
430
437
423
406
407
390
388
377
368
377
378
381
384
392
384
393
388
396
390
385
386
381
394
389
396
383
372
380
385
385
396
386
387
379
372
372
359
348
336
331
326
322
320
309
307
309
294
285
304
310
311
309
320
320
314
321
316
325
328
328
328
323
318
321
304
298
288
276
272
266
253
241
239
229
219
210
198
192
185
174
167
163
149
140
123
133
130
121
135
141
138
143
143
156
156
160
166
171
177
178
181
178
188
183
187
188
171
192
197
197
201
195
201
195
189
190
180
193
191
189
193
198
190
176
182
188
184
180
180
180
179
176
171
158
147
139
126
111
99
82
81
89
77
72
71
60
67
73
80
84
95
116
111
123
136
129
140
151
146
157
152
151
156
143
137
129
126
126
124
117
120
114
111
115
108
102
113
109
101
107
109
104
104
113
105
111
110
103
101
103
104
102
97
111
114
108
118
121
128
139
142
142
145
155
155
164
170
161
156
151
154
141
138
128
129
118
106
99
79
93
70
59
52
36
27
7
9
-5
-16
-32
-26
-28
-30
-28
-35
-35
-39
-22
-17
-10
-25
-12
6
4
13
22
34
27
23
23
30
44
39
50
57
43
43
34
23
6
3
