SAMPLES:	14479
BITSPERSAMPLE:	16
CHANNELS:	1
SAMPLERATE:	16000
NORMALIZED:	FALSE
60
58
52
60
43
52
56
48
50
39
39
46
44
50
55
54
54
44
37
41
40
42
42
33
30
30
36
45
53
57
60
60
61
78
79
91
85
91
105
106
114
105
114
122
125
123
129
127
126
134
128
122
120
119
124
118
118
110
104
114
108
103
101
107
95
97
93
89
99
99
101
108
106
108
108
109
116
115
132
121
122
132
127
143
149
147
149
145
145
144
141
142
144
147
155
154
146
141
143
137
141
134
135
132
126
114
121
117
116
116
114
107
101
100
105
107
100
107
112
112
114
113
119
117
121
139
147
156
155
162
164
171
181
187
207
216
226
241
244
239
247
264
267
275
283
274
285
285
278
291
293
293
285
290
296
295
289
288
274
284
281
280
279
270
273
279
271
270
267
265
263
259
265
266
279
284
281
289
294
300
309
316
326
345
350
342
346
350
363
376
384
380
383
378
377
378
381
380
369
372
367
357
361
357
337
340
327
319
323
318
315
316
314
310
307
297
302
299
300
314
298
304
301
300
310
309
309
311
318
328
330
343
355
362
362
363
375
374
379
383
386
395
400
397
393
400
401
389
396
381
377
377
377
376
373
365
355
359
349
328
338
332
328
326
311
301
291
294
280
284
287
277
278
267
271
266
260
270
272
267
265
270
279
280
281
282
289
282
283
289
290
287
290
287
287
291
285
286
282
286
272
280
273
274
266
273
279
272
272
261
259
256
259
264
253
251
268
265
264
277
279
278
284
291
299
297
291
297
302
304
318
321
322
342
342
347
354
360
370
366
377
387
391
386
385
391
391
398
392
387
378
368
367
356
352
342
325
324
318
316
321
318
311
308
297
292
298
298
293
288
288
283
283
286
278
280
293
296
301
301
303
302
312
319
316
327
327
326
340
332
328
337
335
337
330
331
326
308
310
309
302
307
310
300
295
283
285
279
268
263
267
273
259
269
274
259
263
267
269
281
289
289
303
302
300
311
313
318
325
319
321
319
327
341
335
343
334
356
349
349
357
349
361
346
357
354
353
352
362
362
353
356
349
345
360
359
349
350
346
347
349
356
356
355
360
362
370
379
379
382
394
409
405
399
405
414
413
429
433
428
420
429
431
443
442
443
439
430
431
443
446
438
443
435
426
419
422
420
424
415
402
405
401
393
395
392
385
371
372
369
367
364
361
363
366
367
370
376
387
385
377
388
399
403
398
398
411
407
401
410
402
410
417
416
411
412
421
415
417
415
428
417
410
407
409
404
398
394
383
384
376
375
363
364
354
356
354
332
332
326
322
326
323
310
306
305
307
312
299
303
302
303
315
304
311
300
303
308
297
300
286
284
280
277
275
277
271
271
266
253
253
246
248
243
233
216
213
210
210
203
193
188
182
183
188
180
185
187
181
179
180
174
178
181
179
186
182
192
184
186
195
197
208
208
201
205
206
208
204
212
212
207
204
182
187
190
180
196
189
186
180
175
177
171
169
159
153
143
143
150
148
142
138
129
122
117
128
110
113
126
116
117
123
133
130
142
132
137
140
141
146
154
154
140
145
145
143
134
142
137
130
134
142
140
138
135
127
125
114
110
109
105
109
100
91
101
90
82
84
70
54
62
58
52
47
52
43
41
48
45
44
47
53
63
69
67
74
80
87
89
89
98
103
112
116
116
114
122
117
116
113
124
138
139
146
135
140
147
138
146
140
129
127
119
115
111
95
81
85
73
72
66
60
46
49
42
46
47
45
59
50
47
47
54
63
63
73
81
76
89
97
99
102
100
112
110
105
106
107
122
126
125
128
121
131
124
125
117
121
124
109
116
106
105
99
113
98
94
107
92
84
77
78
83
80
85
91
95
84
80
94
78
83
93
93
95
95
103
101
104
110
104
115
114
109
127
131
128
137
142
143
143
149
158
159
150
145
146
139
127
128
128
116
115
110
94
93
82
67
68
56
50
37
43
38
19
17
20
17
11
18
9
9
15
4
14
12
17
22
21
22
18
31
27
28
33
29
34
42
42
46
43
40
38
38
33
35
25
26
19
28
22
26
36
28
18
8
14
15
15
13
12
18
15
15
15
16
14
18
19
16
6
16
31
38
42
56
58
57
74
78
89
85
80
92
99
93
100
105
105
114
107
110
104
114
111
118
114
105
112
103
111
109
113
118
102
100
113
103
94
91
98
93
95
101
101
102
97
104
100
97
102
96
86
90
88
85
85
92
86
92
80
80
78
84
85
69
76
79
82
66
67
65
68
70
67
69
65
60
56
59
53
52
54
56
52
49
48
43
52
47
48
42
40
37
49
50
50
54
48
53
56
48
53
52
43
50
57
46
44
47
47
50
49
54
43
49
46
51
43
42
44
46
42
42
37
29
24
23
41
31
27
22
18
10
-1
13
10
2
3
-2
2
7
-9
-14
0
-4
-6
-5
-3
-2
-4
-6
-1
-5
-2
2
6
2
-14
-14
1
-2
-2
-1
-16
-23
-22
-3
-21
-36
-16
-19
-36
-46
-45
-40
-57
-53
-39
-51
-56
-52
-51
-59
-57
-49
-51
-53
-52
-51
-54
-49
-50
-47
-32
-19
-15
-15
-17
-10
-5
-13
-7
4
6
2
2
8
7
7
10
13
3
2
-3
-13
-7
-9
-7
-9
-14
-17
-16
-18
-29
-39
-37
-45
-41
-42
-46
-48
-65
-50
-62
-69
-67
-77
-76
-75
-72
-73
-77
-90
-87
-100
-113
-104
-103
-109
-113
-115
-125
-138
-140
-134
-135
-132
-142
-149
-145
-154
-159
-161
-157
-168
-170
-168
-166
-176
-168
-167
-166
-164
-169
-174
-177
-182
-175
-181
-183
-188
-190
-185
-196
-190
-182
-173
-184
-189
-187
-192
-196
-187
-190
-187
-187
-184
-179
-185
-181
-180
-174
-169
-175
-167
-175
-169
-169
-164
-164
-163
-157
-169
-182
-185
-175
-166
-169
-172
-184
-193
-182
-185
-182
-190
-187
-204
-199
-203
-215
-205
-206
-211
-214
-212
-216
-221
-216
-219
-221
-216
-207
-203
-205
-209
-216
-207
-206
-199
-204
-207
-214
-208
-208
-212
-216
-229
-221
-229
-235
-227
-219
-223
-213
-216
-221
-222
-233
-236
-241
-243
-243
-245
-242
-244
-245
-244
-230
-236
-238
-243
-240
-238
-240
-229
-229
-227
-226
-216
-213
-213
-208
-201
-193
-178
-182
-184
-171
-175
-173
-178
-187
-190
-191
-199
-206
-203
-212
-204
-199
-205
-192
-190
-198
-193
-191
-193
-198
-190
-190
-201
-194
-205
-196
-193
-195
-197
-196
-192
-193
-197
-198
-190
-186
-193
-193
-189
-190
-189
-183
-183
-181
-183
-179
-180
-177
-163
-163
-160
-154
-150
-152
-157
-159
-157
-164
-165
-167
-166
-180
-183
-178
-191
-196
-208
-206
-218
-222
-226
-229
-220
-221
-208
-219
-216
-202
-205
-202
-197
-200
-197
-185
-185
-180
-179
-168
-166
-169
-149
-144
-152
-140
-138
-144
-144
-131
-127
-130
-129
-127
-114
-117
-135
-130
-129
-133
-137
-140
-140
-140
-133
-143
-151
-144
-148
-144
-151
-145
-140
-146
-134
-142
-129
-122
-128
-125
-120
-119
-118
-121
-112
-109
-112
-104
-108
-99
-86
-90
-88
-95
-95
-88
-91
-85
-89
-91
-80
-78
-78
-81
-74
-72
-72
-73
-86
-87
-96
-93
-89
-88
-89
-87
-101
-106
-105
-99
-97
-101
-97
-101
-106
-112
-104
-94
-84
-84
-85
-85
-88
-91
-81
-82
-81
-77
-75
-69
-75
-79
-78
-83
-80
-77
-79
-82
-75
-74
-75
-86
-94
-92
-91
-98
-92
-93
-86
-92
-100
-103
-110
-110
-113
-121
-128
-141
-154
-155
-174
-168
-176
-166
-171
-183
-190
-189
-200
-207
-210
-217
-211
-219
-216
-221
-216
-211
-219
-225
-209
-206
-214
-217
-211
-208
-203
-195
-192
-204
-204
-199
-192
-190
-200
-204
-196
-198
-199
-205
-206
-212
-218
-222
-234
-231
-231
-234
-237
-233
-225
-237
-241
-236
-225
-221
-214
-218
-216
-204
-197
-182
-181
-178
-166
-150
-145
-145
-133
-133
-130
-124
-120
-111
-115
-112
-109
-107
-103
-104
-91
-96
-94
-91
-90
-94
-93
-85
-94
-94
-93
-100
-97
-107
-108
-105
-114
-101
-102
-100
-101
-106
-100
-102
-106
-106
-98
-100
-89
-92
-88
-78
-75
-67
-67
-62
-60
-48
-43
-49
-41
-42
-34
-52
-52
-41
-49
-51
-53
-53
-56
-54
-57
-51
-50
-60
-63
-67
-74
-78
-75
-80
-78
-83
-91
-85
-87
-102
-101
-101
-102
-120
-121
-123
-122
-123
-123
-117
-121
-123
-132
-132
-131
-133
-129
-119
-123
-121
-118
-112
-112
-117
-109
-111
-106
-105
-110
-112
-110
-115
-113
-117
-110
-108
-109
-111
-118
-107
-116
-112
-124
-120
-120
-118
-113
-107
-100
-103
-95
-104
-106
-101
-103
-98
-91
-98
-99
-100
-98
-97
-92
-86
-90
-95
-99
-92
-86
-90
-101
-90
-98
-99
-97
-102
-99
-97
-92
-96
-102
-105
-106
-118
-109
-108
-118
-110
-115
-120
-118
-126
-138
-129
-138
-134
-124
-124
-132
-135
-129
-133
-125
-132
-130
-121
-125
-119
-133
-127
-122
-131
-124
-133
-138
-136
-131
-137
-129
-128
-129
-130
-133
-132
-126
-123
-134
-131
-136
-130
-131
-143
-134
-134
-143
-140
-149
-146
-149
-156
-160
-170
-165
-180
-193
-184
-182
-183
-200
-210
-209
-208
-223
-228
-224
-220
-219
-224
-220
-223
-236
-228
-221
-223
-232
-235
-228
-236
-225
-238
-237
-248
-247
-244
-241
-230
-244
-231
-225
-224
-222
-218
-219
-209
-211
-203
-204
-209
-213
-219
-212
-221
-216
-217
-211
-225
-220
-223
-229
-227
-237
-223
-215
-223
-219
-222
-220
-224
-240
-237
-239
-232
-229
-230
-228
-229
-223
-229
-229
-221
-230
-223
-229
-236
-228
-233
-232
-231
-225
-221
-214
-208
-213
-209
-205
-201
-202
-193
-198
-197
-190
-200
-200
-212
-204
-204
-198
-192
-199
-200
-198
-200
-189
-195
-199
-190
-194
-203
-199
-193
-201
-202
-212
-211
-217
-218
-209
-209
-223
-229
-231
-223
-237
-250
-249
-244
-236
-254
-256
-261
-264
-272
-276
-288
-285
-291
-310
-314
-312
-307
-314
-316
-319
-321
-323
-325
-326
-325
-334
-331
-333
-325
-333
-336
-323
-330
-325
-325
-324
-327
-320
-316
-319
-330
-320
-323
-318
-310
-321
-323
-313
-319
-316
-309
-312
-317
-301
-308
-315
-313
-314
-305
-316
-311
-323
-321
-318
-318
-325
-327
-327
-322
-322
-327
-336
-327
-325
-333
-329
-337
-337
-333
-342
-333
-327
-336
-323
-328
-329
-329
-327
-336
-331
-324
-327
-322
-327
-326
-323
-315
-316
-323
-324
-323
-326
-329
-323
-323
-322
-316
-323
-314
-309
-313
-315
-311
-311
-312
-308
-320
-318
-314
-312
-311
-311
-312
-302
-300
-293
-284
-288
-280
-281
-275
-273
-261
-256
-253
-250
-258
-258
-249
-244
-244
-229
-222
-215
-216
-209
-206
-206
-200
-201
-208
-208
-208
-209
-209
-213
-220
-212
-221
-223
-224
-226
-218
-230
-212
-212
-219
-213
-217
-213
-207
-202
-210
-204
-210
-210
-204
-199
-191
-189
-191
-196
-197
-197
-186
-189
-192
-196
-196
-198
-207
-204
-211
-199
-203
-226
-225
-229
-237
-242
-228
-238
-223
-233
-236
-247
-258
-244
-263
-266
-263
-265
-261
-267
-266
-268
-275
-270
-261
-259
-280
-273
-274
-279
-269
-272
-272
-277
-275
-273
-270
-266
-264
-264
-256
-261
-260
-259
-253
-250
-249
-242
-243
-241
-251
-259
-266
-253
-253
-253
-262
-255
-257
-263
-250
-270
-267
-276
-284
-288
-298
-295
-290
-293
-287
-287
-290
-287
-288
-285
-287
-294
-305
-317
-318
-321
-324
-332
-331
-325
-320
-319
-318
-326
-329
-338
-337
-329
-331
-323
-328
-319
-332
-335
-327
-321
-325
-322
-321
-312
-318
-312
-307
-317
-307
-294
-313
-307
-305
-310
-314
-316
-322
-312
-307
-311
-305
-306
-302
-308
-309
-307
-297
-294
-291
-292
-295
-295
-293
-287
-292
-285
-285
-294
-280
-289
-281
-267
-263
-264
-257
-261
-270
-244
-249
-244
-244
-245
-235
-228
-235
-231
-233
-233
-230
-227
-221
-239
-231
-225
-235
-223
-221
-216
-209
-210
-199
-196
-183
-193
-180
-178
-178
-176
-176
-167
-166
-159
-161
-153
-145
-147
-144
-142
-137
-134
-147
-142
-144
-142
-150
-160
-157
-155
-162
-168
-169
-168
-168
-175
-175
-185
-185
-188
-181
-179
-177
-175
-189
-186
-190
-191
-193
-187
-181
-182
-184
-188
-167
-170
-178
-181
-178
-182
-185
-185
-192
-189
-191
-195
-197
-192
-188
-189
-193
-186
-188
-193
-186
-196
-202
-184
-180
-199
-194
-179
-181
-185
-180
-167
-165
-163
-159
-157
-158
-159
-154
-165
-150
-150
-156
-152
-158
-153
-155
-159
-157
-154
-156
-150
-145
-144
-145
-138
-148
-152
-143
-146
-143
-137
-144
-147
-149
-138
-145
-143
-127
-134
-133
-134
-131
-133
-132
-140
-142
-143
-140
-140
-138
-142
-151
-156
-157
-160
-162
-183
-175
-174
-180
-185
-187
-184
-190
-185
-187
-192
-176
-176
-191
-186
-192
-181
-172
-169
-164
-164
-174
-163
-156
-153
-160
-165
-170
-173
-178
-180
-173
-181
-172
-179
-189
-201
-199
-199
-195
-192
-200
-199
-194
-189
-203
-202
-201
-202
-187
-196
-191
-189
-195
-183
-188
-177
-171
-175
-173
-178
-169
-166
-169
-161
-154
-148
-157
-144
-140
-130
-134
-133
-128
-124
-111
-113
-115
-104
-99
-105
-109
-117
-117
-115
-115
-112
-103
-108
-119
-112
-107
-110
-115
-118
-124
-128
-131
-136
-135
-133
-138
-139
-135
-137
-136
-128
-126
-130
-131
-130
-133
-140
-144
-137
-142
-143
-141
-128
-127
-127
-116
-114
-115
-113
-107
-109
-105
-98
-84
-94
-98
-86
-78
-80
-94
-82
-77
-90
-87
-72
-81
-79
-81
-83
-66
-83
-85
-81
-86
-78
-82
-80
-78
-87
-90
-92
-101
-101
-102
-104
-100
-98
-90
-101
-99
-100
-99
-109
-96
-77
-83
-83
-85
-82
-78
-91
-92
-83
-93
-97
-94
-95
-98
-96
-98
-91
-97
-87
-87
-88
-83
-92
-84
-76
-80
-83
-86
-78
-89
-100
-94
-88
-94
-105
-93
-102
-105
-101
-110
-108
-109
-110
-104
-100
-88
-78
-78
-84
-72
-68
-63
-48
-49
-33
-36
-29
-23
-31
-16
-20
-17
-33
-28
-16
-14
-15
-8
-2
9
7
6
10
6
19
16
23
10
15
23
24
25
26
30
28
29
21
37
37
31
36
30
44
42
46
35
36
43
36
43
36
44
53
54
45
52
57
66
74
73
73
78
78
79
74
68
71
68
72
67
87
98
78
83
81
78
73
72
74
67
63
65
60
60
52
52
45
37
50
40
33
40
32
31
28
24
30
35
23
13
29
24
22
24
23
28
30
28
23
24
27
29
29
24
35
30
42
46
40
47
42
33
28
30
29
15
30
22
19
25
28
23
18
10
17
15
9
10
8
13
6
21
15
17
21
19
21
16
14
18
27
15
18
9
10
14
18
12
8
16
10
4
10
9
14
12
12
27
22
27
21
30
23
28
28
25
26
23
27
22
25
17
18
10
23
28
26
29
27
32
26
23
16
9
11
9
0
-1
0
-11
-12
-13
-3
-2
-12
-10
-6
-14
-11
-12
-14
-24
-13
-12
-17
-18
-3
-8
-11
-3
-8
1
1
6
6
7
-1
7
16
14
8
20
25
25
25
18
10
14
21
14
24
8
9
21
14
7
6
11
13
11
12
12
12
10
12
3
3
12
8
6
6
2
1
5
0
-4
2
-5
-8
-20
-21
-17
-22
-26
-12
-13
-27
-22
-24
-13
-18
-20
-19
-12
-16
-28
-32
-29
-35
-32
-27
-31
-23
-22
-20
-24
-17
-14
-24
-9
-11
-16
-4
4
2
3
-2
6
16
18
11
24
24
21
26
23
26
20
31
29
35
38
39
29
40
33
42
49
47
56
58
70
57
57
61
53
55
58
54
57
52
57
55
56
50
44
54
49
38
46
41
42
41
46
42
41
41
29
31
20
19
19
22
21
14
15
11
16
11
23
16
14
12
9
15
21
18
30
34
35
46
42
46
41
44
46
49
47
54
47
48
54
47
43
49
45
41
51
43
45
49
46
50
48
45
50
40
36
46
47
54
42
41
58
60
57
53
50
49
64
66
55
57
56
57
69
71
64
61
73
72
69
72
79
73
68
72
73
66
64
71
66
70
75
72
73
64
71
59
55
47
50
64
59
55
60
53
43
58
54
53
61
62
61
60
53
62
66
60
56
66
59
66
72
53
68
66
51
63
58
58
67
74
69
73
82
71
74
80
84
77
70
75
80
71
69
71
69
73
76
72
76
73
66
71
64
62
61
60
65
52
49
43
46
52
42
43
43
52
47
54
40
50
45
34
48
47
57
48
47
37
40
38
39
42
40
46
48
45
39
45
50
48
49
44
43
38
52
48
47
54
55
61
64
61
71
76
63
72
72
76
75
68
74
82
86
84
81
74
81
80
86
85
83
89
81
80
89
85
82
76
77
71
68
67
60
61
64
67
70
66
67
75
83
78
74
87
92
93
96
102
103
104
112
112
119
117
113
114
112
115
100
119
122
122
129
125
133
132
139
146
144
150
157
154
154
162
165
161
161
171
166
163
176
176
188
187
178
182
182
181
188
188
189
189
186
188
178
181
188
182
185
179
180
182
188
185
188
183
173
182
176
177
192
195
194
188
185
181
187
187
179
190
191
181
187
191
192
199
205
197
206
206
209
212
208
203
209
212
204
198
201
214
212
208
207
202
205
207
219
213
197
193
200
201
191
193
184
185
183
184
181
174
172
165
165
168
166
166
168
155
160
158
159
158
152
156
155
148
148
148
151
143
139
139
136
129
135
136
132
123
121
121
119
120
112
121
128
128
123
134
136
130
147
149
143
159
164
163
168
161
165
155
167
176
165
158
164
175
163
171
181
179
182
175
178
181
185
185
179
183
186
176
175
172
174
180
181
180
184
176
171
181
185
187
190
199
197
205
205
208
211
208
215
213
221
226
232
232
235
233
235
241
243
248
250
248
244
238
231
227
237
235
231
235
238
235
230
235
235
239
235
225
226
227
230
227
229
226
225
223
226
219
211
224
217
215
204
197
201
198
182
186
191
192
191
184
181
180
173
174
187
175
181
186
178
172
186
182
182
178
175
181
177
174
175
173
159
160
165
174
165
166
169
159
160
170
180
183
179
174
175
179
174
166
169
173
178
169
175
178
177
174
185
188
189
196
191
201
196
194
199
198
203
205
203
216
219
212
216
217
220
228
223
225
226
228
225
232
235
236
238
234
235
235
241
243
241
240
242
233
229
238
240
238
235
241
238
235
247
235
238
231
220
238
232
238
239
235
234
225
234
238
238
239
238
239
233
236
235
232
240
228
228
227
227
222
210
208
205
204
209
200
207
226
213
223
220
225
226
222
231
235
238
235
233
232
232
230
230
222
231
231
233
226
222
225
220
223
215
213
211
206
219
219
216
215
217
210
205
206
217
224
231
228
229
234
242
243
251
256
248
257
258
253
247
256
249
262
253
250
258
247
259
261
261
250
246
253
263
251
246
255
251
254
250
249
249
238
242
253
240
242
242
251
245
239
239
237
237
239
232
219
230
225
226
227
216
216
213
200
199
193
196
201
190
197
186
185
192
198
187
180
181
174
176
170
157
154
148
135
132
132
122
130
126
128
123
123
119
111
115
114
108
112
110
102
103
112
108
94
98
77
75
74
65
70
60
58
51
54
61
55
52
54
55
45
53
49
45
39
38
31
33
28
26
36
27
26
31
37
32
27
25
30
25
21
19
26
28
28
26
26
24
19
16
11
22
12
2
2
10
8
3
-2
-3
3
1
12
8
10
8
9
13
13
20
23
17
15
13
16
17
5
-4
-10
-3
-4
6
7
10
9
14
8
6
14
16
23
17
20
18
22
33
35
26
34
38
38
37
42
47
41
54
67
59
53
54
58
41
49
58
53
48
58
48
36
45
44
43
43
38
38
31
25
23
25
31
21
28
18
11
-2
-3
-5
-11
-8
-7
-11
-11
-6
-17
-17
-28
-26
-25
-31
-28
-32
-36
-28
-44
-37
-42
-57
-42
-49
-61
-56
-60
-69
-68
-75
-72
-79
-84
-87
-85
-91
-99
-93
-97
-98
-92
-90
-85
-92
-86
-85
-80
-81
-75
-69
-76
-80
-77
-77
-86
-80
-85
-91
-99
-91
-98
-102
-96
-98
-97
-101
-95
-107
-99
-99
-107
-98
-93
-86
-92
-84
-82
-88
-79
-71
-72
-63
-58
-62
-67
-62
-60
-68
-67
-62
-60
-57
-64
-58
-55
-59
-56
-64
-58
-65
-76
-66
-69
-66
-75
-74
-75
-86
-77
-90
-80
-92
-94
-93
-97
-100
-105
-100
-105
-105
-115
-116
-106
-114
-105
-109
-120
-121
-125
-117
-123
-116
-124
-130
-127
-126
-130
-129
-125
-126
-132
-129
-126
-127
-130
-128
-120
-126
-125
-129
-135
-131
-137
-141
-133
-133
-126
-132
-135
-136
-134
-142
-142
-140
-138
-138
-148
-153
-151
-156
-149
-153
-149
-156
-159
-164
-165
-163
-162
-163
-161
-158
-159
-155
-161
-159
-155
-160
-160
-152
-158
-158
-151
-153
-142
-147
-147
-140
-149
-147
-147
-148
-157
-161
-160
-165
-166
-167
-172
-162
-167
-162
-155
-153
-155
-156
-157
-146
-145
-143
-147
-147
-145
-150
-147
-137
-145
-147
-128
-129
-132
-128
-125
-132
-124
-121
-122
-122
-130
-124
-111
-115
-117
-122
-116
-120
-119
-109
-110
-100
-107
-101
-86
-92
-101
-95
-94
-93
-91
-81
-87
-96
-89
-82
-88
-101
-97
-121
-112
-109
-112
-113
-110
-119
-123
-118
-132
-131
-137
-147
-159
-153
-165
-160
-171
-181
-183
-185
-188
-187
-187
-195
-195
-200
-207
-211
-209
-220
-221
-235
-237
-244
-247
-239
-252
-251
-243
-243
-239
-232
-244
-245
-253
-260
-256
-266
-265
-265
-272
-274
-279
-279
-278
-279
-283
-283
-285
-282
-282
-281
-287
-295
-295
-283
-283
-285
-288
-288
-282
-276
-274
-272
-280
-283
-283
-286
-283
-283
-288
-287
-263
-273
-264
-265
-261
-261
-256
-259
-256
-266
-259
-253
-257
-267
-279
-274
-273
-279
-274
-272
-265
-265
-267
-264
-259
-256
-253
-248
-255
-253
-257
-251
-255
-259
-258
-262
-272
-265
-255
-262
-260
-262
-254
-251
-252
-259
-253
-257
-257
-250
-256
-259
-261
-253
-257
-251
-242
-244
-243
-248
-257
-255
-261
-267
-269
-267
-260
-256
-255
-253
-258
-254
-243
-244
-240
-240
-245
-245
-240
-236
-228
-224
-226
-216
-220
-221
-225
-223
-216
-217
-219
-218
-213
-216
-211
-210
-209
-207
-197
-194
-193
-176
-183
-176
-174
-181
-180
-182
-175
-167
-163
-161
-175
-173
-176
-186
-182
-165
-174
-176
-157
-161
-164
-157
-157
-166
-155
-155
-161
-163
-169
-154
-165
-153
-157
-156
-145
-153
-147
-149
-137
-142
-122
-134
-131
-135
-129
-124
-125
-101
-107
-100
-99
-90
-86
-88
-85
-71
-75
-77
-75
-74
-74
-83
-76
-82
-80
-80
-88
-81
-86
-88
-89
-97
-94
-100
-98
-97
-97
-95
-96
-99
-99
-92
-104
-101
-101
-102
-108
-106
-118
-124
-128
-136
-134
-143
-144
-146
-159
-144
-144
-156
-150
-159
-146
-153
-157
-158
-163
-164
-166
-166
-180
-177
-179
-180
-176
-179
-176
-170
-163
-176
-172
-165
-174
-172
-179
-180
-181
-186
-188
-173
-181
-190
-190
-193
-198
-192
-200
-199
-202
-202
-208
-217
-213
-220
-230
-234
-240
-253
-249
-258
-254
-259
-256
-257
-264
-265
-252
-243
-264
-262
-251
-258
-263
-259
-256
-260
-264
-258
-256
-263
-262
-264
-261
-263
-258
-257
-259
-258
-266
-270
-274
-271
-267
-262
-257
-257
-256
-246
-259
-263
-257
-260
-261
-258
-257
-258
-257
-255
-253
-261
-259
-269
-267
-267
-266
-259
-260
-257
-270
-262
-267
-261
-265
-271
-268
-271
-266
-256
-255
-266
-265
-267
-263
-266
-256
-255
-259
-262
-268
-264
-257
-249
-253
-249
-241
-239
-239
-237
-239
-229
-227
-236
-232
-225
-235
-221
-233
-240
-239
-233
-230
-238
-229
-237
-239
-245
-237
-243
-246
-253
-252
-245
-254
-250
-259
-253
-239
-245
-238
-235
-230
-226
-225
-222
-229
-216
-221
-221
-209
-214
-210
-208
-210
-205
-209
-197
-199
-204
-200
-201
-198
-197
-188
-191
-185
-189
-184
-189
-188
-187
-189
-185
-195
-205
-195
-192
-197
-192
-197
-200
-200
-204
-193
-200
-212
-205
-211
-207
-214
-207
-209
-207
-215
-217
-217
-224
-221
-221
-222
-221
-226
-223
-221
-221
-218
-224
-215
-218
-231
-227
-233
-228
-223
-225
-237
-231
-218
-228
-212
-225
-221
-223
-223
-229
-229
-221
-228
-215
-231
-232
-236
-231
-234
-234
-231
-238
-235
-237
-234
-228
-231
-233
-232
-225
-228
-222
-212
-227
-228
-227
-224
-216
-214
-224
-217
-231
-219
-218
-224
-225
-219
-209
-211
-202
-206
-204
-204
-195
-189
-194
-193
-189
-191
-190
-198
-206
-198
-200
-220
-206
-207
-214
-208
-216
-208
-207
-209
-198
-207
-206
-191
-185
-184
-184
-191
-185
-184
-183
-173
-171
-170
-161
-162
-147
-133
-141
-143
-146
-131
-137
-140
-137
-131
-131
-133
-130
-130
-133
-124
-137
-125
-122
-132
-133
-135
-129
-136
-134
-132
-134
-132
-126
-124
-119
-110
-120
-108
-116
-117
-124
-125
-118
-125
-116
-108
-113
-116
-102
-103
-106
-111
-110
-108
-117
-107
-115
-118
-116
-116
-114
-116
-132
-131
-118
-128
-132
-130
-127
-125
-121
-112
-122
-120
-118
-122
-119
-119
-118
-124
-121
-121
-122
-121
-119
-125
-127
-120
-126
-139
-139
-128
-135
-133
-139
-129
-139
-145
-140
-151
-135
-144
-149
-147
-155
-158
-155
-158
-160
-164
-161
-163
-163
-163
-169
-165
-170
-182
-171
-170
-173
-168
-178
-176
-180
-189
-184
-178
-183
-189
-186
-169
-171
-171
-179
-178
-158
-151
-151
-145
-140
-143
-139
-130
-126
-132
-131
-118
-116
-118
-113
-107
-102
-105
-96
-90
-93
-99
-91
-85
-94
-93
-90
-87
-86
-90
-91
-89
-80
-75
-81
-72
-74
-75
-74
-85
-81
-80
-71
-66
-68
-70
-60
-66
-70
-74
-68
-69
-72
-63
-65
-67
-72
-68
-66
-72
-61
-69
-66
-65
-65
-65
-67
-68
-78
-62
-58
-64
-70
-67
-84
-87
-98
-94
-100
-119
-110
-122
-126
-131
-116
-101
-124
-114
-114
-105
-97
-111
-102
-101
-100
-101
-98
-95
-95
-97
-97
-99
-99
-108
-106
-97
-107
-112
-107
-105
-113
-111
-112
-123
-125
-126
-133
-142
-135
-146
-146
-153
-156
-152
-159
-160
-167
-161
-168
-170
-169
-177
-203
-194
-190
-195
-196
-197
-206
-210
-215
-225
-226
-214
-228
-235
-233
-241
-238
-244
-244
-237
-236
-235
-236
-254
-239
-246
-251
-239
-244
-233
-238
-241
-247
-258
-255
-262
-265
-274
-268
-272
-275
-273
-272
-290
-291
-276
-283
-283
-282
-293
-295
-286
-295
-300
-299
-294
-299
-296
-301
-299
-301
-309
-306
-311
-316
-314
-313
-320
-328
-319
-319
-316
-314
-308
-298
-305
-301
-303
-299
-302
-309
-302
-295
-297
-308
-312
-301
-302
-305
-311
-320
-319
-306
-314
-318
-326
-327
-323
-333
-338
-338
-347
-359
-350
-355
-372
-363
-361
-362
-369
-367
-371
-381
-379
-389
-396
-388
-396
-402
-399
-414
-403
-407
-411
-409
-408
-407
-403
-399
-396
-372
-343
-53
240
197
-226
-582
-235
331
411
65
-322
-409
-377
-303
-144
-211
-494
-874
-1021
-813
-629
-643
-991
-1311
-1261
-1009
-940
-1145
-1288
-1269
-1255
-1510
-1202
-562
31
-593
-1782
-1713
-393
679
284
-665
-631
-256
-431
-381
324
1038
93
-1111
-869
186
506
-252
-630
-430
-525
-846
-808
-583
-634
-960
-1051
-1005
-1121
-1101
-1047
-1001
-1107
-1023
-722
-859
-1176
-1121
-552
-201
-482
-780
-597
-356
-324
-328
-49
187
-186
-530
-383
98
171
-166
-345
-328
-340
-441
-445
-379
-510
-638
-673
-737
-863
-855
-723
-715
-931
-945
-783
-780
-956
-934
-606
-492
-693
-802
-597
-423
-452
-453
-248
-147
-274
-325
-138
51
-50
-165
-72
70
83
-13
-41
-37
-90
-139
-118
-105
-196
-347
-426
-438
-452
-505
-636
-735
-811
-807
-789
-783
-869
-948
-988
-934
-914
-893
-893
-857
-856
-868
-924
-953
-1012
-1228
-721
-44
541
-460
-1905
-1691
73
1187
502
-700
-612
-470
-752
-354
762
1295
-371
-1694
-1023
340
528
-360
-614
-435
-713
-996
-636
-202
-354
-890
-907
-682
-747
-737
-711
-534
-601
-520
-310
-523
-834
-724
-56
270
-146
-567
-384
-170
-128
-109
254
336
-282
-657
-326
301
249
-203
-354
-292
-331
-434
-335
-197
-354
-483
-484
-498
-583
-521
-348
-328
-544
-403
-113
-107
-446
-516
-13
347
267
38
-8
107
160
265
515
531
271
-29
-24
239
299
133
-155
-350
-304
-219
-213
-407
-656
-743
-701
-647
-685
-759
-829
-863
-889
-805
-780
-873
-1076
-1436
-791
217
1002
-102
-1934
-1818
254
1802
1207
-225
-228
9
-358
80
1438
2326
465
-1390
-761
1027
1426
230
-270
76
-132
-678
-454
149
98
-666
-859
-519
-511
-645
-777
-509
-422
-370
-200
-426
-728
-629
125
635
251
-291
-115
215
319
363
783
999
286
-305
71
1032
1166
521
57
104
312
356
465
576
371
70
-97
-14
138
259
120
-88
-267
-210
-185
-376
-507
-426
-259
-358
-609
-676
-558
-479
-501
-503
-373
-370
-566
-672
-602
-341
-754
-602
78
967
328
-1460
-1607
212
1612
1024
-336
-283
125
-384
-203
912
1895
431
-1374
-909
679
1161
145
-314
5
-150
-604
-354
248
236
-461
-641
-207
-182
-341
-428
-142
-78
-193
-39
-74
-317
-413
111
646
393
-213
-167
190
331
242
439
714
219
-297
-141
652
942
532
162
70
135
262
562
872
702
280
34
93
398
698
694
376
-77
-147
27
187
104
-116
-215
-326
-429
-417
-430
-416
-594
-598
-495
-384
-756
-1010
-1241
-952
-56
787
948
-983
-2366
-1269
1438
2315
755
-702
-147
0
-75
717
2344
2193
-544
-1579
72
1956
1435
38
8
345
-191
-581
63
658
182
-743
-580
-236
-313
-593
-544
-95
-162
-234
-307
-527
-654
-276
528
716
-4
-486
-110
323
477
499
920
707
-95
-289
685
1624
1139
108
-90
548
995
861
687
600
420
222
268
496
641
417
-17
-279
-196
132
-33
-454
-710
-415
-248
-569
-926
-872
-605
-650
-807
-949
-858
-1537
-1267
-122
1420
754
-1947
-2648
-293
2221
1968
49
-290
292
-297
-123
1379
3088
1418
-1392
-1241
966
2079
723
-234
151
139
-566
-539
202
380
-510
-993
-478
-366
-568
-895
-539
-242
-340
-242
-347
-564
-674
-72
741
673
-114
-266
166
549
535
692
1116
639
-26
49
1149
1598
790
-13
178
893
1095
725
435
331
283
263
260
352
338
-20
-378
-524
-156
-39
-421
-905
-908
-508
-398
-785
-967
-983
-738
-951
-983
-1367
-1229
-244
872
968
-1280
-2550
-956
1800
2334
632
-507
234
-74
-183
896
2910
2311
-968
-1819
247
2169
1170
-305
-94
253
-592
-987
-76
629
-177
-1286
-887
-375
-487
-961
-816
-250
-315
-340
-404
-570
-733
-288
653
815
11
-389
34
447
538
621
1185
815
-63
-155
995
1703
864
-48
199
1019
1181
634
367
357
337
324
363
357
159
-242
-470
-450
-232
-207
-705
-1086
-1169
-629
-490
-814
-1354
-1364
-1241
-968
-1413
-1648
-548
698
969
-1434
-2818
-1142
1753
2265
523
-529
375
92
-359
699
2866
2755
-639
-1916
46
2223
1454
-301
-202
285
-468
-1209
-406
536
-40
-1424
-1362
-691
-548
-964
-1064
-566
-610
-575
-579
-670
-794
-441
437
693
-36
-487
71
556
596
498
1087
1088
286
28
893
1714
1015
146
428
1293
1334
539
126
358
650
584
343
39
-124
-390
-521
-481
-406
-493
-1011
-1418
-1257
-773
-625
-1192
-1669
-1720
-1286
-1706
-1575
-291
1307
712
-2491
-3387
-334
3020
2464
-178
-711
665
168
-163
1459
3805
2297
-1586
-1826
1086
2853
1054
-566
-25
335
-719
-1190
-141
561
-420
-1570
-1198
-750
-832
-1170
-843
-374
-612
-684
-740
-774
-771
-111
845
727
-307
-563
242
856
806
776
1314
948
119
107
1286
1871
926
134
576
1345
1135
350
115
489
688
475
62
-263
-320
-438
-425
-568
-601
-840
-1271
-1404
-1072
-653
-883
-1622
-2034
-1813
-1822
-902
401
1431
-435
-3406
-2923
939
3516
1939
-737
-491
458
26
462
2626
3901
710
-2259
-872
2287
2594
219
-480
266
-146
-1164
-716
477
155
-1296
-1498
-717
-762
-1277
-1295
-515
-421
-736
-618
-609
-789
-717
371
1128
537
-408
-156
674
942
790
1237
1626
864
98
484
1664
1721
879
619
967
1096
526
167
435
636
520
72
-417
-627
-596
-413
-498
-820
-1026
-1171
-1262
-1217
-1083
-892
-1351
-1794
-2339
-1715
76
1566
914
-2269
-3468
-773
2811
3053
572
-550
336
213
143
1719
3927
2592
-1309
-1910
1044
3066
1385
-536
-148
305
-595
-1043
-103
406
-705
-1656
-1095
-607
-876
-1295
-1001
-557
-603
-429
-445
-769
-877
26
1164
949
-157
-251
680
1139
916
1114
1909
1558
368
155
1458
2339
1601
726
693
1058
780
363
526
698
488
-199
-659
-728
-465
-429
-751
-1282
-1432
-1178
-1030
-1272
-1483
-1457
-1373
-1939
-2309
-780
1409
1829
-1361
-3828
-1634
2554
3592
1102
-486
662
717
-63
1120
3956
3822
-442
-2371
350
3225
2151
-372
-472
331
-398
-1173
-375
504
-453
-1835
-1516
-721
-866
-1344
-1169
-618
-688
-688
-411
-581
-925
-359
1017
1344
197
-431
435
1259
1228
1198
1979
2050
720
11
1158
2677
2501
1132
396
588
809
748
727
702
268
-492
-986
-983
-616
-542
-1052
-1706
-1881
-1394
-1221
-1515
-2043
-1986
-2003
-2228
-1204
748
1707
-953
-3836
-2204
2397
4192
1537
-841
345
1234
606
1180
3722
4116
89
-2275
191
3362
2484
-324
-676
241
-342
-1289
-698
190
-553
-1928
-1842
-1187
-1299
-1618
-1445
-939
-1027
-1023
-738
-862
-1078
-553
717
1139
246
-332
307
1043
1243
1439
2127
2005
704
153
1368
2926
2632
1036
171
438
990
955
636
228
-320
-889
-1180
-1076
-903
-1121
-1756
-2312
-2155
-1675
-1745
-2456
-2916
-2741
-2404
-1400
18
774
-1282
-3816
-2677
1634
3949
1895
-852
-329
948
1060
1659
3635
3995
392
-2006
146
3459
2996
79
-792
-29
-318
-1121
-554
120
-871
-2402
-2280
-1316
-1327
-1918
-2026
-1564
-1505
-1425
-1112
-1119
-1310
-873
201
642
8
-391
292
991
1143
1332
2035
2053
848
285
1544
3104
2683
912
40
570
1203
1025
647
138
-581
-1284
-1346
-939
-883
-1459
-2273
-2626
-2349
-1953
-2023
-2692
-3236
-3328
-2464
-862
427
-272
-2974
-3934
-989
2776
3141
511
-904
154
884
1373
2739
4147
2517
-918
-1080
1962
3754
1901
-354
-464
-97
-545
-646
-101
-334
-1659
-2361
-1763
-1463
-1711
-1898
-1753
-1698
-1745
-1220
-1044
-1468
-1461
-287
850
467
-495
-308
786
1425
1539
1752
2171
1788
1002
1232
2354
3045
2235
926
509
999
1378
1030
298
-226
-611
-954
-1157
-1367
-1381
-1638
-2100
-2432
-2504
-2273
-2426
-2904
-3312
-2692
-1040
233
-386
-2610
-3476
-1144
2143
2804
1029
-285
271
792
1205
2693
4239
3075
-265
-1035
1693
3773
2411
144
-207
176
-317
-636
64
96
-1231
-2309
-1921
-1234
-1417
-1773
-1821
-1708
-1601
-1243
-1042
-1376
-1397
-361
635
388
-426
-131
989
1426
1357
1702
2366
2024
1124
1404
2777
3325
2152
843
908
1575
1648
994
406
26
-460
-795
-873
-1066
-1396
-1814
-2141
-2341
-2384
-2214
-2396
-3064
-3467
-2700
-914
127
-710
-2671
-3230
-1020
1879
2572
1088
-174
119
788
1532
2932
3933
2666
-43
-446
1893
3436
2199
288
-83
102
-346
-515
-56
-192
-1331
-2125
-1845
-1544
-1675
-1806
-1695
-1752
-1785
-1384
-1156
-1379
-1255
-266
584
224
-381
60
1105
1621
1635
1899
2238
1975
1672
2061
2810
2721
1742
1156
1398
1780
1346
480
17
-50
-252
-703
-1131
-1472
-1752
-1950
-1988
-2064
-2388
-2734
-3034
-3183
-2927
-1644
-120
-125
-2145
-3729
-2129
1296
2896
1602
-65
-71
597
1154
2532
4056
3629
826
-793
1002
3321
3191
1199
115
-37
-385
-522
84
271
-874
-2118
-2211
-1709
-1708
-1778
-1670
-1722
-2058
-1988
-1408
-1246
-1286
-759
181
384
-222
-307
559
1495
1959
2197
2463
2207
1588
1564
2415
3252
2940
1693
792
764
1241
1216
618
-88
-723
-1153
-1536
-1670
-1551
-1636
-2166
-2886
-3230
-2895
-2649
-3005
-3337
-2211
-471
-150
-2234
-3827
-2012
1484
2784
1149
-257
213
936
1121
2386
4173
3813
672
-963
1191
3702
3259
949
-24
79
-231
-576
-73
243
-832
-2192
-2400
-1891
-1719
-1796
-1942
-2113
-2216
-1903
-1500
-1680
-1684
-820
238
175
-529
-316
848
1615
1682
1924
2538
2743
2032
1666
2341
3269
3127
1945
1111
1123
1351
1034
442
3
-363
-987
-1607
-1951
-1778
-1663
-2215
-3007
-3417
-2995
-2777
-3349
-3615
-1976
-41
-276
-2975
-4055
-1350
2083
2632
848
40
735
897
1070
2864
4728
3760
362
-580
1842
3840
2983
927
254
155
-273
-347
125
54
-1083
-2082
-2164
-1987
-1815
-1629
-1794
-2241
-2337
-1644
-1307
-1821
-1743
-549
433
14
-628
-88
1036
1568
1802
2327
2750
2459
1839
2033
2843
3361
2870
1853
1192
1141
1302
1070
589
30
-559
-1202
-1645
-1793
-1632
-1741
-2350
-3090
-3401
-3044
-2805
-3229
-3371
-1839
-163
-360
-2924
-3830
-1085
2336
2872
887
10
776
1164
1519
3167
4781
3575
244
-387
2194
4061
2932
786
216
161
-223
-212
240
-8
-1290
-2161
-2042
-1816
-1795
-1680
-1783
-2081
-2153
-1536
-1253
-1715
-1460
-265
597
70
-478
246
1323
1773
2094
2818
3168
2359
1443
2024
3416
3910
2784
1313
865
1216
1473
1055
428
-217
-940
-1562
-1716
-1626
-1689
-2199
-2893
-3264
-3263
-2991
-2919
-3587
-3588
-1701
309
-186
-3362
-4140
-616
3185
3076
585
8
1151
1233
1521
3665
5466
3459
-522
-521
2876
4599
2655
312
73
146
-341
-313
244
-141
-1625
-2532
-2201
-1817
-1713
-1799
-2185
-2411
-2043
-1247
-1388
-2115
-1567
82
848
-5
-520
453
1719
2069
2347
3006
3175
2240
1411
2378
3981
4168
2408
720
713
1607
1808
1014
150
-532
-1178
-1675
-1590
-1455
-1737
-2629
-3378
-3495
-3092
-2829
-3202
-4043
-3570
-1314
226
-908
-3739
-3604
-24
2945
2551
628
276
986
969
1953
4257
5228
2597
-751
80
3255
4281
2198
257
25
-140
-485
-176
194
-593
-2031
-2561
-2135
-1998
-1979
-1974
-2257
-2470
-2110
-1339
-1521
-2160
-1493
121
778
-14
-417
614
1795
2198
2418
2914
3120
2360
1766
2436
3702
3878
2260
819
794
1542
1522
557
-151
-616
-1160
-1718
-1890
-1862
-2137
-2815
-3364
-3523
-3237
-3105
-3466
-4246
-3333
-864
487
-1369
-4362
-3383
825
3477
2297
309
484
1212
985
2144
4634
5344
1999
-1109
489
3742
4075
1478
-38
146
-81
-706
-436
-3
-831
-2211
-2580
-2058
-2025
-2057
-2145
-2277
-2247
-1724
-1130
-1632
-2140
-1167
592
1087
212
-144
736
1802
2648
3420
3709
2982
1681
1780
3332
4690
4134
1944
467
702
1816
1985
957
-191
-1067
-1559
-1607
-1416
-1532
-2312
-3378
-3674
-3309
-2682
-2886
-3799
-4622
-3308
-389
864
-1198
-4242
-3332
831
3695
2890
1014
653
975
1011
2679
5314
5605
2066
-1068
560
3860
4270
1749
0
-41
-287
-745
-445
-29
-940
-2447
-2866
-2168
-1937
-2152
-2470
-2592
-2193
-1513
-1119
-1750
-2192
-1051
712
1194
458
110
925
1988
2840
3750
3880
3072
1835
1972
3612
4806
4086
1887
479
841
1870
1934
881
-332
-1126
-1585
-1554
-1303
-1542
-2382
-3497
-3765
-3391
-2772
-2899
-3688
-4470
-3532
-976
463
-752
-3562
-3378
64
3282
3279
1409
598
1083
1445
2655
4755
5508
3004
-326
316
3378
4480
2294
74
-74
-39
-508
-587
-187
-832
-2353
-2963
-2229
-1858
-2341
-2743
-2674
-2161
-1805
-1471
-1647
-1944
-1262
178
1104
788
266
695
1698
2543
3547
4116
3893
2530
1668
2822
4513
4793
2976
1058
760
1366
1617
1159
433
-392
-1543
-2079
-1655
-1301
-1811
-3015
-3710
-3610
-3313
-2986
-3329
-3776
-4075
-2786
-603
128
-1276
-3374
-2537
916
3600
3234
1320
539
1302
2011
3371
4986
5154
2568
-232
879
3753
4333
1918
40
84
7
-651
-592
-118
-923
-2470
-2907
-2029
-2014
-2580
-2707
-2283
-1885
-1928
-1677
-1677
-1708
-899
486
1216
696
261
986
2156
3064
3768
3929
3418
2384
2388
3698
4649
4123
2383
1346
1355
1734
1621
975
241
-615
-1319
-1495
-1365
-1556
-2186
-2874
-3297
-3407
-3355
-3068
-3239
-3619
-3670
-2780
-994
-280
-822
-2442
-2423
158
3078
3471
1720
597
1493
2369
2954
4212
4987
3610
584
513
3052
4161
2318
290
290
254
-616
-902
-308
-677
-2063
-2777
-2249
-2149
-2681
-2604
-2251
-2049
-2181
-1816
-1498
-1658
-1226
67
997
735
307
825
1789
2272
2857
3897
4297
3401
1921
1978
3532
4698
3998
2199
905
778
1054
1116
1018
371
-713
-1992
-2323
-1736
-1265
-1713
-2881
-3744
-3751
-3312
-2877
-3056
-3286
-3350
-2695
-1143
-269
-535
-2151
-2259
342
3224
3488
1630
476
1416
2322
3229
4369
4711
2960
251
615
3149
4083
2191
147
-160
-166
-594
-475
-52
-909
-2447
-2988
-2044
-1754
-2340
-2534
-2340
-2063
-2000
-1502
-1104
-1318
-1157
-7
1060
1068
497
846
1816
2388
2838
3539
4111
3411
2104
1962
3320
4408
3697
2126
1173
1012
986
866
897
507
-582
-1806
-2121
-1645
-1256
-1629
-2478
-3256
-3514
-3088
-2792
-2662
-3100
-3131
-2851
-1735
-349
40
-970
-2364
-1200
1839
3690
2681
953
868
2071
2639
3414
4309
4036
1871
246
1719
3646
3154
909
-186
229
176
-444
-557
-564
-1448
-2341
-2162
-1460
-1807
-2498
-2556
-1922
-1357
-1258
-1171
-1242
-1156
-462
646
1243
1115
907
1272
1947
2587
3233
3465
3315
2719
2499
2953
3469
3420
2672
1906
1533
1426
1171
754
359
-52
-578
-983
-1170
-1386
-1731
-2050
-2147
-2225
-2595
-2874
-2847
-2500
-2563
-2770
-2641
-1788
-215
183
-584
-1944
-1420
1009
3020
2927
1742
1087
1459
1732
2683
4207
4356
2534
289
800
2650
3005
1702
564
349
-159
-841
-641
-111
-713
-1808
-2225
-1668
-1696
-2175
-2055
-1662
-1312
-1343
-1142
-1020
-1180
-723
431
1315
1174
643
774
1381
1900
2540
3033
3083
2722
2485
2769
2861
2660
2450
2484
2292
1672
923
427
357
463
403
-204
-1042
-1676
-1637
-1354
-1243
-1531
-2060
-2713
-3063
-2767
-2036
-1747
-2419
-2906
-2497
-618
291
-224
-1458
-1545
125
2015
2597
2074
1206
1098
1540
2338
3445
3620
2716
1062
742
2006
2825
2015
580
190
395
111
-495
-530
-643
-1129
-1657
-1421
-1133
-1703
-2154
-1990
-1230
-763
-778
-995
-1268
-1042
-83
910
1112
701
464
912
1361
2056
2718
2958
2599
1886
1999
2549
2953
2745
2267
1938
1712
1352
935
701
796
740
95
-585
-872
-767
-850
-1193
-1240
-1264
-1640
-2412
-2772
-2310
-1702
-1726
-2458
-2753
-2220
-670
47
-236
-1270
-1526
-254
1506
2339
1911
1085
920
1304
1935
2990
3436
2825
1181
734
2022
2924
2117
679
505
842
508
-96
-42
-149
-905
-1522
-991
-470
-1109
-1850
-1833
-1199
-907
-788
-682
-914
-1158
-635
430
866
496
315
836
1177
1403
1784
2344
2494
2202
2288
2552
2574
2225
2203
2582
2678
2041
1221
917
1139
1334
1045
548
-34
-413
-664
-640
-520
-695
-1228
-1841
-2132
-2012
-1807
-1760
-2010
-2598
-2546
-2000
-735
-134
-491
-1517
-1999
-785
1393
2377
1621
360
383
1393
1968
2608
3044
2868
1483
734
1939
3120
2481
952
668
1218
1067
319
280
83
-597
-1072
-480
-141
-1154
-1936
-1610
-872
-913
-1104
-914
-1040
-1504
-1082
115
560
-115
-503
283
865
940
1250
1960
2144
1581
1598
2382
2825
2464
2193
2409
2526
2160
1865
1784
1572
1263
1055
955
528
30
-214
-306
-478
-781
-930
-1191
-1604
-1991
-2047
-1977
-1995
-2129
-2402
-2497
-2491
-1518
-463
-118
-1314
-2513
-1688
727
2116
1435
291
426
1088
1126
1772
2969
3335
1614
344
1591
3130
2474
865
901
1770
1337
141
240
520
-223
-1029
-288
502
-604
-2004
-1871
-915
-873
-1125
-808
-851
-1870
-2018
-693
313
-203
-870
-195
281
67
256
1424
2019
1395
1117
1916
2449
1998
1851
2480
2844
2246
1774
1772
1615
1293
1336
1538
958
-19
-304
-19
-146
-613
-763
-731
-1230
-1833
-1789
-1549
-1651
-2033
-1908
-1777
-2116
-2523
-1887
-563
126
-606
-1854
-2027
-595
1216
1700
866
95
376
730
1005
1556
2442
2234
914
499
1564
2221
1295
529
1056
1736
1061
256
224
193
-262
-198
665
527
-846
-1662
-1058
-437
-515
-484
-239
-830
-1759
-1366
-25
382
-477
-665
-14
233
-48
313
1134
1132
565
888
1831
1833
1056
983
1824
2158
1670
1291
1145
824
561
943
1273
610
-383
-564
-206
-225
-468
-319
-153
-606
-1119
-921
-413
-527
-986
-909
-610
-739
-1224
-1156
-463
48
-7
-518
-1098
-1128
-344
500
616
-32
-202
-6
-54
-179
379
1105
766
-102
-28
824
796
134
116
847
865
239
283
728
467
-287
5
890
868
-27
-243
200
235
-128
116
615
243
-367
-131
628
436
-251
-125
586
677
280
313
652
426
-30
356
992
867
193
146
563
510
150
218
520
254
-225
-116
267
142
-194
-56
274
200
-42
124
330
165
2
308
602
266
-99
68
360
125
-222
-84
222
107
-117
-24
-33
-420
-749
-365
73
-85
-499
-514
-351
-549
-776
-510
-131
-234
-531
-379
-83
-245
-519
-317
135
176
1
158
367
118
-138
212
784
770
405
423
653
561
360
576
929
760
353
333
561
506
192
174
314
205
-17
0
126
-19
-268
-206
5
-70
-267
-206
14
33
-167
-150
26
127
76
158
380
437
323
284
466
667
718
658
663
659
655
606
579
552
500
479
434
335
152
13
0
13
-52
-165
-268
-410
-551
-543
-380
-389
-598
-697
-579
-466
-546
-569
-447
-397
-523
-511
-217
15
-101
-248
-92
149
226
197
305
425
370
293
312
417
406
301
261
240
217
137
42
5
-48
-65
-99
-133
-135
-122
-117
-149
-138
-56
1
-6
8
86
203
227
292
377
416
438
472
612
732
745
704
687
712
765
783
816
805
708
594
498
493
483
472
404
245
117
17
-27
-53
-117
-192
-258
-309
-380
-468
-486
-416
-358
-404
-530
-524
-423
-368
-338
-300
-252
-267
-357
-308
-166
-11
8
-94
-129
-115
-17
24
7
-5
-11
-86
-224
-269
-172
-121
-249
-398
-441
-436
-475
-474
-337
-269
-354
-475
-366
-175
-130
-122
-43
55
19
44
223
400
424
348
398
491
486
489
575
607
535
438
444
488
435
423
411
367
278
210
253
195
94
55
95
110
-8
-93
-60
-19
-35
-40
-38
-89
-149
-96
3
-2
-40
-83
-79
-108
-96
-22
-47
-204
-323
-266
-209
-278
-381
-395
-448
-583
-630
-545
-509
-645
-728
-675
-679
-818
-894
-765
-614
-647
-742
-671
-570
-524
-499
-379
-261
-259
-267
-209
-56
69
122
140
154
202
250
256
258
268
334
352
248
138
103
140
154
102
39
-24
-84
-72
-25
11
-39
-115
-80
9
67
65
87
151
218
206
226
315
432
462
474
513
553
587
546
569
600
591
546
484
454
365
265
198
142
71
-48
-153
-242
-363
-448
-410
-431
-579
-778
-800
-697
-668
-716
-763
-706
-731
-731
-635
-446
-346
-393
-402
-325
-145
-41
25
26
44
83
145
189
163
180
196
221
162
101
59
52
19
-54
-131
-205
-255
-302
-316
-346
-386
-423
-402
-384
-345
-290
-226
-139
-78
-26
38
140
261
387
503
526
541
621
731
841
901
906
885
844
831
867
893
817
686
597
576
502
360
232
160
67
-67
-175
-250
-312
-393
-412
-395
-458
-544
-564
-483
-402
-359
-320
-304
-301
-247
-55
130
195
142
158
225
297
361
423
433
351
300
269
243
144
60
34
-53
-181
-285
-344
-436
-552
-640
-662
-706
-772
-830
-863
-858
-837
-730
-688
-728
-727
-611
-468
-391
-254
-136
-85
-110
2
252
397
374
341
396
452
494
562
661
617
465
377
420
439
401
354
283
148
9
-37
-35
-49
-78
-134
-237
-330
-334
-241
-151
-125
-129
-147
-166
-136
-27
128
210
200
194
237
324
346
371
469
530
491
387
325
405
470
368
220
133
115
8
-115
-105
-109
-227
-463
-554
-467
-448
-517
-537
-504
-546
-636
-602
-449
-339
-353
-428
-377
-326
-261
-200
-165
-96
-88
-75
-76
-42
-14
-6
-45
-70
-38
-37
-114
-220
-195
-128
-129
-242
-350
-370
-362
-354
-333
-324
-382
-485
-485
-382
-271
-253
-259
-263
-248
-174
-53
69
101
121
150
227
263
286
373
443
447
403
427
474
461
446
455
416
342
324
332
289
176
121
132
81
-1
-54
-32
-71
-140
-152
-79
-54
-144
-169
-63
50
32
-39
-41
56
119
168
180
194
153
130
177
223
218
146
95
109
121
91
45
15
-21
-86
-110
-129
-168
-219
-225
-213
-209
-253
-292
-299
-278
-246
-207
-163
-211
-231
-188
-66
-8
-9
-40
1
60
41
88
132
186
179
137
114
104
149
197
199
137
45
16
58
56
63
53
18
-44
-63
5
39
9
-43
1
29
39
38
74
125
163
232
237
207
192
271
378
372
355
323
347
346
325
352
330
261
177
183
221
180
96
55
47
34
-3
-41
-41
-83
-106
-70
-51
-81
-138
-112
-30
3
1
-3
13
37
58
121
144
130
108
132
167
145
145
163
161
116
90
113
115
70
12
10
12
18
-36
-80
-94
-112
-110
-108
-79
-78
-79
-97
-87
-35
24
59
55
78
110
174
211
267
284
293
317
344
383
406
425
412
373
308
303
350
331
249
196
176
152
109
61
49
-1
-54
-62
-67
-82
-107
-89
-74
-85
-89
-30
19
50
60
74
119
157
214
242
254
254
256
298
309
298
272
250
235
235
213
179
128
136
146
86
19
6
55
37
-31
-74
-60
-50
-76
-72
-34
-1
-17
-54
-35
44
125
136
98
102
197
274
262
250
294
360
331
313
391
459
407
288
286
364
355
293
252
250
212
126
90
77
34
-5
-34
-15
-56
-103
-77
-63
-41
-27
-2
13
-17
30
112
155
156
142
182
212
207
250
308
286
189
152
218
240
165
65
43
60
19
-32
-56
-83
-140
-182
-132
-101
-149
-242
-214
-98
-62
-94
-108
-38
19
20
26
119
224
216
170
174
269
341
373
368
336
329
354
411
438
407
329
302
314
349
344
284
228
166
178
206
183
139
82
40
25
48
109
106
37
-4
69
129
130
104
167
259
269
274
285
323
314
342
392
445
390
307
276
315
346
307
220
114
108
100
71
-19
-74
-68
-100
-156
-186
-166
-182
-224
-215
-154
-161
-190
-155
-59
-10
-11
0
72
137
180
234
276
277
268
325
372
366
388
425
429
380
323
372
414
373
337
361
353
253
185
222
266
226
151
156
162
77
32
88
165
153
106
94
93
93
151
259
276
208
178
256
333
357
386
427
397
338
334
412
464
432
346
295
281
277
265
222
148
90
86
79
34
-46
-72
-61
-41
-67
-123
-152
-151
-142
-128
-101
-94
-122
-138
-116
-65
-63
-65
-38
18
24
4
25
82
121
86
82
116
168
140
145
185
214
174
132
167
212
212
178
155
132
143
167
182
146
119
127
145
126
112
148
165
121
73
101
157
148
100
124
192
180
117
142
213
207
123
120
161
184
156
118
99
64
82
112
135
85
58
61
63
51
59
65
63
44
40
64
68
81
60
20
-11
4
15
-25
-87
-109
-102
-115
-147
-149
-151
-213
-271
-243
-157
-141
-197
-215
-180
-158
-144
-105
-73
-63
-56
-10
39
49
59
86
113
137
165
200
191
142
163
202
209
173
155
145
89
51
84
124
62
-42
-69
-45
-49
-87
-104
-110
-123
-141
-145
-152
-174
-164
-98
-64
-104
-120
-74
-11
20
58
95
110
101
117
174
236
255
227
206
209
212
190
168
152
143
67
-18
-77
-72
-64
-139
-216
-266
-270
-302
-345
-375
-380
-384
-397
-402
-381
-359
-350
-314
-276
-229
-188
-165
-118
-49
3
19
36
86
132
138
149
185
194
173
136
168
184
127
89
77
66
6
-31
-43
-75
-118
-132
-126
-188
-250
-255
-203
-197
-236
-245
-220
-210
-211
-150
-93
-76
-70
-17
43
77
107
167
201
213
225
248
235
210
235
273
256
170
107
90
86
43
4
-29
-71
-124
-136
-139
-184
-254
-282
-264
-265
-280
-290
-290
-266
-242
-190
-177
-181
-127
-55
-18
-24
22
103
124
84
95
174
190
135
90
132
150
101
80
83
43
-28
-63
-32
-28
-86
-142
-157
-186
-228
-228
-194
-206
-247
-248
-217
-196
-206
-157
-112
-97
-83
-33
12
25
77
127
154
153
173
211
214
214
240
269
245
179
141
137
118
90
84
59
-8
-99
-125
-109
-114
-132
-154
-174
-224
-236
-191
-123
-110
-142
-143
-122
-92
-26
38
58
55
59
110
160
185
212
203
194
196
201
204
185
177
167
134
89
64
50
11
-33
-24
-31
-93
-180
-192
-151
-150
-200
-230
-220
-232
-244
-225
-183
-174
-198
-185
-130
-109
-91
-72
-37
-19
2
47
57
56
60
104
132
94
59
74
91
66
39
44
35
-3
-32
-36
-56
-94
-91
-84
-102
-140
-186
-177
-151
-162
-163
-185
-185
-171
-138
-85
-69
-82
-92
-67
-7
21
26
37
25
16
15
44
70
61
25
9
12
4
0
-2
4
-40
-98
-101
-38
-34
-99
-153
-146
-130
-162
-155
-143
-162
-213
-212
-150
-131
-174
-193
-172
-153
-168
-174
-171
-168
-176
-149
-111
-128
-138
-154
-148
-120
-90
-78
-107
-151
-150
-106
-94
-119
-136
-138
-136
-144
-125
-118
-148
-162
-132
-127
-142
-156
-147
-142
-163
-172
-148
-126
-156
-180
-157
-106
-113
-139
-150
-143
-129
-123
-90
-113
-135
-171
-160
-111
-101
-123
-145
-146
-148
-123
-105
-92
-111
-135
-168
-157
-130
-105
-118
-146
-163
-166
-155
-150
-125
-123
-146
-195
-204
-185
-158
-161
-187
-222
-255
-229
-200
-168
-187
-230
-222
-194
-161
-162
-144
-142
-170
-167
-129
-62
-51
-92
-118
-82
-41
-31
-55
-76
-80
-82
-52
-45
-68
-105
-118
-109
-94
-94
-110
-127
-165
-173
-158
-130
-145
-176
-175
-172
-160
-163
-134
-114
-111
-116
-82
-41
-27
-35
-39
-14
20
15
-20
-16
15
11
1
-10
-25
-40
-72
-78
-63
-82
-130
-159
-162
-161
-177
-224
-246
-241
-219
-228
-253
-247
-209
-185
-197
-196
-169
-116
-95
-91
-66
-10
23
23
25
49
96
99
94
103
108
113
116
122
112
79
37
35
32
8
-31
-61
-86
-113
-119
-137
-177
-194
-176
-150
-171
-195
-180
-158
-132
-98
-77
-60
-38
-5
18
57
77
113
124
99
120
148
180
145
105
106
108
71
35
27
5
-41
-89
-90
-120
-168
-224
-254
-264
-275
-296
-303
-314
-345
-324
-300
-283
-280
-255
-209
-186
-166
-110
-26
-2
-1
9
64
113
132
170
170
179
162
154
153
144
134
100
62
35
22
-6
-58
-94
-115
-158
-203
-247
-251
-243
-262
-292
-305
-292
-257
-238
-227
-208
-181
-138
-113
-65
-15
20
47
55
102
138
133
146
183
187
167
154
161
152
112
75
54
35
-24
-81
-117
-168
-232
-261
-264
-299
-358
-387
-372
-379
-380
-363
-324
-324
-330
-296
-251
-194
-170
-114
-54
-34
2
73
124
136
161
202
213
202
207
242
230
170
136
142
153
95
28
0
-32
-77
-128
-153
-164
-221
-281
-324
-329
-306
-315
-347
-344
-292
-259
-247
-205
-157
-124
-123
-87
-9
44
49
52
80
123
126
128
152
167
141
105
87
84
70
10
-35
-63
-95
-132
-180
-234
-287
-307
-313
-340
-392
-419
-416
-406
-412
-390
-358
-356
-359
-318
-252
-205
-194
-185
-131
-85
-61
-16
39
69
47
36
61
84
77
56
62
50
25
-5
-24
-33
-56
-104
-135
-144
-177
-229
-251
-250
-273
-312
-326
-322
-315
-329
-323
-294
-277
-283
-254
-216
-168
-169
-170
-132
-111
-73
-40
7
3
-19
-7
17
39
37
30
24
-17
-45
-46
-45
-69
-132
-149
-149
-196
-229
-227
-200
-231
-295
-297
-255
-246
-269
-272
-241
-207
-210
-211
-194
-177
-148
-119
-92
-69
-52
-34
-34
-23
21
44
22
-13
11
60
55
12
7
30
13
-18
-9
-12
-49
-93
-106
-91
-93
-108
-121
-158
-175
-161
-149
-165
-170
-147
-162
-192
-188
-166
-139
-161
-175
-146
-106
-114
-137
-120
-99
-84
-81
-82
-57
-52
-49
-51
-43
-51
-37
-27
-34
-48
-40
-17
-44
-74
-94
-81
-72
-89
-96
-103
-82
-87
-95
-86
-69
-65
-97
-100
-77
-71
-88
-92
-92
-88
-86
-91
-92
-83
-112
-126
-107
-69
-66
-80
-79
-73
-63
-45
-17
-21
-38
-50
-43
-36
-25
-24
-29
-41
-76
-78
-50
-62
-96
-136
-136
-131
-177
-208
-189
-175
-231
-261
-240
-222
-245
-271
-229
-204
-213
-219
-207
-187
-179
-155
-119
-96
-113
-115
-73
-44
-40
-34
1
14
12
13
42
80
61
46
41
52
52
34
12
1
-22
-46
-52
-51
-73
-110
-134
-134
-117
-142
-165
-182
-171
-164
-175
-169
-168
-171
-154
-118
-85
-64
-65
-65
-46
-35
-12
11
21
4
-7
17
20
-2
-2
-11
-38
-62
-79
-79
-118
-181
-187
-190
-207
-243
-281
-270
-279
-301
-304
-307
-308
-314
-298
-261
-251
-261
-269
-238
-194
-172
-149
-127
-110
-92
-66
-20
16
37
26
15
17
29
43
22
15
5
-21
-38
-53
-60
-63
-75
-104
-136
-139
-140
-145
-168
-179
-185
-185
-187
-202
-183
-179
-164
-146
-134
-127
-115
-91
-81
-62
-46
-38
-41
-55
-41
-22
-20
-36
-57
-75
-81
-94
-112
-138
-166
-192
-221
-242
-258
-272
-300
-317
-323
-320
-333
-353
-341
-334
-312
-318
-320
-296
-293
-299
-270
-230
-213
-213
-190
-161
-144
-139
-121
-100
-101
-104
-101
-94
-95
-119
-141
-137
-137
-154
-176
-168
-179
-195
-200
-196
-194
-192
-192
-207
-207
-203
-194
-177
-151
-142
-150
-142
-115
-85
-54
-42
-55
-54
-2
31
28
-3
-21
-2
3
-21
-30
-41
-64
-91
-126
-140
-156
-172
-203
-219
-249
-263
-273
-281
-278
-288
-283
-279
-274
-281
-264
-235
-209
-199
-198
-182
-162
-130
-123
-128
-105
-89
-96
-95
-86
-76
-92
-118
-126
-119
-131
-178
-195
-203
-229
-267
-271
-275
-276
-313
-339
-321
-316
-323
-334
-329
-327
-335
-308
-281
-272
-256
-255
-221
-193
-169
-164
-141
-133
-108
-91
-75
-64
-78
-75
-78
-76
-86
-114
-135
-155
-174
-193
-204
-233
-272
-304
-314
-328
-349
-370
-370
-363
-372
-378
-379
-363
-353
-323
-285
-262
-253
-239
-221
-190
-156
-124
-81
-79
-74
-63
-40
-18
-16
-16
-20
-22
-33
-48
-51
-54
-75
-92
-132
-158
-168
-180
-176
-199
-234
-257
-251
-248
-252
-243
-233
-239
-250
-235
-221
-199
-173
-160
-139
-129
-113
-74
-51
-41
-53
-29
-16
-33
-22
-23
-21
-41
-65
-78
-94
-119
-144
-139
-162
-192
-211
-243
-267
-271
-265
-276
-290
-304
-318
-317
-296
-270
-260
-273
-266
-265
-255
-222
-197
-168
-162
-153
-150
-153
-139
-121
-94
-76
-94
-104
-101
-104
-112
-104
-104
-115
-142
-177
-172
-152
-134
-163
-175
-171
-167
-162
-149
-128
-110
-108
-121
-122
-93
-43
-42
-53
-61
-28
-10
-10
-5
13
25
3
-8
-2
3
6
-16
-37
-27
-50
-60
-70
-85
-83
-92
-109
-131
-134
-121
-132
-124
-123
-109
-124
-144
-123
-99
-97
-112
-109
-96
-68
-65
-71
-64
-67
-67
-57
-68
-78
-80
-80
-96
-127
-112
-100
-118
-152
-174
-165
-160
-190
-199
-185
-182
-190
-180
-166
-158
-160
-151
-121
-93
-79
-66
-60
-58
-36
-13
5
12
14
36
53
61
69
73
65
38
16
24
44
36
-4
-26
-24
-24
-43
-60
-60
-58
-68
-87
-75
-64
-78
-82
-71
-40
-32
-27
-21
-8
15
30
46
69
94
100
93
108
145
161
142
133
138
142
147
140
119
86
67
59
51
18
-22
-49
-67
-71
-93
-103
-102
-109
-122
-106
-91
-71
-78
-77
-43
1
25
38
61
95
126
153
200
224
226
221
250
278
271
263
271
259
234
212
204
196
160
134
125
109
67
40
38
35
18
-14
-8
-15
-24
-13
4
35
49
36
51
69
102
135
164
197
200
221
251
276
295
307
324
312
297
298
316
304
274
238
215
213
189
141
100
80
64
49
31
13
-7
-28
-38
-31
-21
-17
-23
-18
-9
11
34
56
73
103
148
173
191
214
245
259
277
296
315
321
299
294
295
302
284
270
236
235
210
176
172
175
157
164
429
522
121
-130
370
585
62
-304
9
640
702
441
598
429
-108
80
629
759
520
582
785
456
21
289
907
814
261
415
867
885
528
304
388
329
191
457
819
786
493
289
225
275
376
509
574
632
466
361
344
412
476
336
316
351
468
389
558
646
424
232
212
248
355
657
850
587
166
257
421
402
315
474
597
417
173
387
465
390
160
74
122
324
377
287
283
142
-4
-227
-15
427
655
237
-126
26
277
246
109
314
498
232
-15
256
621
399
-80
15
353
369
224
194
149
15
0
146
171
164
240
128
-135
-34
172
142
-43
40
208
162
-27
25
162
132
20
50
216
174
81
49
55
-8
98
143
100
68
61
73
-50
-35
201
242
46
-37
2
71
8
62
151
68
-30
-20
33
65
64
38
-58
-70
17
67
57
-46
-135
-80
-15
8
-24
5
16
-82
-129
-4
148
135
36
-61
50
118
100
109
203
208
83
-34
96
259
221
101
60
83
96
98
101
107
91
33
14
3
64
94
-30
-92
-8
125
63
-40
-1
60
-8
21
138
202
155
87
133
172
172
228
257
225
197
202
241
250
238
199
163
199
220
212
161
111
120
79
65
112
129
56
-4
-13
25
60
90
74
16
-19
33
132
202
156
103
167
174
143
209
343
339
262
213
229
247
233
253
262
257
246
173
174
185
154
147
129
102
117
124
106
43
12
19
44
68
96
142
86
-7
21
130
229
262
245
217
174
182
206
268
339
376
354
331
313
265
210
240
338
401
366
315
239
189
168
188
234
282
329
249
124
67
88
152
146
171
254
224
127
106
121
84
92
219
327
288
239
232
166
123
214
371
409
336
281
271
190
167
303
375
350
294
263
238
195
174
206
177
132
184
213
202
151
102
84
63
128
246
226
100
38
65
99
143
181
254
190
66
68
168
271
303
275
235
217
278
302
286
277
296
321
285
269
263
259
242
192
162
177
195
199
155
76
64
97
132
97
69
108
112
26
3
75
151
147
102
80
84
120
140
115
135
192
211
188
141
158
175
170
211
269
259
204
178
113
89
158
212
198
145
108
125
114
74
73
121
146
99
97
105
65
71
71
58
96
114
101
75
48
81
113
90
84
131
189
178
94
111
192
189
163
162
179
175
135
119
163
202
212
167
125
116
107
117
107
79
54
76
78
54
44
33
-4
-47
-28
54
115
68
30
19
11
29
46
98
116
127
126
144
147
91
40
67
132
161
167
160
117
39
8
67
98
123
154
109
24
-21
8
42
46
72
73
22
-20
8
45
-8
-27
-22
34
75
81
49
-27
-14
35
52
68
119
148
84
20
31
73
93
68
102
137
94
39
44
64
75
86
100
80
24
14
18
-7
-29
-22
6
5
-3
-10
-51
-94
-89
-43
11
30
12
-13
-59
-55
-25
14
49
46
14
3
59
81
50
53
70
56
24
59
133
109
55
73
98
82
95
143
162
109
83
117
115
106
125
156
145
94
97
117
123
143
159
147
107
95
105
111
122
125
108
84
93
146
144
93
81
90
113
139
194
221
150
80
107
149
156
179
231
199
106
106
178
217
215
215
196
154
134
195
233
174
124
166
175
141
136
164
154
115
89
120
156
170
168
148
136
133
151
190
204
182
181
182
199
210
226
253
256
234
227
242
272
266
253
239
249
247
230
246
279
262
189
179
206
211
184
209
249
223
174
153
179
211
228
246
252
234
246
260
252
257
283
280
279
296
319
348
344
292
277
328
369
392
385
359
336
310
290
308
332
353
336
296
272
264
267
271
321
309
274
275
304
324
294
297
312
322
331
344
378
397
365
328
337
370
388
401
413
412
382
319
316
336
341
345
350
321
287
299
316
270
231
257
299
291
260
273
280
236
210
242
285
312
323
307
279
257
266
331
367
355
356
363
348
326
347
378
379
365
367
398
381
346
370
390
367
354
400
417
360
348
373
379
353
344
359
352
341
329
331
328
315
332
356
352
338
328
337
345
349
371
384
342
334
354
365
348
355
400
394
349
330
355
369
348
348
338
322
327
326
308
271
278
284
274
257
246
262
259
246
271
271
243
237
245
245
240
247
271
276
264
273
283
273
246
275
319
304
277
290
294
262
268
307
316
279
248
271
276
278
289
277
253
238
255
252
274
297
305
276
258
285
312
285
263
300
333
330
316
330
326
332
337
331
345
350
352
333
323
310
300
293
289
315
332
348
323
263
249
256
256
251
281
311
290
272
234
220
227
237
268
281
270
257
258
238
214
227
269
289
265
250
259
239
214
223
245
270
282
275
242
219
223
252
249
234
254
278
263
244
238
208
208
233
255
258
249
236
246
247
244
244
273
293
283
275
280
283
288
288
305
310
311
303
299
321
326
335
321
324
303
317
346
353
331
316
345
356
340
324
339
345
331
330
333
335
345
337
344
360
357
364
367
348
344
361
357
347
329
341
366
350
359
365
353
330
322
336
343
347
365
381
367
366
375
374
378
400
424
438
419
408
401
398
402
413
461
465
438
421
404
386
380
388
401
399
387
371
366
357
339
337
345
370
375
375
361
354
360
364
365
358
372
409
422
386
364
374
363
338
358
403
415
380
344
357
361
370
372
352
354
355
354
343
339
321
303
297
309
316
328
321
300
275
262
269
291
305
283
293
296
314
317
308
315
322
327
343
350
362
361
349
351
346
342
349
375
352
342
334
337
315
306
296
278
272
276
280
246
224
227
234
236
238
257
277
279
260
260
283
310
346
355
375
383
372
373
376
415
424
447
454
443
446
439
448
431
425
450
463
452
433
406
390
372
380
394
399
385
356
340
338
365
368
380
393
399
397
407
429
454
462
465
487
497
514
532
544
539
530
550
573
590
584
582
579
577
559
552
554
542
531
519
517
502
499
468
453
430
434
440
450
454
432
422
421
438
471
498
491
496
510
518
525
538
565
575
576
572
593
603
606
610
600
615
620
616
608
588
577
544
551
540
529
516
500
478
443
465
457
446
442
465
470
448
453
455
475
469
478
502
512
529
530
535
546
549
566
570
586
610
599
570
558
571
582
586
588
565
535
531
536
518
517
516
505
487
489
489
486
473
453
461
467
487
504
506
486
488
490
485
501
506
501
499
504
503
500
499
509
507
502
502
498
486
483
473
474
471
461
469
468
436
422
427
428
421
414
415
406
389
373
376
378
383
388
399
391
386
390
395
410
408
428
429
430
426
418
419
423
428
434
438
437
427
409
394
389
385
397
409
386
369
367
365
372
367
373
387
390
367
358
370
389
389
374
393
410
409
395
399
420
425
414
426
431
398
389
395
404
412
406
399
410
412
393
380
384
395
394
402
397
395
383
373
365
363
376
392
396
399
394
376
386
400
416
418
403
405
411
414
426
421
414
426
437
429
415
408
414
412
421
410
414
400
384
375
376
380
397
402
384
387
378
399
403
406
402
399
407
409
412
405
406
405
411
421
422
431
432
426
407
421
425
425
422
422
405
395
390
379
385
366
376
375
352
345
340
352
336
327
338
336
335
354
365
372
378
376
374
385
395
400
409
395
388
405
406
394
394
388
384
380
360
363
367
359
354
342
342
326
320
298
302
303
313
310
298
286
284
294
302
316
324
328
317
328
347
361
366
359
364
381
393
390
385
393
380
375
385
386
369
356
343
337
337
321
308
309
309
294
292
276
277
272
284
297
297
306
296
289
283
316
340
333
327
334
341
346
341
358
378
374
372
367
360
379
385
364
362
364
358
348
328
333
327
311
305
294
296
293
281
268
264
257
247
252
248
261
257
234
242
260
271
270
279
292
304
296
302
314
323
328
334
343
340
337
328
333
316
309
289
304
284
279
253
242
237
210
209
189
190
183
175
164
157
154
149
128
143
148
165
161
139
139
135
143
156
176
165
149
154
158
158
155
153
157
155
141
135
125
106
105
106
99
86
76
85
76
57
51
60
65
54
33
48
58
39
48
67
83
94
94
107
125
130
121
146
166
179
175
174
179
161
151
147
152
155
164
163
139
126
113
95
97
89
83
76
60
42
29
45
37
23
24
32
23
23
33
13
12
30
40
55
58
58
47
54
49
65
79
85
82
64
72
58
53
50
46
47
45
42
39
40
24
27
17
23
24
19
9
17
29
17
31
47
58
56
54
64
76
93
99
108
105
104
120
128
136
133
138
146
137
139
145
150
144
130
128
132
139
139
125
121
113
90
88
95
92
82
90
106
106
111
107
107
106
101
109
108
111
111
114
123
137
143
139
135
148
159
140
142
140
135
112
121
118
104
99
103
102
90
84
79
88
86
84
73
83
73
73
79
76
83
89
94
94
83
95
105
107
110
116
128
119
122
123
137
127
137
145
151
154
155
155
151
148
149
145
131
144
139
133
122
134
123
116
123
132
138
135
134
124
132
118
138
133
129
123
112
116
115
119
107
112
103
100
98
100
92
96
95
96
88
91
87
81
62
60
67
50
50
43
43
31
31
18
19
12
23
16
8
4
7
20
20
28
30
37
38
40
43
48
54
55
57
60
52
43
38
57
60
58
59
71
68
67
73
68
61
58
57
64
68
54
47
37
41
35
34
32
22
5
2
-5
-13
-15
-9
-9
-12
-7
-1
-5
-26
-16
-9
-12
-6
-10
-3
1
-12
0
9
13
26
21
21
24
20
14
19
28
23
18
10
4
0
18
7
0
7
6
-1
-10
-5
3
-4
-6
-8
-9
4
-7
-2
12
16
26
39
50
53
53
61
66
65
77
96
94
102
102
102
102
97
96
114
111
101
108
95
96
91
80
81
82
69
70
52
37
40
34
33
31
31
33
39
48
51
51
57
61
60
74
79
73
88
89
87
97
107
110
110
116
109
111
114
117
117
105
113
114
101
94
82
91
79
68
53
56
57
50
58
52
47
35
41
48
49
45
52
53
46
52
61
66
69
81
78
87
89
96
97
85
99
99
106
93
75
83
69
64
60
37
23
12
1
6
3
-13
-19
-29
-24
-24
-28
-24
-26
-30
-35
-22
-19
-20
-22
-12
3
12
8
25
33
34
36
42
54
40
35
54
56
51
47
45
47
37
40
40
35
21
14
13
10
-2
-12
-40
-46
-46
-48
-50
-54
-45
-56
-70
-82
-79
-63
-70
-67
-58
-45
-39
-33
-35
-31
-13
-22
-13
-18
-16
-15
0
-2
-21
-15
-12
-6
-10
-9
-15
-32
-44
-46
-43
-55
-68
-69
-78
-82
-89
-84
-85
-97
-83
-81
-77
-78
-71
-64
-73
-51
-48
-52
-35
-36
-20
-8
-9
-10
5
18
7
9
16
15
11
13
8
-2
-9
-13
-20
-33
-41
-44
-52
-66
-69
-61
-69
-80
-72
-69
-81
-87
-78
-75
-76
-72
-71
-67
-54
-67
-57
-52
-61
-48
-47
-42
-39
-37
-28
-38
-34
-29
-32
-46
-44
-33
-39
-48
-65
-44
-47
-68
-64
-51
-56
-49
-42
-42
-46
-53
-50
-52
-46
-52
-46
-50
-45
-43
-38
-26
-28
-21
-21
-17
-19
-20
-8
-4
-6
0
4
10
5
-2
3
8
-7
-1
13
3
0
-6
1
8
10
3
1
11
3
5
11
13
1
8
17
13
18
21
24
16
10
15
15
23
11
12
15
8
14
6
9
6
4
15
9
9
16
19
13
10
8
21
20
18
24
32
19
18
17
27
37
41
34
33
29
28
34
29
37
30
31
19
6
20
15
23
17
26
31
28
31
33
33
21
40
38
46
47
52
57
59
64
57
57
63
66
76
84
87
80
79
77
76
78
79
78
66
70
75
71
63
58
46
54
46
52
53
41
36
30
41
23
32
38
36
36
31
34
29
28
31
35
42
37
32
32
27
23
24
35
30
25
34
45
37
30
34
31
27
28
30
31
31
24
25
32
25
24
34
41
39
55
61
55
60
67
68
80
83
80
84
77
71
66
70
82
77
82
73
63
72
64
55
45
47
41
44
30
28
36
34
33
27
27
20
28
30
35
40
38
51
43
51
55
57
66
52
60
67
61
72
70
64
59
59
62
65
61
56
44
49
49
39
27
13
14
15
18
20
20
17
33
42
45
45
50
68
63
65
83
75
78
72
71
87
79
79
91
104
104
101
98
98
102
89
89
94
82
66
61
50
42
40
38
34
31
26
9
5
2
-5
-9
1
-3
-7
-3
-1
-2
-1
3
0
4
-3
-3
-7
-4
-16
-22
0
6
16
4
10
-5
-25
-23
-21
-17
-26
-34
-36
-38
-39
-52
-59
-71
-80
-73
-76
-82
-91
-85
-66
-88
-89
-78
-70
-66
-68
-57
-59
-45
-53
-39
-41
-34
-18
-12
-11
-22
-6
-14
-7
-14
-22
-22
-28
-19
-24
-33
-39
-32
-42
-42
-48
-44
-49
-63
-68
-75
-82
-84
-79
-81
-78
-78
-74
-77
-72
-70
-49
-62
-58
-39
-34
-21
-24
-18
-4
-3
10
13
3
12
6
8
13
6
6
-3
-7
-13
-30
-25
-34
-29
-37
-45
-53
-59
-47
-55
-61
-64
-74
-71
-66
-60
-55
-52
-56
-66
-55
-43
-33
-42
-39
-51
-61
-59
-69
-72
-70
-68
-67
-76
-71
-73
-92
-82
-95
-103
-108
-106
-115
-115
-116
-127
-140
-151
-142
-142
-141
-131
-138
-145
-145
-155
-153
-150
-156
-146
-140
-145
-134
-140
-134
-137
-142
-128
-117
-121
-120
-117
-126
-123
-128
-121
-127
-137
-132
-119
-133
-139
-135
-150
-148
-154
-149
-152
-160
-166
-165
-158
-166
-168
-172
-167
-168
-171
-174
-169
-175
-181
-182
-178
-193
-200
-190
-193
-193
-207
-206
-212
-216
-219
-224
-223
-222
-236
-231
-220
-230
-224
-229
-238
-239
-234
-239
-241
-250
-257
-244
-246
-245
-244
-237
-248
-258
-256
-246
-245
-248
-245
-249
-235
-242
-239
-235
-240
-235
-240
-227
-211
-199
-198
-205
-200
-211
-210
-199
-196
-185
-185
-187
-184
-188
-185
-181
-194
-184
-190
-187
-187
-194
-195
-204
-209
-211
-222
-223
-224
-232
-235
-240
-245
-255
-263
-257
-249
-251
-254
-257
-265
-253
-254
-250
-249
-250
-249
-258
-251
-226
-225
-241
-231
-234
-232
-235
-230
-235
-234
-239
-240
-241
-241
-233
-241
-247
-250
-247
-264
-258
-258
-262
-264
-262
-263
-266
-258
-261
-256
-244
-243
-240
-241
-243
-247
-237
-237
-233
-225
-213
-210
-217
-206
-207
-206
-207
-196
-188
-182
-183
-184
-188
-190
-195
-193
-191
-194
-189
-197
-210
-216
-214
-215
-219
-213
-214
-208
-219
-219
-201
-209
-209
-210
-202
-190
-195
-181
-182
-186
-184
-181
-167
-170
-183
-180
-181
-187
-188
-195
-202
-214
-226
-221
-232
-233
-248
-253
-254
-260
-252
-272
-275
-274
-284
-263
-280
-275
-263
-265
-269
-285
-264
-267
-265
-258
-260
-266
-260
-255
-261
-247
-241
-237
-234
-225
-218
-227
-236
-228
-235
-247
-249
-245
-249
-257
-251
-264
-267
-273
-271
-275
-283
-280
-284
-287
-290
-292
-284
-290
-287
-284
-286
-277
-286
-274
-273
-287
-282
-291
-295
-301
-301
-290
-287
-286
-285
-282
-297
-300
-304
-309
-316
-326
-322
-329
-336
-342
-344
-352
-353
-348
-354
-354
-353
-351
-346
-354
-354
-351
-353
-342
-343
-341
-326
-326
-319
-311
-308
-303
-307
-301
-300
-308
-312
-312
-304
-306
-310
-317
-311
-312
-317
-327
-328
-330
-325
-325
-345
-348
-351
-359
-353
-351
-355
-351
-358
-351
-360
-354
-352
-340
-338
-339
-343
-347
-346
-346
-345
-351
-347
-358
-356
-361
-371
-365
-375
-380
-391
-400
-403
-417
-416
-431
-432
-450
-441
-447
-455
-453
-457
-453
-455
-464
-467
-456
-458
-450
-453
-449
-443
-440
-439
-449
-440
-436
-424
-429
-436
-440
-427
-426
-434
-423
-435
-426
-437
-438
-442
-450
-432
-441
-454
-452
-446
-448
-460
-458
-450
-457
-451
-447
-453
-453
-446
-442
-429
-436
-433
-433
-440
-424
-417
-405
-403
-405
-401
-400
-394
-390
-388
-381
-374
-375
-379
-374
-376
-377
-376
-380
-377
-382
-384
-388
-386
-388
-389
-391
-380
-377
-379
