SAMPLES:	9707
BITSPERSAMPLE:	16
CHANNELS:	1
SAMPLERATE:	16000
NORMALIZED:	FALSE
22
24
32
25
24
29
24
22
27
31
26
31
16
16
24
29
29
20
28
38
30
26
24
31
26
29
30
28
27
16
26
24
30
21
23
25
27
29
20
26
23
21
26
25
27
33
27
20
22
19
20
21
17
23
21
19
22
24
16
19
23
21
23
24
23
8
7
17
14
18
15
14
25
11
13
17
10
19
23
19
7
10
14
11
14
14
5
8
6
11
8
8
0
7
3
0
3
3
-1
2
10
-2
9
-2
0
3
0
4
15
18
8
8
5
8
8
15
9
9
12
17
16
16
16
20
17
17
22
18
22
14
15
10
15
11
16
19
20
13
10
18
13
22
16
16
17
20
17
12
16
20
23
13
14
23
19
23
13
10
18
13
15
20
13
23
14
11
6
6
11
9
15
9
7
10
12
7
20
11
7
6
9
10
-1
11
12
11
5
3
-2
10
6
0
8
8
10
3
-1
0
-2
4
9
2
6
-4
1
-5
2
5
5
-3
-6
4
-7
-7
0
-1
-2
-4
-10
-9
-10
-9
-3
-5
-5
-10
-12
-8
-16
-10
-16
-11
-17
-14
-7
-4
-8
-16
-16
-13
-14
-16
-9
-13
-5
-12
-15
-18
-7
-9
-15
-12
-10
-1
-15
-1
0
-3
-5
-1
-5
-3
-5
-6
1
-7
9
-4
-10
-15
-10
-15
-12
-14
-10
-9
-10
0
-12
-2
-8
-5
-2
-7
-3
-4
-3
-5
-8
-6
-6
-8
-10
-8
-10
-14
-10
-2
-4
-8
0
-8
-12
-6
0
-3
-1
1
1
-3
-2
6
6
-2
-2
6
3
-1
0
4
-2
-2
-11
-3
2
-1
5
0
9
0
0
-3
-5
3
-4
0
2
-5
-15
-13
2
-4
5
3
11
1
-3
1
-4
-1
-5
-6
-5
-8
-5
-2
3
0
-4
-10
-1
4
7
-5
-5
1
-5
4
-3
0
-9
-2
-5
-8
-4
-8
-11
-6
-5
-12
0
-3
-7
-15
-10
-16
1
2
0
-5
0
2
-6
0
-13
-2
-4
-1
-5
-3
-9
-11
-4
-6
-7
-2
-4
-1
-2
-5
0
4
-1
5
1
-6
-7
-1
-11
-11
-8
-8
-3
-5
-5
-10
-8
-11
-10
-12
-19
-17
-6
-11
-13
-17
-12
-7
-21
-8
-19
-27
-19
-16
-9
-9
-8
-15
-14
-7
-10
-7
-2
-3
-8
-10
-12
-13
-14
-13
-16
-12
-15
-6
1
-8
-6
-7
-11
-14
-7
-10
-5
-16
-25
-28
-18
-23
-26
-26
-27
-33
-30
-23
-31
-27
-28
-20
-31
-23
-29
-28
-19
-21
-31
-33
-24
-27
-13
-23
-23
-21
-26
-22
-33
-16
-19
-24
-15
-22
-28
-23
-11
-19
-11
-18
-22
-15
-15
-12
-10
-3
-22
-16
-11
-20
-12
-3
-12
-21
-12
-18
-16
-20
-25
-15
-17
-17
-16
-21
-14
-19
-19
-12
-12
-20
-20
-14
-11
-11
-19
-2
-13
-20
-12
-13
-16
-10
-2
-13
0
-7
-9
-6
-3
2
1
-9
-10
-1
-2
4
-6
-5
-5
-5
-6
-5
-3
-7
0
4
2
-1
4
4
2
-1
-9
-1
0
3
7
-5
3
-6
0
-6
-10
-4
3
9
7
5
13
15
1
5
-4
-1
-3
1
9
5
7
10
6
8
16
11
9
13
21
20
21
17
17
22
27
22
30
29
31
30
25
35
34
40
37
38
35
34
39
36
39
46
45
38
47
38
42
50
53
42
44
53
53
49
46
42
46
39
41
38
35
37
23
13
3
-2
-16
-11
-20
-38
-42
-48
-53
-66
-66
-81
-91
-105
-106
-103
-121
-116
-119
-134
-125
-121
-126
-128
-132
-132
-128
-130
-118
-125
-132
-118
-116
-124
-124
-136
-132
-146
-149
-142
-142
-130
-119
-110
-101
-82
-75
-69
-57
-31
-7
10
22
37
60
85
95
115
124
134
149
155
164
181
192
196
203
207
210
215
207
208
221
217
212
207
206
222
230
215
216
224
221
213
212
219
219
209
218
212
203
216
206
200
185
185
173
160
165
143
112
102
97
63
36
32
7
-38
-32
-54
-89
-115
-127
-150
-179
-198
-220
-243
-262
-280
-315
-341
-365
-386
-408
-439
-461
-481
-509
-544
-570
-617
-554
-356
-342
-416
-412
-299
-293
-312
-251
-171
-19
50
-40
-79
83
202
197
205
236
251
215
206
231
281
360
322
219
161
231
254
193
167
170
144
86
53
59
110
143
74
11
5
48
64
60
76
95
92
57
70
89
135
169
139
112
127
160
155
144
162
217
219
172
146
171
207
213
194
152
165
185
152
113
142
174
150
112
85
100
140
131
96
90
112
104
57
46
78
97
75
46
42
46
45
31
-1
-4
30
163
110
-92
-17
99
-17
-80
47
19
-115
-80
-73
-150
-163
-158
-219
-249
-237
-266
-315
-340
-363
-395
-414
-472
-581
-595
-535
-407
-361
-416
-471
-425
-382
-398
-356
-291
-183
-133
-160
-172
-54
77
93
112
137
153
176
159
202
290
352
334
274
239
285
312
261
241
237
208
162
132
129
178
196
126
44
45
76
76
64
74
104
92
51
57
103
155
172
147
137
147
172
189
183
227
266
237
209
208
222
247
251
215
220
228
218
188
182
175
175
177
148
116
115
148
106
88
67
56
76
10
-23
28
24
-40
-47
-48
-76
-35
-46
-110
-129
-51
-67
-152
-122
-80
-84
-151
-152
-112
-137
-163
-161
-146
-185
-229
-204
-205
-254
-251
-230
-310
-360
-332
-393
-482
-520
-458
-285
-238
-363
-431
-345
-319
-319
-305
-253
-122
-59
-107
-156
-35
123
142
133
154
212
232
220
246
316
398
407
319
275
358
378
302
264
292
281
207
157
167
207
219
153
76
63
95
141
111
110
159
167
116
88
138
167
178
171
184
171
179
210
204
221
247
266
234
157
204
291
275
196
221
263
191
186
213
154
201
318
113
4
134
234
85
56
204
91
-30
71
53
-21
41
57
-45
-95
-30
-40
-108
-42
-80
-141
-49
-119
-153
-136
-79
-146
-207
-123
-161
-213
-175
-195
-205
-239
-243
-274
-294
-262
-309
-400
-466
-494
-395
-263
-248
-324
-364
-353
-332
-322
-287
-210
-120
-84
-150
-128
-19
71
137
118
134
166
152
190
232
329
399
363
288
278
310
305
262
266
274
223
176
180
199
231
209
188
134
119
225
230
195
223
265
222
207
218
229
286
325
268
223
238
295
281
254
287
339
257
166
244
269
274
238
224
238
183
160
221
214
178
193
134
132
83
151
155
85
74
111
49
20
36
46
5
42
-24
-102
-53
-1
-67
-128
-27
-82
-125
-119
-92
-115
-143
-108
-136
-186
-169
-160
-187
-226
-185
-240
-278
-262
-301
-305
-311
-361
-449
-477
-335
-231
-271
-331
-305
-313
-264
-251
-256
-167
-28
-27
-121
-74
80
160
154
166
192
210
232
270
294
362
416
333
222
240
276
250
197
201
212
205
90
74
209
151
141
138
124
168
196
142
180
255
234
219
212
238
190
241
333
287
190
273
311
263
213
334
337
221
282
281
282
239
280
282
222
250
255
156
165
287
224
100
132
173
27
109
223
59
-3
104
137
-24
-42
81
-11
-31
-8
-53
-63
-5
-54
-130
-66
-55
-100
-123
-57
-192
-121
-88
-199
-205
-140
-136
-243
-278
-218
-242
-354
-338
-288
-358
-451
-391
-348
-348
-313
-317
-376
-368
-284
-285
-300
-209
-104
-111
-99
-61
-6
79
132
117
106
201
254
224
217
305
331
264
220
238
262
255
264
247
190
226
249
179
182
247
223
205
288
219
133
203
259
216
197
296
199
167
205
289
210
160
350
268
183
176
296
267
169
300
280
232
138
290
338
227
170
227
297
189
147
180
300
213
77
159
210
143
19
74
209
90
-51
28
91
-41
-66
45
4
-148
-70
42
-87
-158
-82
-64
-112
-138
-102
-106
-155
-164
-145
-161
-201
-183
-213
-237
-230
-228
-303
-293
-277
-328
-354
-338
-302
-287
-210
-269
-332
-267
-250
-247
-212
-165
-136
-87
-77
-98
-58
30
78
38
58
89
102
134
151
170
181
204
160
143
198
253
236
192
226
248
226
200
295
262
268
269
262
214
281
292
263
321
314
255
256
304
272
234
300
295
165
284
256
263
191
243
249
157
256
238
122
156
303
228
111
174
246
120
113
294
172
31
242
182
29
72
258
71
-25
167
76
-32
-8
119
-47
-92
25
-46
-108
4
-61
-197
-105
-58
-203
-197
-98
-194
-204
-163
-199
-257
-260
-182
-295
-309
-242
-283
-397
-338
-225
-401
-447
-238
-227
-326
-285
-193
-261
-296
-202
-155
-165
-124
-61
-95
-104
-15
15
-1
59
61
31
90
92
96
143
162
144
132
126
130
162
166
192
200
200
136
169
199
260
250
239
238
196
219
199
254
294
286
218
232
346
211
95
330
331
137
201
304
137
141
286
214
103
209
227
77
148
177
89
109
186
110
-3
125
173
69
82
49
72
115
118
-61
80
119
-21
44
60
3
-66
52
-55
44
11
-140
-124
0
21
-166
-37
-79
-269
-107
-9
-281
-256
-1
-266
-378
-171
-214
-396
-285
-237
-422
-323
-228
-444
-436
-217
-248
-355
-273
-218
-309
-273
-171
-219
-188
-81
-83
-131
-71
-21
-70
9
93
48
35
57
125
94
96
162
126
116
136
122
151
183
96
198
217
71
104
254
204
141
246
228
111
135
312
220
184
208
269
218
158
239
221
222
158
266
282
125
141
228
268
130
84
216
201
70
164
206
89
81
167
108
63
110
63
46
65
151
20
-15
34
30
0
59
-44
-120
-11
138
-66
-218
59
-5
-115
-99
-41
-105
-118
-54
-164
-130
-62
-196
-198
-126
-143
-205
-181
-187
-262
-239
-160
-229
-407
-316
-271
-338
-352
-280
-210
-194
-278
-368
-231
-194
-252
-201
-90
-75
-113
-105
-95
-28
10
28
30
29
40
81
93
128
91
120
230
131
25
190
268
102
106
225
121
135
249
145
135
165
208
223
176
232
161
159
261
197
214
166
270
193
71
224
297
232
149
135
170
249
169
177
193
188
171
56
137
216
180
179
107
38
57
229
76
46
259
53
-29
67
181
84
-66
51
88
42
-2
-107
-7
123
-134
-178
1
-56
-213
-189
-88
-111
-289
-233
-138
-191
-225
-367
-148
-274
-461
-190
-157
-509
-465
-213
-377
-563
-268
-143
-275
-335
-321
-308
-287
-176
-194
-153
-107
-21
-175
-90
29
-38
10
117
127
-20
4
204
159
55
154
136
153
117
164
107
157
203
112
105
111
192
174
118
132
229
21
49
315
164
169
282
96
95
195
248
101
263
227
112
216
247
220
150
206
168
190
263
112
64
235
283
95
-13
321
102
-75
286
170
22
22
271
3
-119
177
176
77
-83
-10
85
-4
-87
-64
-10
-18
21
63
137
-339
-616
27
105
58
-134
-306
-330
-321
-192
-416
-302
-196
-320
-582
-379
-255
-678
-634
-199
-214
-512
-411
-154
-523
-392
-25
-193
-341
-179
197
-21
-172
7
117
77
89
223
187
71
298
378
50
115
310
291
125
223
326
-6
255
348
27
119
160
166
181
45
89
285
-33
75
20
244
95
-28
476
-78
85
224
89
154
138
396
183
53
370
232
157
136
412
316
202
295
621
878
-252
-56
804
740
111
244
1151
188
-143
475
700
546
-246
358
497
84
100
29
130
-394
-245
70
-294
-223
-170
-355
-695
-659
-367
-611
-695
-497
-506
-1032
-1146
-973
-1078
-1021
-852
-351
-304
-672
-924
-1096
-797
-281
170
120
-138
48
182
82
-67
169
704
859
609
477
607
768
764
500
410
588
726
765
604
560
517
311
128
-24
102
288
353
311
-22
-203
-222
-203
-164
-182
55
86
-59
-173
-137
57
20
-17
90
273
333
364
424
369
385
464
498
617
850
904
719
647
748
776
666
671
746
760
643
581
560
494
414
340
309
207
265
292
89
-179
-296
-167
-158
-453
-417
-329
-540
-751
-845
-812
-967
-1035
-1001
-1328
-1481
-1376
-1450
-1837
-1907
-1394
-659
-596
-1094
-1729
-1976
-1155
-137
336
-55
-268
44
109
-7
90
785
1385
1313
864
614
989
1450
1287
794
634
962
1288
1058
751
689
535
196
-219
-244
238
576
214
-500
-806
-644
-527
-521
-542
-459
-339
-434
-637
-668
-447
-285
-353
-419
-159
177
357
276
150
235
376
610
1046
1262
1245
1145
981
983
1093
1414
1485
1167
1051
1065
1029
781
570
584
565
429
283
202
169
61
-164
-558
-720
-401
-243
-578
-871
-810
-906
-1201
-1243
-1103
-1105
-1192
-1216
-1505
-1735
-1702
-1559
-1688
-2009
-1986
-1161
-244
-468
-1265
-2284
-1927
-573
681
717
-42
72
369
359
-226
195
1511
2229
1649
515
559
1304
1519
990
489
712
1405
1293
555
144
297
215
-391
-753
-359
422
260
-614
-1346
-1301
-834
-776
-795
-635
-359
-383
-863
-1152
-854
-312
-61
-222
-221
141
486
382
76
100
423
807
1057
1435
1696
1619
1138
805
919
1469
1963
1835
1487
1087
961
632
366
569
843
805
360
-42
-234
-160
-188
-542
-755
-522
-333
-508
-968
-1085
-1099
-1277
-1364
-1309
-1000
-912
-1175
-1723
-2061
-1937
-1674
-1517
-1779
-1824
-737
-62
-555
-2100
-2792
-1375
393
1237
282
-268
53
472
74
-449
611
2131
2661
1307
128
603
1573
1505
669
450
1436
1993
1127
21
-125
336
185
-414
-557
266
689
-36
-1311
-1820
-1110
-488
-466
-709
-646
-425
-711
-1266
-1138
-506
-79
-156
-350
-135
273
338
43
-86
126
624
1020
1169
1488
1629
1373
866
758
1366
2067
2243
1776
1242
996
1026
749
628
878
1098
872
172
-268
-210
-63
-247
-539
-625
-364
-313
-714
-1263
-1395
-1187
-1055
-1180
-1224
-1066
-1194
-1611
-2130
-2110
-1735
-1467
-1549
-1971
-1369
-401
-263
-1495
-2864
-1995
-4
1382
659
-420
-289
306
307
-427
235
1907
2873
1778
28
14
1278
1835
1129
522
1238
1984
1366
-13
-458
338
692
30
-721
-150
619
209
-1216
-2028
-1331
-430
-386
-857
-916
-566
-720
-1486
-1723
-937
50
203
-293
-676
-295
-7
8
59
349
889
1042
926
997
1456
1651
1400
1021
1300
1976
2264
1913
1282
1030
1140
1034
773
889
1135
1041
255
-456
-444
-49
66
-263
-625
-673
-646
-899
-1259
-1311
-1068
-1001
-1254
-1472
-1403
-1373
-1601
-2075
-2166
-1825
-1610
-1590
-1278
-476
-570
-1583
-2737
-2043
53
1230
779
-493
-464
161
311
-117
369
1894
2602
1585
122
285
1489
1882
1097
647
1386
2098
1393
175
-220
425
666
73
-340
121
581
-84
-1333
-1826
-1144
-463
-491
-897
-929
-808
-1053
-1651
-1629
-898
-172
-181
-533
-589
-385
-272
-419
-205
336
943
1030
819
871
1341
1531
1329
1092
1565
2247
2343
1880
1321
1264
1274
1171
970
1183
1380
1091
220
-391
-258
91
65
-319
-559
-518
-640
-1090
-1398
-1327
-943
-1025
-1383
-1586
-1370
-1334
-1689
-2129
-2070
-1741
-1655
-1635
-1249
-264
-491
-1586
-2788
-1891
202
1290
776
-434
-240
196
193
-286
527
2185
2718
1422
-47
263
1502
1762
1019
787
1621
2086
1071
-103
-157
650
683
-4
-316
281
585
-284
-1511
-1699
-860
-310
-595
-950
-815
-743
-1204
-1850
-1575
-646
-74
-299
-733
-689
-334
-369
-548
-315
377
956
929
641
709
1251
1426
1271
1152
1686
2250
2180
1743
1300
1368
1458
1285
1061
1206
1343
1026
290
-165
-49
177
63
-276
-513
-563
-696
-1023
-1265
-1203
-982
-1133
-1493
-1656
-1514
-1501
-1793
-2108
-2158
-1983
-1796
-1661
-845
-455
-985
-2220
-2634
-1102
552
1175
204
-352
-136
196
-74
-4
1351
2604
2395
771
11
844
1769
1644
1075
1225
1983
1702
586
-144
289
831
458
-215
-124
434
202
-853
-1725
-1439
-736
-559
-842
-927
-831
-1031
-1703
-1980
-1367
-517
-202
-516
-799
-710
-534
-600
-475
-53
564
888
790
719
908
1342
1359
1198
1361
1995
2359
2123
1689
1400
1385
1281
1212
1309
1483
1309
647
2
-121
68
142
-92
-334
-486
-697
-982
-1264
-1219
-1015
-1034
-1422
-1719
-1592
-1478
-1653
-2088
-2198
-2048
-1858
-1866
-1357
-379
-478
-1543
-2904
-2048
13
1328
839
-264
-102
324
168
-384
549
2377
3084
1646
3
259
1563
1877
1073
783
1743
2173
1068
-233
-248
710
713
-225
-618
123
617
-266
-1652
-1906
-1074
-577
-885
-1099
-765
-550
-1220
-2108
-1874
-807
-95
-269
-647
-515
-231
-386
-642
-311
469
1059
999
771
1003
1414
1553
1153
1142
1764
2417
2401
1835
1490
1433
1340
981
919
1320
1607
1095
82
-414
-184
86
-69
-413
-483
-517
-790
-1287
-1552
-1238
-946
-1140
-1675
-1785
-1521
-1518
-1998
-2300
-2186
-1855
-1954
-1543
-351
-105
-1083
-3026
-2581
-325
1506
1219
-72
79
647
379
-712
51
2319
3612
2201
-5
65
1567
2012
960
399
1586
2401
1268
-434
-586
604
692
-579
-1249
-211
771
8
-1711
-2247
-1343
-735
-1152
-1407
-710
-78
-711
-2079
-2248
-1026
38
12
-468
-292
209
-26
-611
-499
481
1285
1152
791
1094
1591
1659
1148
912
1600
2272
2418
1870
1520
1543
1354
822
544
1020
1627
1364
267
-435
-328
-11
-184
-562
-473
-190
-468
-1228
-1690
-1330
-873
-1040
-1581
-1694
-1366
-1358
-1914
-2386
-2179
-1738
-1874
-1837
-600
73
-523
-2686
-2962
-771
1263
1390
-9
68
983
833
-567
-491
1738
3657
2721
416
52
1511
2160
1029
70
1187
2461
1642
-206
-790
401
805
-558
-1655
-835
594
360
-1378
-2291
-1631
-909
-1335
-1769
-1051
28
-122
-1575
-2276
-1385
-203
11
-393
-194
569
483
-258
-578
155
1184
1255
926
1040
1635
1914
1382
789
1072
1845
2242
1972
1626
1709
1527
769
127
377
1267
1546
733
-152
-344
-205
-413
-804
-644
-115
-79
-778
-1483
-1447
-1013
-1012
-1482
-1661
-1311
-1090
-1620
-2209
-2304
-1820
-1939
-1643
-457
57
-561
-2676
-2573
-568
1188
1038
-162
245
1165
773
-550
-181
1925
3381
2114
197
381
1876
2203
863
8
1107
2113
1234
-256
-415
774
690
-968
-1961
-973
427
124
-1389
-2006
-1408
-1109
-1755
-2031
-1050
54
-145
-1482
-1955
-1128
-220
-151
-503
-37
767
672
27
-195
447
1178
1023
814
1181
1763
1927
1394
1020
1181
1523
1688
1553
1563
1843
1650
820
52
130
830
1093
579
71
86
81
-469
-1096
-886
-188
-55
-663
-1167
-1046
-841
-1179
-1696
-1700
-1246
-1145
-1586
-2056
-2036
-1839
-2002
-1204
-323
-124
-1420
-2793
-1685
394
1313
212
-429
561
1379
283
-701
505
2778
3159
994
-207
943
2466
1983
360
254
1674
2025
583
-614
104
1284
471
-1413
-1871
-451
532
-382
-1759
-1725
-942
-1108
-2028
-2027
-778
122
-535
-1714
-1650
-690
-126
-401
-600
104
773
582
56
65
740
1138
836
749
1161
1738
1927
1504
1253
1206
1325
1376
1312
1538
1866
1676
884
106
113
701
835
431
141
299
287
-389
-1027
-819
-243
-192
-738
-997
-730
-597
-1050
-1624
-1696
-1351
-1266
-1572
-1803
-1723
-1669
-1956
-1330
-422
-160
-1367
-2697
-1634
479
1365
213
-616
412
1408
399
-747
287
2678
3257
1078
-393
666
2382
2163
484
144
1488
2033
803
-526
-26
1244
835
-963
-1806
-754
462
31
-1332
-1687
-1046
-878
-1657
-2045
-1184
-74
-243
-1359
-1711
-976
-227
-284
-636
-261
414
524
212
62
491
924
768
629
786
1211
1607
1676
1718
1450
1111
932
1015
1404
1808
1886
1434
663
162
277
555
545
374
459
528
3
-734
-826
-337
-189
-666
-930
-619
-384
-786
-1403
-1479
-1288
-1419
-1783
-1814
-1451
-1273
-1760
-2062
-1208
-250
-330
-1811
-2544
-1129
757
1162
-104
-617
544
1279
344
-656
326
2540
2882
1041
-216
718
2214
1933
499
216
1291
1814
916
-157
131
881
604
-638
-1382
-757
163
86
-796
-1378
-1204
-1045
-1359
-1573
-1194
-469
-435
-1042
-1358
-1034
-499
-429
-540
-305
76
235
154
245
663
783
575
507
795
1318
1649
1859
1819
1445
1030
940
1286
1678
1814
1681
1316
835
504
468
561
500
391
384
320
-90
-482
-485
-306
-494
-979
-1011
-604
-437
-899
-1392
-1403
-1298
-1577
-1933
-1777
-1320
-1258
-1823
-1913
-982
-129
-366
-1714
-2260
-1068
607
1090
207
-269
435
1063
555
-193
350
1877
2470
1461
417
680
1604
1794
1014
492
716
1100
997
613
495
471
147
-459
-838
-757
-441
-239
-334
-649
-1045
-1413
-1482
-1229
-876
-647
-801
-1010
-955
-699
-498
-559
-552
-275
-68
-25
21
395
891
910
556
409
774
1336
1722
1845
1835
1560
1255
1192
1459
1718
1631
1387
1209
1082
838
597
511
503
387
163
-89
-201
-208
-230
-429
-832
-1073
-984
-754
-812
-1112
-1256
-1216
-1315
-1656
-1904
-1671
-1348
-1430
-1795
-1512
-546
14
-497
-1658
-1864
-834
473
886
457
213
473
698
529
379
752
1442
1647
1352
1016
1064
1290
1314
1126
897
640
444
475
756
992
675
-92
-707
-772
-544
-415
-475
-534
-561
-724
-1070
-1298
-1204
-924
-766
-864
-979
-888
-638
-366
-276
-307
-386
-487
-353
50
537
804
737
687
826
977
1106
1176
1456
1670
1651
1571
1541
1621
1473
1157
996
1031
1016
807
614
612
520
193
-228
-401
-322
-287
-426
-624
-752
-813
-879
-1021
-1132
-1216
-1283
-1311
-1372
-1496
-1530
-1509
-1623
-1790
-1654
-916
-246
-201
-932
-1611
-1344
-352
547
692
428
262
341
505
632
834
1099
1206
1157
1059
1041
1069
1082
1149
1110
864
422
108
253
645
811
445
-261
-742
-790
-627
-466
-483
-602
-739
-919
-1020
-1007
-912
-820
-824
-889
-848
-743
-541
-304
-128
-36
-153
-297
-232
75
496
800
982
1086
1070
1011
1010
1217
1459
1581
1567
1568
1597
1482
1236
1038
955
899
730
518
478
446
330
123
-128
-348
-575
-705
-690
-666
-692
-793
-932
-1105
-1281
-1475
-1548
-1565
-1615
-1674
-1817
-1860
-1885
-1537
-804
-212
-334
-1280
-1923
-1398
-46
971
1033
606
393
457
570
729
1047
1402
1491
1363
1254
1207
1082
1011
1128
1205
927
282
-185
-25
482
698
298
-455
-1029
-1199
-1049
-836
-766
-753
-839
-1040
-1236
-1284
-1110
-914
-843
-787
-685
-606
-544
-401
-10
353
340
23
-149
119
661
1068
1316
1431
1341
1162
1031
1190
1425
1563
1592
1560
1441
1152
903
835
818
665
453
290
174
2
-85
-31
-16
-295
-735
-974
-948
-883
-881
-880
-921
-1071
-1376
-1689
-1849
-1974
-2063
-2083
-2044
-2059
-1791
-1039
-239
-166
-1149
-2006
-1705
-390
776
1020
915
1024
1121
987
685
755
1242
1667
1818
1671
1383
1093
956
1079
1228
953
286
-366
-479
-101
244
62
-506
-1003
-1214
-1304
-1484
-1591
-1353
-896
-719
-965
-1323
-1326
-995
-679
-503
-405
-408
-365
-190
265
762
866
663
463
512
670
879
1163
1556
1731
1556
1230
1039
1005
1049
1175
1257
1175
836
554
495
499
366
153
43
-32
-188
-299
-240
-185
-231
-314
-393
-549
-855
-1061
-915
-645
-664
-1026
-1386
-1539
-1747
-2070
-2346
-2396
-2190
-1543
-652
-87
-500
-1581
-1969
-1165
67
541
351
484
1116
1494
1196
725
819
1370
1724
1592
1143
848
953
1333
1531
1194
473
-164
-432
-410
-323
-348
-517
-695
-818
-974
-1351
-1797
-1820
-1288
-784
-872
-1279
-1358
-898
-423
-257
-265
-260
-219
-131
119
551
822
882
978
1107
1019
603
483
950
1513
1588
1146
782
784
889
922
834
715
514
358
347
303
128
-30
43
197
49
-277
-394
-224
-15
-14
-130
-271
-394
-459
-347
-315
-481
-736
-857
-922
-1259
-1769
-2075
-2152
-2266
-2399
-1949
-995
-345
-663
-1577
-1806
-1100
-219
89
69
379
933
1203
994
726
951
1515
1879
1664
1098
742
821
1116
1258
1089
689
269
-107
-311
-445
-600
-772
-809
-731
-907
-1430
-1820
-1635
-1060
-810
-1101
-1324
-1153
-750
-543
-464
-251
23
161
138
147
350
667
967
1195
1210
983
653
610
901
1216
1285
1101
839
647
499
466
528
554
520
361
194
-33
-192
-116
96
149
-57
-259
-206
-35
53
37
15
-21
-178
-297
-290
-227
-266
-390
-508
-697
-1089
-1577
-1923
-2133
-2350
-2645
-2479
-1619
-692
-499
-1244
-1769
-1308
-343
138
-131
-212
407
1094
1138
737
823
1591
2159
1953
1244
816
880
1064
1078
861
559
323
208
159
-37
-435
-796
-910
-888
-1102
-1570
-1820
-1555
-1020
-810
-1064
-1282
-1068
-610
-423
-551
-541
-178
229
342
204
274
682
1116
1271
1152
959
840
815
880
933
901
850
830
831
716
507
432
441
404
239
56
-68
-142
-65
80
152
6
-161
-67
177
222
43
-50
53
69
-122
-269
-159
-19
-133
-439
-741
-942
-1180
-1548
-1952
-2332
-2666
-2782
-2316
-1433
-705
-767
-1335
-1297
-593
115
23
-315
69
875
1194
807
637
1266
2119
2241
1614
1036
987
1121
1047
699
386
247
201
128
-82
-359
-589
-700
-772
-989
-1407
-1730
-1714
-1343
-1066
-1150
-1262
-1019
-452
-100
-265
-500
-306
184
469
333
233
519
966
1164
1055
964
1079
1219
1156
905
617
518
605
665
578
373
315
387
363
198
32
53
23
-137
-204
-99
46
15
1
172
331
286
161
197
264
120
-105
-159
-45
-31
-231
-477
-588
-732
-1051
-1533
-1961
-2250
-2550
-2784
-2493
-1690
-931
-907
-1407
-1199
-296
469
299
-127
248
978
1154
639
513
1244
2082
2171
1649
1249
1266
1310
1086
643
355
288
193
-52
-452
-708
-732
-684
-672
-797
-1087
-1404
-1557
-1406
-1182
-1176
-1187
-898
-379
-134
-290
-347
53
591
759
536
400
612
867
932
885
983
1186
1257
1101
843
660
635
665
599
408
208
150
158
84
11
67
226
170
-38
-102
31
205
189
217
338
415
342
251
367
463
382
215
146
131
-13
-204
-332
-413
-557
-861
-1240
-1596
-1900
-2281
-2706
-2939
-2454
-1551
-1074
-1301
-1641
-1008
8
491
202
85
712
1195
1048
547
646
1378
2008
2054
1663
1360
1340
1355
1198
868
544
395
166
-193
-604
-894
-917
-773
-649
-750
-1139
-1488
-1448
-1138
-962
-1085
-1104
-768
-404
-340
-458
-277
297
766
803
572
488
712
973
1071
1054
1071
1107
1044
842
658
606
665
696
607
430
215
124
106
134
122
100
105
34
-12
24
187
349
378
422
460
461
400
430
579
618
489
259
145
121
46
-51
-105
-197
-389
-662
-978
-1267
-1558
-1849
-2239
-2670
-2847
-2468
-1708
-1275
-1338
-1450
-893
-2
490
427
366
839
1295
1294
916
807
1288
1864
2041
1701
1331
1330
1497
1400
1005
613
417
210
-175
-602
-907
-958
-910
-895
-1000
-1300
-1521
-1404
-1072
-862
-923
-1004
-836
-507
-343
-340
-224
159
551
658
563
570
854
1195
1336
1249
1157
1102
997
840
701
700
724
715
624
406
202
152
228
298
235
107
77
64
33
63
147
252
299
339
406
403
413
510
615
533
280
114
136
190
128
9
-61
-145
-316
-580
-823
-1044
-1210
-1400
-1778
-2329
-2758
-2649
-2003
-1416
-1345
-1503
-1292
-476
244
516
507
760
1318
1533
1311
944
1059
1548
1899
1793
1405
1173
1200
1232
1058
791
541
390
121
-233
-620
-953
-1073
-1086
-1079
-1234
-1545
-1662
-1443
-1072
-869
-895
-815
-548
-308
-250
-261
-105
275
588
679
625
644
901
1201
1335
1231
1076
1046
1056
1013
880
756
725
660
495
248
114
200
272
271
201
126
88
-16
-38
74
183
216
201
267
346
330
288
336
455
507
412
311
301
363
400
284
64
-127
-229
-329
-542
-739
-825
-916
-1162
-1595
-2058
-2387
-2492
-2199
-1667
-1335
-1375
-1504
-1045
-185
451
664
740
1193
1584
1580
1343
1238
1525
1828
1828
1468
1004
842
1024
1202
1128
788
499
299
11
-320
-667
-855
-923
-1064
-1323
-1710
-1909
-1709
-1318
-1010
-963
-992
-853
-587
-312
-99
106
375
576
637
583
527
659
972
1304
1422
1279
1143
1152
1258
1301
1180
1053
1007
904
672
347
202
291
268
102
-127
-249
-233
-230
-111
36
74
-12
-129
-66
69
146
252
394
516
498
353
283
328
486
546
396
163
3
-15
-84
-292
-477
-533
-598
-829
-1237
-1617
-1884
-2085
-2143
-1925
-1571
-1428
-1503
-1457
-887
-59
501
732
868
1229
1505
1488
1299
1300
1586
1774
1612
1180
893
903
1060
1097
930
691
454
194
-132
-384
-582
-750
-972
-1239
-1486
-1747
-1878
-1765
-1441
-1125
-1034
-1034
-847
-504
-157
52
202
444
676
778
769
795
982
1213
1367
1399
1346
1346
1410
1478
1495
1425
1295
1087
826
565
362
178
-29
-215
-329
-442
-609
-739
-701
-472
-300
-274
-270
-141
58
169
193
269
389
475
466
431
465
561
643
608
477
363
333
294
189
35
-79
-215
-454
-780
-1094
-1364
-1685
-2091
-2357
-2307
-1951
-1662
-1611
-1574
-1247
-542
43
382
611
942
1343
1461
1404
1341
1465
1640
1638
1422
1104
903
889
981
958
781
505
282
69
-191
-460
-716
-903
-1110
-1326
-1577
-1807
-1835
-1660
-1418
-1254
-1153
-936
-599
-247
80
377
638
833
952
1090
1196
1246
1296
1374
1489
1481
1361
1281
1308
1375
1316
1099
894
726
568
344
26
-209
-375
-491
-611
-769
-849
-793
-630
-489
-421
-349
-211
-16
154
287
413
515
587
624
659
688
701
740
812
811
690
544
470
446
330
78
-187
-367
-529
-730
-995
-1234
-1448
-1697
-2018
-2247
-2322
-2173
-1829
-1550
-1343
-1212
-803
-126
451
841
1046
1342
1616
1728
1753
1719
1727
1682
1583
1396
1065
733
585
639
640
356
-47
-279
-346
-449
-756
-1079
-1232
-1285
-1384
-1592
-1730
-1592
-1308
-1036
-896
-742
-405
-10
333
596
874
1171
1326
1337
1373
1449
1498
1448
1388
1411
1349
1152
947
856
909
870
645
378
183
82
-63
-274
-421
-501
-548
-671
-811
-803
-647
-447
-323
-239
-112
37
192
383
599
777
824
810
844
900
916
826
742
687
600
435
225
101
72
0
-204
-490
-710
-817
-961
-1172
-1389
-1567
-1740
-1952
-2183
-2128
-1768
-1401
-1185
-1121
-746
-78
502
847
1041
1397
1690
1777
1713
1611
1604
1482
1339
1178
902
578
323
299
330
162
-114
-299
-308
-293
-438
-663
-834
-903
-899
-1018
-1201
-1263
-1078
-766
-596
-577
-430
-89
289
556
727
961
1197
1352
1379
1319
1266
1263
1276
1225
1049
843
712
656
625
531
405
276
134
28
-33
-100
-215
-356
-423
-463
-531
-606
-566
-351
-134
-39
-5
94
325
564
728
780
790
840
876
851
781
746
737
682
492
292
148
78
59
-3
-122
-301
-494
-636
-769
-906
-1000
-1075
-1184
-1364
-1575
-1703
-1764
-1725
-1486
-1131
-844
-782
-702
-275
315
740
886
1031
1320
1481
1429
1264
1173
1167
1112
1013
784
493
297
278
354
261
61
-56
-28
-29
-139
-289
-360
-426
-543
-681
-777
-800
-759
-579
-435
-394
-400
-270
21
312
484
621
770
850
866
823
788
750
723
701
617
453
315
313
428
469
415
337
290
269
255
232
198
125
31
-13
-49
-102
-131
-55
98
235
262
290
410
549
636
615
565
558
597
583
512
423
377
317
195
51
-33
-50
-77
-148
-234
-307
-410
-498
-550
-569
-573
-625
-715
-804
-883
-953
-1036
-1104
-1117
-1117
-1108
-1016
-822
-609
-456
-299
-5
329
554
666
762
917
999
1021
1000
957
886
817
781
698
558
428
435
516
494
400
309
279
247
151
25
-88
-178
-273
-334
-427
-524
-595
-569
-516
-536
-579
-514
-338
-172
-72
-6
116
230
325
368
407
459
540
631
675
674
666
699
741
757
718
696
698
723
723
676
599
483
385
339
281
204
146
157
176
129
38
-29
-13
34
56
54
57
75
79
42
-5
-44
-38
18
51
62
49
26
65
90
91
90
84
70
40
-29
-116
-187
-213
-241
-331
-423
-491
-536
-607
-694
-746
-794
-864
-949
-958
-855
-712
-617
-542
-387
-158
108
344
542
706
826
940
1002
992
935
892
891
841
717
550
451
401
342
227
129
93
78
45
-26
-84
-114
-145
-239
-347
-418
-451
-466
-482
-436
-337
-279
-247
-172
-20
196
339
445
563
696
763
736
713
735
764
721
658
634
625
603
559
492
431
384
335
277
256
223
179
74
-62
-135
-184
-223
-245
-226
-177
-163
-164
-121
-24
106
189
264
349
418
444
422
435
438
413
356
314
268
209
146
107
82
54
35
16
-28
-98
-159
-194
-223
-254
-274
-281
-304
-381
-450
-490
-454
-430
-441
-471
-495
-491
-454
-392
-335
-302
-248
-183
-143
-53
49
164
236
322
431
501
527
499
532
582
543
471
392
351
307
214
143
99
110
127
118
116
139
159
160
141
142
151
111
71
43
72
99
92
66
46
47
47
55
109
189
250
277
236
204
191
208
207
192
166
147
147
110
81
95
150
205
253
277
286
299
320
354
376
370
350
343
332
303
262
255
269
246
186
129
110
110
76
46
73
120
120
68
30
35
82
76
47
13
-5
-34
-91
-126
-120
-98
-104
-164
-212
-206
-161
-138
-143
-155
-158
-159
-171
-152
-125
-74
-56
-63
-65
-69
-68
-69
-60
-57
-47
-62
-79
-79
-40
-12
-6
33
46
75
97
108
124
174
234
271
297
290
263
228
223
227
215
215
187
141
72
-2
-50
-50
-44
-71
-106
-151
-170
-177
-142
-101
-56
-10
35
76
99
164
247
324
357
363
374
415
446
483
505
521
540
515
482
441
419
390
352
290
236
186
155
129
84
39
-4
-18
-20
-35
-51
-60
-49
-34
-44
-41
-37
-21
-16
13
67
120
156
152
151
153
160
154
137
143
176
154
78
23
14
1
-36
-76
-106
-109
-121
-151
-182
-187
-162
-153
-172
-165
-139
-119
-99
-82
-32
27
70
103
127
171
181
194
232
262
279
233
193
159
127
61
-19
-56
-71
-104
-205
-286
-317
-332
-356
-376
-383
-356
-323
-298
-238
-181
-110
-35
32
99
170
239
323
379
416
457
484
508
499
489
475
438
370
318
281
227
170
109
65
38
20
-8
-35
-50
-52
-51
-53
-72
-90
-88
-75
-33
6
96
190
229
259
265
286
294
313
364
393
388
341
304
264
215
187
160
123
73
3
-68
-122
-135
-159
-198
-250
-268
-246
-218
-185
-162
-120
-50
-3
14
33
97
197
232
262
286
318
341
328
308
289
266
225
183
121
66
19
-24
-53
-97
-166
-232
-280
-300
-322
-372
-394
-391
-398
-394
-379
-348
-286
-236
-183
-131
-77
-20
52
149
234
290
317
340
333
312
301
277
249
193
135
63
-9
-45
-91
-136
-160
-189
-222
-259
-290
-299
-272
-246
-211
-149
-69
-15
29
69
128
176
189
221
266
330
340
329
327
343
354
325
281
259
236
201
144
80
32
-12
-56
-120
-149
-135
-120
-115
-120
-106
-58
-23
-21
3
43
76
108
113
148
197
207
187
204
230
245
259
280
294
298
268
200
161
129
94
36
-52
-121
-185
-228
-251
-256
-243
-223
-196
-164
-139
-109
-84
-49
-13
-1
16
50
100
113
112
120
109
127
134
124
118
110
125
102
64
47
38
32
3
-44
-76
-111
-140
-173
-213
-222
-211
-188
-158
-119
-85
-64
-25
8
43
91
129
167
184
203
214
203
207
207
205
193
158
97
69
63
39
4
-10
2
-3
-35
-86
-111
-90
-79
-103
-121
-97
-68
-55
-35
11
82
155
185
177
176
191
206
202
192
217
239
213
163
149
167
171
151
108
91
61
16
-23
-51
-45
-52
-79
-112
-112
-87
-88
-87
-71
-42
-10
22
46
88
144
168
186
192
203
189
175
161
149
123
76
44
13
7
-25
-65
-95
-104
-136
-180
-205
-228
-239
-217
-211
-193
-175
-173
-171
-166
-129
-94
-60
-14
32
55
74
87
114
153
177
168
130
95
58
19
-6
-22
-3
8
-1
-13
-29
-15
9
-1
-7
-20
-35
-50
-76
-93
-70
-32
-18
-2
-22
-4
16
27
35
44
58
72
75
58
42
30
30
13
-6
-31
-59
-71
-82
-83
-70
-67
-57
-59
-68
-57
-66
-61
-38
-24
-5
0
6
15
37
72
110
156
173
186
180
158
145
144
150
130
92
68
27
5
-26
-65
-89
-131
-168
-218
-260
-251
-213
-195
-197
-219
-201
-178
-149
-101
-70
-35
-4
-2
11
21
54
91
109
137
123
96
95
73
49
24
-10
-21
-51
-88
-102
-101
-118
-137
-173
-183
-159
-162
-165
-163
-135
-90
-71
-69
-72
-53
0
35
44
56
97
113
121
122
139
169
182
160
130
93
41
-11
-57
-80
-115
-149
-168
-193
-198
-188
-187
-178
-168
-142
-129
-129
-116
-121
-94
-76
-66
-41
-4
16
20
17
19
47
97
134
150
157
149
154
165
168
152
116
80
21
-31
-69
-91
-98
-125
-154
-187
-203
-204
-194
-171
-159
-141
-131
-111
-90
-53
-5
29
45
45
69
96
132
151
182
206
216
213
223
223
230
201
141
85
17
-36
-103
-161
-188
-203
-218
-231
-243
-239
-231
-208
-199
-175
-121
-92
-78
-70
-56
-15
14
56
104
141
173
184
187
188
195
205
196
170
137
109
74
33
0
-47
-92
-138
-179
-191
-201
-215
-225
-202
-177
-147
-131
-118
-90
-53
-38
-43
-32
-7
12
8
-5
3
35
58
66
64
75
104
125
123
111
100
94
59
15
-20
-54
-86
-142
-187
-210
-229
-244
-249
-223
-208
-205
-179
-151
-93
-55
-9
35
51
64
85
122
151
181
207
219
236
220
197
190
169
151
122
81
34
-18
-78
-126
-164
-199
-232
-248
-262
-264
-263
-259
-255
-220
-179
-152
-118
-85
-54
-22
3
29
48
73
96
103
113
118
157
167
160
133
112
97
91
68
33
12
-31
-63
-110
-121
-146
-172
-167
-181
-186
-195
-185
-166
-135
-113
-104
-82
-83
-67
-57
-49
-34
-29
-16
-21
-13
-8
-2
0
3
7
10
0
-14
-47
-63
-64
-91
-123
-146
-156
-172
-178
-179
-152
-118
-88
-66
-57
-33
1
11
29
49
62
78
59
58
67
67
80
80
80
63
54
53
36
18
1
-18
-51
-81
-112
-117
-127
-152
-178
-179
-166
-165
-151
-128
-102
-68
-56
-54
-35
-9
16
15
25
44
55
67
62
41
53
59
67
60
62
69
64
40
1
-12
5
2
-24
-44
-58
-70
-64
-81
-84
-64
-56
-52
-54
-40
-30
-10
-5
-1
8
5
-17
-20
-34
-41
-51
-58
-57
-58
-53
-64
-62
-77
-78
-84
-114
-136
-134
-127
-129
-131
-120
-108
-93
-84
-61
-20
24
51
68
84
107
138
148
142
145
149
138
106
77
71
56
35
13
-8
-17
-42
-61
-75
-84
-99
-115
-134
-140
-137
-122
-111
-115
-99
-79
-57
-39
-34
0
38
60
56
49
74
92
80
65
65
62
59
59
59
53
36
41
45
46
46
31
11
2
-23
-57
-84
-101
-126
-140
-151
-156
-146
-119
-67
-38
-8
22
53
96
106
106
96
86
82
49
22
4
2
-20
-55
-81
-81
-72
-82
-87
-87
-90
-91
-102
-122
-128
-137
-144
-146
-140
-136
-119
-97
-68
-25
17
52
100
143
166
169
156
158
167
154
110
76
55
45
27
3
-3
9
31
23
7
9
24
25
8
-20
-26
-36
-66
-98
-114
-100
-103
-109
-110
-75
-47
-11
19
50
104
137
164
170
184
181
169
147
129
131
129
88
61
37
28
28
4
-15
-18
-13
-22
-48
-54
-56
-55
-75
-99
-105
-93
-79
-70
-55
-27
-6
17
26
34
61
73
95
82
75
59
40
15
-20
-9
-6
-25
-34
-38
-30
-10
-15
-15
-2
4
-12
-37
-32
-8
5
2
-15
-18
-11
-20
-17
5
14
18
2
1
18
18
23
10
21
38
33
7
10
39
46
56
45
58
78
72
59
73
106
122
104
77
76
87
87
62
52
60
54
34
7
1
13
-1
-19
-22
-2
17
15
-8
10
45
21
-18
-22
-12
-2
-16
-14
6
35
25
16
26
52
77
74
66
84
107
103
83
77
72
63
52
23
25
39
33
8
-20
-28
-27
-28
-47
-53
-50
-41
-62
-69
-62
-60
-51
-50
-39
-26
-9
19
39
62
79
89
94
103
116
114
98
94
90
86
62
29
17
20
22
-3
-23
-39
-27
-25
-50
-65
-52
-37
-34
-40
-29
-5
12
9
2
21
53
70
92
116
152
168
174
185
199
203
192
176
157
164
149
112
88
64
46
12
-14
-32
-52
-66
-83
-111
-116
-122
-131
-127
-138
-147
-137
-137
-115
-90
-52
-32
-14
23
67
86
99
121
153
172
174
165
141
135
124
107
83
66
49
21
-9
-22
-24
-33
-47
-73
-90
-95
-99
-96
-79
-68
-71
-74
-75
-73
-55
-27
-15
2
28
37
40
46
66
106
129
137
111
113
112
99
74
48
50
32
11
-33
-44
-35
-34
-52
-60
-66
-76
-69
-70
-58
-47
-32
-24
-11
-7
15
41
71
99
119
124
140
160
168
181
171
152
135
111
73
32
7
-26
-38
-58
-85
-113
-114
-117
-143
-155
-159
-143
-134
-142
-156
-141
-128
-104
-71
-51
-28
-10
3
18
27
43
59
71
88
84
87
80
76
78
70
56
35
7
-9
-16
-30
-46
-60
-67
-71
-83
-104
-114
-118
-117
-111
-107
-107
-97
-79
-55
-36
-14
7
31
65
77
69
75
78
80
71
59
56
53
40
10
-7
-25
-43
-39
-40
-50
-52
-64
-73
-70
-67
-63
-67
-69
-49
-37
-24
-25
-8
12
32
62
88
117
121
145
128
123
95
62
62
48
28
4
-7
-39
-50
-71
-91
-85
-71
-84
-98
-101
-110
-102
-97
-105
-106
-90
-89
-92
-90
-80
-49
-29
-8
2
24
34
48
60
65
78
59
54
34
10
-6
-18
-29
-35
-35
-41
-52
-67
-68
-62
-62
-64
-70
-62
-58
-58
-49
-47
-26
-16
1
13
31
50
68
75
85
84
85
94
106
97
79
61
47
28
7
-7
-16
-13
-15
-24
-34
-35
-17
10
0
-4
-1
6
10
-5
-4
5
17
34
38
48
62
66
65
68
66
75
66
51
43
32
5
-11
-13
-18
-11
-34
-48
-56
-54
-46
-48
-41
-23
-30
-30
-37
-45
-26
-15
6
-4
-7
5
25
34
29
28
58
75
68
59
43
37
39
25
-1
-8
-23
-35
-59
-69
-78
-94
-85
-80
-65
-58
-54
-36
-20
1
8
15
24
38
42
51
57
68
81
68
64
60
90
100
82
77
61
51
28
15
-1
-9
-9
-29
-39
-52
-23
-2
10
20
44
58
67
80
88
120
130
125
120
115
115
106
91
87
87
83
64
47
37
27
13
-7
-26
-36
-46
-70
-97
-105
-104
-103
-103
-113
-109
-90
-86
-59
-45
-14
10
23
49
73
99
113
112
108
122
122
116
106
106
108
92
85
71
58
47
34
19
-3
-17
-49
-70
-97
-111
-112
-128
-127
-129
-112
-97
-75
-55
-32
13
37
47
65
87
107
109
103
108
120
119
104
87
69
74
73
56
45
46
39
16
-2
-13
-8
-2
-24
-34
-25
-29
-22
-15
0
22
39
49
46
66
93
84
87
95
102
94
85
74
73
75
51
36
27
29
17
-5
-22
-31
-44
-56
-81
-91
-96
-106
-99
-106
-93
-89
-82
-71
-66
-28
-18
1
14
33
56
61
63
72
99
107
108
101
88
83
85
64
53
53
42
22
-10
-28
-15
-37
-51
-63
-72
-86
-102
-122
-117
-98
-80
-70
-80
-60
-31
-8
2
16
49
62
61
61
67
72
74
76
78
85
77
65
50
63
72
77
72
63
56
49
43
45
45
31
19
-2
-12
-13
-21
-22
-13
-14
-20
-27
-23
-8
4
1
-1
-21
-45
-43
-46
-54
-48
-44
-41
-40
-51
-55
-40
-22
-23
-24
-6
-10
-9
-14
-14
-3
1
-1
-6
-10
-12
-15
-16
-5
7
16
13
6
12
22
3
14
21
20
11
-17
-20
-5
4
-6
-20
-30
-24
-25
-29
-49
-39
-38
-46
-60
-84
-74
-78
-73
-76
-72
-66
-69
-59
-65
-48
-29
-29
-7
11
32
35
53
55
70
74
77
80
82
88
83
93
99
92
85
89
81
76
64
56
49
28
20
11
-9
-27
-37
-43
-65
-85
-90
-99
-103
-103
-110
-103
-95
-98
-101
-99
-82
-65
-50
-42
-36
-17
-3
5
14
40
62
68
70
71
71
66
58
49
49
47
17
16
10
-5
-21
-34
-32
-38
-44
-39
-48
-56
-41
-39
-31
-26
-22
-24
-12
-10
-16
-8
4
15
7
1
-1
13
15
11
2
14
11
-1
-10
-23
-12
-20
-30
-21
-24
-26
-19
-27
-16
-11
-3
17
11
25
39
54
47
62
71
76
73
67
74
76
81
71
72
64
62
52
38
26
15
-4
-10
-26
-52
-71
-79
-91
-105
-117
-140
-124
-124
-119
-114
-110
-87
-64
-63
-62
-48
-22
9
25
28
32
49
60
63
58
55
76
93
82
69
62
50
49
34
11
-1
-8
-19
-46
-55
-62
-72
-77
-75
-65
-62
-50
-52
-41
-22
-16
-22
-24
-6
-3
4
15
17
18
21
20
23
28
25
32
41
46
50
53
53
39
32
30
23
21
20
14
24
21
29
49
48
41
45
55
58
61
60
70
61
58
51
57
45
39
31
13
5
4
-4
-10
-16
-20
-27
-36
-40
-52
-43
-51
-51
-55
-57
-55
-58
-64
-62
-56
-54
-51
-40
-28
-24
-15
4
14
23
35
39
39
40
44
48
54
45
34
16
12
18
13
2
-7
-15
-19
-40
-51
-50
-70
-71
-74
-77
-84
-89
-84
-95
-89
-78
-72
-55
-45
-48
-33
-22
-14
-20
-10
7
7
21
21
29
22
27
24
34
40
33
35
40
42
43
36
31
28
8
11
3
-5
-5
-5
-10
-21
-28
-29
-38
-36
-42
-59
-58
-61
-58
-59
-67
-68
-67
-69
-75
-70
-60
-54
-62
-62
-50
-33
-26
-20
-18
-11
-3
-5
-15
-26
-12
-18
-37
-35
-37
-38
-39
-48
-44
-49
-58
-58
-60
-55
-63
-72
-63
-62
-57
-53
-46
-51
-50
-40
-46
-45
-40
-40
-25
-30
-22
-18
-31
-32
-31
-39
-53
-54
-58
-65
-62
-69
-77
-75
-73
-74
-63
-61
-59
-53
-51
-43
-44
-40
-18
1
12
19
15
36
36
34
33
28
50
41
35
28
31
27
16
-15
-34
-32
-30
-51
-65
-77
-81
-79
-102
-107
-102
-100
-100
-102
-102
-85
-86
-83
-89
-75
-67
-74
-63
-61
-39
-34
-35
-40
-29
-23
-20
-6
-13
-6
-4
-4
-25
-39
-46
-44
-54
-64
-69
-81
-83
-102
-111
-107
-88
-86
-88
-83
-69
-54
-50
-48
-37
-26
-16
-15
-6
7
8
4
1
1
18
6
-10
-8
-4
-2
-19
-12
-15
-15
-14
-25
-43
-45
-50
-51
-53
-58
-37
-47
-36
-22
-18
-3
-3
-1
4
7
-3
6
8
0
3
3
6
2
-4
-8
-9
-1
-13
-23
-12
-26
-31
-30
-42
-41
-58
-58
-49
-61
-49
-61
-49
-35
-40
-20
-22
9
18
-6
-17
-16
-11
-19
-28
-29
-25
-24
-41
-41
-48
-48
-45
-54
-54
-50
-44
-50
-57
-59
-55
-51
-62
-56
-52
-52
-56
-67
-46
-40
-28
-15
-21
-6
7
16
12
15
11
2
1
-9
-3
7
-5
-7
-1
12
21
12
5
10
22
20
11
6
-3
-5
-11
-10
-13
-19
-9
-13
-10
-10
-7
0
0
9
0
5
-3
-19
-29
-44
-40
-48
-49
-59
-74
-68
-73
-75
-65
-55
-55
-55
-49
-50
-42
-30
-31
-32
-25
-7
-5
-2
11
13
19
16
9
13
28
25
14
17
9
7
-10
-25
-30
-46
-49
-55
-66
-76
-79
-77
-72
-74
-63
-75
-58
-49
-50
-46
-43
-25
-24
-27
-27
-18
-6
15
1
8
21
25
19
15
11
18
21
7
6
3
7
-3
-2
-11
-9
-15
-37
-32
-16
-16
-10
-17
-10
-1
4
8
3
1
7
8
5
6
-4
6
5
8
9
-6
-8
0
-13
-26
-25
-30
-41
-58
-58
-70
-77
-91
-96
-91
-89
-94
-95
-85
-77
-68
-66
-54
-39
-36
-26
-17
-16
-11
3
1
-3
7
0
1
-7
-11
-14
-13
-29
-38
-49
-64
-78
-87
-94
-107
-115
-125
-115
-131
-131
-125
-134
-116
-99
-95
-96
-94
-78
-75
-55
-47
-37
-22
-17
-19
-10
-11
-11
-3
0
1
-4
2
-6
5
-2
-12
-3
-24
-20
-21
-34
-33
-44
-39
-45
-37
-51
-57
-47
-42
-38
-39
-42
-30
-31
-28
-31
-38
-40
-45
-47
-52
-53
-62
-63
-70
-79
-81
-91
-98
-95
-86
-90
-98
-105
-102
-92
-88
-84
-83
-77
-75
-69
-54
-53
-54
-50
-39
-33
-35
-35
-34
-42
-42
-34
-42
-57
-51
-61
-60
-55
-65
-55
-71
-75
-86
-89
-91
-101
-106
-117
-118
-118
-115
-118
-126
-121
-116
-109
-109
-103
-93
-101
-100
-89
-81
-74
-76
-76
-65
-57
-54
-45
-46
-38
-30
-36
-35
-31
-23
-18
-17
-37
-33
-25
-29
-40
-46
-48
-55
-65
-57
-54
-59
-48
-47
-51
-51
-47
-62
-78
-66
-55
-67
-75
-77
-74
-71
-71
-73
-75
-70
-83
-90
-92
-94
-89
-90
-97
-99
-95
-103
-86
-85
-92
-84
-75
-77
-71
-55
-52
-52
-41
-39
-38
-27
-36
-42
-52
-42
-48
-53
-54
-55
-59
-58
-57
-67
-59
-61
-57
-71
-75
-61
-76
-94
-89
-82
-84
-86
-81
-76
-89
-80
-82
-81
-72
-71
-69
-61
-50
-37
-43
-31
-23
-21
-22
-28
-20
-10
-17
-21
-23
-16
-6
-10
-15
-14
-15
-19
-29
-40
-43
-37
-39
-53
-56
-56
-53
-65
-61
-58
-55
-58
-57
-53
-45
-34
-53
-43
-31
-31
-30
-43
-49
-42
-47
-52
-62
-53
-47
-43
-63
-65
-58
-58
-60
-67
-64
-57
-65
-70
-52
-60
-56
-48
-43
-49
-35
-35
-33
-32
-28
-14
-18
-19
-16
-7
-18
-29
-37
-33
-37
-38
-42
-49
-55
-62
-66
-64
-60
-57
-60
-57
-63
-61
-56
-46
-30
-40
-34
-28
-15
-19
-15
-6
3
13
5
8
14
8
15
9
0
0
-1
-1
-5
-6
-9
-14
-12
-23
-19
-23
-31
-36
-32
-25
-40
-31
-33
-35
-31
-23
-8
-9
-8
-2
7
10
0
-7
3
-4
-4
-3
-16
-16
-24
-27
-25
-32
-21
-36
-43
-41
-41
-34
-28
-40
-49
-36
-42
-25
-30
-19
0
-1
-2
-6
-6
5
11
10
11
9
8
2
-3
-14
-10
-9
-30
-38
-36
-41
-52
-52
-58
-66
-51
-58
-62
-58
-58
-49
-43
-32
-21
-8
10
10
14
25
37
38
33
41
46
42
39
45
41
36
32
20
20
13
-4
-16
-27
-33
-34
-43
-43
-49
-48
-65
-60
-56
-46
-47
-54
-44
-48
-37
-34
-30
-15
4
11
20
17
21
20
24
28
10
18
20
8
-9
-12
-16
-12
-20
-23
-31
-32
-25
-30
-48
-46
-37
-29
-29
-27
-11
-19
-7
-9
-5
8
13
3
-2
-1
-3
-9
2
-2
-7
-5
-25
-36
-33
-39
-37
-50
-52
-50
-56
-62
-67
-63
-56
-61
-51
-33
-31
-26
-19
-7
3
20
19
30
56
48
59
63
62
71
79
81
81
80
73
59
47
46
44
32
20
5
-10
-20
-33
-36
-40
-40
-45
-48
-48
-44
-47
-44
-45
-33
-34
-26
-19
-26
-9
-9
-3
2
8
3
4
7
5
-2
-6
-7
0
10
-4
-15
-9
-9
-13
-26
-19
-7
3
-9
-15
-9
-5
-4
3
18
6
19
11
9
20
10
8
5
19
15
10
6
-7
4
4
-15
-8
-7
-17
-20
-25
-27
-30
-32
-31
-35
-39
-44
-41
-34
-23
-20
-7
-5
9
24
21
26
35
35
43
39
49
54
51
56
59
48
53
61
63
65
54
54
44
36
34
32
19
2
6
-6
-11
-13
-19
-16
-21
-16
-7
-4
2
-4
2
8
-2
2
20
25
20
23
15
16
25
24
30
24
27
19
20
13
13
22
20
18
5
7
12
15
24
22
11
16
24
20
18
23
21
20
22
24
17
19
18
14
4
6
2
9
5
3
0
-3
-6
-2
3
18
18
13
24
26
30
26
19
22
34
45
44
44
48
43
49
53
56
53
62
42
42
49
39
30
45
36
27
20
26
30
20
26
22
19
23
30
22
22
23
19
20
17
13
14
17
19
12
3
7
14
17
14
16
20
12
15
15
16
17
14
21
21
20
19
17
20
27
19
10
13
17
23
22
29
31
25
17
12
16
22
23
23
23
26
26
30
28
24
23
31
27
21
18
14
5
-2
-3
-10
-6
-8
-4
-16
-14
-22
