SAMPLES:	11208
BITSPERSAMPLE:	16
CHANNELS:	1
SAMPLERATE:	16000
NORMALIZED:	FALSE
47
40
39
31
29
33
34
43
48
44
41
42
46
47
58
75
66
64
69
79
74
73
64
62
48
35
30
28
20
12
1
-6
-5
-2
-4
-2
5
-1
17
26
34
43
41
48
60
64
59
69
71
71
80
80
77
79
77
70
77
80
71
76
67
72
73
64
64
58
85
88
88
89
89
98
86
86
82
84
83
72
71
71
65
63
65
69
66
71
66
60
65
74
71
77
74
56
49
57
72
74
72
68
74
72
59
59
65
70
63
60
68
74
80
76
80
76
77
82
81
74
57
59
50
52
48
45
32
27
19
15
18
16
25
14
23
17
13
16
31
27
31
46
50
46
47
44
43
43
31
40
41
35
16
18
11
5
7
-10
-9
-1
-7
-13
-15
-18
-20
-16
-11
-17
-19
-20
-9
-8
-11
3
6
2
0
9
0
-4
-3
-12
-14
-23
-34
-38
-45
-58
-55
-59
-60
-70
-83
-78
-78
-72
-62
-76
-71
-55
-47
-52
-55
-54
-52
-48
-53
-40
-47
-54
-66
-73
-82
-95
-85
-93
-104
-110
-117
-111
-127
-133
-137
-138
-130
-142
-128
-130
-120
-100
-96
-95
-83
-82
-91
-98
-101
-118
-133
-153
-172
-199
-217
-223
-237
-245
-258
-259
-269
-260
-250
-251
-251
-256
-255
-262
-248
-256
-246
-245
-236
-228
-227
-227
-242
-233
-249
-256
-267
-286
-294
-302
-304
-317
-318
-338
-333
-332
-341
-346
-345
-350
-341
-336
-346
-334
-332
-332
-340
-346
-348
-336
-351
-353
-355
-363
-350
-359
-354
-356
-349
-341
-346
-339
-340
-338
-338
-354
-364
-362
-356
-344
-348
-336
-319
-306
-299
-289
-286
-292
-279
-267
-267
-288
-290
-294
-301
-307
-314
-305
-305
-307
-307
-307
-305
-298
-293
-298
-297
-292
-294
-290
-301
-289
-283
-292
-288
-285
-286
-283
-286
-286
-286
-291
-296
-290
-293
-300
-296
-282
-283
-281
-268
-260
-239
-229
-231
-227
-223
-219
-228
-222
-226
-226
-233
-235
-222
-215
-201
-213
-207
-205
-200
-186
-188
-194
-172
-185
-180
-170
-171
-169
-171
-160
-169
-170
-179
-168
-177
-184
-184
-187
-176
-179
-166
-167
-170
-159
-158
-155
-140
-143
-143
-137
-127
-130
-128
-119
-108
-108
-108
-102
-105
-108
-96
-99
-98
-107
-119
-110
-110
-99
-104
-102
-112
-107
-101
-106
-91
-92
-102
-91
-97
-92
-71
-71
-60
-55
-52
-45
-35
-30
-21
-12
-5
-7
3
-4
1
13
9
12
17
27
25
28
38
52
45
50
56
61
59
69
77
75
83
90
89
90
100
98
102
104
108
110
106
101
86
85
85
85
87
91
97
107
116
125
114
121
125
133
137
139
136
132
131
122
122
131
130
136
141
126
116
117
117
113
113
115
119
112
120
118
123
141
140
157
158
154
154
143
145
136
136
117
103
108
111
110
98
96
105
98
115
115
117
128
130
140
134
149
150
159
166
179
186
185
188
190
171
175
178
178
177
170
180
183
193
186
183
181
177
174
177
181
177
175
178
175
179
188
197
207
197
201
207
213
209
202
194
176
176
170
157
150
135
134
135
120
109
122
120
119
122
119
123
134
136
134
142
145
161
164
163
150
143
141
138
125
106
102
95
84
83
72
65
60
67
64
56
63
81
84
83
85
85
83
86
93
91
103
109
93
96
89
88
88
77
74
66
61
73
72
67
82
92
102
103
105
120
119
129
127
132
121
121
115
110
109
118
118
105
109
101
122
116
119
117
117
125
137
124
118
120
107
111
121
123
126
133
141
151
147
155
161
155
147
144
138
143
141
137
135
133
145
127
126
112
116
128
108
102
103
103
103
99
114
124
130
135
135
132
132
136
134
127
133
119
111
103
102
95
95
106
102
110
130
134
132
140
140
146
142
142
152
163
163
178
185
194
203
198
209
204
216
216
217
216
235
234
226
233
235
241
237
235
246
255
268
277
296
296
307
321
315
333
339
347
349
351
341
345
338
351
354
356
344
343
331
318
308
299
302
301
289
282
280
279
295
297
296
300
288
289
277
278
288
275
280
273
265
267
253
243
231
216
211
197
209
204
200
197
203
203
191
199
183
176
160
155
139
124
131
136
138
122
117
108
111
117
97
100
97
98
103
97
90
88
98
101
113
111
125
128
125
132
134
144
128
127
129
129
121
120
122
124
130
132
138
134
145
142
135
143
141
153
160
159
167
174
190
197
211
228
238
245
246
258
259
270
277
270
269
264
260
266
276
265
275
291
293
302
322
320
334
321
324
318
320
324
319
328
323
334
325
317
330
330
336
343
357
361
356
370
357
364
378
380
383
390
401
388
397
411
405
415
422
421
415
414
420
412
399
399
399
396
391
399
403
409
423
417
432
428
430
437
429
424
417
427
417
408
409
415
415
419
419
416
431
425
424
435
436
442
443
446
457
460
453
454
466
470
475
469
470
472
485
485
482
475
478
478
460
458
453
434
431
423
413
410
412
412
419
423
414
429
432
435
444
451
456
461
466
479
476
469
463
456
454
454
445
442
443
429
428
434
428
435
426
433
444
440
444
456
465
464
467
460
455
459
454
454
459
460
455
456
449
455
447
439
447
454
458
449
448
451
443
442
436
435
440
430
436
431
439
448
446
438
440
449
454
467
458
453
458
440
436
438
422
427
423
410
404
401
394
395
387
385
382
377
382
375
380
380
378
371
377
378
381
389
390
385
375
372
367
358
337
336
320
324
322
319
308
309
326
312
323
330
332
333
342
330
326
328
322
332
325
337
342
358
362
368
372
370
350
336
321
317
326
318
317
314
311
312
307
308
305
314
319
319
323
317
320
313
318
317
314
307
305
308
304
309
299
292
296
291
288
292
290
280
280
288
279
279
276
285
314
316
330
337
337
355
356
347
352
350
344
356
346
337
318
307
297
291
297
300
300
311
305
315
327
326
324
320
341
341
343
344
355
342
344
347
343
342
335
340
337
342
329
326
323
320
317
315
315
320
315
316
313
320
331
341
335
335
354
346
338
356
347
344
335
336
343
328
327
326
315
310
298
296
301
302
307
308
316
311
305
292
299
299
292
303
304
308
305
308
311
312
314
308
302
300
308
302
283
287
282
286
283
277
276
269
274
272
264
264
248
245
255
256
251
254
261
264
266
265
273
285
278
271
265
273
269
261
266
255
256
253
251
237
239
238
239
245
236
242
235
246
237
233
229
219
222
216
202
200
199
201
202
200
203
207
211
204
213
221
226
229
240
253
258
266
267
272
273
280
286
294
289
281
287
292
298
300
301
291
282
290
283
286
296
285
301
310
319
313
326
334
333
333
329
331
327
319
317
316
302
299
303
304
294
295
285
278
275
271
270
269
276
260
258
253
258
256
247
250
236
236
226
228
217
203
208
198
191
185
182
178
161
149
134
118
120
110
117
114
105
103
100
102
96
83
88
90
94
93
92
86
79
80
73
71
62
59
57
52
47
37
28
23
22
27
18
20
19
37
36
36
48
58
59
63
50
49
58
43
39
38
35
25
25
12
-6
-12
1
-1
-4
-16
-20
-21
-37
-24
-37
-42
-31
-41
-39
-38
-43
-52
-51
-57
-56
-44
-52
-57
-70
-74
-81
-92
-100
-111
-117
-109
-107
-118
-113
-115
-109
-106
-108
-97
-103
-109
-120
-118
-117
-120
-121
-126
-124
-127
-140
-147
-155
-160
-159
-171
-177
-172
-188
-194
-202
-199
-202
-207
-204
-206
-199
-188
-177
-173
-156
-160
-166
-169
-162
-159
-158
-161
-162
-158
-165
-165
-163
-161
-157
-153
-155
-168
-178
-176
-175
-167
-171
-153
-137
-139
-130
-125
-115
-99
-88
-87
-67
-61
-54
-67
-65
-65
-73
-66
-81
-82
-92
-82
-69
-62
-72
-66
-62
-66
-56
-50
-37
-34
-35
-34
-38
-30
-25
-23
-14
-10
-3
5
3
3
2
8
10
3
1
12
0
-5
-5
-10
-5
-5
2
3
-5
4
14
23
30
33
46
50
58
54
57
59
43
50
64
73
75
75
78
84
86
94
93
92
93
98
108
119
110
115
135
133
138
137
142
147
151
161
169
175
175
177
164
164
164
166
169
172
168
159
150
154
150
156
152
145
145
150
146
160
168
166
168
171
186
184
190
179
184
184
184
189
185
180
182
173
179
183
188
190
171
173
173
173
169
168
170
170
168
158
164
164
169
176
169
179
182
186
191
190
185
178
173
174
170
175
169
167
173
161
177
161
173
172
166
174
167
176
173
178
178
188
196
193
195
190
193
181
188
188
181
180
177
180
179
189
185
186
177
180
177
180
177
173
181
178
167
168
173
168
172
165
178
179
177
183
173
175
175
173
164
156
158
158
146
149
140
142
147
140
126
116
127
124
123
116
121
127
124
124
124
132
136
140
140
137
140
137
143
141
134
123
126
124
125
126
116
118
113
106
93
93
87
84
85
79
87
90
91
99
118
113
119
132
145
144
136
148
137
136
135
139
131
136
129
122
133
121
115
117
127
120
119
127
127
132
142
137
141
147
148
143
142
152
147
145
142
135
142
141
142
135
128
132
132
143
141
122
113
114
108
105
102
103
96
87
89
88
91
101
88
99
105
102
104
97
93
92
90
87
93
93
89
77
80
83
79
75
70
72
88
67
66
75
69
78
82
79
87
103
108
105
110
124
116
109
112
120
110
112
114
119
117
116
128
116
119
128
126
115
124
141
137
132
134
136
142
139
133
133
134
136
155
164
143
149
154
156
151
154
162
175
178
166
173
174
183
181
192
191
188
192
207
203
183
201
204
210
211
214
198
195
205
210
216
217
218
214
209
217
225
226
211
213
220
226
229
216
223
209
226
238
229
238
237
247
258
267
271
280
264
259
273
259
261
252
256
252
243
250
257
258
252
257
248
244
256
260
250
238
249
253
243
235
234
242
230
228
224
221
231
228
227
252
274
263
237
259
259
241
240
242
228
222
243
241
236
229
231
239
240
234
253
266
265
275
286
299
286
276
284
302
303
309
318
318
307
321
322
309
325
323
296
294
314
303
301
322
310
305
331
320
331
343
326
313
323
332
320
323
361
358
323
337
337
327
335
328
317
318
314
299
295
303
334
322
307
288
293
324
334
345
324
302
315
298
326
357
339
324
336
376
361
335
339
343
343
344
369
336
302
339
346
341
305
291
325
320
303
319
327
341
320
320
349
325
342
353
344
359
360
351
363
385
374
341
390
424
364
358
393
377
345
364
381
417
422
386
369
392
399
372
405
390
353
382
398
382
368
405
424
398
412
396
416
437
430
421
384
381
444
433
412
395
399
423
400
406
417
406
412
400
393
384
409
380
397
420
351
349
351
355
362
313
359
372
315
313
324
341
299
257
286
303
278
274
293
293
287
287
285
266
269
312
267
255
285
285
266
278
301
268
274
269
297
270
240
287
291
291
260
265
315
286
257
259
258
270
264
301
260
237
263
274
258
220
287
273
210
207
216
253
212
179
228
197
198
234
216
205
203
205
247
222
211
218
191
193
228
205
179
201
194
194
180
184
188
182
185
192
183
191
161
159
175
176
181
179
187
190
176
160
205
170
149
188
188
161
163
209
207
117
193
265
163
142
209
231
176
164
196
216
176
161
208
197
149
190
202
202
198
203
215
194
194
194
201
162
199
202
156
184
181
147
141
167
175
131
155
160
150
164
175
188
147
136
168
180
152
131
167
168
122
115
122
125
120
89
103
113
85
72
80
98
78
55
92
75
72
74
74
75
80
62
60
67
98
105
70
39
56
100
82
43
35
39
64
52
9
25
62
65
62
75
67
66
95
82
77
77
104
110
60
65
114
96
85
79
115
106
89
140
131
90
75
115
124
85
97
116
110
127
76
74
92
102
138
105
78
152
141
110
151
159
132
122
192
160
128
127
151
145
115
156
128
129
205
148
118
157
173
141
129
201
164
180
194
154
165
188
184
201
213
169
190
240
173
147
220
213
167
174
198
163
149
191
198
171
174
191
170
180
165
177
177
201
163
171
227
162
184
216
210
144
152
206
134
144
157
90
154
85
71
109
90
135
81
100
148
128
127
149
152
100
151
183
149
153
178
179
170
225
215
195
209
210
244
194
202
261
230
209
282
261
237
240
292
271
263
261
180
270
303
221
240
276
277
315
286
322
277
296
283
314
366
316
313
338
331
287
366
345
333
320
353
347
307
363
351
307
325
339
363
333
338
392
305
356
384
347
348
358
359
310
362
398
296
333
388
385
365
322
361
366
302
369
360
347
301
361
318
334
390
260
332
322
325
308
290
361
311
281
320
322
279
296
363
336
308
403
360
303
378
355
289
404
450
346
335
382
360
363
296
339
386
349
333
347
368
352
330
360
335
302
337
358
403
321
308
351
308
307
346
365
291
322
321
347
363
244
385
314
289
322
328
320
274
301
323
262
325
338
295
279
249
412
272
299
358
249
287
309
376
297
288
332
256
345
285
279
296
244
306
250
324
220
281
254
251
318
292
277
336
366
309
316
341
283
264
419
295
265
322
314
250
227
351
218
310
326
274
221
316
271
172
299
345
210
230
279
248
282
290
257
364
288
251
356
248
329
266
303
333
190
281
385
225
180
277
303
246
315
284
220
220
277
283
263
203
251
260
284
242
271
338
178
201
259
310
202
200
276
223
119
300
273
193
204
277
234
151
294
248
232
252
231
210
216
307
248
218
285
239
231
274
217
261
313
215
218
277
220
239
231
232
233
187
240
250
200
213
214
241
241
174
249
260
287
235
251
286
199
225
279
241
231
235
236
229
257
319
257
210
242
302
219
223
267
261
233
247
299
257
212
219
214
275
315
233
264
264
255
277
253
295
274
256
303
279
315
296
255
278
234
266
317
277
290
272
260
314
293
250
264
264
275
298
261
263
262
273
342
301
259
291
257
269
266
304
284
300
311
317
311
283
337
297
328
373
322
298
342
397
334
314
366
384
306
355
422
332
338
393
424
397
381
339
387
326
352
424
369
317
398
419
323
355
395
396
340
409
432
317
385
455
345
387
372
385
403
366
424
409
339
372
389
349
386
384
369
323
370
396
312
338
362
367
348
433
336
332
365
333
360
310
329
339
318
336
348
309
308
364
346
331
367
348
326
332
356
313
272
367
300
254
374
323
301
371
256
293
324
271
338
308
298
310
331
354
348
317
332
286
292
303
324
317
275
308
344
265
285
335
293
214
331
346
198
262
277
273
171
289
290
201
248
336
195
215
330
219
115
245
308
220
193
209
281
156
176
314
233
148
227
251
209
231
293
274
199
164
267
269
260
345
209
156
228
305
330
264
225
196
210
316
206
203
244
251
239
147
242
194
176
159
144
195
99
146
196
136
80
271
66
106
84
170
116
12
155
97
48
49
84
69
82
46
110
55
12
56
-1
46
41
19
-11
47
76
-6
11
45
23
24
-15
84
56
53
41
51
23
-1
42
22
-18
5
47
-21
4
5
-25
41
36
-1
-11
-33
26
84
14
-99
42
-26
-21
-28
68
-26
-30
10
-1
-19
-50
3
6
-41
35
54
-53
16
29
-25
26
12
11
-7
-14
55
7
13
33
-12
-29
49
-1
47
-1
-15
59
32
8
-21
21
37
-14
-5
39
27
-22
-10
42
29
21
14
-22
12
-6
107
59
23
37
4
-2
11
65
61
20
27
3
-8
47
76
-18
1
79
61
39
96
44
45
67
108
71
130
157
117
19
137
185
41
82
101
168
24
96
182
112
91
99
82
123
115
126
147
90
121
150
77
156
180
114
135
188
246
137
171
209
165
156
264
162
156
206
143
197
166
182
174
87
207
180
85
88
183
91
147
100
132
101
127
122
125
127
102
136
125
100
104
155
149
65
81
109
180
54
115
88
113
107
104
108
99
14
153
247
9
70
82
89
77
120
119
135
67
104
85
169
173
112
168
176
109
145
144
174
133
210
213
138
159
106
202
156
147
167
214
83
165
146
140
98
115
212
102
158
192
156
92
277
198
97
92
159
158
177
234
107
108
154
137
79
124
220
65
34
193
121
59
176
121
117
-4
85
53
54
132
158
46
45
59
62
101
76
195
107
3
87
93
122
131
119
55
69
128
88
81
168
211
35
50
94
110
88
139
49
73
198
97
16
43
136
146
78
124
48
24
139
133
35
24
48
75
59
94
111
22
64
76
51
25
108
103
13
28
120
82
-42
15
141
-41
34
69
24
34
73
-54
59
144
23
1
-21
-43
-24
11
-15
-58
-66
14
-15
71
-70
-84
4
-22
104
-50
-46
143
4
-41
-25
46
25
-58
39
76
-47
-38
31
13
-1
-33
54
-27
-12
17
64
-15
-43
108
35
39
65
34
3
139
49
-8
133
206
69
15
143
163
57
112
196
145
103
120
79
99
140
217
134
158
142
185
98
119
179
189
237
80
101
217
223
140
108
159
230
171
125
199
140
101
206
175
119
161
258
171
84
231
142
138
220
191
119
149
176
250
104
176
270
240
250
205
172
163
282
336
145
169
333
189
208
228
200
194
271
305
226
141
241
371
183
266
283
237
252
224
356
244
207
339
221
238
292
219
221
256
314
221
203
370
213
230
427
223
344
334
302
269
221
405
303
346
371
323
293
366
299
372
350
348
418
276
357
408
257
146
354
392
235
299
330
326
267
300
312
270
287
254
352
232
259
391
297
310
251
374
175
261
401
216
282
250
407
186
113
404
334
79
337
318
228
216
326
436
77
205
277
315
231
250
346
219
120
355
245
302
187
231
187
379
294
149
216
316
350
203
397
278
254
130
457
217
316
336
217
339
384
214
263
245
454
379
230
265
330
386
237
374
349
283
401
325
311
425
286
225
374
376
329
407
154
360
310
230
338
331
208
440
300
263
208
363
348
222
245
328
310
207
297
248
434
215
302
222
342
343
307
279
443
181
325
604
162
232
416
421
161
440
487
345
293
461
292
398
315
511
337
323
566
410
250
388
416
497
331
511
437
323
343
568
429
271
350
426
352
500
271
508
357
420
479
231
645
223
504
355
249
630
318
337
443
431
509
231
473
412
318
388
520
334
295
490
464
280
420
305
628
357
264
580
197
416
487
379
470
436
353
460
286
449
318
330
444
358
403
402
405
394
275
450
454
230
387
428
440
233
458
495
345
436
507
284
302
470
399
330
473
310
275
434
343
393
210
410
419
201
441
429
527
576
435
388
413
453
420
392
523
324
397
330
432
365
267
379
107
520
385
146
453
351
331
184
491
444
97
392
471
445
283
335
585
257
282
457
337
350
405
462
197
412
496
232
581
303
274
455
239
391
210
566
283
205
449
140
488
359
236
529
228
491
373
279
405
383
411
126
387
600
188
161
302
415
349
80
426
245
232
170
303
426
155
123
671
133
299
221
388
293
50
506
331
194
228
176
485
323
97
486
207
137
317
344
67
77
471
236
-46
284
324
464
-6
127
211
95
204
212
384
-6
200
410
-147
326
132
153
68
248
213
-63
460
28
14
180
134
191
72
124
238
108
-38
320
396
-134
143
410
154
-103
401
343
-34
147
382
223
-28
241
288
-42
181
290
123
96
157
206
111
32
431
318
-120
289
465
236
24
378
382
120
141
374
204
236
398
99
240
262
226
134
308
164
134
349
140
223
208
222
333
178
266
25
312
445
66
247
231
230
422
105
65
244
163
-27
223
290
200
-8
217
247
116
55
132
454
-196
102
191
-30
147
44
179
-11
283
-47
-15
202
-32
306
-27
232
134
219
61
87
144
85
214
188
207
163
194
-96
303
34
153
267
4
136
156
210
-82
120
94
129
-74
19
162
-48
185
75
-145
-5
147
120
210
123
-162
175
-1
30
56
282
302
-165
93
268
266
27
120
198
409
333
138
-6
103
331
132
164
-66
315
95
136
410
-67
55
172
184
-22
342
309
-91
185
150
68
210
512
202
35
443
75
198
133
411
463
34
188
553
185
52
337
431
387
-90
309
293
69
304
275
391
77
67
366
320
-107
380
413
371
392
101
460
249
224
178
297
241
296
440
602
406
199
311
377
328
305
350
303
276
337
229
233
262
331
264
118
417
424
343
404
428
358
188
370
500
386
215
409
510
341
343
298
390
315
486
582
499
303
404
445
314
372
321
668
324
424
560
424
316
529
472
308
693
482
305
303
405
345
341
476
475
372
268
393
353
309
571
340
295
332
270
412
375
392
206
220
490
257
286
225
449
483
203
394
473
376
285
405
463
274
206
476
299
169
365
497
392
372
481
379
256
276
405
355
191
234
295
229
181
244
248
215
135
205
339
211
296
448
259
250
465
366
319
343
397
303
267
383
264
391
310
217
205
132
249
361
247
133
229
382
163
43
332
188
182
258
240
280
127
256
120
62
199
137
93
109
162
123
38
56
204
141
174
254
265
115
141
218
120
59
80
171
-12
-43
62
92
-9
60
292
176
159
193
228
215
59
138
182
34
92
51
126
116
71
94
112
147
85
119
96
128
49
176
176
164
181
254
207
188
222
137
255
256
193
142
222
201
160
72
115
135
80
70
24
95
156
92
15
156
52
130
145
125
124
130
137
-129
-156
-48
98
-161
-253
-151
-197
-239
-168
-20
-184
-305
-306
-341
-382
-363
-371
-422
-455
-555
-509
-692
-699
-580
-465
-400
-350
-248
-238
-67
130
264
245
314
386
402
427
440
431
375
373
369
325
214
301
404
319
240
210
268
295
301
208
147
130
176
169
87
91
136
158
85
114
178
272
317
333
316
266
316
398
384
376
421
350
370
327
269
268
202
298
290
219
199
145
56
157
118
-5
-10
55
-156
-247
-203
-303
-387
-465
-438
-525
-556
-723
-807
-910
-1068
-1027
-1015
-919
-788
-732
-658
-632
-385
31
273
291
265
329
532
556
464
337
273
299
190
54
-85
-38
231
294
107
-25
66
286
357
243
23
-130
-85
-81
-242
-436
-434
-286
-249
-386
-400
-237
17
233
171
30
106
354
470
299
132
119
159
160
66
13
119
307
407
313
232
413
625
660
497
349
324
384
387
240
71
99
158
157
64
54
201
315
278
149
90
185
238
145
-38
-208
-265
-276
-343
-505
-622
-634
-673
-805
-970
-1129
-1190
-1300
-1491
-1653
-1504
-1182
-1030
-1029
-976
-714
-125
379
463
429
577
921
1087
925
679
633
693
593
227
-91
-153
180
285
-9
-264
-207
110
235
36
-298
-414
-313
-351
-663
-945
-914
-651
-573
-770
-853
-544
-73
257
224
117
329
686
863
693
485
497
606
566
303
178
320
557
594
384
264
511
804
830
609
414
388
474
381
110
-42
-34
61
-33
-185
-182
97
354
363
216
182
334
511
449
209
24
31
45
-144
-412
-560
-561
-614
-863
-1118
-1231
-1198
-1298
-1550
-1655
-1404
-991
-793
-826
-770
-279
429
840
806
789
1065
1477
1548
1261
1003
1067
1185
994
482
173
354
635
524
41
-185
14
302
228
-199
-486
-400
-257
-440
-799
-948
-713
-424
-454
-664
-557
-30
477
615
485
560
941
1292
1261
1021
956
1174
1328
1150
870
835
1062
1197
1021
706
633
794
849
601
231
90
167
178
-38
-310
-277
-64
63
-36
-106
52
369
527
382
237
259
434
406
151
-165
-272
-248
-421
-773
-1091
-1254
-1379
-1609
-1694
-1455
-1029
-746
-741
-719
-236
563
1081
1083
958
1130
1497
1595
1319
1035
1014
1153
931
400
75
298
690
552
18
-338
-184
171
110
-381
-781
-753
-575
-728
-1072
-1160
-780
-368
-386
-581
-421
206
815
905
656
613
977
1305
1168
815
665
833
894
703
459
487
785
928
730
422
455
703
782
477
63
-115
-8
27
-177
-379
-312
-47
80
40
50
328
681
803
625
421
480
660
606
281
-52
-166
-148
-299
-586
-841
-940
-960
-1186
-1527
-1876
-1885
-1518
-1190
-1083
-1119
-987
-486
272
842
1077
1160
1368
1684
1857
1758
1537
1504
1477
1208
754
290
266
471
407
-11
-463
-513
-282
-164
-424
-806
-958
-840
-827
-1027
-1151
-942
-505
-333
-413
-371
77
756
1112
1043
894
1068
1466
1576
1369
1145
1116
1191
1031
731
540
614
742
536
116
-157
-73
56
-82
-429
-691
-649
-497
-464
-558
-526
-272
-38
5
19
166
438
629
501
240
100
149
144
-149
-539
-843
-962
-1162
-1562
-2018
-2274
-1991
-1507
-1278
-1361
-1374
-939
-144
564
761
634
728
1088
1326
1162
842
758
898
841
419
-62
-83
329
524
94
-527
-679
-382
-213
-556
-1120
-1338
-1144
-1001
-1223
-1427
-1151
-555
-157
-264
-315
100
815
1252
1026
641
660
990
1091
691
298
341
570
581
232
32
256
628
592
120
-230
-178
49
-52
-502
-856
-813
-564
-511
-645
-601
-203
228
317
196
264
587
868
688
282
23
56
122
-153
-634
-895
-873
-899
-1180
-1556
-1741
-1820
-2066
-2316
-2181
-1664
-1159
-1054
-1188
-875
100
1029
1273
1054
1091
1539
1860
1576
1043
876
1051
916
202
-537
-512
17
115
-526
-1204
-1205
-723
-540
-1024
-1563
-1576
-1191
-1106
-1434
-1561
-1000
-228
44
-169
-98
617
1469
1703
1259
942
1118
1407
1238
718
384
459
510
192
-293
-374
-30
197
-130
-704
-866
-599
-326
-535
-976
-1132
-865
-541
-541
-565
-324
176
458
341
231
427
769
793
374
-150
-319
-250
-356
-775
-1246
-1430
-1444
-1598
-2023
-2430
-2624
-2516
-2082
-1747
-1581
-1498
-1240
-645
209
845
945
958
1142
1495
1580
1269
965
879
852
538
-113
-629
-530
-193
-399
-1107
-1607
-1489
-1068
-1070
-1586
-1985
-1830
-1425
-1307
-1534
-1458
-732
-1
146
-16
197
962
1682
1656
1093
828
1103
1383
1105
546
256
336
355
7
-407
-447
-165
-134
-601
-1108
-1113
-746
-569
-835
-1178
-1123
-654
-281
-249
-244
49
464
612
439
311
485
653
470
-71
-497
-528
-470
-677
-1165
-1568
-1653
-1672
-1957
-2531
-3018
-2867
-2036
-1461
-1460
-1557
-1296
-266
966
1455
1251
1137
1539
2007
1794
1154
782
862
835
205
-704
-1113
-602
-130
-672
-1605
-1966
-1496
-953
-1218
-1902
-2139
-1701
-1187
-1292
-1576
-1183
-138
560
384
178
608
1602
2171
1662
899
758
1195
1298
708
77
-57
172
83
-434
-786
-547
-156
-317
-1037
-1418
-1111
-591
-577
-1059
-1312
-927
-268
-29
-170
-74
406
802
713
341
287
538
640
160
-596
-880
-656
-585
-995
-1588
-1824
-1699
-1698
-2179
-2907
-3289
-2787
-1748
-1345
-1485
-1473
-905
473
1701
1928
1678
1705
2222
2483
1873
1099
844
930
628
-360
-1321
-1398
-591
-359
-1240
-2080
-2070
-1318
-930
-1493
-2095
-1995
-1309
-959
-1292
-1359
-469
782
1158
751
745
1530
2560
2659
1705
1000
1125
1461
1146
256
-316
-175
30
-371
-957
-967
-431
-63
-525
-1203
-1184
-566
-90
-317
-833
-772
-85
410
342
195
482
1020
1181
752
357
481
737
540
-236
-906
-920
-671
-815
-1461
-1936
-1944
-1773
-2015
-2783
-3375
-2965
-1624
-884
-990
-1196
-792
793
2355
2633
2144
1991
2581
2935
2259
1251
878
1048
844
-235
-1460
-1616
-650
-240
-1253
-2333
-2374
-1510
-953
-1525
-2210
-2058
-1188
-649
-955
-1020
18
1470
1933
1411
1285
2074
3142
3200
2058
1185
1248
1604
1264
232
-363
-162
99
-314
-994
-1045
-465
-13
-445
-1222
-1221
-497
85
-89
-596
-451
287
886
849
643
928
1425
1510
953
449
498
741
481
-378
-1072
-1073
-763
-871
-1426
-1877
-1848
-1713
-1985
-2678
-3316
-3278
-2201
-1168
-979
-901
-646
419
2125
3076
3009
2678
2719
3007
2630
1651
960
694
416
-406
-1515
-2048
-1553
-880
-1290
-2193
-2470
-2075
-1479
-1586
-2069
-2054
-1623
-1076
-1006
-938
-67
1223
1999
1890
1861
2371
3024
3257
2517
1580
1163
1020
677
-192
-789
-800
-781
-1002
-1422
-1441
-1009
-511
-492
-1007
-1119
-614
-99
-5
-202
-159
237
687
833
757
892
1156
1183
719
176
-10
9
-192
-735
-1363
-1609
-1469
-1461
-1751
-2052
-2170
-2185
-2444
-3065
-3690
-3468
-2014
-925
-762
-938
-677
982
2948
3623
3142
2608
2795
3046
2264
1064
412
309
-76
-1255
-2490
-2609
-1579
-1040
-1862
-2808
-2860
-2127
-1565
-1941
-2317
-2052
-1394
-953
-1006
-638
673
2101
2514
2093
2069
2671
3325
3152
2018
1102
701
434
-151
-1023
-1306
-1060
-992
-1372
-1738
-1435
-667
-143
-375
-836
-729
-131
342
313
178
462
951
1170
1051
988
1247
1489
1192
409
-170
-229
-178
-548
-1263
-1778
-1835
-1736
-1856
-2180
-2418
-2407
-2627
-3310
-4002
-3495
-1730
-474
-270
-667
-375
1617
3682
4167
3450
2907
3215
3281
2201
887
393
474
7
-1459
-2802
-2708
-1474
-1022
-1995
-2954
-2917
-2180
-1763
-2175
-2388
-1895
-1199
-897
-1058
-494
1094
2509
2746
2206
2160
2750
3304
2944
1745
917
561
184
-564
-1396
-1432
-1063
-1081
-1605
-2016
-1621
-757
-251
-585
-1041
-792
-128
334
312
297
789
1334
1414
1120
1020
1362
1625
1179
210
-453
-487
-419
-786
-1509
-1960
-1930
-1847
-2041
-2440
-2607
-2542
-2707
-3413
-4259
-4364
-3019
-1271
-529
-528
-531
648
2809
4144
4074
3409
3132
3140
2467
1134
184
22
-152
-1126
-2550
-3167
-2413
-1422
-1580
-2530
-3004
-2719
-2215
-2245
-2520
-2238
-1573
-1084
-1011
-755
420
2023
2892
2701
2295
2446
2821
2708
1913
893
237
-225
-837
-1545
-1820
-1466
-1181
-1395
-1850
-1862
-1253
-596
-449
-824
-1016
-649
-149
97
205
551
1068
1345
1230
1006
1070
1339
1242
517
-403
-829
-845
-964
-1357
-1837
-2021
-2008
-2070
-2342
-2626
-2696
-2844
-3377
-4208
-4674
-3727
-1937
-771
-427
-541
173
2155
3804
4118
3470
2996
2973
2439
1148
5
-275
-223
-874
-2214
-3151
-2742
-1645
-1441
-2287
-2998
-2947
-2508
-2448
-2728
-2583
-1872
-1174
-960
-809
80
1666
2850
2911
2462
2309
2500
2512
1860
850
95
-332
-833
-1490
-1854
-1614
-1135
-1124
-1542
-1778
-1429
-778
-449
-691
-976
-748
-286
51
242
560
1102
1488
1420
1109
1016
1201
1214
671
-193
-759
-861
-912
-1139
-1516
-1734
-1712
-1768
-2042
-2350
-2470
-2572
-2976
-3723
-4455
-4188
-2565
-931
-111
1
180
1638
3511
4432
4147
3322
3061
2776
1763
474
-266
-180
-351
-1343
-2499
-2776
-1851
-1110
-1521
-2430
-2833
-2525
-2247
-2387
-2478
-1945
-1030
-482
-326
128
1360
2827
3421
3037
2492
2366
2443
2115
1245
291
-240
-578
-1046
-1529
-1602
-1149
-828
-1056
-1534
-1612
-1117
-549
-433
-754
-819
-389
148
482
704
1080
1526
1647
1344
977
924
1058
834
117
-658
-893
-799
-780
-1014
-1353
-1451
-1453
-1634
-2039
-2375
-2532
-2794
-3371
-4138
-4458
-3452
-1574
-185
368
389
1020
2717
4117
4408
3644
2835
2593
1965
792
-215
-491
-300
-684
-1778
-2567
-2272
-1334
-1086
-1903
-2782
-2903
-2546
-2427
-2499
-2235
-1403
-550
-144
164
936
2278
3357
3365
2700
2164
2129
2090
1555
696
-33
-407
-610
-918
-1188
-1030
-672
-623
-1036
-1440
-1370
-848
-421
-438
-638
-504
75
694
1049
1279
1577
1749
1614
1182
801
744
720
357
-335
-860
-871
-646
-559
-805
-1093
-1211
-1315
-1562
-1991
-2342
-2566
-2916
-3469
-4046
-3969
-2642
-763
482
861
855
1592
3165
4227
4115
3140
2315
2067
1465
433
-298
-331
-102
-571
-1631
-2276
-1878
-1148
-1227
-2193
-3117
-3173
-2754
-2526
-2375
-1929
-1038
-201
225
646
1489
2623
3295
3025
2251
1733
1714
1688
1229
523
-56
-310
-377
-514
-646
-614
-519
-653
-1107
-1462
-1364
-915
-535
-513
-582
-364
221
900
1260
1356
1374
1337
1137
767
469
332
220
-69
-509
-802
-778
-540
-465
-715
-1081
-1372
-1546
-1797
-2148
-2530
-2881
-3216
-3575
-3791
-3263
-1644
80
1036
1162
1096
2067
3504
4084
3546
2356
1772
1654
1077
239
-295
-142
12
-665
-1715
-2190
-1682
-1194
-1620
-2725
-3476
-3209
-2633
-2254
-1959
-1410
-482
287
713
1146
1850
2703
2986
2499
1710
1253
1355
1391
1018
435
-74
-188
-151
-258
-431
-576
-650
-862
-1266
-1541
-1353
-822
-391
-292
-296
-13
638
1263
1525
1448
1260
1124
911
625
371
244
161
-97
-430
-670
-643
-482
-519
-852
-1320
-1677
-1848
-1987
-2239
-2567
-2888
-3129
-3312
-3299
-2587
-1050
471
1244
1208
1140
2065
3358
3878
3290
2199
1727
1690
1328
659
177
240
229
-495
-1519
-2011
-1678
-1324
-1757
-2761
-3397
-3081
-2357
-1785
-1403
-951
-208
468
914
1265
1760
2339
2556
2200
1555
1218
1385
1611
1518
1046
492
350
386
349
108
-255
-485
-702
-955
-1104
-960
-490
4
210
235
398
869
1394
1650
1514
1212
998
867
789
688
582
486
328
154
-43
-152
-143
-230
-512
-976
-1401
-1641
-1706
-1794
-2043
-2422
-2748
-2909
-2762
-2008
-729
505
1127
1129
1163
1948
3119
3683
3292
2440
1975
1891
1676
1205
772
677
502
-150
-1040
-1508
-1345
-1092
-1375
-2152
-2728
-2582
-1944
-1308
-910
-624
-191
315
733
1065
1425
1843
2090
1982
1611
1360
1442
1729
1865
1544
1022
690
615
642
461
77
-261
-487
-633
-701
-626
-304
90
312
365
452
681
1071
1366
1330
1095
865
759
804
857
818
696
520
378
226
88
-57
-217
-419
-753
-1136
-1436
-1598
-1647
-1839
-2231
-2639
-2914
-2706
-1871
-673
322
765
810
1028
1879
2905
3329
2978
2341
1964
1820
1580
1193
893
786
558
-84
-873
-1268
-1165
-1017
-1322
-2016
-2550
-2504
-1996
-1437
-1063
-816
-544
-166
256
619
962
1275
1492
1496
1298
1154
1236
1531
1772
1632
1179
813
709
752
688
323
-130
-442
-563
-543
-481
-353
-145
42
146
166
250
505
807
909
802
566
439
574
793
843
683
473
338
248
106
-111
-328
-491
-721
-1034
-1391
-1587
-1661
-1823
-2176
-2697
-3022
-2760
-1756
-506
295
465
384
756
1831
2806
2988
2498
1943
1772
1747
1515
1126
909
906
710
61
-727
-1078
-907
-736
-1030
-1763
-2353
-2291
-1732
-1124
-812
-749
-641
-341
85
422
636
825
1040
1173
1125
1019
1074
1432
1845
1808
1387
955
784
948
973
615
75
-315
-372
-262
-177
-137
-74
30
110
127
114
218
486
618
557
372
238
396
693
858
755
530
372
286
230
89
-95
-314
-551
-814
-1062
-1264
-1450
-1680
-2042
-2504
-2869
-2776
-2020
-864
30
276
134
315
1199
2292
2734
2343
1702
1425
1533
1549
1285
1017
956
896
501
-212
-750
-796
-604
-713
-1331
-2037
-2281
-1934
-1338
-932
-878
-949
-834
-481
-69
215
368
514
681
813
898
960
1230
1679
1903
1781
1423
1077
1042
1146
1048
638
119
-200
-205
-72
8
-12
-100
-173
-189
-172
-123
-20
83
118
100
97
165
349
591
792
811
645
461
353
355
348
197
-94
-388
-557
-688
-840
-1125
-1511
-1924
-2362
-2703
-2630
-1980
-1032
-288
-133
-273
-10
785
1731
2085
1715
1201
953
1049
1149
1073
984
957
864
537
65
-278
-394
-389
-626
-1130
-1643
-1947
-1822
-1495
-1201
-1072
-1171
-1202
-1042
-714
-365
-196
-123
-20
255
540
773
1049
1300
1586
1747
1621
1394
1181
1060
998
776
421
41
-176
-197
-140
-161
-344
-500
-574
-582
-558
-630
-705
-636
-479
-336
-255
-166
10
237
423
430
322
215
178
136
48
-91
-266
-468
-699
-924
-1200
-1569
-2041
-2553
-2873
-2670
-1966
-1174
-721
-710
-758
-373
456
1140
1279
956
616
582
732
848
841
866
921
865
585
200
-126
-291
-414
-643
-1046
-1515
-1819
-1852
-1650
-1427
-1392
-1481
-1555
-1448
-1190
-998
-869
-753
-499
-96
291
565
856
1197
1559
1811
1739
1470
1173
990
936
804
521
210
-21
-121
-154
-244
-417
-586
-694
-823
-955
-1080
-1115
-970
-741
-540
-397
-225
-37
164
357
429
412
305
172
91
28
-4
-83
-238
-431
-637
-851
-1221
-1661
-2168
-2675
-2859
-2587
-1852
-1070
-673
-691
-731
-278
561
1152
1151
734
414
489
733
892
884
916
1033
1033
804
343
-40
-229
-336
-553
-1029
-1516
-1832
-1868
-1664
-1471
-1398
-1432
-1469
-1347
-1138
-954
-796
-601
-269
169
547
805
1063
1334
1625
1798
1660
1370
1089
916
824
664
443
213
35
-77
-185
-313
-524
-700
-850
-1016
-1120
-1174
-1120
-927
-644
-363
-137
6
131
262
357
341
267
140
57
36
6
-15
-67
-167
-303
-487
-747
-1116
-1572
-2098
-2671
-3027
-2913
-2295
-1390
-718
-547
-567
-417
151
805
1033
843
475
313
461
694
850
955
1087
1126
1013
714
256
-91
-385
-668
-977
-1400
-1723
-1841
-1731
-1470
-1279
-1177
-1145
-1056
-855
-705
-574
-480
-286
88
516
883
1105
1283
1426
1569
1647
1516
1306
1061
820
651
483
367
279
153
16
-179
-355
-510
-634
-743
-821
-773
-703
-582
-422
-238
2
230
353
341
271
238
245
251
195
143
125
135
153
101
-26
-209
-425
-690
-1028
-1442
-1830
-2215
-2540
-2560
-2149
-1320
-409
38
-15
-186
-72
416
814
819
519
286
355
633
920
1079
1176
1271
1195
935
473
-74
-499
-832
-1026
-1147
-1245
-1272
-1251
-1091
-855
-630
-485
-515
-518
-500
-440
-378
-343
-164
212
682
1058
1205
1198
1193
1246
1242
1077
822
545
388
294
233
247
247
230
173
56
-89
-191
-279
-375
-424
-416
-357
-219
-143
-57
55
117
138
90
3
-64
-83
-101
-112
-111
-92
-52
-29
-102
-205
-327
-486
-628
-815
-1036
-1283
-1542
-1814
-2059
-1965
-1516
-821
-202
-89
-316
-502
-407
-2
295
301
177
65
200
469
720
793
741
651
482
344
99
-184
-403
-595
-629
-544
-437
-309
-283
-290
-287
-294
-320
-454
-525
-552
-510
-431
-407
-257
12
329
599
675
606
492
438
403
355
366
375
421
502
587
728
804
795
660
441
244
108
-19
-164
-245
-301
-280
-212
-178
-154
-152
-200
-304
-433
-530
-568
-554
-498
-459
-396
-321
-190
-40
46
82
31
-106
-262
-429
-561
-728
-942
-1204
-1509
-1775
-1773
-1463
-1025
-543
-384
-535
-673
-690
-488
-238
-122
-166
-248
-130
169
582
864
848
802
715
756
886
806
645
391
203
179
186
263
253
201
85
-116
-269
-432
-473
-485
-532
-522
-528
-453
-317
-194
13
169
319
446
499
592
697
874
1030
1101
1160
1144
1160
1165
1100
982
765
565
401
277
210
100
-26
-142
-212
-225
-248
-247
-263
-307
-329
-320
-217
-72
83
219
287
338
403
437
454
407
327
209
57
-71
-212
-292
-409
-540
-699
-922
-1158
-1400
-1458
-1318
-1091
-796
-655
-659
-587
-445
-187
102
307
440
496
621
800
996
1222
1297
1326
1249
1153
1160
1102
1046
849
578
367
214
186
109
-14
-152
-325
-421
-493
-536
-524
-510
-419
-333
-208
-31
114
293
406
480
552
578
633
673
693
690
649
650
638
622
593
488
389
265
112
-15
-140
-206
-248
-256
-248
-239
-167
-110
-49
1
-11
-4
-43
-79
-111
-148
-155
-161
-162
-165
-164
-167
-197
-258
-343
-448
-537
-650
-759
-826
-919
-1008
-1076
-1115
-1118
-1118
-1120
-1082
-953
-750
-511
-365
-314
-259
-171
-11
159
301
414
465
512
537
543
549
511
469
351
244
186
159
180
130
58
7
-10
32
57
90
101
108
130
135
161
187
201
196
173
173
200
227
227
186
150
107
66
54
26
12
7
-4
17
39
66
108
116
156
197
202
181
151
147
155
165
135
78
44
13
-24
-14
-3
-60
-118
-119
-155
-213
-246
-293
-327
-354
-383
-421
-487
-510
-509
-530
-555
-563
-557
-553
-551
-562
-575
-582
-551
-486
-398
-309
-199
-109
-40
-7
-13
-13
-20
-42
-87
-114
-107
-104
-82
-72
-77
-49
-30
5
55
101
150
177
167
150
160
199
242
278
293
299
293
277
240
214
181
129
34
-79
-127
-139
-111
-96
-87
-55
-13
21
51
62
71
85
76
42
14
28
28
16
-7
-27
-24
-8
-7
-23
-42
-61
-64
-65
-68
-82
-94
-111
-143
-164
-192
-181
-171
-208
-252
-303
-318
-298
-311
-317
-325
-308
-299
-275
-252
-227
-177
-150
-136
-159
-161
-149
-138
-133
-154
-185
-194
-185
-168
-152
-173
-190
-196
-205
-187
-186
-173
-153
-126
-116
-92
-19
65
139
176
201
207
214
191
147
111
77
74
48
17
-2
-8
-8
-54
-87
-102
-95
-99
-111
-109
-116
-107
-117
-151
-182
-189
-181
-216
-268
-294
-298
-268
-272
-279
-286
-274
-274
-286
-293
-297
-277
-259
-294
-347
-370
-367
-342
-362
-404
-439
-442
-440
-455
-470
-485
-466
-439
-429
-419
-381
-335
-292
-277
-277
-266
-250
-228
-233
-279
-300
-297
-300
-307
-324
-338
-356
-381
-417
-463
-488
-515
-523
-533
-548
-538
-473
-377
-323
-295
-281
-248
-206
-200
-220
-245
-246
-230
-243
-241
-216
-182
-144
-156
-157
-148
-127
-133
-207
-284
-344
-387
-417
-449
-431
-427
-441
-487
-535
-544
-507
-461
-471
-503
-507
-464
-422
-370
-313
-266
-211
-198
-231
-283
-310
-300
-329
-377
-444
-520
-527
-518
-530
-548
-555
-551
-570
-568
-575
-566
-550
-521
-502
-493
-437
-368
-314
-274
-239
-219
-197
-166
-177
-208
-236
-281
-311
-357
-401
-455
-504
-526
-578
-611
-605
-582
-557
-544
-553
-531
-513
-493
-463
-476
-483
-483
-482
-487
-465
-392
-334
-321
-334
-338
-318
-311
-327
-389
-439
-477
-541
-612
-674
-698
-724
-734
-776
-829
-849
-826
-803
-815
-837
-827
-784
-742
-690
-663
-592
-520
-473
-448
-449
-424
-417
-437
-499
-554
-587
-625
-654
-679
-683
-674
-688
-706
-707
-702
-677
-669
-684
-678
-671
-623
-587
-565
-508
-436
-375
-347
-306
-299
-305
-308
-323
-362
-413
-458
-508
-546
-559
-582
-592
-592
-591
-583
-590
-585
-576
-579
-560
-539
-524
-473
-433
-420
-410
-363
-301
-279
-281
-288
-292
-251
-234
-266
-315
-376
-424
-480
-547
-592
-629
-661
-711
-781
-807
-817
-791
-768
-768
-745
-714
-669
-627
-619
-588
-517
-460
-422
-420
-420
-385
-352
-351
-402
-449
-486
-519
-552
-609
-660
-688
-689
-699
-681
-651
-626
-603
-581
-559
-513
-447
-411
-373
-337
-284
-206
-138
-80
-60
-54
-50
-79
-126
-180
-214
-255
-322
-384
-434
-473
-435
-416
-455
-482
-503
-494
-483
-478
-478
-442
-424
-373
-330
-332
-217
-132
-76
-17
-9
-2
5
4
-12
-81
-105
-168
-283
-350
-440
-495
-537
-636
-727
-811
-827
-806
-790
-770
-779
-732
-674
-624
-581
-533
-476
-414
-384
-388
-381
-352
-335
-340
-359
-377
-385
-388
-417
-472
-533
-598
-651
-703
-725
-740
-736
-739
-742
-748
-697
-610
-531
-494
-473
-424
-380
-314
-265
-221
-216
-211
-232
-263
-275
-265
-270
-299
-345
-410
-457
-483
-525
-582
-626
-649
-666
-678
-676
-659
-624
-606
-592
-582
-526
-456
-390
-355
-336
-287
-231
-174
-139
-144
-140
-158
-214
-300
-376
-446
-505
-570
-639
-716
-768
-771
-781
-802
-828
-836
-816
-768
-743
-721
-702
-694
-683
-663
-647
-607
-583
-531
-494
-489
-481
-494
-500
-514
-542
-600
-634
-679
-726
-769
-794
-816
-832
-844
-819
-789
-769
-738
-726
-695
-689
-655
-626
-607
-584
-567
-546
-561
-590
-604
-607
-611
-651
-723
-780
-801
-792
-780
-817
-825
-828
-831
-817
-830
-832
-840
-847
-842
-846
-811
-737
-687
-645
-606
-561
-495
-440
-420
-428
-441
-456
-472
-524
-574
-613
-644
-686
-725
-759
-788
-803
-825
-838
-865
-881
-883
-873
-868
-863
-843
-838
-835
-836
-847
-854
-849
-841
-824
-804
-796
-778
-774
-786
-792
-798
-815
-837
-861
-875
-879
-887
-884
-877
-873
-833
-784
-749
-715
-681
-650
-633
-624
-619
-605
-581
-585
-590
-604
-631
-635
-658
-695
-744
-797
-836
-841
-861
-870
-872
-862
-845
-826
-796
-769
-742
-740
-721
-706
-690
-655
-646
-629
-590
-545
-510
-485
-457
-444
-459
-479
-523
-570
-620
-652
-706
-748
-757
-759
-727
-704
-673
-644
-642
-641
-657
-673
-660
-655
-653
-648
-653
-648
-638
-602
-585
-583
-612
-668
-695
-727
-762
-787
-798
-820
-819
-814
-807
-787
-768
-726
-724
-721
-679
-652
-595
-547
-501
-456
-393
-336
-304
-277
-263
-275
-308
-309
-354
-399
-432
-464
-515
-548
-577
-612
-628
-659
-659
-670
-684
-689
-674
-650
-637
-618
-595
-583
-566
-530
-492
-473
-442
-413
-385
-364
-357
-326
-316
-314
-339
-395
-432
-478
-516
-543
-587
-599
-611
-594
-574
-541
-503
-492
-466
-457
-435
-426
-411
-383
-374
-355
-328
-287
-251
-205
-192
-197
-221
-251
-286
-321
-363
-423
-457
-504
-525
-526
-522
-507
-482
-474
-464
-435
-412
-374
-341
-295
-242
-179
-133
-76
-12
43
93
90
73
28
-22
-62
-123
-186
-229
-256
-304
-323
-339
-345
-362
-366
-370
-386
-381
-400
-391
-380
-357
-329
-287
-246
-198
-152
-106
-74
-53
-42
-42
-35
-58
-69
-98
-124
-148
-196
-235
-277
-323
-347
-367
-390
-383
-373
-362
-343
-320
-302
-264
-234
-194
-161
-163
-149
-125
-98
-63
-29
-19
-10
-16
-23
-55
-84
-128
-172
-217
-280
-316
-343
-341
-351
-354
-344
-322
-297
-288
-270
-238
-197
-155
-103
-74
-26
47
100
132
134
120
110
85
43
-16
-72
-103
-142
-189
-234
-257
-246
-250
-271
-282
-301
-292
-299
-316
-323
-294
-259
-212
-153
-124
-67
-2
36
52
68
56
46
8
-51
-92
-123
-122
-140
-178
-228
-266
-299
-333
-378
-407
-412
-429
-437
-429
-396
-336
-259
-221
-213
-197
-152
-98
-74
-73
-80
-96
-96
-107
-105
-114
-144
-157
-197
-256
-303
-330
-358
-392
-425
-431
-429
-403
-391
-364
-331
-279
-211
-186
-143
-102
-60
-19
7
25
40
64
85
67
37
-4
-45
-92
-164
-229
-274
-297
-321
-356
-381
-389
-371
-339
-349
-355
-339
-290
-231
-208
-156
-106
-45
-15
-1
26
31
40
2
-49
-93
-118
-141
-183
-223
-269
-294
-311
-355
-398
-430
-445
-450
-482
-497
-480
-414
-337
-284
-241
-203
-132
-76
-46
-40
-44
-53
-65
-86
-108
-103
-125
-150
-193
-231
-265
-301
-340
-407
-467
-507
-529
-543
-531
-508
-460
-400
-361
-305
-246
-176
-109
-53
-38
-23
-4
28
56
54
44
6
-33
-92
-152
-206
-275
-338
-396
-458
-499
-532
-524
-519
-512
-486
-446
-395
-354
-313
-267
-212
-145
-101
-75
-32
2
24
15
-25
-55
-75
-98
-144
-215
-270
-309
-344
-395
-430
-466
-494
-517
-530
-526
-494
-429
-387
-355
-313
-256
-175
-95
-70
-64
-18
24
31
24
50
49
37
-2
-46
-92
-137
-162
-212
-280
-332
-349
-371
-385
-382
-371
-356
-326
-293
-240
-174
-108
-47
-5
34
53
97
136
170
195
185
185
179
146
93
37
-9
-57
-128
-186
-227
-257
-277
-282
-281
-261
-212
-144
-73
-8
63
118
181
212
249
271
305
316
285
266
262
273
238
187
141
107
48
-9
-58
-103
-136
-177
-224
-239
-226
-185
-130
-95
-67
-18
48
99
132
160
205
246
277
296
315
351
386
370
341
314
281
240
201
143
75
15
-30
-49
-56
-34
-21
-16
-13
-5
35
91
129
151
169
186
222
261
311
342
356
360
342
321
284
248
181
107
15
-49
-90
-115
-126
-144
-130
-138
-117
-82
-35
6
51
122
160
209
267
319
361
399
405
389
357
333
345
328
292
244
200
166
115
88
60
44
17
-16
-27
-24
16
55
72
79
85
116
163
191
209
228
248
261
286
301
329
359
347
332
311
303
287
249
214
181
155
122
97
106
131
162
165
173
183
204
256
291
311
329
352
360
359
382
437
462
449
430
415
398
365
311
251
188
141
106
93
85
88
101
120
143
184
226
260
309
347
383
411
441
482
507
525
524
511
501
485
472
432
383
332
288
242
196
170
140
135
143
138
142
168
197
231
242
261
282
298
331
358
374
398
403
424
440
441
440
430
422
391
362
349
324
312
299
281
244
228
215
206
237
252
256
255
302
336
375
406
423
446
448
461
441
451
469
467
474
448
410
382
348
301
240
165
116
90
63
48
55
86
136
184
218
258
304
354
386
399
429
456
491
510
522
510
510
508
499
476
425
377
318
269
223
170
137
120
111
119
126
138
175
223
254
275
281
282
286
294
310
310
318
313
318
339
350
368
351
317
304
282
263
243
211
199
196
183
178
177
191
217
223
233
218
235
249
265
278
302
331
359
378
383
402
401
394
347
319
294
261
226
177
126
85
73
65
44
51
53
78
123
154
198
238
291
323
353
375
393
409
419
405
385
357
341
334
307
285
267
235
193
153
122
103
96
83
76
82
101
143
174
206
230
244
260
272
278
277
284
281
270
272
257
255
259
249
220
190
171
144
126
106
91
94
101
94
109
130
161
177
186
199
206
215
246
278
288
318
342
349
377
383
389
396
372
338
305
259
205
163
112
64
36
15
3
25
52
81
101
146
181
228
285
313
348
348
367
394
406
412
404
397
366
351
331
307
282
237
200
159
110
92
83
83
86
97
126
146
199
232
262
313
323
352
381
407
428
426
416
404
387
367
360
349
317
272
229
201
161
133
102
94
82
68
77
96
117
135
162
180
206
238
269
290
314
351
374
386
406
412
427
415
397
354
311
262
210
161
99
49
0
-21
-40
-55
-48
-24
4
48
88
136
197
238
284
320
334
352
367
386
387
377
360
333
304
276
239
200
161
107
51
16
-8
-13
-25
-30
-30
-14
19
72
115
137
163
198
230
249
269
295
317
313
315
317
317
317
309
272
241
189
146
110
73
53
31
5
-7
8
26
53
75
89
107
138
162
214
257
290
328
351
373
404
422
439
441
410
367
335
275
236
176
107
50
-4
-34
-52
-56
-51
-34
-11
19
57
98
146
198
235
250
265
277
304
317
313
304
267
235
210
182
138
87
21
-22
-77
-108
-118
-127
-124
-127
-122
-103
-77
-39
6
39
58
76
106
132
175
218
241
246
266
283
292
300
292
272
232
204
173
133
100
88
49
23
5
12
25
39
68
73
71
86
113
148
189
237
276
298
337
351
377
397
390
364
315
269
228
176
130
84
37
-11
-50
-61
-49
-22
0
17
56
92
134
187
238
287
314
347
363
385
415
415
397
380
359
325
299
274
226
172
121
87
58
44
39
57
71
62
76
101
154
180
232
263
283
313
341
383
410
433
449
472
480
474
472
466
455
416
382
334
311
284
259
254
239
235
246
264
281
305
322
346
358
365
403
464
508
559
581
600
642
672
677
660
619
565
514
443
382
337
283
242
212
191
195
209
211
222
248
279
316
361
410
462
511
562
599
625
653
682
687
665
637
608
575
547
511
479
436
387
354
321
307
265
262
249
233
240
245
287
311
358
395
431
468
507
548
586
604
621
629
640
642
633
617
593
568
520
478
456
424
400
362
319
298
299
303
319
313
317
329
370
405
444
497
538
603
639
673
705
740
751
750
724
687
641
593
534
474
418
351
310
282
284
268
270
287
295
303
326
357
401
448
503
555
590
649
692
717
746
734
713
687
668
660
628
590
546
512
489
466
454
426
405
382
359
362
351
364
390
414
441
477
521
556
609
663
675
686
700
717
713
696
687
676
659
638
619
598
579
564
534
500
466
452
452
449
445
442
460
480
500
539
594
643
695
725
759
790
810
833
836
812
792
756
715
669
616
568
524
493
448
422
412
405
386
384
384
413
442
462
482
507
550
578
597
631
651
675
659
651
633
601
595
564
529
492
461
437
424
390
362
343
308
279
248
236
229
230
248
262
291
317
356
396
414
434
447
446
452
434
431
416
394
379
349
325
301
271
253
215
177
140
121
97
72
73
68
76
87
121
170
235
291
339
370
398
430
447
454
448
429
416
381
352
329
303
269
219
169
133
95
74
52
33
16
-5
12
33
59
70
88
114
130
124
125
148
153
158
157
142
130
125
120
107
87
60
35
16
-14
-40
-62
-70
-89
-111
-122
-119
-100
-80
-65
-38
5
47
96
119
139
146
138
143
151
142
151
149
130
117
102
95
82
52
26
-14
-41
-68
-91
-116
-142
-152
-154
-143
-126
-84
-36
-12
34
70
103
136
162
178
181
181
173
163
129
105
75
56
30
-8
-37
-65
-77
-102
-141
-157
-163
-171
-159
-145
-137
-110
-81
-63
-46
-28
-17
-6
-1
-14
-18
-18
-18
-9
-22
-27
-40
-48
-65
-107
-128
-164
-206
-235
-263
-269
-263
-249
-229
-218
-182
-149
-108
-79
-45
-26
3
29
38
43
50
69
81
84
63
70
84
65
40
7
-38
-58
-66
-101
-131
-146
-153
-160
-168
-164
-126
-97
-74
-43
-14
17
55
104
115
112
132
137
155
156
156
141
134
116
87
62
34
36
11
-29
-56
-61
-52
-49
-38
-14
9
23
34
35
58
80
91
102
105
118
135
160
165
162
165
158
141
118
102
76
55
26
-18
-28
-48
-43
-27
-8
10
31
52
81
108
122
149
166
180
209
208
223
251
262
272
272
267
256
255
243
202
184
155
141
124
110
93
83
89
74
91
106
121
136
148
183
202
208
221
230
246
253
253
259
273
268
255
246
218
204
188
175
154
138
129
119
116
112
126
132
148
167
167
176
198
202
205
226
229
245
263
253
258
282
275
273
270
241
219
202
181
164
145
123
118
124
132
143
163
181
189
207
227
250
275
295
304
323
333
336
358
365
367
371
355
355
331
309
282
256
232
209
196
180
171
160
146
146
154
174
182
190
192
198
220
244
260
255
271
282
289
296
304
295
285
261
232
213
174
151
138
130
117
114
115
119
127
127
143
154
162
168
178
200
205
228
227
236
245
250
258
253
253
232
204
177
149
117
90
68
38
30
27
26
33
39
53
68
95
120
142
168
190
226
246
261
277
285
291
299
311
298
268
257
242
218
189
159
152
128
117
87
81
74
66
84
99
113
124
143
167
189
199
229
255
287
309
313
321
341
341
342
328
309
287
254
222
178
145
107
85
79
66
63
63
58
81
107
119
135
156
184
201
227
257
273
289
297
306
314
308
295
274
253
213
183
141
102
71
38
7
-12
-15
-24
-13
-5
3
32
61
85
124
155
194
233
274
307
327
351
363
368
357
352
346
319
296
268
246
222
191
165
148
127
108
107
98
94
100
121
123
137
163
192
224
249
281
304
342
354
354
362
381
369
344
330
307
284
247
227
191
154
136
115
105
102
101
114
118
127
149
172
201
228
251
274
300
327
340
352
364
368
360
332
299
278
242
191
167
135
97
73
47
29
23
31
23
42
70
79
106
142
172
206
244
275
300
328
359
371
377
365
360
335
325
291
267
237
213
191
157
136
113
92
75
59
49
47
50
41
56
78
84
114
124
147
172
196
219
220
232
223
220
204
185
164
138
119
82
53
18
-10
-40
-57
-55
-49
-40
-20
-18
-13
17
39
63
80
105
124
142
169
186
184
182
172
170
152
141
118
89
68
31
19
1
-13
-26
-32
-30
-28
-20
-1
14
28
52
79
104
127
160
189
225
248
264
275
275
273
267
264
248
218
203
195
183
163
150
145
133
123
100
100
92
91
97
104
127
130
154
172
191
219
247
253
270
275
266
265
255
239
212
187
162
127
94
51
7
-12
-20
-40
-46
-47
-52
-50
-35
-16
0
21
38
45
61
73
83
79
83
91
71
64
49
20
-4
-20
-52
-75
-90
-112
-124
-135
-138
-141
-148
-142
-145
-135
-129
-124
-103
-89
-63
-36
-23
2
17
28
43
45
49
23
12
-9
-27
-27
-51
-61
-76
-74
-89
-106
-108
-112
-129
-134
-137
-135
-120
-119
-89
-64
-33
-2
26
44
60
79
94
84
77
66
41
40
15
-4
-9
-42
-61
-85
-117
-138
-152
-160
-158
-155
-154
-128
-117
-84
-59
-41
-11
3
21
26
42
42
29
36
32
22
17
5
-9
-29
-52
-71
-84
-93
-86
-91
-86
-80
-60
-42
-38
-23
-9
10
19
24
48
66
88
99
113
128
126
130
125
135
130
119
102
91
92
92
91
97
89
85
75
75
68
64
84
93
111
119
152
165
184
210
209
223
222
226
226
219
209
197
194
186
165
150
133
104
97
77
25
-16
-16
8
39
52
44
30
30
38
70
83
102
115
126
103
92
91
72
60
43
38
15
30
20
-1
-31
-39
-36
-39
-50
-60
-46
-40
-37
-31
2
9
8
21
17
21
19
22
33
14
4
-3
-18
-24
-45
-52
-68
-80
-71
-79
-80
-81
-93
-85
-81
-89
-88
-74
-68
-70
-51
-30
-31
-24
-7
23
36
32
41
46
43
39
36
14
7
7
-14
-30
-36
-48
-54
-71
-69
-69
-74
-58
-52
-43
-34
-21
-4
10
25
36
51
57
53
51
42
31
30
2
-27
-35
-52
-71
-79
-85
-104
-121
-131
-127
-136
-133
-129
-127
-113
-100
-78
-63
-30
-12
4
19
35
41
32
34
27
22
7
-9
-20
-38
-56
-79
-90
-92
-97
-101
-112
-108
-119
-128
-126
-121
-120
-112
-111
-99
-89
-71
-49
-24
-15
-3
-5
2
5
13
-2
-19
-25
-50
-45
-67
-80
-90
-103
-114
-132
-128
-133
-127
-116
-104
-92
-80
-64
-36
-22
-4
15
22
27
15
19
13
-1
-21
-35
-44
-57
-63
-62
-70
-66
-79
-86
-87
-79
-81
-83
-74
-68
-50
-34
-5
14
39
64
87
111
135
146
147
148
154
155
145
135
133
120
105
98
86
70
63
63
35
33
14
21
25
8
21
14
26
41
61
78
86
97
107
122
131
137
139
144
136
139
126
124
107
80
79
75
65
49
37
24
31
43
47
63
81
88
101
111
129
152
158
167
173
170
170
167
150
143
132
101
