SAMPLES:	7269
BITSPERSAMPLE:	16
CHANNELS:	1
SAMPLERATE:	16000
NORMALIZED:	FALSE
-221
-227
-217
-222
-213
-223
-225
-233
-235
-227
-228
-231
-223
-223
-234
-230
-223
-232
-232
-226
-233
-228
-235
-244
-238
-244
-248
-254
-245
-247
-252
-263
-262
-262
-264
-250
-250
-253
-246
-261
-261
-251
-252
-247
-255
-252
-253
-256
-257
-247
-244
-241
-239
-241
-238
-246
-246
-237
-229
-237
-235
-232
-246
-243
-248
-250
-250
-260
-259
-250
-255
-270
-260
-267
-276
-277
-272
-278
-276
-281
-283
-283
-295
-298
-297
-293
-306
-312
-306
-308
-303
-305
-308
-301
-315
-317
-320
-322
-320
-323
-331
-330
-317
-330
-334
-333
-339
-337
-339
-354
-368
-366
-367
-372
-378
-363
-357
-358
-356
-357
-353
-340
-348
-341
-323
-328
-319
-317
-309
-302
-289
-287
-285
-282
-287
-283
-285
-284
-284
-284
-279
-284
-293
-292
-278
-276
-279
-281
-276
-279
-274
-275
-283
-286
-278
-266
-270
-281
-282
-274
-271
-272
-268
-264
-260
-269
-278
-276
-266
-281
-271
-260
-273
-263
-272
-273
-272
-276
-287
-290
-292
-295
-293
-287
-294
-291
-294
-285
-283
-284
-279
-271
-269
-274
-281
-280
-275
-287
-284
-283
-274
-275
-280
-279
-272
-275
-281
-276
-289
-281
-279
-289
-284
-275
-282
-284
-279
-283
-286
-286
-294
-297
-305
-307
-316
-320
-315
-324
-318
-316
-318
-327
-321
-326
-337
-332
-328
-332
-324
-326
-325
-319
-311
-310
-313
-315
-327
-317
-324
-314
-310
-311
-308
-301
-292
-298
-291
-287
-288
-294
-291
-294
-302
-298
-293
-284
-272
-269
-261
-260
-262
-260
-257
-252
-254
-245
-242
-246
-245
-242
-229
-233
-227
-221
-220
-228
-233
-233
-221
-231
-234
-223
-234
-240
-230
-236
-237
-250
-255
-247
-267
-259
-265
-267
-266
-262
-265
-276
-275
-276
-270
-274
-263
-260
-263
-256
-257
-257
-265
-265
-255
-254
-257
-267
-276
-268
-262
-259
-249
-241
-251
-242
-252
-244
-241
-233
-234
-239
-247
-247
-241
-248
-251
-242
-250
-254
-251
-250
-238
-236
-228
-218
-222
-222
-224
-230
-223
-213
-197
-211
-206
-209
-213
-207
-207
-203
-214
-199
-205
-200
-203
-197
-175
-179
-181
-171
-170
-171
-161
-172
-167
-167
-165
-168
-176
-183
-179
-185
-182
-182
-186
-190
-190
-190
-206
-199
-200
-186
-199
-191
-199
-200
-207
-222
-224
-223
-230
-244
-238
-233
-233
-249
-232
-237
-239
-236
-249
-249
-251
-254
-259
-249
-252
-253
-258
-246
-237
-244
-230
-231
-224
-229
-231
-239
-245
-241
-245
-239
-246
-249
-259
-256
-263
-261
-276
-287
-286
-297
-303
-309
-310
-313
-320
-326
-333
-331
-338
-337
-342
-360
-357
-360
-361
-369
-371
-377
-385
-382
-388
-388
-395
-393
-388
-381
-382
-376
-380
-383
-374
-372
-374
-374
-365
-357
-357
-373
-371
-370
-371
-377
-377
-385
-384
-392
-401
-401
-403
-390
-389
-390
-389
-399
-395
-384
-393
-390
-403
-408
-410
-413
-409
-422
-418
-418
-436
-423
-429
-433
-431
-438
-430
-439
-442
-441
-452
-447
-454
-467
-459
-466
-471
-475
-476
-468
-469
-472
-483
-477
-473
-480
-469
-469
-471
-465
-464
-468
-472
-465
-462
-465
-474
-483
-482
-482
-480
-484
-480
-484
-489
-501
-504
-509
-511
-507
-517
-516
-518
-522
-537
-535
-533
-543
-528
-537
-543
-555
-563
-566
-565
-571
-572
-579
-582
-575
-584
-581
-575
-575
-582
-583
-594
-581
-583
-584
-582
-585
-583
-589
-589
-590
-588
-596
-603
-612
-607
-606
-609
-615
-602
-608
-620
-616
-614
-631
-625
-633
-634
-628
-639
-641
-646
-647
-642
-647
-642
-646
-647
-648
-657
-644
-652
-641
-643
-638
-641
-642
-638
-643
-636
-654
-665
-662
-656
-659
-652
-651
-648
-653
-655
-659
-664
-658
-664
-668
-668
-659
-668
-661
-664
-680
-673
-663
-676
-672
-672
-678
-671
-664
-659
-672
-664
-668
-664
-667
-664
-657
-665
-663
-662
-659
-657
-671
-668
-674
-675
-669
-665
-660
-666
-668
-667
-671
-666
-661
-663
-654
-661
-653
-641
-651
-647
-656
-642
-642
-645
-637
-637
-627
-626
-620
-628
-620
-619
-618
-610
-601
-595
-592
-594
-597
-593
-588
-579
-579
-582
-577
-573
-568
-569
-564
-562
-573
-566
-570
-567
-569
-569
-569
-574
-565
-567
-573
-576
-554
-560
-564
-570
-572
-575
-580
-572
-578
-575
-581
-587
-587
-585
-585
-591
-588
-583
-595
-597
-596
-582
-581
-588
-586
-578
-575
-574
-576
-584
-590
-588
-577
-577
-570
-568
-563
-551
-553
-559
-564
-571
-558
-556
-562
-551
-555
-549
-555
-555
-557
-559
-548
-551
-538
-547
-546
-538
-540
-543
-541
-532
-534
-532
-532
-535
-523
-527
-523
-529
-530
-519
-535
-521
-530
-527
-530
-530
-520
-523
-516
-513
-511
-507
-502
-503
-511
-503
-499
-499
-490
-502
-492
-492
-493
-481
-491
-490
-467
-471
-475
-483
-485
-473
-474
-474
-466
-472
-466
-456
-459
-450
-461
-453
-445
-453
-449
-443
-431
-432
-435
-445
-442
-434
-444
-437
-440
-440
-424
-425
-431
-430
-427
-421
-412
-418
-419
-416
-417
-424
-425
-430
-421
-407
-402
-384
-387
-377
-379
-380
-371
-366
-359
-358
-346
-340
-350
-343
-327
-318
-317
-314
-318
-321
-319
-319
-318
-316
-326
-326
-319
-321
-331
-327
-332
-330
-323
-319
-322
-334
-331
-329
-338
-335
-334
-335
-327
-329
-346
-335
-336
-329
-320
-324
-320
-324
-321
-328
-323
-326
-330
-325
-345
-341
-331
-330
-337
-326
-327
-336
-339
-333
-332
-343
-333
-328
-325
-328
-324
-323
-333
-336
-321
-335
-340
-340
-343
-338
-331
-343
-348
-336
-344
-352
-359
-356
-365
-357
-355
-358
-343
-357
-356
-345
-351
-336
-335
-334
-322
-314
-313
-310
-299
-297
-291
-288
-289
-297
-285
-297
-296
-287
-286
-270
-270
-268
-274
-274
-271
-268
-268
-274
-276
-273
-262
-252
-246
-248
-241
-232
-241
-239
-256
-259
-258
-261
-253
-262
-258
-252
-248
-253
-241
-250
-250
-251
-249
-247
-252
-255
-250
-234
-250
-250
-256
-254
-257
-259
-255
-252
-257
-260
-251
-266
-265
-269
-278
-269
-274
-276
-271
-272
-277
-265
-263
-262
-269
-259
-267
-263
-255
-259
-255
-263
-256
-268
-267
-280
-268
-267
-261
-264
-258
-251
-259
-259
-265
-258
-259
-258
-256
-251
-264
-268
-260
-249
-238
-236
-234
-238
-243
-229
-239
-245
-236
-236
-243
-248
-244
-250
-249
-232
-222
-216
-218
-221
-231
-220
-226
-233
-234
-237
-229
-231
-218
-204
-213
-227
-210
-198
-215
-213
-208
-202
-206
-211
-197
-181
-190
-204
-185
-183
-189
-181
-183
-182
-176
-184
-184
-183
-201
-198
-192
-196
-189
-189
-186
-187
-179
-174
-177
-184
-180
-180
-186
-186
-180
-183
-194
-182
-178
-178
-194
-197
-187
-183
-178
-181
-169
-177
-170
-166
-167
-164
-183
-176
-172
-169
-171
-175
-170
-172
-170
-172
-182
-183
-178
-184
-180
-177
-174
-164
-160
-153
-143
-143
-139
-135
-145
-132
-126
-127
-126
-127
-124
-129
-121
-130
-126
-118
-119
-120
-124
-114
-117
-102
-112
-111
-102
-95
-91
-96
-79
-80
-90
-93
-88
-84
-85
-95
-105
-122
-112
-108
-111
-107
-101
-100
-106
-104
-103
-95
-99
-92
-94
-105
-104
-104
-106
-104
-95
-96
-100
-105
-104
-109
-105
-106
-107
-106
-96
-102
-102
-94
-87
-93
-95
-91
-87
-70
-74
-74
-78
-68
-64
-61
-69
-65
-56
-57
-46
-58
-52
-52
-49
-39
-38
-23
-24
-19
-15
-15
3
7
5
-4
-12
-24
-15
-14
-23
-19
-20
-19
-19
-8
-10
-14
-3
-7
4
12
19
28
28
44
47
43
50
53
66
79
92
95
100
99
102
107
96
116
112
113
125
127
130
128
117
121
142
132
134
136
137
144
150
153
156
150
153
150
161
161
164
172
163
172
172
168
178
173
178
185
183
160
178
199
165
170
196
173
159
204
194
172
178
209
198
165
198
197
190
197
219
208
200
202
199
197
190
205
192
185
183
186
184
171
170
186
189
188
191
200
194
208
211
212
232
239
276
303
402
448
362
254
188
142
132
181
304
199
115
13
-45
-1
107
156
149
129
117
109
255
469
242
123
-95
-47
114
404
308
70
-55
-113
-161
62
217
115
44
148
11
-227
-183
-37
192
-97
175
173
82
-206
-2
-25
-31
70
91
70
-31
179
-33
-50
-10
189
-94
7
142
236
264
213
14
-384
-254
139
341
94
-176
-214
-342
-218
-50
76
-131
-207
-106
93
321
428
189
-321
-412
-232
155
135
302
219
107
-239
32
587
409
45
101
346
6
20
79
-113
-481
-127
97
126
-160
-153
-69
-37
-67
-67
-79
-109
-52
124
331
176
57
-184
-206
-38
296
46
-56
-37
-108
35
-111
-66
-153
56
-302
-200
-70
175
-98
-259
-201
-251
39
37
146
-234
-114
-167
248
126
-227
-537
-539
-185
-121
197
0
-46
-520
-422
-164
65
88
280
379
41
-19
-34
252
82
-7
70
294
106
14
-140
-205
-309
-156
-140
-284
-188
-155
-240
-298
-383
-589
-427
-174
-155
-259
-306
-178
-210
-297
-409
-262
-196
-122
42
-119
-167
-207
-109
-201
-2
-181
-16
47
-320
-534
330
481
-438
-668
-221
-13
-29
482
-167
-936
-476
220
269
62
-801
-982
-472
322
427
25
-1036
-1049
-111
718
-166
-719
-728
-146
338
61
-399
-821
-231
83
88
-249
-234
-537
-260
169
235
-373
-534
-223
-38
89
-153
-330
-673
-31
301
-259
-818
-202
-72
-57
-241
-425
-471
-140
116
-153
-519
-415
-31
-98
-277
-602
-286
-101
5
-281
-241
-382
46
129
-717
-361
404
90
-593
-93
-54
-498
-252
185
-144
-509
-140
-230
-329
-177
-91
-348
-335
-285
-310
-264
28
-202
-494
-289
-294
-255
-266
122
-234
-479
-328
-149
-85
-161
-256
-348
-157
-157
-12
-238
-212
-192
-120
15
-261
-463
-246
180
245
-198
-744
-83
9
46
-35
14
-276
-286
41
65
-98
-30
163
-367
-205
-41
9
-266
-146
-87
91
-161
-407
-492
79
325
-180
-574
-370
-70
128
90
-386
-302
-157
-75
-180
11
7
-141
-203
0
-283
-258
164
-47
-337
-3
-66
-236
27
117
-213
-387
-41
19
-92
-5
165
-98
-188
-79
-136
-63
-55
62
5
91
-120
-249
-65
72
-57
-185
-101
-88
1
-14
-110
-381
-156
-143
-267
42
35
-344
-139
-55
-227
-285
295
10
-615
-45
544
-229
-507
85
-27
-298
69
117
-322
-196
106
96
-166
-31
-131
-248
75
278
-254
-308
207
193
-350
-105
142
-386
-168
177
195
-308
-192
-27
-42
108
-100
-295
-180
337
240
-330
-328
-60
-45
12
92
-139
-287
-57
110
-144
-50
-29
-51
-398
49
450
-28
-421
-239
100
-88
-116
-103
-172
-258
72
22
-300
-325
-124
-158
-74
-60
-244
-58
-54
-185
-212
-120
-28
-166
-107
-3
94
-72
-234
-65
-22
-118
-158
-230
-185
3
-85
-116
-191
-242
-220
-329
-284
-205
-57
-234
-308
-140
-77
-359
-339
-139
-51
-229
-339
-152
-3
-163
-113
-20
-367
-347
-47
20
-164
-276
-74
-109
-270
-29
-25
-475
-356
190
114
-258
-180
5
-354
-87
30
-308
-490
76
265
-238
-327
-189
-225
-286
-153
-200
-197
-122
-32
-209
-292
-236
-218
-316
-108
-63
-267
-345
-3
169
-233
-474
-309
-61
-39
-96
-96
-292
-261
134
-121
-363
-396
-142
9
-137
-159
-154
-231
-92
-22
-350
-380
-60
-48
-127
26
-70
-379
-271
49
30
-243
-101
4
-66
111
70
-150
-219
17
122
-23
-120
-9
-91
13
-11
-157
-184
-146
13
-95
-168
-73
6
-11
-98
-132
-75
-100
-177
-164
93
110
-232
-278
-46
-55
-236
-64
-113
-248
-218
-102
-69
-234
-304
-394
-227
-251
-293
-274
-272
-236
-430
-418
-351
-457
-397
-259
-278
-460
-595
-363
-410
-504
-496
-641
-927
-828
-225
15
-178
-377
-650
-741
-425
-2
130
120
136
185
153
111
290
463
422
478
589
610
836
1052
1004
779
605
565
771
1069
1179
1100
819
551
485
554
618
562
375
402
458
432
220
83
113
160
30
-271
26
257
88
-60
-123
-396
-505
-283
-10
-204
-432
-288
-317
-765
-787
-665
-707
-865
-963
-1098
-1316
-1162
-685
-186
-230
-650
-1229
-1516
-911
265
880
516
-153
-340
128
637
689
611
576
628
957
1200
1077
1009
958
736
458
350
631
1049
1244
993
384
-227
-301
38
335
401
182
-136
-212
-68
54
28
-141
-233
-156
70
332
513
561
457
354
257
287
610
939
1239
1236
933
642
615
857
957
852
643
557
513
593
427
232
-27
-324
-434
-422
-114
-289
-462
-745
-1162
-1254
-1145
-1042
-1263
-1480
-1577
-1489
-1265
-641
-501
-821
-1481
-1878
-1258
-366
209
229
-50
-380
-253
107
277
401
485
574
821
948
1052
1190
969
703
466
460
781
1131
1292
1080
585
23
-184
-21
187
368
214
-170
-302
-299
-192
-216
-444
-534
-539
-451
-105
128
85
-55
-253
-372
-172
171
499
724
675
507
320
391
629
655
553
545
570
535
481
477
356
178
-128
-340
-299
6
111
-169
-584
-742
-830
-911
-981
-935
-964
-1123
-1355
-1363
-1123
-653
-668
-1009
-1381
-1674
-1206
-617
-181
-54
-347
-727
-749
-528
-162
151
249
36
20
191
430
729
536
249
84
115
508
818
909
723
249
-124
-181
37
256
393
242
-110
-260
-283
-191
-149
-340
-484
-468
-336
-114
-34
-92
-241
-440
-456
-231
62
160
138
107
114
79
-9
85
232
182
169
200
167
158
-13
54
-136
-275
-76
-16
70
131
177
-64
-304
-266
-77
67
-56
-306
-454
-516
-419
-360
-356
-398
-527
-480
-607
-807
-685
-576
-425
-421
-531
-523
-540
-546
-447
-310
-336
-425
-359
-216
-66
-12
-97
-145
-217
-178
15
120
174
158
1
-81
-19
114
173
141
14
-72
29
110
169
131
-38
-122
-146
-69
109
117
33
16
-29
-118
-62
16
91
62
67
42
43
99
164
96
55
128
135
184
276
344
188
120
147
315
265
307
323
319
136
126
239
225
125
-82
-85
-62
-43
-132
-207
-352
-418
-467
-451
-353
-283
-372
-534
-708
-697
-451
-364
-413
-450
-432
-435
-436
-396
-257
-199
-210
-234
-186
-63
12
8
-58
-47
-29
24
95
104
135
97
-14
-63
-31
26
32
-31
-78
-75
-62
-30
-37
-55
-93
-113
-107
-39
17
47
46
30
-27
-11
88
149
190
153
178
198
178
236
281
289
264
282
308
376
374
334
317
294
294
333
332
323
291
221
189
155
172
141
81
8
-24
-56
-88
-92
-127
-182
-280
-289
-233
-191
-222
-320
-391
-364
-313
-272
-221
-239
-274
-307
-281
-226
-138
-95
-124
-149
-130
-69
13
52
31
-24
-56
-37
13
96
97
43
-38
-64
-9
49
48
-16
-59
-44
-15
2
24
13
-15
-22
-10
21
71
94
75
92
111
139
159
177
222
245
245
246
268
321
344
328
318
352
393
381
392
411
380
352
357
358
311
260
222
191
148
134
82
22
-13
-47
-106
-159
-194
-235
-273
-293
-314
-352
-395
-408
-447
-439
-431
-452
-447
-438
-421
-415
-410
-420
-436
-438
-404
-361
-350
-367
-355
-344
-354
-381
-388
-384
-391
-379
-381
-418
-418
-381
-375
-414
-459
-461
-420
-372
-359
-375
-372
-355
-324
-297
-273
-250
-235
-195
-170
-143
-104
-73
-45
-32
-32
-24
-18
8
45
63
46
8
-17
13
28
17
-11
-42
-41
-28
-34
-79
-87
-94
-133
-171
-166
-169
-175
-186
-214
-266
-332
-323
-322
-340
-343
-351
-389
-399
-385
-406
-427
-467
-478
-465
-441
-431
-443
-461
-469
-496
-509
-488
-464
-436
-437
-444
-469
-502
-507
-479
-492
-503
-501
-498
-505
-504
-490
-497
-523
-541
-545
-524
-491
-472
-477
-492
-501
-506
-479
-451
-452
-434
-400
-377
-379
-369
-328
-282
-253
-243
-220
-198
-152
-118
-94
-83
-87
-83
-55
-40
-49
-54
-58
-69
-93
-83
-106
-135
-146
-149
-121
244
421
-339
-880
-212
403
-135
-624
-203
197
-132
-757
-792
-322
-153
-350
-524
-389
58
71
-705
-1145
-386
323
-45
-590
-490
-336
-646
-863
-615
-474
-554
-623
-531
-525
-807
-823
-695
-847
-1006
-654
-206
-405
-876
-973
-772
-622
-746
-654
-267
-259
-615
-764
-484
-292
-459
-609
-498
-213
-125
-298
-372
-381
-452
-533
-315
-30
-95
-155
-318
-409
-328
-362
-266
-67
64
-132
-361
-259
-110
-114
-374
-154
172
29
-304
-325
-204
127
-240
-770
-274
475
-29
-1074
-288
243
-503
-1116
-540
-29
-418
-849
-880
-800
-1004
-1375
-1151
-669
-574
-771
-1087
-1433
-1605
-1185
-632
-589
-769
-942
-934
-970
-1105
-848
-354
-376
-773
-754
-350
-253
-461
-566
-620
-548
-266
5
27
-227
-486
-638
-651
-446
-69
157
-106
-594
-834
-659
-343
-222
-359
-424
-476
-575
-576
-474
-437
-623
-764
-620
-400
-222
-295
-473
-603
-531
-382
-143
79
134
27
-111
-65
78
235
295
247
203
342
388
177
1
100
172
-55
-169
76
156
-324
-794
-664
-462
-653
-1059
-1118
-1021
-1283
-1281
-572
-446
-1487
-2561
-1955
-668
-327
-861
-1093
-1170
-1403
-1521
-1081
-416
104
-100
-941
-1183
-496
365
233
-562
-570
258
670
239
-105
197
260
-234
-423
384
1185
681
-608
-1111
-364
415
259
-195
-226
-231
-652
-1098
-825
-158
-80
-701
-1019
-651
-286
-506
-932
-845
-325
-7
-66
-122
-106
-215
-368
-171
343
741
585
147
-43
101
256
277
298
294
110
-221
-400
-304
-366
-742
-1001
-1075
-1003
-1117
-576
-580
-1267
-2299
-2544
-1459
-49
-52
-1252
-2014
-1751
-1307
-1224
-860
-44
359
-743
-1747
-1234
264
803
-111
-759
-45
860
640
-311
-302
438
562
62
218
1110
1134
-244
-1291
-531
988
1133
40
-568
-318
-263
-826
-885
-13
559
-254
-1389
-1291
-425
-128
-600
-807
-327
23
-380
-747
-505
40
77
-79
164
538
331
-331
-453
141
659
470
-1
-147
-211
-567
-708
-622
-337
-557
-1118
-1471
-602
-154
-948
-2145
-2441
-1236
75
-101
-1148
-1601
-1577
-1400
-1234
-543
335
540
-804
-1893
-1308
348
967
113
-596
-152
475
272
-359
-96
723
672
-24
-12
739
861
-148
-978
-226
1144
1125
-118
-719
-318
-101
-497
-512
256
688
-193
-1306
-1133
-190
138
-319
-525
-234
-11
-397
-738
-394
195
232
-77
-93
162
17
-368
-326
264
648
236
-465
-607
-431
-422
-486
-468
-538
-830
-1414
-1176
-281
-445
-1479
-2478
-1724
-169
241
-954
-1826
-1631
-1045
-935
-807
-147
508
-308
-1642
-1597
50
1289
521
-652
-463
531
666
-105
-146
838
1132
219
-314
496
1217
606
-485
-145
1130
1253
-6
-791
-117
503
145
-394
3
523
-51
-1073
-991
-2
418
-181
-681
-422
-81
-340
-520
-163
304
241
-297
-329
154
345
-25
-195
156
475
179
-425
-416
-42
-110
-500
-564
-468
-703
-1300
-1262
-82
30
-986
-2394
-2076
-465
466
-495
-1557
-1470
-871
-828
-1037
-521
510
317
-1126
-1697
-395
1137
729
-516
-560
579
913
10
-488
553
1378
654
-255
251
1242
946
-271
-334
988
1578
432
-651
-90
771
563
-195
-8
678
476
-691
-915
133
789
219
-557
-400
173
10
-385
-86
529
541
-231
-399
220
599
142
-188
119
551
229
-411
-385
108
75
-461
-696
-487
-509
-952
-1232
-220
62
-689
-2160
-2141
-632
515
-187
-1394
-1446
-849
-657
-941
-496
462
459
-854
-1614
-564
1043
908
-277
-572
350
724
22
-474
446
1289
680
-325
-77
921
863
-132
-298
781
1335
381
-648
-130
791
594
-151
-36
619
454
-538
-696
352
892
175
-612
-333
322
126
-333
-39
492
416
-422
-560
201
638
60
-388
-61
415
100
-550
-475
120
70
-580
-893
-506
-459
-1003
-1413
-798
116
-427
-1728
-2544
-1421
-129
166
-933
-1473
-1362
-1075
-1162
-858
10
479
-290
-1515
-1507
-110
901
417
-442
-341
207
142
-364
-122
861
1045
130
-574
41
763
461
-204
127
922
772
-350
-728
155
795
318
-271
36
412
-110
-811
-314
674
702
-321
-793
-233
321
73
-92
271
470
-84
-669
-196
709
806
33
-301
84
329
-55
-273
112
448
-64
-772
-714
-182
-260
-918
-1133
-714
-22
-554
-1410
-2036
-1376
-530
-64
-678
-1261
-1524
-1356
-1095
-719
-112
94
-381
-1363
-1557
-597
678
708
-90
-601
-297
61
-46
-9
648
1046
421
-471
-290
680
1014
343
5
470
737
98
-554
27
909
763
-188
-428
51
241
-386
-461
292
739
-56
-999
-757
116
376
-57
-124
31
-131
-690
-533
387
821
87
-681
-515
137
188
-116
-14
247
-121
-837
-882
-121
205
-384
-1092
-975
-676
-476
-666
-836
-1105
-1445
-1318
-603
-121
-722
-1546
-1791
-1039
-644
-543
-648
-494
-829
-1424
-1435
-289
513
-74
-1067
-1084
-239
42
-403
-431
252
339
-500
-948
-93
743
300
-568
-410
388
337
-583
-647
352
660
-273
-937
-321
456
-37
-918
-584
305
177
-926
-1169
-241
386
-205
-857
-641
-195
-435
-788
-346
347
30
-898
-1041
-206
334
-107
-601
-398
-159
-460
-756
-435
96
-160
-937
-1145
-706
-391
-657
-731
-459
-566
-1309
-1739
-998
-36
-43
-1071
-1548
-1206
-699
-826
-857
-494
-212
-851
-1586
-1302
-201
213
-490
-1023
-730
-299
-548
-844
-381
410
220
-672
-920
-175
367
9
-419
-31
402
38
-642
-469
357
556
-78
-472
-145
112
-249
-551
-143
404
117
-653
-792
-271
78
-169
-317
-141
-84
-526
-707
-235
367
222
-349
-533
-233
-54
-187
-141
144
144
-350
-644
-324
126
20
-369
-489
-353
-431
-704
-661
-282
-135
-504
-995
-1064
-870
-632
-488
-389
-612
-972
-1240
-993
-574
-334
-433
-636
-787
-899
-875
-519
-98
-74
-428
-737
-623
-376
-263
-226
-14
28
-288
-623
-479
-14
162
-111
-306
-205
-151
-387
-491
-146
164
-39
-490
-556
-267
-167
-391
-397
-144
-88
-476
-729
-507
-77
-65
-335
-427
-278
-323
-461
-312
106
147
-264
-580
-346
48
81
-74
-56
-8
-214
-426
-267
180
256
-162
-506
-410
-212
-254
-391
-340
-253
-463
-730
-676
-464
-496
-789
-788
-498
-324
-726
-1067
-904
-427
-384
-616
-675
-456
-452
-713
-700
-196
163
-172
-638
-592
-112
27
-156
-184
102
76
-334
-540
-107
347
204
-213
-248
13
32
-237
-220
184
255
-162
-493
-242
144
76
-234
-174
63
-47
-404
-402
30
204
-88
-357
-210
6
-87
-238
-35
257
144
-216
-235
135
312
118
-38
123
240
31
-162
70
374
288
-69
-237
-90
42
-32
-120
-76
-105
-323
-465
-334
-52
-175
-492
-715
-532
-298
-216
-423
-544
-580
-540
-528
-453
-318
-288
-404
-572
-514
-330
-125
-185
-312
-375
-301
-243
-212
-191
-59
-7
-138
-291
-220
6
67
-40
-126
-43
29
-74
-169
10
200
148
-112
-175
-6
86
-42
-100
-9
51
-113
-291
-189
30
10
-159
-225
-110
-41
-158
-186
-24
76
-57
-225
-139
92
116
7
-52
22
67
3
19
133
183
36
-104
-80
35
44
-47
-65
-112
-216
-349
-307
-219
-133
-278
-460
-620
-597
-457
-285
-232
-470
-748
-807
-561
-382
-368
-511
-510
-541
-632
-650
-351
-92
-173
-491
-575
-305
-81
-122
-195
-42
63
-78
-270
-67
271
302
21
-69
108
240
60
-43
174
363
179
-122
-93
146
176
-26
-61
118
110
-174
-255
10
237
3
-260
-191
95
41
-140
-133
113
124
-108
-133
118
249
57
-101
54
290
190
-25
6
222
169
-38
-87
90
108
-88
-247
-111
-20
-176
-396
-349
-244
-209
-355
-483
-543
-614
-616
-461
-310
-497
-797
-928
-653
-477
-524
-657
-560
-513
-666
-830
-550
-139
-223
-605
-726
-376
-135
-275
-428
-180
12
-220
-526
-296
143
156
-208
-323
-47
113
-142
-346
-53
218
9
-428
-394
-45
25
-283
-364
-147
-86
-416
-604
-271
58
-111
-494
-498
-206
-123
-325
-322
-75
-17
-327
-454
-165
116
-19
-274
-239
-26
-75
-254
-188
75
65
-245
-388
-173
20
-138
-329
-314
-214
-355
-539
-532
-325
-371
-558
-639
-588
-654
-858
-803
-498
-344
-718
-1050
-964
-557
-475
-615
-685
-499
-489
-748
-822
-410
-18
-196
-622
-654
-263
-83
-267
-343
-48
80
-221
-519
-215
215
146
-240
-269
33
116
-192
-283
71
267
-47
-390
-203
132
78
-242
-240
22
41
-325
-417
-12
217
-76
-408
-219
107
86
-181
-100
193
214
-122
-162
202
406
156
-52
119
351
259
34
120
368
323
29
-43
160
261
21
-127
-9
47
-179
-354
-269
-116
-251
-450
-370
-255
-382
-722
-703
-290
-4
-432
-879
-813
-289
-231
-518
-564
-238
-184
-559
-721
-247
272
40
-460
-471
28
198
-87
-225
151
361
26
-333
-40
459
385
-54
-128
226
339
15
-183
164
452
165
-265
-159
249
274
-50
-86
189
262
-69
-219
103
391
197
-81
21
289
263
50
134
411
409
84
17
332
565
361
138
213
388
307
121
217
444
373
67
-52
93
229
120
-17
-59
-53
-177
-315
-280
-129
-150
-379
-422
-355
-404
-645
-577
-163
73
-332
-775
-699
-179
34
-178
-284
-64
25
-267
-401
12
592
421
-143
-284
159
457
281
99
348
529
197
-168
30
599
651
161
-71
221
407
141
-59
279
631
369
-127
-82
363
477
146
58
358
477
151
-63
227
603
464
128
160
426
422
178
248
558
631
229
-2
256
586
455
205
229
372
231
-32
41
354
368
-25
-268
-100
82
-94
-292
-236
-137
-317
-555
-545
-309
-286
-453
-474
-398
-478
-788
-705
-259
102
-257
-766
-765
-260
-33
-239
-306
-99
-22
-383
-569
-216
393
309
-256
-490
-99
232
27
-188
46
335
48
-422
-348
262
411
-38
-297
-8
216
-43
-305
1
432
229
-305
-371
72
265
-33
-194
66
221
-93
-418
-148
289
303
-130
-248
-67
7
-172
-132
137
168
-237
-506
-253
113
49
-291
-358
-239
-249
-441
-375
-127
-87
-446
-705
-563
-274
-299
-498
-583
-517
-600
-760
-778
-558
-546
-639
-669
-710
-820
-1025
-855
-404
-157
-643
-1156
-1074
-424
-264
-549
-668
-372
-330
-775
-938
-322
308
-3
-692
-785
-183
80
-240
-377
36
249
-242
-695
-312
387
296
-316
-449
23
175
-280
-481
60
439
5
-597
-464
101
151
-241
-258
59
50
-429
-616
-76
380
101
-440
-448
-142
-50
-191
-74
158
12
-446
-524
-39
349
151
-203
-207
-58
-79
-181
-21
221
123
-268
-431
-201
14
-74
-292
-380
-351
-447
-595
-613
-409
-441
-489
-621
-635
-892
-1017
-674
-66
-95
-816
-1208
-840
-149
-155
-396
-376
-84
-280
-694
-563
294
702
80
-572
-382
307
376
-16
24
534
470
-207
-476
216
792
389
-218
-127
325
186
-342
-244
439
528
-185
-624
-192
315
138
-215
-77
232
3
-467
-314
375
530
29
-347
-112
213
158
53
265
434
150
-249
-94
471
619
252
-46
42
208
134
45
211
365
114
-279
-305
18
174
-19
-231
-251
-238
-376
-443
-374
-203
-346
-316
-370
-356
-642
-758
-411
234
241
-474
-924
-565
188
184
-66
-74
242
34
-467
-364
580
1047
326
-435
-222
536
546
64
85
643
574
-204
-494
297
917
410
-284
-153
379
259
-254
-138
543
588
-128
-494
21
543
317
-65
89
391
199
-213
-37
520
595
121
-156
58
280
190
140
310
333
22
-267
-80
333
402
80
-149
-98
0
-65
-37
102
139
-92
-346
-303
-37
63
-117
-310
-308
-281
-341
-405
-304
-276
-430
-662
-489
-210
-291
-747
-997
-585
25
57
-610
-1005
-737
-176
-173
-371
-311
-144
-353
-748
-610
107
456
-123
-714
-545
67
168
-176
-203
181
212
-277
-499
50
604
325
-212
-184
246
289
-25
-33
384
479
67
-228
19
359
266
21
23
146
38
-166
-133
164
237
-37
-262
-214
-85
-54
-33
62
50
-171
-330
-192
108
208
41
-103
-110
-61
-13
51
142
141
-1
-129
-128
9
88
35
-76
-142
-228
-268
-298
-235
-235
-355
-574
-632
-531
-345
-418
-724
-940
-822
-464
-309
-496
-808
-833
-649
-417
-399
-383
-353
-364
-511
-522
-161
203
122
-274
-321
30
321
202
59
201
369
211
42
211
489
438
125
63
288
405
228
30
109
227
103
-59
-38
76
30
-115
-163
-61
-24
-142
-242
-163
-51
-38
-127
-190
-183
-105
-49
-34
-14
-55
-111
-108
-14
90
90
14
-51
-42
34
61
57
27
12
-44
-121
-128
-72
-47
-144
-282
-364
-353
-348
-332
-443
-573
-685
-656
-712
-706
-718
-629
-683
-883
-1020
-927
-599
-441
-525
-807
-791
-627
-404
-346
-270
-239
-257
-298
-285
-89
132
208
68
-15
44
149
215
256
322
289
189
82
157
265
292
213
179
159
94
49
75
174
171
90
-35
-40
1
33
64
77
66
-32
-90
-40
78
132
105
11
-18
1
47
128
178
193
104
13
6
100
207
222
146
72
21
24
42
60
57
3
-78
-178
-212
-181
-160
-213
-285
-347
-402
-463
-466
-444
-442
-505
-667
-658
-642
-534
-548
-529
-590
-701
-735
-604
-427
-409
-432
-522
-460
-423
-330
-251
-117
-98
-176
-209
-102
57
65
52
74
166
148
77
111
225
284
226
189
221
259
212
231
274
308
252
196
190
219
219
224
225
214
183
143
144
181
202
184
146
106
108
133
161
176
137
124
104
96
125
153
167
128
64
46
78
119
121
70
22
22
13
-25
-40
-12
-4
-48
-123
-167
-148
-132
-159
-200
-220
-258
-285
-309
-337
-376
-381
-406
-421
-456
-505
-530
-590
-450
-426
-445
-614
-673
-574
-348
-307
-417
-498
-461
-352
-313
-195
-117
-93
-168
-229
-135
93
201
115
43
42
162
202
221
279
335
306
209
180
276
355
308
265
243
261
240
176
207
265
235
150
101
98
132
94
61
74
76
38
-34
-57
-9
22
19
-31
-64
-62
-36
-30
0
-6
-57
-93
-88
-50
-48
-65
-92
-110
-120
-154
-151
-117
-118
-181
-238
-269
-271
-292
-309
-319
-351
-405
-493
-503
-485
-459
-509
-563
-592
-582
-597
-642
-594
-532
-539
-642
-667
-615
-551
-560
-556
-509
-447
-476
-533
-546
-429
-317
-305
-356
-360
-328
-319
-306
-211
-121
-134
-252
-285
-184
-49
-64
-116
-106
-52
-55
-91
-71
15
53
-21
-69
-31
35
19
2
6
43
44
-17
-47
-13
28
16
-28
-38
-39
-54
-53
-27
-22
-59
-114
-155
-130
-101
-98
-124
-142
-164
-182
-184
-186
-162
-161
-180
-195
-209
-214
-215
-215
-215
-230
-266
-255
-241
-251
-260
-274
-264
-265
-283
-322
-333
-297
-296
-310
-330
-338
-313
-318
-344
-332
-295
-328
-344
-352
-339
-312
-350
-345
-348
-328
-349
-364
-370
-367
-350
-339
-351
-355
-331
-308
-283
-260
-229
-233
-226
-204
-187
-159
-116
-79
-115
-128
-83
-36
-7
5
13
29
13
3
12
24
56
68
41
22
14
39
44
23
29
46
12
-20
-33
-36
-18
-54
-66
-68
-55
-90
-104
-108
-112
-104
-142
-138
-168
-141
-157
-186
-196
-164
-158
-187
-194
-204
-167
-201
-229
-224
-187
-182
-227
-252
-224
-188
-209
-246
-259
-223
-208
-260
-268
-230
-222
-273
-284
-251
-213
-236
-285
-277
-283
-282
-305
-273
-246
-261
-317
-336
-307
-265
-259
-269
-286
-285
-272
-267
-222
-224
-236
-240
-227
-203
-233
-253
-201
-148
-175
-235
-242
-184
-167
-178
-152
-131
-138
-194
-189
-114
-75
-101
-139
-115
-78
-76
-101
-93
-75
-75
-76
-73
-63
-45
-46
-68
-71
-54
-50
-55
-75
-91
-104
-115
-120
-119
-116
-129
-149
-150
-142
-114
-120
-125
-140
-141
-153
-145
-120
-109
-119
-145
-159
-139
-127
-128
-102
-110
-139
-182
-155
-102
-95
-133
-145
-159
-175
-187
-172
-119
-123
-175
-230
-219
-178
-185
-199
-209
-215
-213
-229
-236
-229
-203
-199
-222
-242
-246
-219
-200
-201
-209
-226
-212
-218
-229
-219
-191
-184
-208
-260
-241
-221
-243
-266
-252
-225
-244
-288
-287
-270
-259
-268
-289
-310
-308
-290
-272
-290
-312
-310
-302
-297
-296
-290
-273
-276
-285
-263
-227
-208
-246
-256
-240
-197
-185
-185
-194
-209
-189
-158
-143
-147
-145
-159
-165
-149
-129
-103
-125
-147
-170
-175
-165
-149
-139
-157
-186
-226
-224
-213
-217
-220
-221
-231
-246
-249
-250
-244
-227
-226
-231
-252
-248
-209
-194
-211
-224
-200
-208
-231
-229
-218
-190
-210
-229
-244
-255
-263
-276
-275
-280
-288
-311
-310
-313
-325
-336
-341
-344
-364
-360
-334
-332
-353
-379
-388
-384
-364
-350
-331
-321
-352
-357
-335
-316
-309
-302
-316
-317
-289
-268
-263
-266
-255
-250
-243
-235
-203
-201
-209
-215
-195
-175
-202
-217
-199
-185
-212
-218
-178
-171
-214
-245
-241
-204
-200
-226
-249
-247
-230
-213
-212
-209
-220
-217
-202
-198
-166
-150
-150
-176
-184
-154
-127
-116
-135
-132
-95
-94
-118
-134
-125
-83
-103
-140
-148
-127
-126
-145
-189
-204
-194
-215
-247
-277
-264
-282
-307
-341
-354
-339
-324
-345
-379
-385
-365
-349
-382
-391
-370
-342
-360
-392
-371
-341
-327
-321
-295
-277
-295
-315
-306
-267
-234
-238
-265
-278
-267
-250
-243
-250
-244
-247
-257
-256
-261
-257
-249
-240
-244
-263
-274
-276
-252
-238
-254
-265
-247
-231
-244
-269
-249
-201
-179
-198
-211
-189
-166
-148
-158
-153
-126
-126
-130
-113
-93
-74
-93
-91
-82
-70
-79
-95
-85
-93
-102
-116
-109
-92
-111
-154
-166
-145
-135
-160
-185
-193
-194
-201
-200
-189
-207
-249
-261
-222
-203
-222
-250
-249
-205
-193
-216
-192
-172
-166
-198
-200
-152
-127
-135
-154
-133
-120
-112
-118
-102
-85
-95
-117
-118
-90
-84
-106
-131
-122
-106
-109
-133
-133
-109
-109
-132
-143
-135
-122
-126
-141
-115
-93
-115
-154
-151
-134
-129
-135
-138
-142
-159
-164
-153
-115
-99
-132
-156
-140
-105
-104
-123
-122
-91
-93
-118
-121
-99
-64
-60
-78
-89
-73
-55
-62
-76
-77
-88
-110
-108
-100
-85
-89
-113
-127
-119
-120
-117
-129
-123
-103
-112
-136
-136
-123
-125
-130
-125
-119
-129
-150
-155
-138
-124
-126
-148
-143
-138
-128
-144
-142
-145
-158
-172
-176
-153
-157
-177
-197
-192
-187
-194
-198
-190
-180
-198
-212
-197
-175
-180
-202
-202
-183
-171
-179
-185
-167
-173
-188
-205
-196
-166
-178
-211
-214
-180
-171
-198
-212
-178
-141
-156
-161
-145
-109
-110
-120
-110
-81
-45
-67
-76
-47
1
-5
-15
-19
-10
-6
-16
-20
-3
8
-20
-41
-44
-28
-24
-40
-57
-65
-80
-72
-72
-83
-101
-115
-111
-118
-109
-102
-109
-111
-116
-101
-102
-109
-110
-119
-109
-108
-96
-70
-67
-72
-64
-44
-23
-19
-16
-8
-1
11
8
10
21
13
-3
-1
-3
-17
-16
-10
3
-4
-32
-44
-34
-19
-17
-35
-33
-14
-24
-36
-29
-12
-8
-13
-28
-4
29
25
4
19
24
43
40
41
47
65
62
46
42
55
70
63
77
73
62
53
32
51
57
52
30
5
20
25
20
6
-1
-6
-10
-17
-9
0
2
11
5
-6
-13
2
9
30
30
20
4
6
10
8
56
77
74
62
62
102
100
96
106
126
119
112
106
114
131
109
92
108
130
131
96
90
114
134
108
95
110
120
123
109
132
160
151
130
130
156
169
152
139
146
157
138
120
139
170
150
119
127
141
139
119
118
146
147
116
91
113
142
135
116
123
158
154
124
133
164
178
185
184
182
178
180
182
209
222
215
206
197
210
213
216
229
244
237
229
221
228
233
254
252
244
233
230
222
221
241
223
216
206
222
233
248
240
233
243
249
260
256
270
275
278
292
282
294
309
309
298
285
287
294
278
266
260
258
263
240
226
204
214
215
207
193
192
184
158
162
171
178
169
162
178
189
185
178
197
210
213
209
199
218
235
228
213
245
286
301
275
280
311
323
324
335
348
361
349
332
360
393
393
373
385
390
379
364
374
398
396
360
333
355
375
360
337
343
355
344
332
342
372
374
338
335
363
389
380
368
389
400
396
361
373
415
422
401
386
392
387
366
354
383
391
363
333
328
332
327
323
309
306
300
273
269
279
297
291
285
295
301
307
295
287
313
343
341
338
347
360
356
350
358
386
396
375
358
377
392
401
382
383
393
401
398
387
389
395
383
367
370
368
375
360
354
357
356
350
340
341
350
350
321
315
316
317
317
318
315
301
293
279
286
282
269
261
251
239
227
232
233
238
231
206
215
218
217
209
208
224
210
195
191
203
208
205
196
192
179
184
177
186
186
173
170
167
169
156
159
177
180
173
179
184
190
193
183
179
196
195
183
185
203
202
178
163
186
203
192
195
182
202
210
202
203
223
223
193
186
205
229
220
202
203
213
211
196
203
207
210
194
168
182
184
187
168
162
168
164
165
146
145
144
138
121
114
125
122
117
106
116
122
112
95
101
126
129
118
111
126
134
122
127
144
159
166
170
168
182
199
208
211
207
198
191
189
199
206
191
204
195
186
174
177
182
177
178
176
176
177
175
173
180
180
178
170
188
200
195
199
212
210
198
191
198
232
220
198
207
215
228
218
213
239
254
243
209
214
223
233
231
220
216
206
205
197
215
223
209
183
165
182
178
180
179
174
175
166
152
155
161
155
151
145
142
145
150
153
177
172
165
165
175
188
180
174
176
182
179
171
167
199
214
205
192
195
196
186
185
193
198
198
177
167
179
202
192
172
183
193
185
173
181
193
205
197
191
214
221
219
213
224
245
253
249
259
262
256
245
237
258
253
235
238
246
244
238
228
222
234
223
225
238
247
236
226
223
225
220
222
208
199
206
211
216
217
216
204
202
189
186
191
199
192
183
179
176
178
188
197
209
209
208
226
230
245
260
260
265
268
279
295
307
319
326
329
330
332
341
352
355
362
364
359
363
370
367
358
338
332
335
343
337
338
349
343
342
326
340
345
343
339
338
351
337
335
336
338
351
350
362
375
376
364
368
378
381
390
380
384
379
384
387
388
387
376
381
363
376
372
365
353
346
353
345
345
339
327
315
302
316
309
301
290
282
283
273
266
263
271
267
261
255
265
267
253
246
233
254
263
254
245
250
258
259
260
272
274
263
268
272
291
296
290
281
272
271
272
271
274
273
266
272
274
271
266
250
242
244
253
264
258
248
241
246
245
256
267
258
255
256
260
275
279
273
272
279
277
268
277
280
287
273
270
282
278
289
277
276
280
278
284
262
249
244
235
217
202
208
195
192
163
155
154
160
154
132
145
140
138
118
116
121
122
113
104
100
108
108
100
107
122
142
133
135
127
136
139
147
147
152
156
154
159
158
157
162
184
194
188
176
177
177
180
176
181
191
196
175
156
159
160
141
139
143
142
137
125
125
139
139
138
136
138
144
142
141
144
162
174
176
176
179
184
195
188
191
200
208
202
200
199
200
206
195
201
188
172
171
176
176
170
166
162
172
174
172
167
168
157
151
147
152
145
144
145
146
156
147
141
137
148
144
149
148
160
162
172
172
182
205
205
203
202
224
228
227
223
232
243
235
225
223
236
238
216
208
220
218
217
197
221
235
234
220
220
237
232
228
230
252
262
258
239
247
272
270
268
266
272
281
272
268
275
288
276
260
265
273
284
277
286
304
300
