SAMPLES:	6577
BITSPERSAMPLE:	16
CHANNELS:	1
SAMPLERATE:	16000
NORMALIZED:	FALSE
-135
-123
-129
-169
-128
-162
-131
-105
-91
-108
-125
-120
-137
-79
-83
-93
-116
-112
-84
-79
-83
-67
-124
-62
-58
-92
-38
-97
-124
-84
-108
-104
-31
-117
-73
-66
-112
-61
-74
-81
-90
-95
-102
-105
-71
-127
-46
-88
-102
-41
-80
-65
-71
-34
-95
-41
-41
-81
-56
-37
-47
-18
-16
-38
-42
-44
-40
-45
-10
-29
-37
-18
-55
13
16
-51
1
-25
47
24
-36
22
-13
54
33
-21
33
55
19
61
62
17
55
22
40
100
72
58
58
83
118
70
97
121
91
98
97
63
118
125
101
89
60
88
90
133
105
87
94
85
93
97
83
138
108
91
116
90
156
82
58
147
64
95
128
100
143
110
77
133
144
103
141
79
99
122
105
115
90
80
101
138
75
119
49
93
85
107
236
81
91
4
68
58
29
69
44
116
47
46
78
72
76
42
87
81
86
97
50
76
104
58
85
86
64
124
60
73
95
51
134
80
56
119
52
102
88
28
133
97
94
121
128
80
111
57
90
101
102
104
88
169
265
91
-9
47
31
43
53
22
66
65
8
79
53
113
89
28
65
84
78
128
102
95
126
57
114
64
89
162
111
114
119
74
98
78
62
84
88
68
73
60
21
61
17
23
62
21
58
-12
8
89
66
47
10
60
71
63
20
99
59
53
99
40
120
83
93
72
106
136
158
93
84
95
95
149
170
161
139
101
116
170
148
179
149
109
91
109
114
121
152
85
131
120
97
153
119
103
140
143
123
154
99
149
88
68
134
80
162
93
102
84
101
111
158
172
159
146
118
150
176
238
176
155
123
245
191
205
229
208
208
166
218
207
259
231
234
269
239
297
256
283
319
312
299
339
336
387
356
391
377
392
401
341
391
416
456
405
389
418
467
456
445
458
422
492
448
463
497
482
493
515
484
469
462
513
508
542
580
486
570
516
568
558
498
553
517
555
567
563
471
523
528
485
521
485
510
457
469
467
538
490
484
495
406
458
437
499
446
417
440
447
470
459
400
474
454
469
457
421
447
401
404
451
410
447
371
393
476
319
382
342
387
457
410
392
356
350
374
384
344
343
368
328
364
362
371
391
313
381
385
300
391
354
331
357
359
385
291
293
327
377
364
353
391
323
380
307
346
395
338
408
318
382
329
319
375
338
407
382
349
386
329
302
306
315
351
342
337
308
306
271
280
301
277
377
295
230
237
233
288
246
315
239
240
206
249
296
212
197
154
196
227
202
208
218
79
166
138
145
115
107
108
99
155
57
135
38
114
21
60
72
-10
30
143
49
-37
41
-5
27
-38
15
-7
-14
38
70
13
-5
-10
8
-15
72
-20
38
82
1
-14
-55
16
46
18
29
-8
44
73
-25
65
26
-2
-25
54
114
100
32
-18
32
20
30
21
39
39
66
77
11
-35
8
-77
28
26
110
4
-23
8
-9
68
40
37
-54
39
-36
95
13
38
48
-115
87
-51
6
41
-115
34
-53
45
30
23
-75
73
-58
45
4
-61
93
-86
-39
-69
75
-42
23
-45
79
-16
-10
-55
35
-50
-39
57
18
38
57
-74
-39
-68
-14
19
9
18
-73
0
-120
66
-119
54
-40
-61
-38
-30
-29
13
-98
-1
-31
-67
47
-86
-13
-65
0
-66
-39
-29
-14
-95
49
-92
28
-55
-14
-18
-156
82
-134
-46
86
-142
-41
-54
-171
73
-123
-10
44
-172
48
-84
-79
-13
-164
-35
-135
-46
-25
-152
-84
-203
-44
-93
12
-165
-129
-225
-88
-95
-13
-158
-58
-94
-175
-100
-232
-69
-297
-26
-102
-123
-138
-227
-148
-91
-117
-70
-154
55
-212
-65
-43
-183
-11
-146
-73
-145
-31
-163
-131
-94
-103
-160
-154
-82
-122
-93
-158
-62
-171
-26
-136
-50
-81
-146
-32
-174
77
-125
-81
-58
-201
-92
-95
-30
-111
56
-221
2
-44
-101
-82
-141
15
20
-17
-46
-69
-99
55
20
-44
132
-52
-69
61
-65
110
65
-20
-97
70
-28
21
10
-66
146
44
-23
28
46
-76
111
47
-5
17
74
-49
74
80
32
13
-111
131
137
-148
93
-128
28
74
-68
57
-1
-35
-37
17
-101
104
-22
-63
-91
50
-43
43
-121
-326
102
-50
-73
101
-304
149
-89
-140
150
-148
-3
9
-180
41
65
-141
13
19
-123
91
-135
-126
54
-148
21
43
-150
62
-145
-4
-175
-27
-106
-21
-54
-109
96
-17
-16
36
-29
-73
-35
-91
21
2
-57
-135
44
-200
16
-206
-5
1
-257
-34
-69
34
-92
-79
68
-124
-264
88
-98
-24
-16
-56
-38
-79
-166
16
-104
-124
-71
-51
69
-230
-93
-56
-85
-106
-56
-187
43
-48
-193
-47
77
-107
-88
-53
-5
-4
-219
-110
-69
135
242
-35
-137
-49
-220
4
-90
-33
9
-241
-30
-118
31
-11
-357
-210
-85
-60
82
-50
-40
-172
-76
-30
-93
19
106
37
147
92
-4
63
0
-62
-150
-117
-111
-158
-130
-70
-290
-289
-243
-218
-155
-170
-143
-208
-169
-10
-65
-133
-129
-86
-51
5
-37
-27
25
-37
3
-86
-6
47
-28
-9
-53
-67
9
-17
-10
-73
-93
-47
-91
-48
-53
11
-101
-34
80
97
113
-15
-52
9
-14
13
-34
-1
48
-103
-115
-54
-103
-167
-199
-143
11
0
-52
-129
-123
-76
-63
-94
-45
-63
-44
-46
-34
8
-72
-121
-142
-115
-25
-50
-106
-68
-77
-87
-100
-184
-165
-158
-213
-197
-185
-178
-169
-255
-256
-208
-242
-278
-311
-286
-280
-337
-369
-344
-362
-384
-429
-458
-407
-389
-431
-459
-472
-530
-594
-627
-594
-581
-570
-553
-575
-523
-428
-336
-281
-237
-254
-258
-203
-72
77
132
188
189
186
227
244
229
202
150
119
172
206
188
134
29
-21
-44
-23
4
63
54
72
95
83
144
79
31
19
29
96
131
123
102
43
4
-8
-16
-14
-59
-100
-98
-101
-152
-210
-298
-394
-479
-557
-628
-667
-769
-882
-1001
-1152
-1237
-1347
-1447
-1587
-1748
-1877
-2032
-2179
-2362
-2513
-2341
-1758
-750
83
223
-23
-343
-117
359
661
845
1074
1409
1785
1956
1850
1576
830
81
-272
-186
166
164
-229
-580
-787
-983
-1263
-1693
-1968
-2039
-2002
-1635
-1066
-568
-405
-607
-755
-551
-233
58
284
572
1008
1412
1670
1773
1634
1213
762
513
603
769
714
502
223
-6
-248
-593
-944
-1217
-1431
-1496
-1364
-1095
-815
-767
-877
-925
-794
-548
-287
115
453
1112
1480
1765
1863
1560
1401
1030
976
1066
1084
958
807
403
127
-231
-720
-963
-1270
-1275
-1195
-1091
-975
-1033
-1214
-1362
-1437
-1416
-1285
-1195
-1069
-947
-903
-844
-983
-1119
-1294
-1553
-1739
-1836
-1882
-1502
-1077
-201
749
844
700
-225
-360
58
550
911
1010
1148
1533
1627
1138
820
16
-530
-914
-928
-300
61
-124
-573
-995
-1125
-1163
-1537
-1714
-1546
-1248
-697
-259
240
531
235
-121
-225
36
520
787
910
1248
1488
1592
1429
979
539
82
-246
-128
129
331
229
-126
-367
-582
-800
-1065
-1247
-1218
-954
-643
-172
202
412
335
182
237
490
824
1075
1252
1312
1462
1350
1210
882
462
110
-143
-188
-152
-231
-453
-736
-1029
-1200
-1338
-1439
-1489
-1496
-1420
-1303
-1214
-1179
-1321
-1476
-1640
-1726
-1712
-1788
-1878
-2124
-2311
-2086
-1656
-48
1059
1430
632
-621
-343
431
1258
1277
1028
1201
1877
1801
1498
906
33
-743
-1536
-1272
-322
41
-477
-1352
-1730
-1461
-1479
-1904
-2136
-2031
-1548
-1002
-438
458
782
356
-153
-201
515
1142
1188
1164
1331
1701
1825
1478
976
437
-224
-594
-568
-175
122
-202
-720
-1050
-1144
-1142
-1374
-1563
-1449
-1061
-554
2
599
864
952
568
595
947
1388
1741
1627
1623
1660
1596
1337
840
278
-84
-364
-404
-279
-281
-455
-892
-1277
-1400
-1429
-1411
-1506
-1511
-1313
-1077
-932
-857
-1038
-1251
-1491
-1683
-1547
-1566
-1645
-2054
-2115
-1680
-89
1481
2037
1237
-369
-479
242
1381
1666
1370
1372
1860
2009
1798
1284
388
-546
-1492
-1426
-387
395
180
-873
-1583
-1453
-1262
-1444
-1718
-1704
-1287
-708
-122
793
1339
1037
292
-153
427
1302
1706
1649
1572
1819
1980
1747
1253
695
43
-471
-627
-244
292
230
-331
-943
-1161
-1039
-1099
-1244
-1237
-975
-466
42
600
1233
1312
1136
830
959
1662
2048
2149
1903
1720
1791
1657
1212
708
163
-166
-349
-373
-190
-275
-653
-1115
-1410
-1338
-1195
-1258
-1318
-1293
-991
-684
-566
-554
-729
-983
-1264
-1356
-1364
-1256
-1475
-1705
-1790
-1285
18
1333
1711
875
-405
-631
241
1232
1633
1361
1402
1771
1865
1530
1034
365
-378
-1173
-1206
-366
385
249
-733
-1547
-1568
-1384
-1484
-1699
-1658
-1250
-755
-304
397
946
886
282
-232
152
1052
1680
1730
1581
1620
1727
1506
1087
630
172
-258
-552
-438
-11
136
-266
-938
-1328
-1348
-1255
-1271
-1221
-1033
-539
-107
556
1034
1204
1059
555
697
1080
1717
1917
1623
1313
1218
1064
790
316
-190
-490
-741
-744
-597
-553
-732
-1288
-1756
-1843
-1728
-1539
-1582
-1582
-1460
-1255
-1174
-1163
-1437
-1733
-2098
-2380
-2476
-2455
-2194
-1674
1
1422
2220
1053
-568
-905
-158
970
1243
1125
1544
2268
2173
1502
636
30
-658
-1702
-2008
-1174
-90
240
-732
-1648
-1912
-1882
-2098
-2422
-2271
-1573
-939
-553
56
729
1051
497
-418
-474
229
1142
1558
1583
1694
1776
1488
862
278
-142
-487
-877
-945
-574
-131
-111
-733
-1390
-1685
-1684
-1631
-1592
-1329
-827
-287
146
662
1016
1115
801
437
670
1280
1799
1876
1498
1252
1056
761
336
-126
-428
-615
-774
-788
-657
-624
-797
-1294
-1694
-1728
-1572
-1360
-1317
-1244
-1099
-1025
-920
-1072
-1217
-1504
-1814
-2109
-2248
-2370
-2217
-1967
-934
573
1504
1394
-82
-979
-791
147
907
1058
1109
1649
1980
1686
1103
515
100
-663
-1578
-1617
-840
139
187
-710
-1480
-1757
-1792
-1973
-2177
-2013
-1481
-1102
-743
-180
501
886
355
-435
-611
-72
849
1350
1474
1511
1495
1281
893
437
83
-272
-717
-902
-676
-187
30
-352
-972
-1458
-1555
-1488
-1421
-1233
-894
-418
-9
537
897
1179
1068
733
658
783
1201
1448
1465
1314
1112
809
455
47
-346
-660
-949
-1071
-1016
-908
-857
-1097
-1423
-1756
-1903
-1874
-1769
-1659
-1507
-1475
-1444
-1542
-1713
-2002
-2435
-2891
-3020
-2637
-1378
316
1634
1800
593
-358
-564
135
777
862
876
1304
1772
1915
1620
1227
897
45
-1239
-2007
-1834
-793
-145
-385
-990
-1415
-1499
-1702
-2051
-2164
-1958
-1785
-1635
-1314
-457
647
1087
702
-15
-374
-82
390
866
1192
1379
1412
1297
1149
1069
822
331
-338
-930
-1027
-706
-219
60
-103
-588
-1060
-1266
-1195
-992
-825
-603
-380
-30
483
931
1356
1409
1169
808
589
755
1091
1363
1385
1205
940
705
412
65
-285
-634
-903
-1120
-1133
-1005
-887
-889
-1137
-1413
-1637
-1718
-1692
-1663
-1646
-1643
-1750
-1899
-2159
-2280
-2218
-1693
-637
478
1257
997
444
95
405
951
1148
1111
1205
1559
1786
1759
1612
1583
1442
769
-158
-792
-706
-276
-120
-320
-608
-679
-737
-962
-1253
-1379
-1387
-1440
-1555
-1469
-912
-136
462
615
439
293
277
432
645
852
1038
1184
1310
1429
1509
1509
1379
1036
522
61
-145
-27
240
335
199
-111
-315
-395
-399
-440
-451
-389
-321
-169
11
422
827
1086
1049
824
702
754
904
977
1007
987
939
826
628
460
316
157
-147
-493
-747
-854
-799
-763
-781
-865
-985
-1083
-1207
-1281
-1369
-1447
-1638
-1888
-2085
-2060
-1582
-837
46
546
514
118
-180
-175
62
302
408
516
657
821
1019
1199
1438
1490
1208
657
131
-52
28
215
275
240
195
149
53
-47
-139
-261
-461
-761
-1020
-1062
-809
-365
6
175
134
33
-12
-16
8
25
59
123
206
341
539
817
1020
1040
854
578
395
370
441
524
577
587
573
553
553
546
526
441
318
180
127
204
367
517
545
468
372
312
300
291
311
335
335
308
220
124
35
32
18
-82
-197
-315
-344
-323
-315
-336
-402
-477
-571
-615
-610
-550
-506
-544
-666
-781
-829
-787
-542
-236
17
-1
-153
-273
-250
-106
-39
-67
-136
-78
56
188
290
423
593
683
601
400
246
240
306
317
309
346
441
473
395
295
265
294
276
139
19
28
138
245
294
322
308
244
150
89
116
188
220
162
52
-14
-14
42
123
184
214
216
216
243
263
290
303
304
322
362
447
551
652
706
682
628
571
566
534
480
418
429
468
508
501
475
497
479
424
222
91
-21
-55
-119
-139
-123
-109
-105
-193
-232
-277
-272
-340
-388
-400
-385
-369
-357
-394
-434
-527
-643
-693
-593
-407
-234
-177
-250
-321
-347
-305
-274
-280
-274
-217
-152
-102
-54
69
247
362
332
166
53
49
111
169
230
305
382
383
319
292
342
426
443
377
283
263
290
355
388
383
359
293
252
243
281
315
320
290
219
147
115
145
219
259
240
190
141
148
179
185
152
124
96
152
210
303
403
514
565
530
496
460
479
489
539
512
529
561
569
583
550
529
462
342
215
140
85
107
91
83
76
4
-7
-20
-69
-121
-138
-139
-135
-159
-177
-230
-276
-335
-366
-323
-210
-57
-3
-1
-54
-23
9
-10
-60
-73
22
143
204
224
283
394
512
493
395
282
271
294
307
336
392
485
495
453
427
503
612
666
603
501
467
491
541
564
569
556
520
502
497
507
520
532
535
526
509
509
542
570
546
497
480
502
560
560
537
484
465
431
359
322
338
413
474
495
511
519
517
479
414
397
434
422
412
404
445
503
513
498
445
368
308
249
219
188
147
144
129
105
105
101
85
60
20
-38
-98
-143
-195
-248
-321
-397
-398
-320
-165
-93
-112
-178
-197
-171
-208
-257
-277
-204
-98
-39
-20
45
184
310
346
276
189
198
255
293
325
381
473
555
527
481
511
604
677
600
452
346
315
334
350
364
373
358
315
246
201
237
290
303
272
269
345
437
489
468
438
455
487
508
522
526
554
547
507
449
402
393
390
359
338
344
372
361
316
244
172
152
134
118
90
63
79
80
117
149
172
147
88
20
-26
-28
-35
-39
-65
-54
-67
-18
-25
-41
-123
-230
-325
-392
-445
-503
-571
-593
-523
-375
-257
-276
-338
-433
-423
-458
-489
-523
-445
-325
-264
-249
-228
-103
21
57
-22
-83
-60
32
69
80
125
237
336
351
332
381
485
559
493
339
233
193
208
162
135
132
142
99
1
-69
-83
-48
-64
-125
-165
-115
6
132
194
213
237
283
321
352
378
431
466
450
441
437
480
499
465
391
340
344
357
320
282
235
232
226
164
91
17
-8
39
56
64
105
107
117
77
3
-13
9
0
-4
-27
21
93
133
133
50
-50
-140
-226
-291
-322
-388
-441
-442
-384
-211
-108
-118
-210
-307
-318
-339
-326
-300
-226
-130
-88
-80
-20
142
286
350
311
274
314
375
435
461
490
586
668
685
670
709
797
819
712
531
411
363
350
332
313
323
334
307
229
180
215
250
221
156
121
172
316
478
560
592
616
658
656
647
622
627
617
582
564
555
626
631
617
541
492
453
431
384
317
300
283
307
279
267
251
261
299
314
310
316
292
268
245
199
207
196
201
170
159
165
178
172
110
37
-83
-140
-192
-245
-278
-330
-387
-415
-390
-252
-82
-57
-139
-246
-258
-186
-126
-105
-41
22
68
85
79
233
443
600
594
491
470
552
653
664
646
714
829
883
856
847
895
960
891
672
523
440
460
432
366
359
405
423
360
277
225
264
276
214
169
179
315
486
620
685
730
780
786
742
681
722
766
796
748
684
720
777
843
794
700
601
525
448
387
362
391
413
409
379
335
364
397
437
374
307
281
268
268
274
293
347
416
322
255
211
240
259
184
49
-92
-179
-240
-276
-368
-407
-505
-587
-588
-419
-142
-51
-130
-321
-372
-281
-181
-171
-114
48
183
226
157
287
607
899
922
707
582
651
778
784
751
820
983
1011
854
735
790
918
851
502
193
57
143
185
152
131
164
175
36
-106
-177
-61
-2
-39
-142
-156
16
261
458
575
629
680
645
527
515
621
811
887
812
691
722
853
953
860
668
552
459
406
342
314
392
436
359
220
139
215
337
312
195
66
26
22
70
86
149
212
171
73
11
44
77
68
-83
-277
-443
-530
-587
-682
-790
-910
-1039
-1300
-1309
-1022
-412
-51
-153
-453
-649
-441
-206
-126
-117
104
387
524
459
546
1126
1606
1638
1081
595
662
944
1077
952
942
1099
1143
802
441
429
585
512
-96
-673
-809
-535
-188
-135
-173
-133
-121
-293
-512
-548
-267
13
6
-95
-41
373
870
1189
1228
1103
960
807
758
845
1152
1413
1470
1288
1106
1115
1188
1151
779
382
116
76
194
293
450
483
404
125
-130
-199
-20
179
181
65
17
163
354
415
342
177
53
-174
-196
-162
-62
55
-123
-425
-826
-1043
-1183
-1366
-1703
-2057
-2407
-2527
-2409
-1449
-341
697
619
-210
-733
-617
143
605
846
1081
1652
1977
1978
1932
2120
2384
1679
469
-470
-199
696
1130
803
246
20
-215
-726
-1326
-1395
-1125
-1155
-1528
-1703
-957
151
649
247
-415
-563
-338
-64
152
700
1330
1656
1478
1211
1375
1647
1538
827
180
53
426
880
1010
950
674
226
-379
-757
-684
-330
-3
-79
-113
14
408
680
633
379
159
112
232
573
965
1356
1358
1029
581
286
288
311
224
41
-61
-52
0
-45
-206
-488
-839
-1192
-1424
-1393
-1224
-1111
-1264
-1567
-1927
-2113
-2379
-2689
-3082
-3112
-2643
-1207
436
1701
1620
556
-164
-132
629
1178
1446
1770
2367
2611
2379
1956
1697
1349
134
-1232
-1764
-978
177
434
-232
-893
-1117
-1375
-1891
-2259
-1889
-1217
-925
-866
-358
838
1690
1310
252
-272
99
779
1159
1464
2024
2334
2005
1224
714
670
476
-174
-797
-712
29
628
542
161
-276
-600
-1025
-1301
-1011
-263
470
754
735
862
1088
1026
719
402
501
763
1103
1332
1533
1597
1272
588
-4
-225
-133
23
22
102
199
214
10
-354
-634
-799
-882
-892
-750
-451
-214
-244
-520
-829
-1093
-1351
-1632
-1894
-1983
-2085
-2242
-2358
-1886
-1201
28
645
835
487
-118
-113
267
1062
1652
1919
1821
1969
1767
1510
966
215
-146
-616
-717
-542
-154
104
-220
-941
-1463
-1608
-1465
-1283
-1115
-684
-126
286
538
661
738
709
366
208
488
1086
1645
1729
1503
1324
999
604
146
-181
-207
-179
-108
26
211
271
44
-366
-657
-728
-650
-399
-73
506
968
1100
984
730
712
793
835
911
1057
1259
1324
1191
906
663
345
100
-30
-44
246
329
291
113
-92
-187
-382
-538
-556
-481
-343
-263
-284
-314
-422
-611
-845
-1034
-1151
-1143
-1354
-1443
-1736
-1877
-2345
-2171
-2096
-900
423
1364
1553
344
-109
21
1003
1471
1594
1326
1938
2117
1798
1253
489
359
-349
-1078
-1064
-323
418
240
-771
-1222
-1077
-953
-1104
-1268
-730
139
519
462
780
1118
1294
544
-1
378
1178
1659
1476
1307
1479
1474
778
103
-217
-21
52
-106
41
417
575
210
-358
-526
-391
-373
-462
-301
204
722
857
713
752
689
675
459
529
968
1250
1272
1035
946
948
784
383
178
174
271
361
176
221
147
-31
-350
-595
-439
-346
-297
-423
-395
-335
-346
-516
-762
-826
-987
-1081
-1329
-1386
-1524
-1678
-2141
-2224
-1931
-1209
81
759
1325
619
62
-58
561
1226
1480
1350
1564
2009
1822
1356
593
173
-177
-708
-797
-297
208
192
-496
-1024
-951
-891
-1032
-1140
-809
-82
425
518
713
965
900
518
131
461
1147
1495
1498
1461
1605
1559
1005
385
170
190
231
170
285
628
625
203
-279
-453
-376
-398
-468
-294
153
576
708
595
516
397
354
377
579
918
1108
1170
1126
1173
1120
929
613
414
406
505
587
520
392
195
-57
-257
-382
-406
-407
-454
-447
-380
-328
-325
-484
-613
-730
-761
-801
-839
-949
-1071
-1276
-1515
-1838
-1929
-1763
-1317
-177
689
1365
754
117
-103
448
1014
1156
1180
1475
1928
1709
1197
749
519
201
-439
-683
-185
349
364
-192
-569
-554
-619
-938
-1030
-628
41
368
417
604
922
879
529
267
531
1015
1227
1280
1470
1720
1638
1117
579
385
348
311
353
577
791
703
299
17
-102
-204
-364
-417
-138
241
557
636
666
641
489
290
188
363
696
988
1177
1270
1280
1157
878
605
448
423
486
584
623
630
508
277
-7
-261
-386
-395
-357
-245
-120
-18
-14
-212
-392
-569
-595
-619
-653
-671
-709
-847
-1117
-1441
-1716
-1677
-1553
-740
183
1077
937
314
-57
226
663
669
632
933
1530
1555
1264
1079
1028
697
-47
-526
-237
176
240
-52
-159
-27
-160
-613
-786
-571
-260
-230
-182
155
646
736
517
376
532
710
682
732
1029
1317
1314
1075
841
809
650
480
376
503
607
565
382
334
316
142
-69
-210
-94
78
226
356
486
504
403
270
176
237
360
559
726
815
883
854
808
676
499
384
383
416
418
436
449
399
213
0
-157
-219
-218
-201
-146
-53
-15
-83
-214
-310
-378
-458
-548
-568
-571
-655
-801
-1014
-1187
-1391
-1517
-1621
-1245
-469
401
735
307
-145
-216
62
215
314
596
1103
1262
1011
909
994
1019
539
-90
-102
121
308
221
213
416
263
-199
-529
-411
-127
-156
-257
-133
238
444
415
398
470
492
323
250
455
747
923
889
864
898
836
698
579
558
578
588
562
624
676
695
611
515
447
419
415
434
477
521
548
524
467
375
318
323
347
342
376
472
597
620
545
442
404
368
292
252
293
388
399
355
322
312
271
146
27
12
16
1
-22
-9
26
-50
-178
-286
-368
-435
-599
-728
-808
-815
-856
-873
-642
-261
153
206
38
-168
-201
-181
-64
241
651
872
616
403
471
757
954
651
414
270
262
356
460
710
700
376
68
35
309
487
405
207
87
193
267
446
529
512
363
187
237
323
416
374
301
282
311
356
421
426
400
354
355
431
527
601
616
685
763
827
819
769
736
719
741
770
758
699
597
494
466
474
478
462
429
438
435
440
420
373
303
252
291
380
504
582
599
579
541
518
497
486
475
486
512
574
617
593
511
386
272
197
108
27
-41
-80
-92
-120
-213
-341
-349
-221
14
8
-202
-501
-485
-129
257
407
227
-21
-59
83
468
673
669
452
175
229
473
804
853
663
487
419
642
829
937
868
672
605
628
830
1006
1022
934
738
668
705
750
768
675
611
576
605
670
706
722
650
575
540
560
641
700
773
840
855
833
759
730
696
672
685
689
661
589
524
508
515
500
452
423
410
451
508
529
520
439
376
370
420
505
564
572
558
524
501
481
455
427
382
360
366
383
371
333
263
160
65
-16
-56
-102
-113
-147
-167
-275
-308
-256
-9
249
181
-90
-430
-286
160
566
627
305
90
76
335
683
763
695
340
147
237
525
821
756
560
339
370
606
770
859
707
586
582
654
858
968
998
919
784
762
749
766
707
658
638
657
700
693
708
692
632
557
466
421
445
528
685
784
811
755
638
564
510
536
601
623
585
509
495
548
582
569
476
404
402
469
578
654
660
574
471
471
520
575
594
569
559
539
548
538
504
430
323
288
270
283
251
225
190
156
143
82
33
-22
-63
-113
-128
-164
-215
-324
-314
-137
220
359
169
-203
-416
-106
321
572
434
113
24
106
422
634
655
499
161
100
289
660
869
719
491
370
560
807
916
918
790
784
806
910
1053
1107
1082
920
830
853
909
914
828
809
840
874
856
776
709
667
641
656
676
713
714
725
791
854
894
803
688
648
680
781
845
808
707
612
609
668
746
760
714
656
651
742
816
857
816
729
708
737
796
828
806
772
718
694
662
614
549
475
432
435
447
450
446
420
390
360
330
308
259
178
126
106
132
92
-9
-169
-168
-2
286
349
121
-249
-422
-138
258
491
339
23
-77
12
361
627
641
451
162
179
436
813
1002
885
689
566
737
977
1126
1100
946
861
838
938
1050
1040
980
839
758
766
780
772
694
664
682
709
696
632
598
633
677
694
669
653
660
720
832
903
917
828
718
685
732
824
820
746
646
612
671
748
779
744
683
637
639
711
793
844
816
754
742
769
819
805
768
711
663
626
608
617
613
560
516
527
553
577
555
507
485
475
435
388
308
281
264
253
223
177
96
-30
-192
-212
-70
238
388
206
-116
-309
-70
305
542
450
181
110
224
580
868
901
749
450
441
652
1014
1177
1047
867
745
893
1046
1081
985
771
672
656
730
814
797
729
597
553
563
569
554
513
510
579
655
687
672
672
689
699
721
710
694
667
710
801
853
851
718
590
505
507
567
594
572
508
478
500
542
560
509
424
369
393
492
611
683
645
570
511
494
514
499
436
389
379
410
469
503
491
451
415
394
423
417
413
387
363
327
301
293
248
181
83
25
-31
-82
-147
-200
-257
-298
-428
-472
-356
-107
17
-134
-396
-525
-287
53
266
203
8
-58
-9
271
524
613
532
302
283
445
711
827
700
532
423
521
639
686
636
516
444
423
468
530
556
538
478
471
508
555
592
555
560
600
617
615
595
611
664
701
697
641
594
559
565
588
594
559
465
398
380
394
434
457
448
415
398
415
425
448
406
407
431
471
515
541
564
510
456
418
394
414
450
492
540
570
580
550
522
491
451
408
371
348
329
313
316
318
270
199
121
56
18
26
24
15
-14
-65
-97
-144
-194
-234
-289
-283
-203
-10
177
143
-51
-301
-301
-65
207
288
151
55
69
217
400
452
397
212
110
171
377
593
596
507
372
368
462
528
564
513
494
547
626
714
725
690
646
570
557
552
555
548
572
610
610
560
470
398
352
342
341
334
295
221
200
251
330
363
331
253
241
277
360
440
479
480
433
422
447
508
512
447
382
357
391
430
455
452
426
394
372
366
348
336
304
256
197
145
146
129
116
88
60
52
44
40
28
42
57
87
93
96
110
135
149
140
126
74
47
4
-33
-83
-166
-253
-381
-455
-426
-271
-156
-226
-464
-681
-651
-440
-232
-172
-255
-333
-301
-116
122
250
246
105
44
134
346
557
600
561
475
499
578
605
579
472
388
360
380
413
411
392
347
273
227
190
151
108
128
184
231
226
156
115
128
212
276
307
314
291
303
391
492
540
476
382
336
361
437
467
440
368
271
209
243
294
305
268
206
186
221
254
244
178
104
51
18
27
58
97
104
105
92
100
108
105
112
141
195
238
274
266
270
275
292
285
257
234
207
214
195
157
106
15
-75
-159
-228
-280
-333
-377
-461
-551
-624
-606
-489
-343
-258
-289
-400
-484
-376
-170
54
140
103
70
116
287
494
587
540
382
309
361
507
630
629
574
490
474
494
522
513
468
412
385
417
458
481
477
445
425
400
379
391
404
468
515
525
497
459
445
430
451
486
498
481
458
438
463
480
470
433
402
377
390
409
443
458
432
371
329
321
324
315
279
264
247
247
228
251
263
278
251
212
237
278
341
374
377
386
366
355
356
367
412
425
396
347
304
279
272
260
232
188
128
88
69
73
47
-8
-61
-111
-137
-154
-178
-183
-202
-231
-276
-323
-351
-368
-348
-284
-147
-33
-6
-101
-217
-224
-107
25
98
103
92
117
220
376
453
448
362
312
362
454
581
628
615
560
544
542
563
561
516
484
445
485
514
525
500
457
421
399
398
410
420
429
460
468
455
449
463
493
530
567
596
577
552
547
563
580
574
522
455
414
402
435
447
435
410
373
340
345
380
399
407
388
390
407
423
446
443
447
454
455
447
446
490
494
464
438
415
418
431
425
427
433
417
400
378
400
423
409
368
330
308
305
280
241
217
180
135
77
61
64
65
7
-49
-104
-122
-119
-151
-191
-217
-219
-161
-30
80
134
73
-10
-5
91
209
279
294
262
250
306
377
474
492
441
409
420
483
502
521
502
493
512
510
539
556
556
531
509
496
506
545
569
603
650
658
657
612
559
538
529
548
524
505
499
498
521
525
490
467
440
443
456
474
505
507
509
509
496
500
473
444
442
453
484
518
507
464
432
391
376
381
394
394
366
364
366
396
420
430
415
408
403
406
432
455
479
465
446
411
385
369
370
381
380
361
319
288
256
240
230
208
173
136
123
144
184
211
204
147
100
99
123
126
102
58
3
-33
6
97
141
123
33
-28
-3
65
139
167
175
165
183
268
333
387
378
342
332
355
421
475
519
530
526
554
557
570
557
517
512
494
523
513
508
480
450
437
419
437
410
406
404
425
431
429
413
369
329
318
336
349
347
331
298
295
303
302
280
270
252
219
214
223
243
232
232
226
232
243
231
227
226
214
205
199
182
172
157
138
129
112
102
91
82
75
67
60
51
38
29
39
57
73
89
91
77
87
81
80
62
51
59
55
56
36
5
-14
-29
-58
-86
-110
-116
-118
-135
-154
-177
-199
-213
-223
-228
-244
-255
-256
-229
-167
-138
-126
-141
-146
-126
-85
-39
-13
15
29
46
95
124
174
193
183
184
180
206
243
284
316
323
339
341
339
353
362
370
348
325
297
319
325
339
343
339
328
308
296
296
308
320
319
311
320
346
350
340
326
297
293
285
286
289
292
276
251
222
201
195
183
158
129
112
101
87
71
70
74
73
81
74
89
94
92
105
136
145
147
138
122
128
136
157
165
145
103
71
45
30
22
5
-6
-20
-37
-48
-53
-39
-47
-67
-85
-65
-45
-25
-15
-21
-25
-30
-13
10
20
-8
-42
-65
-73
-74
-94
-127
-155
-181
-199
-204
-227
-234
-247
-276
-300
-306
-289
-293
-281
-267
-234
-223
-215
-222
-234
-226
-210
-193
-175
-143
-114
-76
-26
4
11
16
3
11
34
76
122
140
158
163
173
183
189
173
164
162
167
173
161
146
117
95
87
75
81
79
76
85
89
102
107
105
117
120
126
142
175
206
211
207
197
191
187
182
181
169
153
139
115
93
68
35
13
-18
-29
-44
-41
-31
-25
-19
-34
-30
-28
1
18
32
51
57
56
46
61
59
49
33
7
-6
2
16
16
13
-15
-30
-46
-69
-84
-97
-101
-111
-101
-77
-70
-65
-83
-109
-99
-99
-86
-78
-72
-77
-88
-115
-136
-146
-145
-128
-116
-97
-77
-71
-90
-93
-93
-89
-62
-30
-14
19
27
38
37
49
50
26
13
-8
-1
10
13
1
-12
-34
-50
-47
-37
-45
-53
-59
-40
-11
8
18
21
25
38
68
97
125
133
121
124
140
139
143
130
112
104
107
107
100
111
104
99
110
131
155
168
158
163
173
193
199
187
195
182
173
181
183
181
158
137
128
130
124
113
101
87
75
88
92
80
73
61
59
78
83
82
91
86
75
68
64
57
37
17
-1
-23
-33
-45
-80
-112
-138
-150
-144
-156
-149
-149
-149
-170
-172
-157
-161
-149
-140
-117
-104
-76
-85
-93
-114
-140
-131
-116
-85
-80
-74
-85
-102
-126
-149
-146
-152
-162
-152
-149
-127
-110
-97
-79
-80
-68
-69
-53
-26
-1
22
46
57
65
65
42
21
8
10
19
48
52
54
64
60
70
85
100
109
129
153
181
195
195
197
187
190
194
209
206
207
209
195
188
184
204
214
210
207
216
233
256
274
288
275
265
276
282
292
302
303
304
303
298
287
275
264
256
235
223
218
182
166
130
98
83
73
73
60
87
77
68
66
67
63
60
66
82
89
80
75
73
68
50
46
29
34
39
46
59
41
23
15
-18
-26
-18
-16
-5
8
8
26
31
34
31
13
28
34
64
85
99
110
109
86
73
61
52
69
53
53
47
36
27
21
20
14
3
5
5
9
37
40
30
11
5
6
23
30
19
16
0
6
-2
-1
-1
7
3
-8
12
22
47
61
52
46
55
62
83
101
116
125
117
106
99
107
104
104
89
80
62
49
51
59
38
17
-2
1
8
34
46
42
40
31
28
22
23
24
33
42
42
35
13
2
-4
-10
-11
-19
-11
-12
-15
-24
-30
-50
-65
-96
-97
-83
-66
-65
-61
-59
-52
-43
-52
-52
-35
-20
-23
-15
-11
6
1
-18
-29
-42
-33
-37
-49
-64
-56
-38
-39
-36
-38
-36
-38
-34
-31
-16
-20
-34
-41
-41
-33
-28
-26
-37
-59
-69
-68
-56
-54
-67
-80
-78
-68
-63
-47
-41
-31
-39
-43
-40
-34
-27
-24
-13
1
2
-1
-15
-32
-49
-60
-55
-49
-59
-62
-58
-59
-68
-55
-77
-77
-60
-52
-18
-2
31
26
19
26
30
37
34
45
58
56
63
54
27
9
-1
-1
0
-10
-10
-25
-30
-27
-28
-43
-59
-61
-76
-76
-60
-49
-30
-22
-35
-43
-34
-26
-36
-31
-31
-24
-23
-29
-27
-48
-63
-88
-98
-84
-82
-70
-73
-78
-73
-71
-61
-61
-53
-51
-63
-71
-66
-69
-71
-66
-78
-84
-70
-71
-83
-81
-85
-77
-72
-67
-56
-41
-46
-57
-56
-46
-31
-21
-5
2
7
6
1
8
31
18
3
-3
-29
-24
-20
-14
-12
-16
-34
-44
-40
-41
-30
-37
-27
-25
-1
18
25
50
43
35
40
32
41
53
56
63
55
61
41
27
17
14
20
32
44
37
46
48
61
50
51
45
38
33
44
59
65
80
61
41
13
21
27
20
8
-1
14
17
1
-5
-13
-29
-52
-58
-57
-43
-10
-7
-10
-10
-11
-16
-6
-10
-15
-16
-22
-4
-3
9
9
3
3
-14
-29
-33
-37
-35
-36
-45
-62
-65
-62
-76
-83
-88
-85
-79
-88
-81
-79
-67
-61
-60
-48
-40
-28
-12
-6
0
11
8
13
19
22
26
35
36
49
41
26
11
-4
-13
-29
-20
-24
-42
-53
-50
-44
-59
-79
-79
-79
-84
-87
-72
-56
-53
-42
-31
-8
15
7
15
17
28
51
52
62
67
71
63
67
65
48
38
25
15
7
-16
-17
-22
-28
-43
-51
-57
-60
-59
-69
-78
-80
-72
-43
-27
-10
-2
21
33
50
62
70
85
90
92
96
91
96
102
86
70
68
64
56
41
32
36
31
25
11
16
17
25
32
18
6
5
14
2
7
14
37
44
40
50
55
50
50
51
50
60
58
63
70
61
69
54
35
16
9
-2
-11
-4
-3
-16
-19
