SAMPLES:	7930
BITSPERSAMPLE:	16
CHANNELS:	1
SAMPLERATE:	16000
NORMALIZED:	FALSE
-72
-75
-74
-78
-71
-81
-80
-79
-78
-77
-85
-83
-80
-72
-71
-72
-50
-57
-51
-42
-53
-47
-43
-47
-53
-41
-50
-61
-56
-67
-75
-66
-74
-78
-79
-78
-72
-85
-73
-75
-83
-78
-73
-76
-82
-74
-75
-81
-73
-83
-87
-92
-93
-86
-83
-85
-92
-92
-97
-91
-97
-105
-108
-106
-97
-92
-89
-85
-74
-67
-73
-69
-66
-73
-76
-64
-58
-56
-63
-55
-57
-59
-52
-57
-54
-61
-67
-66
-72
-68
-65
-68
-67
-75
-76
-82
-82
-82
-89
-88
-94
-104
-106
-107
-112
-103
-110
-104
-125
-136
-132
-137
-131
-128
-127
-118
-130
-135
-130
-138
-146
-151
-145
-143
-139
-135
-129
-131
-144
-143
-139
-140
-125
-114
-112
-115
-115
-114
-103
-100
-102
-98
-93
-104
-102
-98
-101
-92
-99
-86
-90
-90
-83
-82
-74
-72
-63
-62
-61
-59
-71
-71
-68
-63
-58
-60
-63
-59
-67
-70
-68
-67
-72
-68
-70
-73
-76
-75
-72
-87
-79
-78
-83
-80
-75
-80
-83
-78
-86
-75
-81
-79
-74
-73
-65
-72
-72
-60
-60
-66
-59
-50
-60
-78
-67
-70
-82
-84
-83
-92
-104
-108
-107
-114
-119
-124
-122
-125
-139
-142
-153
-161
-158
-155
-157
-145
-147
-143
-146
-150
-166
-162
-156
-167
-163
-169
-159
-172
-164
-164
-164
-160
-170
-169
-163
-154
-152
-162
-159
-169
-157
-155
-146
-146
-134
-128
-143
-133
-130
-127
-128
-122
-125
-111
-109
-109
-113
-104
-102
-96
-89
-85
-71
-73
-72
-88
-84
-85
-79
-77
-76
-73
-80
-70
-81
-77
-81
-81
-72
-78
-69
-69
-66
-62
-67
-61
-67
-53
-44
-41
-30
-31
-24
-15
-11
-21
-18
-16
-23
-23
-29
-34
-31
-42
-40
-38
-32
-32
-33
-31
-27
-24
-29
-26
-19
-16
-10
-3
-18
-15
-2
-4
-11
-8
-14
-27
-13
-4
-4
-16
-26
-29
-37
-32
-38
-46
-40
-43
-45
-42
-40
-36
-31
-23
-20
-24
-28
-29
-20
-23
-21
-16
-12
-20
-13
-2
-4
-5
-4
5
-4
4
12
10
18
19
15
20
10
27
20
9
9
6
3
8
3
0
15
14
15
6
11
-1
-2
-5
-10
1
7
1
6
3
1
8
6
14
18
12
20
34
35
35
29
28
26
24
17
12
20
27
30
24
22
22
33
26
30
32
32
34
24
41
39
41
32
28
32
34
34
30
33
37
39
26
29
24
20
23
17
16
22
27
20
16
24
29
33
23
21
21
17
12
14
10
2
6
6
5
5
4
2
2
2
5
2
5
-6
-13
-8
-19
-11
-1
-4
-4
3
-5
-15
-12
-15
-7
-12
-12
-6
-8
5
3
8
14
13
25
28
27
31
27
33
28
26
27
24
19
18
25
20
20
20
19
21
25
33
46
42
43
46
39
41
38
32
28
24
25
21
22
14
18
19
13
13
15
19
8
1
8
0
-2
3
4
-3
-2
7
-1
0
4
13
1
4
13
21
17
24
41
45
46
46
44
49
49
52
55
54
55
50
51
37
36
22
21
28
26
13
2
-9
-7
-4
-8
-10
3
-1
-8
5
1
4
4
5
4
10
17
16
28
30
31
29
20
18
23
15
13
25
28
26
22
15
21
34
29
27
46
40
46
53
63
60
65
69
69
74
75
77
92
96
90
90
92
99
100
100
104
99
100
113
103
101
101
111
105
96
88
89
88
93
92
80
81
74
84
86
77
82
86
79
92
77
91
96
85
87
85
83
85
92
89
83
80
91
97
101
100
104
115
113
118
122
130
133
133
148
153
157
171
174
168
175
181
196
197
206
208
202
205
203
206
210
211
204
215
222
234
237
240
234
236
243
240
241
249
244
246
251
242
245
241
248
249
242
256
257
244
244
252
239
231
241
248
241
245
250
253
256
262
264
255
264
262
266
253
257
250
251
250
234
241
233
233
236
243
236
231
220
222
225
223
212
210
214
215
217
211
218
209
208
212
200
202
192
191
180
171
162
150
140
128
118
120
117
111
117
103
98
101
99
102
104
99
104
101
82
88
75
71
69
63
60
68
54
45
50
45
41
35
22
15
10
11
11
9
11
7
-13
-20
-19
-30
-40
-46
-48
-47
-44
-61
-48
-48
-50
-55
-47
-50
-51
-46
-56
-52
-58
-50
-58
-64
-67
-53
-51
-47
-57
-56
-50
-54
-53
-53
-47
-47
-46
-52
-44
-45
-69
-56
-56
-63
-72
-63
-65
-60
-59
-54
-51
-63
-57
-59
-59
-58
-65
-63
-59
-68
-71
-69
-71
-80
-74
-76
-81
-86
-91
-85
-89
-88
-83
-86
-79
-85
-81
-87
-84
-90
-94
-83
-88
-81
-72
-70
-64
-69
-83
-75
-68
-67
-64
-64
-63
-62
-56
-50
-66
-66
-69
-74
-71
-63
-64
-62
-61
-56
-52
-51
-43
-49
-48
-44
-43
-56
-51
-48
-45
-47
-39
-42
-50
-54
-53
-59
-55
-56
-64
-71
-76
-65
-69
-77
-80
-77
-80
-83
-61
-59
-63
-63
-49
-59
-60
-60
-66
-60
-64
-62
-71
-64
-56
-67
-68
-59
-66
-66
-65
-60
-61
-66
-66
-63
-68
-75
-70
-83
-84
-83
-89
-85
-82
-88
-89
-100
-101
-109
-110
-111
-113
-123
-137
-131
-129
-127
-127
-116
-120
-127
-139
-131
-122
-131
-118
-133
-129
-130
-126
-123
-125
-118
-130
-133
-136
-120
-130
-141
-137
-131
-136
-143
-139
-143
-146
-144
-139
-139
-133
-134
-137
-133
-150
-150
-146
-153
-142
-147
-152
-153
-142
-143
-147
-137
-132
-135
-141
-130
-121
-121
-122
-118
-117
-120
-126
-112
-122
-131
-124
-123
-129
-140
-123
-130
-124
-123
-134
-132
-151
-147
-152
-148
-158
-161
-150
-161
-155
-147
-145
-161
-156
-160
-160
-154
-170
-155
-147
-150
-156
-149
-144
-144
-143
-157
-156
-150
-146
-145
-147
-151
-152
-147
-164
-163
-166
-172
-179
-183
-180
-192
-188
-193
-202
-212
-219
-212
-213
-203
-207
-207
-205
-209
-209
-202
-191
-195
-200
-188
-200
-198
-184
-176
-181
-174
-168
-174
-166
-161
-149
-157
-148
-143
-129
-122
-122
-120
-125
-132
-125
-135
-126
-120
-123
-117
-121
-109
-112
-107
-105
-110
-112
-122
-115
-120
-115
-112
-123
-111
-118
-115
-119
-106
-98
-100
-99
-106
-104
-107
-93
-89
-106
-108
-112
-112
-115
-110
-100
-108
-100
-97
-95
-97
-99
-103
-100
-92
-87
-78
-90
-97
-95
-81
-72
-82
-84
-84
-94
-93
-89
-89
-97
-100
-101
-101
-91
-87
-91
-84
-95
-96
-96
-107
-124
-125
-91
-99
-124
-153
-150
-121
-121
-125
-121
-120
-118
-121
-133
-129
-121
-118
-115
-136
-139
-138
-141
-136
-137
-149
-145
-102
-138
-201
-192
-116
-72
-158
-232
-203
-135
-123
-165
-197
-192
-172
-175
-182
-188
-169
-163
-204
-219
-222
-210
-204
-205
-219
-232
-236
-235
-218
-208
-207
-216
-214
-215
-208
-203
-208
-213
-221
-213
-223
-234
-226
-240
-257
-260
-259
-267
-274
-280
-283
-293
-298
-304
-314
-319
-327
-329
-322
-314
-325
-335
-327
-318
-315
-332
-349
-337
-321
-329
-349
-341
-335
-333
-334
-339
-338
-338
-333
-352
-350
-356
-353
-351
-352
-343
-333
-340
-338
-340
-314
-274
-347
-356
-296
-276
-324
-325
-272
-275
-316
-293
-272
-290
-293
-281
-277
-290
-279
-262
-267
-278
-273
-270
-274
-266
-259
-269
-272
-273
-262
-271
-266
-261
-260
-255
-258
-263
-258
-255
-255
-251
-252
-246
-249
-243
-244
-234
-229
-220
-218
-223
-221
-212
-221
-210
-206
-206
-200
-205
-185
-182
-184
-199
-192
-172
-178
-171
-172
-178
-170
-166
-174
-176
-174
-169
-173
-186
-190
-197
-212
-211
-207
-209
-212
-210
-199
-211
-214
-211
-212
-205
-207
-217
-212
-215
-216
-228
-232
-226
-222
-228
-227
-224
-227
-217
-211
-209
-211
-200
-199
-199
-189
-193
-191
-196
-192
-194
-202
-191
-194
-189
-179
-180
-178
-182
-192
-194
-187
-189
-198
-192
-182
-178
-174
-174
-168
-179
-171
-171
-163
-160
-154
-158
-155
-147
-139
-115
-116
-116
-107
-102
-102
-91
-76
-81
-78
-73
-77
-63
-57
-59
-56
-56
-51
-42
-33
-36
-36
-24
-18
-11
-10
-7
4
1
13
16
15
32
39
38
46
55
65
67
71
69
74
78
86
81
82
100
102
98
97
101
106
119
114
113
126
139
127
128
133
141
150
160
176
157
270
347
215
57
48
56
101
238
307
183
15
0
32
128
217
270
172
85
86
142
156
171
212
197
151
126
206
230
237
227
280
258
324
399
264
109
16
80
200
296
258
160
10
47
195
320
403
298
149
7
113
242
280
223
189
116
81
89
210
264
193
142
85
93
143
199
174
117
92
96
192
203
150
102
113
89
151
253
209
145
84
103
46
51
77
79
90
135
118
-24
-12
173
249
175
74
57
52
31
101
117
132
187
167
98
-16
65
168
156
134
164
177
83
76
107
181
149
219
171
-43
92
223
113
29
123
114
55
70
78
25
147
99
-175
-86
124
202
-48
141
888
415
-266
-90
192
218
319
704
329
-159
-65
257
235
60
362
332
223
177
247
102
137
273
378
420
156
112
118
289
336
119
-224
-174
136
227
-10
-1
-103
-254
-283
93
302
210
13
-170
67
91
176
178
-47
37
220
160
84
306
189
-192
252
99
114
-120
-162
702
971
661
96
-97
-340
445
1003
955
-406
-135
556
248
-581
-335
732
277
-112
114
718
137
-136
94
436
-81
152
330
209
-28
195
49
-297
-10
488
557
135
159
192
80
132
582
464
309
648
771
462
20
325
471
359
338
88
168
183
298
49
0
178
48
-22
81
322
84
100
-14
-17
177
444
259
182
96
181
428
342
485
43
207
234
444
116
431
232
277
112
261
310
104
-1
41
490
201
-58
2
447
71
365
450
219
-518
397
848
466
-283
-40
124
564
525
-108
-229
173
754
55
220
-71
-33
334
545
278
-115
-165
358
522
280
-102
-133
393
656
279
-7
-18
295
127
415
174
-103
408
504
175
-665
375
716
-89
-240
684
406
-172
-156
23
529
145
449
-190
-162
341
276
166
-121
360
-4
-111
90
565
54
-107
56
527
-127
-384
351
294
373
-80
34
-127
83
313
509
10
-128
12
286
281
244
266
-557
-306
590
331
-126
-38
251
-33
-205
24
-33
213
147
471
-31
-401
-324
212
591
166
-405
-262
459
323
52
-335
43
302
33
35
283
196
-150
247
355
-283
-18
597
72
-307
185
341
218
-195
43
155
84
292
167
-272
227
346
-91
-32
187
165
134
244
-149
183
28
-52
290
420
-178
-256
443
359
-193
1
76
120
139
201
179
-80
264
-125
-45
239
402
-14
68
331
118
-93
179
112
-21
478
262
-20
-78
129
281
223
92
354
-242
148
620
248
-201
28
515
222
-65
296
288
282
237
54
-84
64
310
515
178
-414
230
259
313
-240
224
180
9
52
402
72
-57
116
-347
199
633
64
-726
216
579
137
-255
-170
-73
235
547
-36
-448
-47
389
50
-302
-59
263
191
473
149
-556
-200
570
434
18
-99
105
252
18
-75
-37
8
-62
-117
297
326
-387
-389
70
-133
-285
166
84
224
211
-280
-645
317
436
-115
213
62
-316
376
452
-125
-192
-84
194
236
-32
-143
-35
340
148
-526
-416
218
505
283
-5
-345
-304
336
529
-251
-184
-33
162
223
374
-231
-542
-32
608
39
-543
-344
-48
313
278
-165
-761
-323
228
142
92
-190
-260
177
331
-336
-416
405
384
-19
21
-146
-315
-186
679
281
-407
-254
-168
-110
500
399
-316
-569
75
-45
-203
123
190
-81
-760
212
112
-115
-116
120
107
-216
49
-6
20
369
282
-329
-92
156
-81
40
503
44
-237
-7
52
6
287
202
-217
-53
-111
384
382
-67
-389
274
-75
-346
293
410
-94
-711
345
383
-364
-368
221
110
42
315
0
-332
-104
528
480
-336
-477
320
635
-3
113
25
-311
-73
596
368
-325
-268
258
339
-126
-133
-154
83
151
209
-167
-415
176
244
63
-269
-303
291
341
208
-55
-237
-56
394
224
-273
237
55
276
367
-183
-385
-150
605
521
-298
-609
-95
516
443
-176
-364
-364
306
457
-6
-103
-5
124
166
179
-135
-231
290
702
388
-529
-302
250
307
193
218
149
-316
124
712
145
-394
85
557
292
-294
314
328
250
80
177
-278
-85
799
376
-159
-130
651
260
-439
50
527
159
126
646
-100
-529
675
650
77
-177
0
247
377
586
463
-325
-446
114
681
441
-258
167
207
353
243
-129
-55
184
525
396
-70
-22
200
415
301
-80
-207
90
649
252
-143
148
225
267
29
41
41
89
546
441
-143
-83
416
-69
-63
202
612
123
131
318
92
125
62
316
320
386
143
-16
341
258
129
301
-143
121
238
162
335
331
-5
-193
216
278
149
33
353
299
211
48
96
169
211
316
221
102
267
351
139
79
278
105
-63
224
433
250
153
90
48
67
189
165
110
212
336
79
-333
-102
545
240
-79
-101
1
99
21
274
-5
-227
-48
227
93
-263
28
111
345
-71
-404
-250
449
349
-149
-40
145
-354
-156
621
179
-290
-144
297
15
-73
-35
181
191
108
-342
-91
411
358
-132
-270
136
195
153
106
-34
-38
141
195
-135
-125
239
105
293
102
-87
-169
259
253
90
120
194
-15
-10
474
187
-141
-206
367
279
26
49
288
238
-177
123
61
-9
232
409
35
-95
2
95
-88
-77
353
131
-58
-43
21
142
-56
-70
61
296
23
-155
11
119
228
-108
-87
65
29
31
58
240
171
-98
-198
163
334
109
-83
235
256
-43
21
101
45
6
301
205
-22
42
187
14
156
336
49
-58
274
454
345
-156
-123
418
478
16
13
456
247
-84
174
392
60
69
343
184
66
437
325
-200
-45
412
348
152
73
-22
51
410
201
-139
-162
166
477
200
-117
21
-26
19
148
305
-82
-315
121
231
-14
-116
7
-162
65
256
-22
-184
-31
150
-92
20
119
-134
-76
249
267
-163
-431
48
366
14
-64
6
-134
-4
282
251
-191
-184
-7
200
183
66
9
-74
53
143
197
17
-87
209
300
-31
-104
257
215
-102
107
302
-22
-10
300
163
-124
-5
351
220
-92
203
69
17
120
181
197
-56
-128
232
160
-207
-147
103
145
-173
-198
-192
21
-89
-279
-228
-164
-209
-291
-405
-306
-248
-29
-169
-397
-335
-346
-208
-66
-162
-413
-440
-242
-168
-250
-278
-482
-533
-334
-261
-321
-467
-546
-361
-247
-253
-297
-409
-441
-389
-272
-180
-186
-243
-297
-261
-203
-183
-208
-246
-200
-160
-182
-222
-128
-85
-239
-263
-132
-90
-228
-145
-20
-184
-261
-179
-122
-154
-151
-54
-69
-189
-125
-18
-179
-264
-144
-177
-287
-210
-91
-235
-374
-237
-84
-170
-267
-297
-332
-345
-352
-362
-412
-473
-523
-537
-555
-594
-621
-644
-655
-743
-749
-713
-763
-847
-860
-834
-850
-873
-890
-903
-929
-963
-962
-979
-949
-898
-903
-961
-966
-942
-950
-974
-930
-903
-909
-912
-891
-895
-884
-878
-839
-806
-812
-821
-762
-703
-726
-770
-750
-703
-686
-658
-640
-635
-632
-621
-595
-584
-612
-585
-512
-503
-545
-532
-499
-456
-437
-441
-442
-428
-373
-356
-374
-372
-341
-307
-313
-337
-331
-324
-323
-326
-337
-292
-303
-336
-341
-319
-294
-335
-360
-338
-320
-332
-341
-346
-361
-385
-378
-381
-374
-362
-353
-393
-400
-365
-343
-370
-423
-390
-346
-350
-393
-374
-334
-311
-305
-323
-344
-318
-253
-224
-213
-210
-188
-151
-121
-105
-96
-73
-44
-23
0
16
32
52
64
88
106
95
119
180
207
204
180
192
269
346
339
357
502
635
664
749
764
471
266
411
664
671
560
459
347
364
464
561
543
509
609
729
742
738
1107
1160
524
289
804
1203
875
656
889
844
407
526
932
856
512
648
719
447
519
550
494
218
158
602
1057
602
33
433
625
65
8
684
1047
500
165
276
356
150
140
421
708
484
145
254
629
524
107
239
508
566
595
705
827
553
264
183
618
859
810
855
656
547
525
628
622
600
579
475
726
858
852
513
228
437
729
634
518
827
920
667
381
476
837
694
540
916
1102
591
419
873
1112
396
279
897
1205
733
524
1090
723
32
464
1412
868
90
512
1106
401
198
517
764
275
-210
330
1091
126
-409
-93
29
-328
-262
531
421
85
-513
-717
-280
146
253
108
105
120
-96
-207
162
335
90
-57
421
674
409
369
458
430
133
182
625
1020
1080
588
250
289
505
587
730
830
740
556
508
456
378
547
726
499
84
426
1022
837
60
25
449
242
181
777
1146
555
194
395
574
662
793
885
799
790
849
747
802
1028
760
341
588
1173
1185
667
259
176
427
835
874
180
-328
212
557
84
-700
-951
180
47
-1158
-1011
-261
187
-641
-956
-1009
-1222
-915
-272
244
-67
-746
-1158
-880
-255
-7
32
-9
-121
-7
96
43
353
458
48
-240
445
1331
1118
219
-314
-5
339
506
796
811
386
-233
-427
-10
267
169
-64
-138
-243
-289
-219
-208
-370
-746
-679
-227
65
100
-112
-579
-808
-421
366
788
494
93
-62
13
212
637
990
715
215
219
725
714
192
188
368
222
192
321
183
-110
-530
-1052
-914
-213
-536
-1323
-1574
-1369
-1362
-940
-875
-1149
-1919
-2524
-1544
-304
-110
-883
-1486
-1583
-1206
-532
-94
-10
72
-292
-460
-139
477
883
579
69
138
1039
1637
1255
539
237
451
850
1167
1375
1136
595
-126
-131
435
801
706
355
-143
-379
-170
71
-60
-309
-396
-142
61
-65
-202
-251
-185
-44
314
804
766
431
285
384
641
1042
1366
1254
880
627
772
1100
869
691
910
875
442
207
100
-33
-426
-638
-758
-764
-949
-738
108
-737
-1801
-2632
-2051
-705
334
128
-929
-1811
-1937
-1135
-202
90
289
294
-236
-413
-253
576
871
653
332
728
1617
1852
1081
265
274
971
1594
1944
1712
1247
509
-192
99
927
1601
1285
368
-448
-418
-36
63
-104
6
-10
-149
-429
-463
-334
-374
-251
78
407
627
371
65
-31
34
682
1431
1476
892
518
391
456
711
987
1205
936
234
-72
-26
-104
-350
-656
-617
-716
-420
367
-513
-1718
-2977
-2195
-310
926
203
-1155
-1952
-2189
-1532
-296
467
711
276
-703
-1091
-609
600
967
768
332
688
1407
1388
499
27
496
1305
1780
1932
1458
865
117
-301
346
1591
2146
1327
90
-712
-471
140
474
553
648
118
-485
-729
-445
-146
105
279
381
271
120
-106
-162
19
432
1041
1240
789
182
42
151
471
912
1110
724
236
-331
-411
-365
-240
-403
-315
-653
328
103
-1004
-2296
-2580
-764
1000
1149
-527
-1670
-2195
-1520
-534
394
817
966
-256
-1248
-1349
146
1181
1126
407
260
854
1076
403
-88
480
1270
1589
1453
1119
796
406
-128
273
1343
2189
1487
208
-683
-384
362
831
863
845
318
-445
-879
-405
293
669
566
301
62
-282
-202
30
393
657
937
861
303
-239
-133
322
770
928
841
267
-331
-556
-260
-47
41
-253
-564
-1100
-686
393
-317
-1268
-2535
-1395
426
1272
-119
-1525
-1877
-1197
-270
458
729
789
-16
-1097
-1266
166
1837
1604
531
-285
215
1025
1077
481
692
1245
1305
890
669
728
906
556
431
880
1651
1333
126
-559
-52
914
1208
1004
341
-60
-402
-316
404
1008
845
229
-195
-180
69
603
722
532
363
447
489
400
276
183
446
671
594
410
-80
-456
-485
-113
-102
-226
-758
-1016
-1462
-527
249
-526
-1533
-2629
-1388
189
902
-599
-1549
-1598
-896
-295
190
383
504
-37
-726
-856
573
1611
1214
235
-83
605
1298
1047
379
728
1252
1195
717
665
957
890
467
373
902
1556
891
-149
-339
316
874
919
609
175
-160
-317
-95
497
872
607
71
-156
-46
290
662
769
510
398
404
453
575
613
522
542
622
556
425
106
-31
43
171
-12
-397
-674
-950
-1100
-925
450
-179
-1172
-2700
-2284
-472
818
89
-1429
-1758
-1435
-672
-271
263
455
221
-489
-1022
-243
1259
1451
768
105
377
1037
1313
660
733
1331
1591
1154
734
922
1076
923
811
947
1454
1314
293
-239
202
985
1147
876
247
-163
-300
-119
461
905
716
-11
-385
-175
247
631
908
524
262
288
389
575
807
745
632
619
615
507
386
199
280
336
384
-179
-405
-718
-667
-894
159
368
-621
-1825
-2695
-1158
345
892
-850
-1782
-1952
-1098
-567
-19
268
168
-378
-1251
-1189
397
1355
972
62
-86
380
949
639
504
1004
1449
1251
501
583
924
1081
928
863
1097
1370
656
-131
43
856
1270
944
301
-252
-364
-136
381
703
719
-28
-699
-516
18
397
694
430
-43
-232
-124
196
603
745
438
144
132
188
240
310
267
232
150
-200
-525
-451
-604
-608
-621
468
-191
-1011
-2436
-2023
-454
896
196
-1539
-2006
-1770
-809
-478
148
87
-172
-1127
-1781
-917
783
1244
355
-524
-540
118
588
361
630
1033
1152
323
-29
469
1080
1201
878
685
852
864
132
40
644
1368
1144
421
-127
-285
12
415
773
758
345
-599
-778
-190
450
797
648
76
-514
-513
4
585
934
563
-17
-270
17
211
446
405
257
-3
-244
-388
-328
-134
-284
-680
-561
382
-308
-1004
-2146
-1286
40
971
-195
-1507
-1853
-1204
-358
-96
290
-63
-393
-1253
-1504
-326
1264
1207
-31
-903
-679
342
732
572
668
829
651
-216
-184
696
1493
1215
616
200
545
690
280
334
933
1405
820
-64
-333
50
574
897
761
494
-7
-643
-443
324
897
779
91
-544
-683
-211
492
820
601
-81
-640
-500
188
527
535
136
-292
-546
-529
-274
19
-66
-581
-1021
-875
253
-205
-812
-1941
-1377
-194
758
-198
-1437
-1632
-1062
-282
-180
195
-114
-393
-1161
-1301
-243
1146
1001
-294
-1072
-739
397
808
490
301
388
341
-256
-144
699
1333
812
119
-161
454
813
399
239
641
955
482
-123
-131
330
612
648
333
256
67
-324
-208
430
836
568
-56
-570
-419
146
660
713
349
-191
-628
-285
401
721
406
-47
-459
-489
-342
-40
81
-29
-652
-1078
-1064
-237
462
-292
-1056
-1996
-1000
35
740
-404
-1128
-1423
-718
-182
75
239
-81
-305
-945
-782
137
1084
656
-281
-653
-143
711
578
281
244
611
478
-52
115
792
1046
492
87
134
823
632
100
96
706
872
235
-170
76
539
376
189
103
430
259
-189
-99
447
666
276
-103
-161
124
302
434
363
238
-52
-256
53
478
452
83
-240
-264
-163
-146
-160
-96
-225
-592
-1055
-798
-477
246
-346
-878
-1748
-1367
-342
546
211
-1070
-1508
-1195
-23
141
300
-127
-181
-557
-680
-116
876
1198
325
-439
-398
566
931
643
439
653
821
228
-47
401
1194
1018
405
22
410
672
283
163
513
940
456
-192
-112
418
524
302
138
191
239
-92
-50
304
613
309
-140
-113
181
384
390
320
278
195
16
117
484
568
276
-66
-21
153
116
-41
6
-32
-185
-680
-822
-472
-102
188
-621
-1051
-1641
-946
-167
555
-253
-1256
-1526
-818
94
105
-24
-297
-178
-531
-602
-26
975
1043
67
-466
-72
872
922
520
481
878
822
160
104
834
1452
944
249
131
752
808
391
253
712
932
285
-266
41
648
651
268
-36
93
182
-3
106
379
523
107
-235
-68
303
426
348
233
175
163
37
217
547
552
202
-33
134
343
230
79
91
133
-168
-461
-575
-150
-198
-6
-267
-666
-1178
-1321
-422
389
424
-961
-1564
-1314
-62
152
-43
-289
-207
-323
-750
-531
446
1255
568
-422
-525
353
971
647
505
690
958
386
-40
427
1364
1394
578
140
430
898
618
421
663
1055
660
-102
-228
573
994
609
104
-73
119
72
120
357
580
256
-318
-437
111
507
403
189
1
-44
-78
67
390
543
251
-188
-201
111
297
108
-17
-87
-135
-390
-494
-391
-201
-365
-551
-224
-520
-823
-1503
-842
0
508
-613
-1630
-1446
-364
239
-206
-386
-434
-294
-748
-799
-42
927
758
-422
-867
-191
740
684
331
297
565
396
-177
18
889
1369
654
-78
-60
599
722
381
340
667
719
31
-425
54
841
692
107
-342
-183
40
101
220
341
239
-328
-648
-308
363
465
188
-190
-351
-281
-73
218
432
322
-162
-485
-281
176
275
104
-177
-313
-378
-428
-361
-201
-340
-603
-829
-279
-182
-669
-1297
-1272
-349
294
-10
-1292
-1487
-820
104
-33
-340
-470
-350
-429
-720
-390
509
936
69
-883
-612
427
994
522
144
176
434
107
-87
511
1261
938
-111
-389
275
1014
717
245
241
600
397
-266
-165
678
953
290
-384
-376
170
333
180
111
242
11
-500
-495
177
549
202
-245
-409
-200
-35
43
180
194
-71
-513
-430
66
337
65
-242
-397
-394
-296
-298
-187
-209
-535
-956
-915
-559
103
-387
-944
-1613
-1238
-318
250
-369
-1323
-1448
-819
-140
-316
-516
-584
-361
-539
-924
-531
368
591
-227
-880
-475
445
579
-47
-163
284
592
-84
-412
213
945
639
-168
-320
328
684
105
-168
262
741
191
-587
-309
488
622
-31
-496
-270
145
-81
-342
-128
197
-67
-632
-541
-42
112
-140
-384
-344
-169
-184
-204
47
109
-180
-498
-277
123
116
-122
-242
-155
-197
-309
-349
-123
-89
-486
-781
-674
-431
-533
-207
-462
-742
-1513
-1350
-421
497
-56
-1534
-1913
-828
318
-120
-736
-734
-183
-255
-946
-775
358
980
-34
-1087
-624
639
809
-28
-244
400
860
68
-542
183
1274
975
-190
-456
405
917
296
-143
239
784
303
-551
-414
409
627
8
-420
-269
-23
-249
-348
-72
203
-149
-728
-680
-82
175
-41
-273
-313
-290
-284
-98
192
211
-121
-417
-196
137
166
-73
-134
-104
-168
-326
-266
-130
-69
-433
-705
-740
-442
-551
-576
-205
-515
-984
-1738
-1083
-32
579
-605
-1856
-1672
-287
329
-383
-797
-536
-74
-450
-937
-354
701
822
-403
-917
-138
895
630
-25
92
667
703
-145
-271
583
1287
627
-280
-159
495
584
54
77
478
591
-137
-654
-131
562
454
-189
-382
-227
-125
-235
-64
224
188
-289
-717
-334
224
367
96
-124
-186
-226
-111
189
464
340
-87
-383
-124
266
258
96
-6
-67
-261
-280
-92
109
-6
-343
-619
-571
-379
-401
-523
-715
-176
-402
-668
-1408
-1158
-253
496
-96
-1371
-1499
-550
316
-73
-565
-507
-34
-75
-687
-511
470
1011
175
-705
-373
584
890
262
43
358
707
206
-231
265
992
770
-68
-271
262
633
295
21
207
449
162
-332
-108
429
466
-11
-278
-104
127
79
-15
130
190
-43
-365
-239
191
335
161
-88
-178
-137
-37
127
293
241
-93
-325
-152
222
301
97
-65
-80
-100
-169
-135
28
103
-150
-490
-542
-330
-204
-330
-511
-593
-667
-345
-402
-539
-987
-989
-478
126
-49
-939
-1293
-670
164
56
-424
-516
-197
-100
-479
-434
275
756
221
-548
-430
362
717
304
135
387
532
148
-94
402
1051
875
152
-64
385
690
491
311
448
528
225
-117
54
508
502
101
-166
-65
71
49
40
94
80
-85
-237
-147
71
142
70
9
-43
-105
-57
131
322
237
39
-79
68
268
299
178
121
172
149
28
-42
81
176
67
-179
-300
-198
-175
-268
-350
-392
-467
-673
-659
-462
-293
-618
-1033
-1081
-572
-190
-398
-812
-926
-622
-368
-357
-390
-249
-126
-186
-302
-182
217
399
253
110
227
422
430
355
478
661
562
298
217
458
635
472
235
187
262
235
112
65
112
42
-94
-210
-167
-90
-95
-199
-258
-257
-174
-171
-171
-126
-79
-63
-128
-138
-13
114
150
49
16
57
128
158
152
180
162
137
75
44
38
43
6
-50
-137
-185
-231
-307
-355
-389
-418
-513
-612
-674
-659
-681
-745
-843
-848
-848
-827
-913
-873
-706
-639
-728
-987
-934
-567
-212
-290
-580
-634
-367
-108
-96
-140
-21
102
77
-62
27
269
400
222
66
76
193
222
191
181
204
116
-25
-36
117
184
91
-41
-76
-25
-2
-4
4
45
37
-17
-56
-8
83
128
137
118
113
114
122
165
218
232
184
119
101
108
109
123
126
84
-52
-149
-122
-40
-79
-248
-320
-279
-277
-369
-425
-358
-355
-428
-505
-494
-442
-426
-443
-446
-426
-441
-483
-486
-383
-347
-396
-446
-449
-408
-370
-366
-402
-388
-382
-279
-315
-430
-506
-442
-260
-160
-219
-406
-462
-359
-177
-145
-208
-190
-147
-161
-208
-161
39
124
75
-34
10
146
212
202
247
336
317
240
235
359
472
449
362
344
415
405
356
349
378
322
251
188
159
127
109
78
3
-49
-86
-121
-153
-173
-203
-211
-225
-282
-301
-267
-244
-265
-278
-263
-248
-237
-188
-158
-167
-195
-175
-124
-84
-87
-105
-62
-52
-85
-103
-73
-74
-94
-101
-95
-147
-218
-200
-171
-193
-296
-326
-262
-276
-364
-422
-360
-362
-430
-454
-414
-359
-370
-395
-418
-350
-249
-249
-265
-239
-135
-100
-132
-131
-44
54
94
82
63
121
148
165
212
281
300
229
186
215
341
377
324
243
238
268
274
246
212
198
170
138
83
78
103
102
64
19
14
6
16
-26
-46
-5
30
13
-53
-58
-47
-8
-22
-31
-24
-25
-27
-63
-26
-4
-38
-55
-52
-74
-82
-56
-31
-84
-141
-124
-89
-126
-145
-116
-152
-220
-245
-173
-143
-206
-256
-239
-209
-262
-306
-284
-218
-235
-279
-285
-272
-244
-275
-298
-274
-227
-245
-279
-290
-282
-267
-275
-274
-277
-225
-215
-255
-277
-240
-148
-169
-197
-195
-130
-99
-151
-158
-91
-42
-84
-133
-86
3
17
-41
-66
21
78
65
16
24
76
79
53
47
75
72
45
49
67
56
11
-10
13
29
28
-12
-49
-52
-54
-39
-40
-29
-37
-53
-132
-157
-93
7
-9
-104
-167
-146
-87
-118
-139
-120
-77
-96
-143
-161
-165
-139
-137
-136
-136
-166
-185
-216
-237
-254
-261
-232
-217
-260
-302
-296
-297
-310
-318
-301
-268
-280
-305
-335
-307
-267
-223
-210
-220
-200
-172
-143
-164
-181
-144
-58
-47
-92
-120
-108
-78
-74
-73
-59
-22
-70
-126
-116
-60
-44
-85
-112
-99
-61
-52
-67
-92
-78
-34
-15
-22
-23
8
33
15
-15
27
101
133
103
54
77
133
149
120
144
174
170
104
87
134
155
155
107
94
118
102
57
38
69
85
47
19
2
-14
-74
-101
-53
-10
-44
-93
-101
-87
-93
-89
-67
-40
-53
-63
-82
-74
-40
-20
-36
-16
34
56
23
-5
20
65
60
48
69
68
43
-15
-8
36
62
4
-55
-26
37
-8
-53
-27
20
-10
-28
-30
-3
31
-2
-21
4
66
64
38
42
87
107
69
73
127
169
144
99
96
125
148
137
119
128
109
98
101
105
99
95
98
97
67
9
17
66
98
29
-32
-26
26
51
-19
-59
-15
60
23
-32
-9
68
76
24
32
96
164
145
139
152
173
175
175
206
237
259
224
178
191
257
275
244
196
180
185
167
150
154
179
177
131
99
122
150
156
143
151
179
174
172
155
187
216
243
240
240
265
282
297
276
302
332
357
323
309
336
362
340
303
309
345
350
293
283
292
282
224
191
222
245
226
145
94
108
144
131
72
62
76
89
60
41
52
72
65
81
124
144
118
75
89
160
183
178
172
178
172
175
184
202
206
211
208
182
135
163
208
215
179
145
157
184
179
141
159
192
200
186
166
178
189
205
187
208
234
266
267
223
225
247
294
290
260
275
303
302
274
279
300
314
281
286
290
287
276
226
206
198
206
191
166
135
110
90
102
103
78
36
16
21
27
6
-9
-32
-37
-21
15
25
15
-9
-18
19
80
123
105
45
37
86
128
158
149
139
100
79
111
147
161
146
118
89
78
88
121
122
129
114
114
133
117
128
159
187
166
150
154
172
188
180
187
187
181
169
175
189
207
233
238
202
185
205
231
247
239
219
206
200
204
205
214
220
203
160
142
125
129
144
121
79
46
47
59
45
12
-11
-4
22
18
-30
-67
-53
-27
-33
-46
-37
-42
-75
-95
-70
-2
17
-14
-73
-91
-37
3
4
-4
3
-5
-36
-59
-20
56
76
25
-28
5
31
52
62
65
73
57
43
47
90
94
104
76
98
107
94
97
93
115
131
114
87
77
78
92
99
99
85
78
81
95
107
76
73
117
129
95
67
86
117
148
136
123
132
133
123
112
146
166
145
104
81
124
146
107
79
82
119
95
31
17
58
117
67
-11
-43
-14
16
-19
-46
-43
-15
-41
-100
-99
-63
-35
-67
-106
-131
-123
-118
-90
-50
-39
-39
-49
-58
-50
-8
26
40
15
-14
-16
3
13
37
77
81
43
2
-7
29
66
75
52
16
8
20
28
33
18
8
-6
2
14
13
14
29
42
52
40
46
64
72
89
101
110
104
104
113
138
161
173
163
147
163
189
223
226
214
213
217
194
146
168
207
216
184
125
121
127
136
129
116
99
80
59
66
68
46
17
13
41
29
18
14
2
-6
-23
-22
24
45
17
-27
-36
20
56
68
82
63
35
21
65
112
133
86
39
47
100
131
114
95
87
92
85
93
100
112
107
90
90
84
86
87
95
87
77
104
101
98
92
98
134
167
155
105
105
173
237
256
218
197
220
259
274
313
347
341
304
272
298
353
367
319
286
292
305
287
270
282
285
253
229
248
274
256
214
200
230
255
234
188
166
198
204
218
214
202
195
184
206
237
254
235
205
219
236
246
269
265
262
259
250
277
296
310
304
282
280
298
314
306
303
311
327
309
282
281
303
319
308
302
296
295
293
287
291
321
343
325
317
322
339
361
387
394
376
356
367
380
392
389
391
373
369
370
366
387
389
363
338
335
352
357
356
340
315
298
304
315
325
315
296
268
280
308
306
295
269
273
291
305
306
265
255
260
258
262
283
288
281
262
270
292
294
305
313
338
340
307
289
302
312
297
311
305
312
294
270
293
320
331
304
298
324
325
329
333
349
370
352
344
369
403
420
408
404
423
436
429
435
457
469
467
443
459
498
488
462
457
477
488
448
427
471
509
470
410
407
447
466
430
382
392
434
423
381
370
398
407
381
375
382
394
376
372
381
393
405
383
391
406
421
416
404
417
420
409
390
404
411
400
395
380
369
366
376
357
353
345
338
337
336
326
309
316
331
348
352
355
351
351
346
387
432
442
430
427
443
461
468
460
464
484
489
483
489
479
492
478
469
485
485
475
436
421
437
434
427
417
414
416
421
424
420
426
414
430
447
446
433
427
427
445
455
450
472
481
472
451
457
489
534
528
481
456
478
494
490
489
483
464
429
424
439
452
436
411
409
401
372
343
360
373
372
340
337
355
365
349
339
360
345
339
357
390
404
385
370
382
409
411
409
409
438
435
432
426
432
457
463
443
416
434
438
423
382
373
394
378
337
305
321
327
308
275
257
247
260
260
242
228
232
230
236
244
252
244
212
214
240
277
296
270
244
232
238
254
265
268
263
252
237
223
233
256
262
235
203
206
199
199
167
164
165
152
133
125
135
145
134
120
144
140
137
133
142
158
154
146
147
158
179
195
207
205
195
203
211
219
253
260
257
250
249
262
265
284
279
274
273
266
269
262
272
285
279
259
267
285
297
290
275
279
306
332
321
316
327
358
369
351
351
347
351
339
349
376
391
369
351
356
384
404
393
382
381
387
363
359
364
369
369
368
366
363
369
352
365
375
375
358
358
368
368
377
376
372
364
361
366
384
391
380
375
368
341
350
346
361
369
370
336
310
315
317
328
324
316
313
300
281
297
318
331
312
299
308
320
309
287
301
334
340
335
310
317
343
355
373
380
392
406
405
403
429
460
461
451
442
450
450
454
459
453
457
455
449
452
454
456
470
470
468
460
491
499
505
510
524
531
516
515
528
575
587
571
546
568
581
575
596
613
613
589
557
560
594
595
592
576
583
568
548
538
553
576
575
528
502
509
515
510
495
504
515
495
465
452
466
468
452
451
482
476
442
423
431
459
471
478
463
468
464
472
481
499
522
511
492
488
507
537
537
521
500
526
547
541
535
536
536
519
508
514
542
549
539
520
533
536
545
547
553
562
554
562
557
576
574
573
562
566
572
588
567
558
568
567
563
546
549
537
529
526
538
550
550
537
530
541
565
561
542
549
549
570
560
552
560
559
554
539
546
558
543
521
498
516
556
550
522
506
517
520
518
534
531
527
510
482
488
503
503
485
464
467
472
471
464
473
475
468
479
468
478
469
478
483
480
506
502
514
516
510
528
535
529
515
507
510
506
506
490
463
455
444
435
445
436
402
384
370
383
390
379
363
353
343
333
326
345
361
339
319
305
321
336
352
343
334
340
346
345
347
360
357
361
355
351
358
371
373
359
363
375
383
370
364
365
368
364
347
338
324
312
315
318
317
304
301
302
299
315
320
323
328
328
325
342
345
358
365
365
377
374
374
384
390
396
408
419
411
411
399
395
387
396
399
392
365
356
364
372
371
345
340
315
309
295
291
311
320
287
248
239
242
264
255
233
222
224
234
235
239
230
245
242
244
247
253
251
239
248
247
260
256
246
243
243
246
256
235
242
234
225
231
227
209
204
204
189
196
194
201
189
175
178
177
176
163
160
162
179
187
183
174
177
186
174
193
205
203
198
175
183
196
204
203
188
186
187
174
186
197
206
184
152
147
164
166
154
143
139
133
109
97
104
141
129
100
89
102
130
123
109
117
144
128
119
138
156
165
147
142
141
152
153
165
179
194
191
166
163
181
199
195
197
181
182
199
201
212
224
221
232
233
231
238
240
252
247
262
251
258
254
261
276
265
272
282
297
292
290
265
257
281
292
291
285
272
278
280
279
282
289
311
297
270
266
289
312
305
296
306
314
310
318
330
330
337
332
331
334
342
352
354
354
359
354
346
365
382
373
370
364
375
391
395
398
401
403
390
380
390
397
396
382
365
360
377
375
372
371
371
368
367
365
372
382
378
394
387
384
412
422
422
425
419
426
435
425
421
411
413
418
416
411
405
398
390
397
396
390
386
371
378
380
364
350
345
355
342
321
322
324
327
311
306
320
325
308
289
292
295
298
289
289
287
299
292
292
304
301
307
299
307
321
338
331
336
323
317
328
330
336
331
313
315
318
306
312
318
316
310
290
275
269
282
270
264
276
282
286
259
246
255
263
257
250
233
231
232
219
213
215
205
205
188
185
193
181
162
161
161
155
173
166
169
153
139
143
142
151
141
124
116
108
107
114
107
92
68
59
68
67
67
44
40
41
43
40
25
38
33
25
7
-3
22
18
20
10
23
30
21
26
28
35
47
50
64
59
56
67
71
74
86
69
62
64
78
87
65
63
50
46
63
75
88
92
86
94
81
72
93
105
107
97
94
88
88
96
75
63
71
84
88
76
73
64
70
82
83
86
77
74
60
58
50
62
73
52
43
32
17
23
23
21
12
19
28
27
13
11
19
37
40
38
33
36
42
44
51
49
55
62
49
51
56
61
65
71
76
68
66
61
69
70
58
42
43
49
49
55
26
16
19
28
23
24
17
13
-4
-24
-17
-11
-12
-23
-35
-37
-36
-47
-66
-85
-57
-51
-57
-81
-100
-107
-110
-100
-90
-88
-94
-122
-146
-140
-131
-124
-128
-145
-153
-161
-170
-181
-177
-181
-194
-226
-237
-223
-211
-224
-250
-242
-228
-225
-235
-234
-237
-240
-251
-230
-221
-228
-226
-217
-201
-206
-199
-180
-171
-172
-155
-157
-147
-148
-162
-140
-139
-153
-144
-127
-134
-160
-163
-168
-169
-166
-168
-169
-186
-194
-200
-187
-204
-220
-200
-179
-182
-188
-192
-175
-159
-164
-168
-172
-153
-153
-157
-150
-147
-139
-150
-167
-174
-169
-174
-191
-188
-200
-216
-230
-240
-229
-218
-217
-235
-250
-240
-249
-250
-242
-223
-216
-234
-243
-240
-217
-196
-202
-197
-189
-187
-177
-192
-204
-174
-158
-159
-165
-161
-154
-152
-142
-134
-131
-137
-138
-131
-125
-118
-109
-120
-147
-148
-131
-130
-138
-150
-155
-158
-161
-152
-165
-164
-158
-161
-166
-179
-177
-164
-171
-166
-162
-163
-167
-166
-161
-156
-164
-173
-173
-181
-173
-191
-200
-191
-205
-221
-228
-239
-234
-238
-242
-241
-247
-242
-260
-269
-268
-277
-277
-285
-283
-287
-292
-307
-319
-310
-302
-305
-306
-313
-316
-311
-314
-311
-313
-319
-321
-322
-335
-332
-319
-320
-319
-327
-326
-331
-332
-332
-342
-328
-340
-343
-341
-340
-326
-336
-341
-354
-360
-351
-356
-367
-377
-380
-388
-391
-393
-375
-376
-371
-370
-368
-366
-373
-374
-373
-372
-380
-391
-387
-375
-368
-369
-385
-383
-386
-388
-394
-409
-411
-408
-410
-418
-423
-437
-441
-458
-470
-465
-464
-470
-480
-491
-496
-493
-499
-501
-489
-508
-534
-521
-514
-513
-516
-538
-551
-552
-542
-537
-552
-543
-533
-542
-548
-558
-537
-528
-536
-547
-564
-567
-574
-573
-577
-582
-587
-595
-598
-602
-602
-592
-582
-590
-597
-601
-602
-595
-581
-576
-575
-587
-600
-586
-578
-571
-565
-568
-578
-583
-582
-569
-564
-562
-574
-585
-585
-557
-543
-552
-553
-558
-541
-551
-555
-550
-547
-538
-543
-547
-542
-534
-529
-536
-552
-552
