SAMPLES:	10687
BITSPERSAMPLE:	16
CHANNELS:	1
SAMPLERATE:	16000
NORMALIZED:	FALSE
-296
-302
-301
-311
-313
-316
-319
-319
-312
-314
-305
-293
-282
-269
-274
-257
-257
-257
-246
-247
-253
-251
-246
-245
-255
-238
-229
-236
-232
-238
-243
-232
-238
-239
-244
-260
-265
-264
-263
-269
-269
-273
-279
-278
-280
-274
-258
-246
-253
-249
-236
-219
-230
-233
-227
-236
-223
-225
-215
-215
-216
-213
-219
-217
-220
-223
-233
-235
-233
-233
-229
-228
-230
-215
-207
-213
-211
-221
-222
-215
-218
-228
-223
-222
-222
-227
-227
-221
-215
-213
-205
-219
-218
-215
-220
-213
-211
-208
-198
-198
-192
-172
-174
-170
-163
-147
-143
-125
-123
-115
-116
-119
-110
-111
-99
-103
-100
-90
-103
-103
-102
-114
-110
-118
-122
-116
-125
-119
-121
-118
-108
-101
-105
-106
-102
-99
-97
-96
-95
-102
-103
-107
-99
-93
-96
-78
-79
-78
-80
-72
-62
-73
-72
-70
-71
-73
-80
-70
-63
-79
-69
-49
-59
-54
-46
-50
-46
-51
-51
-60
-72
-70
-70
-71
-85
-94
-94
-93
-89
-84
-78
-78
-73
-71
-74
-88
-95
-93
-101
-106
-108
-102
-107
-105
-106
-106
-98
-98
-96
-99
-94
-95
-92
-92
-89
-77
-87
-89
-101
-102
-103
-110
-106
-107
-121
-121
-101
-109
-98
-98
-113
-104
-100
-104
-99
-95
-99
-97
-93
-95
-97
-101
-101
-92
-90
-88
-89
-99
-91
-90
-88
-85
-90
-89
-80
-80
-80
-76
-70
-76
-71
-59
-64
-56
-52
-50
-54
-65
-65
-73
-87
-88
-95
-98
-108
-104
-101
-97
-102
-108
-114
-111
-119
-124
-132
-142
-140
-147
-141
-148
-146
-143
-136
-136
-133
-139
-132
-131
-127
-118
-123
-121
-120
-117
-126
-118
-113
-111
-118
-124
-115
-115
-113
-121
-131
-146
-143
-134
-132
-138
-138
-138
-142
-135
-130
-121
-121
-124
-125
-117
-119
-110
-99
-103
-89
-73
-66
-67
-71
-79
-55
-56
-55
-49
-30
-30
-48
-37
-41
-41
-40
-35
-31
-34
-40
-40
-53
-38
-51
-66
-65
-72
-72
-79
-91
-81
-81
-102
-99
-89
-97
-91
-100
-99
-105
-110
-116
-121
-107
-125
-124
-118
-122
-114
-123
-112
-117
-123
-122
-117
-106
-114
-103
-111
-118
-121
-134
-120
-128
-139
-132
-134
-136
-130
-142
-141
-126
-128
-115
-113
-112
-119
-104
-102
-96
-91
-105
-94
-91
-107
-107
-110
-117
-107
-117
-119
-124
-135
-133
-132
-140
-141
-138
-142
-138
-139
-143
-141
-134
-133
-119
-118
-119
-115
-124
-125
-126
-128
-131
-124
-133
-136
-154
-155
-153
-154
-156
-166
-165
-179
-190
-197
-193
-202
-216
-218
-225
-226
-226
-211
-205
-202
-185
-195
-192
-175
-162
-151
-154
-156
-165
-154
-154
-151
-151
-152
-145
-142
-134
-147
-145
-132
-140
-127
-130
-139
-129
-125
-133
-133
-128
-127
-125
-123
-116
-110
-113
-115
-116
-113
-107
-96
-105
-118
-119
-115
-120
-130
-116
-114
-118
-127
-140
-141
-142
-135
-140
-142
-152
-158
-149
-146
-147
-148
-141
-142
-146
-141
-141
-152
-146
-160
-165
-169
-166
-162
-175
-171
-177
-175
-180
-179
-188
-182
-186
-200
-199
-196
-204
-201
-205
-203
-191
-202
-190
-188
-197
-195
-190
-198
-193
-207
-212
-214
-217
-200
-190
-196
-204
-197
-204
-215
-222
-235
-227
-234
-241
-229
-218
-235
-238
-236
-235
-225
-230
-217
-206
-204
-198
-193
-203
-202
-196
-187
-186
-180
-191
-190
-191
-201
-194
-206
-205
-198
-208
-216
-226
-240
-245
-257
-266
-267
-288
-292
-308
-320
-333
-348
-365
-370
-384
-397
-392
-398
-387
-391
-393
-398
-406
-409
-404
-414
-412
-408
-396
-406
-415
-410
-418
-417
-429
-425
-433
-430
-432
-433
-442
-447
-447
-451
-459
-454
-454
-456
-453
-457
-450
-458
-463
-469
-470
-485
-471
-471
-467
-489
-486
-478
-492
-491
-496
-493
-501
-484
-482
-484
-484
-479
-478
-489
-481
-474
-473
-474
-471
-482
-480
-482
-495
-480
-493
-486
-470
-474
-468
-474
-476
-476
-477
-487
-476
-481
-496
-488
-481
-484
-480
-484
-489
-478
-486
-493
-487
-495
-496
-497
-496
-494
-501
-500
-493
-488
-482
-476
-472
-478
-477
-459
-460
-448
-438
-438
-432
-428
-437
-448
-444
-442
-441
-444
-455
-469
-465
-467
-475
-477
-487
-488
-493
-491
-505
-506
-512
-515
-519
-522
-514
-525
-528
-522
-525
-533
-539
-530
-533
-527
-515
-508
-495
-499
-497
-486
-474
-465
-456
-448
-448
-441
-445
-454
-450
-442
-433
-424
-422
-416
-398
-386
-379
-374
-365
-364
-372
-375
-379
-375
-374
-365
-359
-358
-367
-365
-342
-339
-346
-341
-332
-339
-333
-324
-320
-330
-327
-317
-313
-300
-295
-291
-281
-267
-264
-246
-242
-231
-221
-214
-203
-206
-181
-191
-198
-188
-194
-191
-206
-198
-206
-203
-190
-190
-181
-169
-162
-160
-151
-136
-125
-112
-112
-103
-87
-84
-80
-78
-78
-77
-66
-75
-66
-69
-66
-65
-55
-54
-57
-39
-45
-37
-27
-36
-41
-31
-27
-26
-28
-25
-23
-25
-19
-14
-19
-12
-18
-19
-12
-27
-29
-25
-24
-24
-32
-35
-37
-37
-34
-28
-27
-32
-25
-29
-38
-33
-28
-27
-26
-15
-16
-4
-7
1
7
4
15
19
39
28
25
20
20
26
31
14
26
26
21
35
35
34
35
43
50
61
70
70
62
59
62
60
70
57
51
45
46
48
45
38
35
37
25
35
18
20
20
21
25
25
24
12
17
11
9
18
22
22
31
35
32
24
23
26
39
36
42
33
21
29
21
27
14
17
11
7
11
14
18
7
12
20
19
9
-2
-2
10
-2
-5
-7
-12
-10
-15
-13
-5
-5
-5
3
11
15
21
27
14
24
15
17
32
37
37
23
31
33
45
51
56
58
68
68
67
72
59
71
69
59
65
63
56
56
54
46
45
42
36
38
29
26
24
19
21
13
3
-1
2
13
0
8
11
6
6
4
7
5
12
-6
-7
-16
-13
-14
-33
-41
-50
-51
-54
-54
-60
-65
-70
-66
-81
-92
-107
-110
-106
-109
-115
-119
-129
-130
-124
-136
-145
-146
-142
-148
-150
-146
-145
-146
-155
-150
-151
-150
-148
-148
-148
-156
-144
-143
-144
-136
-132
-120
-134
-130
-117
-120
-129
-125
-123
-119
-116
-122
-123
-119
-115
-119
-101
-118
-106
-110
-108
-103
-108
-105
-119
-122
-119
-130
-120
-117
-121
-126
-132
-128
-135
-131
-129
-120
-127
-134
-130
-125
-117
-125
-119
-121
-123
-127
-120
-119
-121
-119
-123
-115
-115
-119
-117
-125
-118
-113
-124
-115
-123
-125
-115
-121
-113
-119
-114
-117
-117
-111
-116
-121
-127
-131
-143
-129
-138
-135
-130
-131
-143
-155
-147
-147
-153
-158
-165
-168
-172
-156
-159
-162
-152
-148
-141
-148
-149
-148
-144
-143
-147
-140
-139
-137
-128
-123
-119
-125
-124
-125
-116
-122
-114
-109
-108
-106
-103
-98
-94
-81
-78
-56
-41
-40
-39
-29
-37
-16
-12
-9
-3
-10
-6
0
9
10
12
13
-2
-5
-6
-10
-9
-18
-22
-35
-36
-35
-39
-39
-33
-55
-60
-63
-60
-62
-62
-64
-64
-59
-54
-49
-51
-39
-31
-32
-28
-27
-27
-23
-21
-10
-12
-11
-13
-16
-9
-4
2
-3
-7
-11
-20
-27
-33
-28
-27
-25
-28
-32
-39
-51
-39
-45
-44
-51
-47
-47
-48
-41
-49
-51
-56
-55
-71
-66
-74
-77
-82
-85
-87
-88
-96
-103
-105
-97
-88
-90
-92
-95
-85
-83
-87
-82
-73
-76
-93
-98
-90
-102
-104
-121
-130
-117
-124
-124
-116
-125
-121
-115
-123
-123
-137
-140
-126
-112
-107
-101
-104
-108
-111
-105
-116
-121
-116
-121
-122
-121
-112
-110
-119
-102
-105
-105
-108
-112
-123
-135
-132
-122
-128
-141
-144
-139
-140
-136
-138
-148
-138
-144
-134
-134
-126
-124
-113
-98
-110
-104
-102
-98
-90
-90
-85
-74
-68
-60
-55
-50
-49
-44
-42
-52
-47
-41
-45
-43
-30
-33
-36
-29
-23
-34
-33
-25
-21
-13
-9
-13
-18
-18
-15
-8
-7
-8
-4
-8
-13
-10
-11
-16
-10
-18
-12
-9
-21
-22
-5
-8
-10
-11
-9
-15
-18
-15
-9
0
1
-11
0
10
10
16
7
11
14
16
18
22
19
30
33
23
27
30
26
25
25
33
44
35
45
58
69
76
58
55
62
62
61
65
69
63
53
59
56
49
51
63
59
67
66
72
73
70
79
67
65
70
59
59
68
68
86
94
86
79
67
74
79
76
87
79
93
80
77
83
84
92
93
86
81
75
72
67
58
68
60
65
76
69
65
81
88
85
84
88
83
85
90
92
100
81
81
86
76
79
75
77
79
78
83
77
72
74
66
58
61
56
62
66
65
63
64
60
51
53
54
50
50
39
36
50
50
52
50
49
65
69
65
63
55
39
33
36
33
29
17
20
12
5
3
5
4
2
-5
-4
-3
-15
-9
-10
-21
-12
-3
-9
-13
-18
-14
-10
-7
6
18
16
10
13
6
14
12
11
13
15
20
25
27
19
9
7
3
3
8
9
10
2
4
-9
-4
-4
-6
-10
-10
-6
-5
-5
-4
5
6
12
9
15
22
2
3
3
-3
-11
-14
-16
-19
-13
-16
-28
-32
-25
-35
-36
-34
-43
-38
-46
-40
-42
-39
-42
-48
-50
-50
-46
-58
-39
-40
-48
-45
-37
-33
-35
-31
-37
-37
-37
-32
-49
-57
-56
-50
-42
-47
-34
-42
-42
-31
-26
-19
-2
-4
-24
-14
0
9
18
10
15
27
14
15
20
17
2
-8
9
8
-13
-14
0
-6
-24
-19
-20
-18
-28
-37
-38
-34
-19
-14
1
-5
-10
-13
-8
1
6
12
22
24
13
13
30
22
29
23
28
35
45
41
38
52
35
36
36
43
37
36
47
43
36
30
33
40
43
51
40
47
43
52
46
50
54
46
60
81
73
67
96
93
88
84
74
68
71
76
90
87
74
84
78
59
63
72
89
82
83
80
85
80
66
65
68
74
74
76
64
81
78
74
68
74
78
79
88
85
77
68
85
81
74
83
103
83
90
90
70
81
86
74
70
61
37
54
50
49
42
68
67
43
47
21
17
12
7
-3
-6
2
1
-10
-18
-13
-13
-21
-40
-27
-35
-40
-53
-71
-71
-71
-70
-52
-60
-75
-50
-83
-97
-82
-64
-64
-55
-65
-77
-59
-66
-62
-50
-52
-63
-93
-60
-60
-75
-54
-69
-59
-50
-32
-52
-56
-24
-31
-55
-59
-55
-56
-38
-44
-57
-74
-72
-65
-55
-64
-52
-40
-63
-50
-67
-65
-68
-69
-64
-77
-79
-59
-81
-81
-86
-70
-89
-112
-73
-100
-76
-78
-70
-60
-63
-53
-73
-79
-61
-60
-65
-45
-42
-59
-55
-52
-66
-72
-53
-39
-29
-41
-25
-32
-54
-12
-27
-28
-42
-21
0
-7
-17
-32
-16
-38
-16
-6
0
4
1
34
21
0
23
13
14
26
28
25
31
26
61
50
39
68
76
93
70
81
86
90
109
101
91
89
114
112
95
125
118
121
143
149
153
140
114
105
115
131
121
96
98
92
85
81
76
76
70
64
64
66
65
100
73
81
82
78
70
53
58
53
79
53
75
57
48
34
3
-1
6
-15
0
14
16
12
-11
5
-36
-34
-43
-39
-39
-72
-82
-57
-76
-79
-65
-78
-47
-73
-99
-102
-118
-115
-129
-135
-140
-116
-127
-139
-147
-138
-150
-171
-176
-180
-148
-162
-173
-196
-204
-208
-214
-222
-207
-196
-220
-214
-205
-207
-230
-234
-230
-237
-237
-224
-225
-227
-243
-254
-217
-205
-215
-189
-202
-221
-246
-206
-252
-288
-200
-225
-221
-224
-289
-274
-249
-256
-281
-229
-238
-276
-255
-243
-254
-269
-246
-228
-265
-282
-228
-268
-243
-233
-232
-262
-248
-213
-250
-231
-224
-255
-262
-250
-234
-252
-295
-261
-219
-250
-295
-255
-253
-275
-259
-226
-258
-290
-249
-273
-255
-258
-251
-272
-287
-235
-236
-288
-276
-240
-239
-249
-253
-225
-244
-194
-218
-252
-241
-206
-183
-210
-224
-221
-206
-218
-191
-173
-205
-229
-185
-160
-172
-182
-182
-203
-159
-157
-164
-217
-216
-167
-216
-196
-181
-152
-161
-157
-159
-179
-213
-141
-98
-166
-108
-63
-153
-218
-185
-104
-152
-195
-148
-139
-170
-124
-101
-130
-150
-130
-102
-120
-119
-136
-158
-149
-110
-95
-119
-111
-84
-94
-127
-96
-30
-101
-112
-62
-45
-84
-71
-66
-129
-130
-88
-77
-128
-143
-130
-48
-66
-134
-84
-91
-21
23
25
-49
-63
-51
-50
-52
-65
-28
-37
-63
-27
9
-50
-91
-19
48
-60
7
58
-72
-80
23
21
-118
-16
103
-46
-98
14
7
-148
-75
2
-48
-91
-66
-10
-35
-47
-10
-24
-93
1
6
-64
-2
90
11
-25
14
-33
-26
80
47
-5
90
55
-21
46
16
43
60
32
4
-1
62
16
-1
98
92
3
55
78
27
-23
31
95
83
12
88
78
52
84
120
97
40
86
64
62
66
115
63
17
66
123
86
83
134
52
80
89
64
73
129
66
44
67
109
84
44
181
100
73
130
140
121
79
65
68
44
95
143
119
65
70
75
101
1
76
150
-2
41
95
22
-109
-26
40
19
-16
33
126
33
-21
46
85
6
8
91
92
-11
23
84
94
95
84
121
95
53
120
136
67
67
140
96
86
91
98
70
111
103
72
128
46
79
118
-2
77
140
75
13
139
184
68
94
170
106
166
143
127
43
67
93
17
106
104
64
56
152
93
54
96
135
41
104
160
109
92
26
100
59
105
57
58
58
113
108
47
121
114
75
88
9
6
22
30
54
-45
19
50
-17
-3
18
-5
15
-53
5
-26
16
0
-9
-65
26
38
-73
-43
-87
-97
-103
-123
-5
63
-111
10
-106
1
192
-153
-190
169
32
-346
34
27
-191
-201
-86
51
-85
-105
-67
-29
-92
-182
-172
-179
-296
-303
-203
-131
-305
-248
-200
-131
-120
-90
-40
-109
-73
-58
-79
-130
-156
-159
-105
-87
-160
-208
-101
-94
-85
-105
-110
-143
-129
-171
-95
-91
-205
-180
-123
-213
-240
-175
-165
-268
-191
-114
-248
-189
-172
-148
-313
-194
-246
-188
-228
-236
-176
-200
-192
-258
-184
-219
-260
-180
-165
-199
-259
-204
-83
-214
-206
-170
-211
-195
-183
-96
-127
-240
-177
-164
-243
-188
-107
-267
-240
-196
-158
-230
-248
-187
-323
-260
-184
-238
-258
-293
-169
-238
-356
-251
-204
-263
-290
-255
-180
-340
-280
-175
-293
-319
-253
-180
-254
-345
-276
-267
-264
-248
-253
-279
-270
-242
-217
-290
-259
-221
-296
-230
-204
-199
-270
-221
-229
-297
-300
-188
-190
-367
-219
-85
-359
-369
-188
-199
-281
-256
-191
-309
-245
-219
-229
-306
-231
-244
-301
-176
-235
-251
-320
-265
-247
-243
-208
-162
-170
-281
-156
-186
-90
-203
-215
-112
-204
-115
-163
-104
-136
-135
-83
-121
-161
-118
-154
-115
-97
-152
-99
-142
-64
-169
-106
-91
-54
-102
-131
-128
-87
-80
-67
-76
-31
-172
-82
-40
-41
-16
5
-60
-83
105
-33
-40
21
55
-5
-38
12
89
-52
41
78
-13
68
-25
105
106
54
57
96
165
71
70
170
183
93
19
165
132
94
108
295
105
26
210
173
93
116
220
156
112
134
198
215
148
167
156
268
248
103
172
206
217
61
188
226
177
118
302
154
100
128
219
264
105
217
261
143
91
267
224
81
180
346
185
147
352
198
116
234
197
164
230
273
143
203
277
170
79
308
226
104
175
255
152
106
269
193
136
144
253
321
114
145
189
209
217
212
159
230
189
258
128
179
287
238
166
336
240
226
199
229
268
242
308
208
370
489
371
103
198
267
298
305
251
226
281
364
127
90
401
369
70
241
281
299
199
210
232
367
203
157
320
307
286
114
512
201
372
304
158
330
177
333
235
372
220
287
413
197
324
387
306
301
268
298
287
402
251
293
206
307
377
224
400
431
367
106
404
353
89
293
365
349
82
363
265
133
249
283
291
237
123
173
216
174
308
207
118
244
322
216
263
167
280
352
243
260
241
263
247
322
322
223
254
290
122
128
317
238
259
133
222
409
-40
219
206
75
264
291
196
-27
322
-15
147
548
118
-69
166
316
165
-9
122
295
98
92
142
190
233
136
105
285
158
84
224
209
90
21
378
289
-14
82
218
176
71
8
208
266
10
109
60
110
-68
40
105
62
17
165
164
11
131
44
61
42
110
-70
66
188
200
-69
153
195
195
5
97
307
14
166
84
133
76
145
135
347
-44
125
416
73
286
91
157
63
114
225
149
133
135
333
-17
118
162
135
214
156
236
201
151
28
61
292
216
-30
207
61
48
168
118
70
4
292
59
110
112
153
232
101
293
50
40
314
329
-60
44
370
109
-148
245
270
-9
1
76
23
73
160
76
59
18
49
102
173
-33
235
-19
-45
257
-149
-8
251
187
-13
-15
221
65
30
84
-14
48
56
126
63
-28
109
-13
36
108
48
-12
-20
3
-84
268
-160
-151
21
100
-19
-3
416
-12
-134
-111
265
106
62
295
147
2
-44
147
198
36
-95
159
286
-52
-57
205
23
68
154
-177
-59
88
14
27
-48
-33
-29
85
-142
208
59
-79
-40
76
137
-117
193
137
66
139
53
-48
220
-38
72
114
249
-12
-101
242
131
-161
105
68
143
-22
-15
168
26
-61
2
235
156
200
-78
160
350
14
102
213
355
215
128
418
151
88
87
95
281
164
253
427
73
156
287
208
124
256
305
60
131
343
176
90
427
55
128
237
322
84
389
501
-41
123
387
315
207
457
439
214
195
382
337
79
456
299
116
130
189
372
102
175
355
205
223
485
313
115
368
399
362
-25
221
380
192
195
312
403
392
309
143
352
206
493
160
286
636
272
-25
207
330
285
250
256
406
201
199
131
459
449
149
414
662
479
82
354
371
382
336
594
369
332
533
433
233
327
785
553
267
506
466
287
213
509
579
229
296
351
472
482
196
349
250
286
331
368
422
320
402
215
285
402
443
72
205
500
467
336
390
433
342
220
298
443
226
104
362
298
235
159
174
310
329
335
238
115
207
420
171
89
242
304
218
88
346
359
64
281
363
235
193
150
275
180
89
172
273
269
145
147
197
113
114
186
245
330
295
147
160
301
238
96
71
205
289
122
159
264
409
415
107
286
270
336
301
332
344
90
231
127
305
109
-44
180
302
342
278
369
140
54
215
350
325
224
274
154
-37
249
255
161
201
247
275
-12
197
405
174
1
173
253
181
234
290
292
199
198
167
105
145
397
173
68
182
284
-37
22
338
157
25
192
404
81
47
202
107
34
182
282
94
27
270
169
9
67
246
195
70
337
265
96
22
137
196
84
176
279
130
86
145
95
181
432
270
97
204
215
176
117
347
237
141
210
164
146
230
234
244
251
200
227
264
218
167
251
267
260
151
103
201
182
119
173
264
228
217
157
70
116
227
197
113
214
144
109
124
56
84
58
247
242
111
300
266
145
146
253
145
121
258
174
163
180
184
223
235
231
140
130
254
199
241
316
194
149
162
314
243
186
216
144
193
215
263
272
213
154
215
311
254
180
224
260
232
206
215
194
234
171
199
332
348
290
240
217
224
351
338
292
305
318
394
242
280
277
231
256
133
391
168
162
210
185
242
165
221
131
97
107
152
220
92
65
75
139
74
68
109
-6
54
73
19
-64
-120
-58
-12
-25
-68
-88
-186
-251
-230
-211
-153
-122
-59
-72
-42
67
221
264
324
331
361
403
453
465
433
449
417
382
338
364
392
379
370
409
416
458
545
601
497
474
556
554
483
444
565
442
298
337
343
320
303
339
332
322
301
375
418
263
230
286
209
235
149
146
66
-22
-45
-68
-149
-246
-156
-259
-414
-430
-430
-596
-728
-719
-856
-1046
-827
-600
-550
-582
-582
-456
-160
290
362
243
167
379
553
555
391
225
196
240
166
-38
-113
18
187
175
40
-50
139
445
584
356
110
165
375
408
256
8
-22
16
23
-70
-126
-24
128
194
73
24
137
422
503
366
303
340
439
494
481
360
382
459
454
358
331
495
500
456
343
322
391
491
443
288
263
281
323
284
160
89
109
109
-92
-193
-40
-101
-322
-366
-425
-576
-582
-649
-892
-1165
-1184
-1276
-1201
-992
-869
-910
-894
-615
-162
258
366
368
354
539
706
685
452
228
183
161
33
-194
-268
-44
105
18
-139
-91
219
568
644
374
166
220
464
445
143
-91
-83
-27
-95
-229
-299
-149
90
118
-55
-64
211
541
534
306
116
177
357
470
343
138
179
350
385
381
444
580
716
685
598
615
795
914
730
470
354
448
551
447
323
209
245
233
251
115
111
143
85
-128
-359
-365
-444
-541
-857
-1254
-1362
-1397
-1438
-1287
-1138
-1000
-962
-842
-459
179
733
834
746
782
1130
1454
1370
982
647
546
516
273
-48
-152
72
182
-15
-234
-112
403
777
599
169
-19
251
533
343
-143
-389
-244
-113
-211
-371
-279
61
356
229
72
277
766
1044
817
426
353
628
834
693
332
215
438
650
623
569
764
997
1067
939
823
984
1207
1144
726
361
357
586
572
285
38
43
192
241
115
4
65
57
-136
-457
-673
-754
-923
-1362
-1853
-2155
-1936
-1456
-1331
-1462
-1428
-877
-55
711
1041
1159
1415
1840
2131
2051
1790
1599
1454
1148
648
159
15
162
235
-78
-394
-313
133
525
509
192
-19
74
205
42
-335
-556
-561
-553
-673
-754
-569
-139
280
418
404
621
1123
1597
1646
1357
1123
1185
1280
1160
853
590
574
639
581
568
735
980
1104
982
849
899
1073
1066
773
344
146
191
188
21
-137
-128
-62
2
-28
-57
-27
-26
-249
-655
-1100
-1387
-1634
-1887
-1943
-1861
-1733
-1647
-1441
-932
8
963
1368
1448
1754
2342
2886
2807
2281
1784
1605
1452
931
212
-140
18
55
-293
-665
-474
147
583
355
-165
-255
118
351
-68
-725
-970
-759
-572
-760
-914
-657
17
546
603
689
1230
2037
2424
2162
1769
1781
2020
1988
1489
884
681
824
827
561
440
692
988
1009
781
698
946
1131
928
390
23
66
208
60
-309
-514
-379
-176
-165
-334
-410
-375
-514
-924
-1485
-1852
-1810
-1465
-1392
-1600
-1699
-1311
-436
607
1299
1504
1712
2182
2850
3178
2953
2511
2138
1839
1395
697
77
-93
-64
-347
-915
-1193
-831
-167
105
-297
-696
-611
-120
82
-362
-856
-921
-645
-528
-708
-682
-214
521
915
843
981
1643
2452
2645
2111
1621
1627
1838
1665
940
290
162
296
212
-92
-103
302
722
744
530
598
1002
1335
1110
496
175
320
442
172
-284
-478
-349
-160
-238
-438
-471
-338
-445
-994
-1713
-2116
-2247
-2253
-2190
-2282
-2304
-2119
-1496
-517
544
1336
1651
1950
2469
3133
3425
3010
2408
1938
1561
1048
268
-303
-454
-439
-760
-1321
-1371
-796
-140
-153
-739
-1042
-773
-313
-383
-1034
-1444
-1274
-876
-824
-914
-545
271
1075
1257
1221
1664
2508
3080
2780
2085
1799
1915
1888
1316
539
159
223
255
-26
-216
32
433
536
294
150
419
776
727
250
-155
-98
147
127
-194
-427
-406
-337
-509
-934
-1252
-1484
-1764
-2110
-1993
-1566
-1197
-1088
-1136
-550
707
1919
2185
1990
2221
3008
3543
3089
2295
1940
1917
1681
648
-367
-396
74
60
-826
-1472
-1077
-133
213
-485
-1099
-874
-146
73
-609
-986
-517
200
372
-46
71
1008
2035
2193
1634
1590
2296
2947
2627
1633
1166
1309
1484
977
128
-112
218
476
121
-261
-25
624
914
539
163
366
930
1140
702
303
491
935
1057
743
506
709
974
789
226
-176
-291
-532
-1355
-2406
-2974
-2539
-1749
-1647
-1947
-1969
-905
667
1885
2218
2137
2575
3237
3553
3122
2445
2221
1994
1414
492
-232
-25
396
307
-470
-1023
-562
148
397
-206
-904
-960
-702
-567
-955
-1166
-737
-224
77
130
597
1657
2511
2770
2385
2259
2755
3157
2890
1932
1203
967
872
600
97
-148
-38
11
-116
-229
125
621
676
303
-30
123
509
644
357
-12
14
314
455
392
253
218
40
-394
-974
-1456
-1761
-1890
-1508
-1325
-1179
-1103
-783
292
1633
2590
2422
2163
2487
3196
3436
2525
1550
1041
969
753
-303
-940
-649
-93
-150
-1067
-1287
-520
442
401
-699
-1299
-896
-32
-15
-850
-983
-221
711
967
752
1341
2446
3210
2868
2013
2022
2602
2669
1531
224
-131
138
223
-439
-994
-735
-102
163
-107
-130
485
1078
909
254
91
591
1019
741
148
40
566
1043
901
543
546
895
844
187
-422
-691
-859
-1583
-2873
-3816
-3490
-2083
-1370
-1447
-1634
-792
1206
2919
3531
3101
3073
3559
3748
3090
2026
1616
1416
790
-294
-1303
-972
-29
169
-671
-1663
-1333
-397
-68
-746
-1690
-1791
-1360
-1083
-1302
-1289
-287
765
1212
1238
1725
3135
4180
4141
3191
2453
2714
2922
2320
1011
117
-7
-68
-346
-701
-541
-70
76
-241
-460
58
780
804
158
-352
-110
468
696
380
110
319
685
707
450
342
332
-40
-840
-1750
-2314
-2530
-2254
-1667
-1416
-1098
-886
-71
1526
3162
3943
3368
2928
3233
3806
3553
2270
1225
721
670
207
-753
-777
-22
495
-143
-1164
-969
46
600
-231
-1611
-1925
-1124
-362
-605
-972
-264
1046
1881
1941
2165
3312
4328
4176
2924
1969
2209
2470
1699
189
-735
-560
-165
-245
-582
-379
338
743
538
314
812
1507
1424
638
94
452
1154
1324
868
565
944
1413
1379
955
737
788
483
-386
-1272
-1603
-1628
-2098
-3352
-4501
-4436
-2709
-1039
-549
-723
-546
1296
3474
4652
4290
3536
3779
4034
3622
2390
1609
1779
1602
617
-896
-1254
7
818
44
-1726
-2413
-1469
-687
-1147
-2378
-2788
-1969
-1122
-1093
-1102
76
1940
2826
2493
2288
3347
4875
4975
3507
1914
1720
2261
1892
533
-499
-395
-68
-333
-841
-638
268
701
88
-707
-422
670
1094
467
-252
2
915
1411
1262
1002
1284
1643
1348
615
214
345
73
-1070
-2383
-3107
-3196
-3545
-4144
-3551
-2190
-771
-450
-790
564
3042
4986
4402
2732
2726
3819
4347
2726
770
604
1318
1303
-428
-1578
-449
925
538
-1603
-2744
-1574
-280
-780
-2736
-3586
-2241
-669
-637
-1337
-561
1664
3033
2710
2048
2864
4521
4629
2839
975
932
1809
1426
-232
-1397
-942
-24
-51
-820
-844
219
963
450
-563
-415
697
1153
375
-520
-171
1048
1639
1156
653
1101
1782
1616
633
-67
143
135
-851
-2195
-2840
-2539
-2572
-3672
-5008
-4965
-2775
-848
-470
-1088
-960
1365
3642
4356
3420
2694
3593
4165
3314
1655
1079
1861
1895
399
-1609
-1802
-240
420
-972
-3034
-3274
-1888
-1243
-2146
-3241
-2827
-1282
-529
-986
-995
705
2840
3260
2175
1753
2966
4298
3763
1824
570
907
1399
522
-923
-1284
-504
-177
-887
-1550
-965
316
616
-327
-1093
-438
788
1000
243
-132
563
1424
1407
816
682
1229
1412
528
-630
-933
-607
-879
-2145
-3404
-3795
-3707
-4155
-4797
-3935
-2050
-500
-575
-1308
162
2996
4867
4099
2186
2289
3613
3809
2042
183
414
1361
679
-1448
-2494
-1017
605
-219
-2606
-3589
-2151
-705
-1363
-3037
-3308
-1642
-267
-635
-1115
171
2585
3533
2454
1670
2639
4239
3996
1865
253
386
1085
415
-1170
-1726
-930
-251
-818
-1618
-1110
306
913
36
-874
-337
993
1434
637
90
770
1829
1956
1232
992
1572
1917
1112
-255
-766
-409
-484
-1651
-3059
-3459
-3137
-3379
-4578
-5257
-3602
-1131
3
-680
-1325
771
3813
5097
3881
2256
3029
4336
3770
1634
160
1053
1866
447
-2008
-2796
-895
526
-806
-3230
-3771
-1951
-687
-1692
-3137
-2804
-833
265
-491
-844
840
3371
3957
2491
1699
2879
4435
3871
1590
200
539
1117
100
-1611
-1879
-871
-310
-1202
-2066
-1331
223
820
-131
-906
-158
1209
1542
679
351
1209
2104
1934
1031
920
1666
1908
872
-540
-863
-325
-395
-1673
-2950
-3102
-2626
-2924
-4319
-5436
-4331
-1759
-351
-623
-1509
-314
2733
4630
4505
3014
2960
4375
4344
2628
697
697
1749
887
-1507
-3296
-2350
-291
-576
-2703
-4155
-3018
-1059
-1239
-2590
-2922
-1347
354
-1
-861
45
2596
4172
3180
1802
2287
4069
4461
2580
669
435
1097
528
-1247
-2106
-1297
-420
-1054
-2211
-1996
-336
845
245
-762
-498
918
1742
1106
491
1067
2125
2223
1299
896
1532
2134
1478
-86
-836
-446
-75
-955
-2374
-2898
-2536
-2476
-3507
-4901
-4772
-2484
-508
-153
-1000
-959
1739
4277
4965
3883
2763
3853
4607
3526
1489
462
1424
1481
-420
-2713
-2894
-807
-1
-1606
-3707
-3633
-1492
-734
-1870
-2857
-2020
-8
419
-504
-402
1679
3910
3683
2055
1754
3350
4497
3183
952
129
760
868
-590
-1959
-1650
-488
-488
-1635
-2040
-776
791
745
-399
-710
416
1603
1404
505
571
1671
2257
1565
771
1035
1873
1734
308
-889
-785
-136
-456
-1866
-2854
-2596
-2051
-2603
-4013
-4931
-3721
-1322
-203
-324
-1035
17
2887
4467
4590
3440
3160
4426
4265
2755
1003
781
1649
840
-1435
-3195
-2404
-603
-770
-2659
-4047
-2968
-1185
-1233
-2307
-2538
-980
507
184
-496
369
2754
4020
2979
1715
2130
3699
3840
2016
371
266
770
133
-1422
-2107
-1277
-514
-1116
-2070
-1785
-180
872
303
-536
-237
1048
1745
1174
613
1061
1951
1946
1046
572
1076
1620
963
-425
-1156
-779
-306
-965
-2183
-2717
-2333
-2120
-2997
-4273
-4687
-3036
-977
-253
-489
-1051
647
3396
4559
4390
2998
3129
4257
3716
2095
495
657
1309
97
-2176
-3289
-1889
-379
-1029
-3061
-3919
-2353
-951
-1358
-2490
-2264
-465
497
-2
-344
1097
3436
3935
2627
1747
2611
3915
3269
1216
-82
87
383
-635
-2060
-2174
-1103
-581
-1372
-2106
-1315
348
1025
185
-599
-47
1162
1553
814
370
1044
1888
1715
830
500
1114
1538
670
-726
-1341
-854
-433
-1228
-2393
-2783
-2290
-2035
-2905
-4114
-4552
-3112
-1112
-337
-370
-881
348
2922
4165
4284
3152
2927
3942
3540
2078
510
323
984
34
-2113
-3408
-2423
-889
-1163
-2896
-3865
-2659
-1284
-1415
-2281
-2169
-603
365
19
-250
964
3153
3799
2761
1902
2453
3577
3124
1366
119
46
192
-711
-2081
-2318
-1421
-851
-1469
-2240
-1755
-246
611
84
-643
-322
865
1494
1019
592
1030
1921
2059
1220
703
1082
1651
1160
-257
-1143
-899
-351
-717
-1826
-2464
-2146
-1665
-2017
-3117
-3932
-4132
-3335
-2008
-1089
-256
-165
267
2128
3719
4834
4509
3543
3836
3613
2640
1249
251
468
4
-1571
-3012
-2886
-1589
-1092
-1917
-2992
-2640
-1630
-1340
-1608
-1696
-775
0
-13
19
874
2666
3646
3318
2739
2687
3259
3077
2008
906
212
-207
-1078
-1968
-2234
-1739
-1192
-1394
-1745
-1481
-379
703
817
428
303
843
1473
1502
1255
1211
1627
1851
1391
885
814
1206
1165
296
-649
-976
-573
-419
-927
-1572
-1792
-1464
-1453
-1949
-2721
-3381
-3753
-3417
-2044
-666
337
307
352
2270
4238
5315
4693
3369
3621
3554
2427
720
-382
199
113
-1433
-3023
-2921
-1265
-529
-1407
-2720
-2523
-1369
-1140
-1624
-1832
-798
299
343
274
1057
2995
4251
3894
3079
2755
3179
2993
1739
469
-334
-662
-1303
-2089
-2182
-1479
-640
-659
-1119
-1147
-314
782
904
347
-64
200
981
1304
1319
1484
1935
2347
2113
1626
1477
1709
1637
749
-350
-929
-716
-398
-604
-997
-1267
-1077
-883
-1026
-1298
-1630
-2058
-2874
-3935
-4068
-2501
-400
924
754
317
1943
4513
6001
5503
3743
3275
3310
2350
720
-563
-215
176
-1010
-2735
-3076
-1440
-51
-484
-2045
-2774
-2006
-1393
-1445
-1630
-1034
136
696
930
1597
3149
4641
4787
3894
2835
2413
2239
1594
558
-620
-1326
-1637
-1792
-1681
-1322
-707
-297
-336
-605
-589
14
590
653
217
-48
412
1245
1911
2168
2242
2410
2410
2142
1681
1360
1199
739
14
-734
-992
-705
-375
-308
-585
-820
-808
-785
-909
-1338
-1878
-2524
-3309
-4112
-4197
-2587
-304
1392
1573
980
2079
4389
6038
5641
3614
2538
2319
1698
393
-839
-637
-20
-645
-2114
-2702
-1559
-238
-358
-1787
-2928
-2738
-2122
-1684
-1365
-694
301
889
1361
2171
3366
4402
4460
3673
2591
1735
1203
785
460
-199
-1055
-1652
-1695
-1188
-747
-546
-543
-656
-725
-858
-716
-169
358
534
404
577
1300
2230
2832
2817
2516
2175
1847
1455
1004
631
267
-142
-491
-744
-634
-256
65
46
-402
-868
-1173
-1235
-1370
-1809
-2377
-2857
-3112
-3254
-3407
-2814
-993
1168
2484
2065
1263
2089
3998
5071
3899
1586
619
871
927
12
-997
-740
-87
-530
-1897
-2592
-1770
-739
-1032
-2443
-3398
-3009
-1932
-1018
-489
80
756
1273
1808
2404
2992
3237
2865
2144
1290
568
151
57
131
-211
-991
-1675
-1684
-1131
-799
-1021
-1564
-1842
-1732
-1476
-1128
-650
78
852
1358
1787
2190
2678
3098
3053
2483
1569
815
470
331
128
-340
-810
-962
-789
-597
-581
-654
-770
-897
-1142
-1464
-1572
-1422
-1170
-1066
-1237
-1382
-1314
-1073
-980
-1430
-1795
-1162
258
1385
1161
218
316
1764
3053
2667
1155
428
852
1172
416
-807
-1054
-430
-261
-1101
-2007
-1891
-1069
-635
-1010
-1612
-1798
-1456
-855
-316
62
211
283
726
1479
2026
2047
1804
1773
1820
1415
530
-143
-138
47
-327
-1241
-1838
-1562
-961
-726
-1031
-1300
-1108
-618
-127
108
323
673
1035
1305
1349
1357
1530
1782
1877
1487
897
550
542
661
422
-154
-679
-853
-768
-757
-882
-1019
-1021
-926
-843
-774
-672
-478
-291
-313
-567
-920
-1156
-1165
-1179
-1426
-1976
-2629
-2765
-1846
-289
923
1063
432
394
1474
2686
2743
1615
602
379
391
-83
-792
-873
-342
-99
-709
-1536
-1590
-974
-495
-660
-1276
-1784
-1863
-1418
-661
58
372
289
339
828
1426
1609
1370
1148
1043
730
70
-459
-404
11
179
-259
-868
-1080
-908
-562
-466
-663
-962
-1149
-938
-409
212
669
961
1200
1380
1481
1469
1508
1585
1366
784
63
-344
-298
-151
-157
-367
-591
-667
-608
-464
-350
-331
-455
-682
-800
-721
-510
-279
-136
-135
-263
-378
-455
-499
-567
-812
-1218
-1753
-2273
-2556
-2309
-1330
-136
535
469
233
647
1723
2527
2375
1582
936
746
685
474
296
335
335
8
-542
-925
-933
-846
-986
-1305
-1662
-1972
-2055
-1666
-840
-2
336
223
214
703
1380
1733
1616
1264
1078
917
780
755
823
965
901
550
79
-286
-367
-300
-335
-639
-1119
-1384
-1202
-697
-219
33
108
181
275
369
576
803
928
823
559
488
688
1009
1158
1054
858
628
382
80
-150
-215
-314
-585
-1016
-1312
-1249
-997
-839
-961
-1205
-1297
-1225
-1167
-1207
-1257
-1215
-1190
-1267
-1372
-1004
94
1338
1946
1699
1146
1139
1726
2100
1766
971
265
-129
-393
-542
-516
-368
-437
-880
-1285
-1451
-1362
-1286
-1350
-1206
-977
-893
-884
-599
304
1302
1779
1574
1168
1167
1406
1570
1406
1016
640
259
18
19
134
186
8
-357
-725
-1041
-1275
-1371
-1311
-1212
-1192
-1149
-947
-456
197
775
1165
1375
1452
1401
1289
1247
1216
1110
829
501
284
221
229
148
24
-142
-377
-620
-842
-879
-746
-560
-436
-436
-361
-184
47
213
185
49
-123
-322
-547
-721
-770
-799
-908
-1133
-1323
-1319
-1158
-975
-871
-829
-745
-621
-410
-3
504
930
1083
973
907
1028
1189
1160
877
511
240
60
-69
-186
-266
-340
-431
-551
-683
-728
-739
-649
-527
-478
-506
-530
-400
-133
145
352
441
504
529
514
578
667
695
551
248
-6
-73
-77
-153
-288
-398
-397
-353
-305
-232
-68
126
249
330
393
553
721
782
767
709
667
599
494
416
363
353
320
191
53
-27
-37
-74
-202
-402
-595
-727
-839
-936
-1002
-1013
-978
-995
-987
-895
-756
-616
-598
-657
-592
-498
-436
-450
-459
-244
110
439
582
583
564
645
786
834
754
451
75
-209
-321
-256
-226
-263
-331
-383
-284
-179
-81
-49
-71
-106
-200
-255
-278
-192
-85
-7
13
-10
-27
-48
-68
-31
44
90
64
24
99
332
589
701
721
735
834
932
930
814
639
531
432
316
243
214
210
136
11
-68
-56
-5
-82
-243
-360
-333
-199
-133
-110
-52
66
179
188
127
117
98
30
-129
-345
-463
-536
-599
-662
-720
-672
-636
-645
-661
-703
-701
-774
-960
-1131
-1118
-957
-748
-600
-474
-170
238
625
795
740
692
714
766
731
573
444
282
156
57
-48
-73
-208
-436
-690
-877
-951
-1002
-1010
-942
-781
-572
-392
-210
5
213
399
543
630
702
682
617
601
658
760
769
653
474
281
163
43
-98
-304
-552
-732
-822
-786
-696
-618
-536
-445
-332
-212
-94
31
131
208
227
204
189
182
172
156
132
94
61
-41
-160
-270
-334
-322
-341
-426
-538
-612
-645
-705
-800
-895
-925
-865
-808
-785
-767
-679
-532
-503
-533
-530
-472
-417
-477
-581
-596
-526
-495
-596
-746
-719
-494
-263
-149
-117
22
254
418
420
339
357
397
374
252
167
184
202
160
49
-52
-88
-167
-355
-590
-765
-834
-889
-982
-1065
-1018
-828
-627
-450
-300
-148
11
120
191
290
424
573
642
609
590
551
470
354
196
83
-19
-165
-360
-557
-631
-615
-592
-629
-695
-692
-648
-623
-627
-644
-598
-489
-438
-482
-544
-517
-431
-389
-421
-523
-589
-606
-678
-846
-1059
-1236
-1416
-1714
-2106
-2339
-2110
-1361
-508
-48
-61
-225
-71
422
983
1307
1256
993
612
391
499
829
1141
1058
648
170
-130
-254
-458
-714
-974
-1185
-1382
-1628
-1726
-1586
-1278
-992
-830
-714
-608
-496
-381
-204
89
429
620
621
517
468
550
651
707
623
384
84
-162
-258
-221
-197
-311
-535
-790
-982
-1070
-1102
-1149
-1225
-1289
-1266
-1141
-960
-772
-581
-338
-62
176
301
297
293
309
354
405
427
416
369
257
111
14
-5
-21
-167
-445
-741
-921
-960
-913
-873
-859
-826
-776
-730
-644
-529
-401
-316
-297
-287
-247
-166
-96
-36
28
78
29
-115
-290
-408
-471
-566
-685
-785
-781
-745
-701
-652
-569
-419
-317
-292
-331
-393
-404
-397
-385
-313
-226
-155
-125
-74
10
91
138
140
133
92
3
-135
-266
-344
-385
-445
-533
-626
-701
-750
-758
-748
-680
-587
-540
-537
-560
-539
-445
-354
-330
-392
-494
-538
-526
-491
-475
-453
-410
-364
-350
-344
-345
-343
-371
-474
-638
-760
-825
-884
-917
-950
-942
-902
-847
-799
-801
-799
-832
-882
-928
-1007
-1103
-1170
-1071
-800
-344
50
235
224
114
91
148
273
399
412
292
116
-7
-5
77
149
123
2
-210
-423
-582
-643
-603
-526
-456
-419
-433
-476
-479
-433
-379
-380
-469
-568
-608
-622
-619
-598
-515
-359
-217
-124
-139
-190
-218
-165
-71
12
97
132
149
186
258
363
430
467
406
266
83
-88
-193
-282
-332
-447
-574
-651
-739
-795
-874
-897
-845
-789
-734
-701
-620
-510
-410
-330
-264
-199
-132
-95
-115
-138
-167
-203
-243
-242
-209
-199
-253
-352
-431
-481
-503
-560
-638
-670
-653
-617
-595
-575
-515
-408
-316
-275
-291
-295
-291
-321
-405
-484
-492
-475
-430
-349
-248
-115
-52
-106
-222
-339
-367
-353
-365
-403
-461
-442
-375
-332
-308
-287
-261
-226
-265
-344
-369
-345
-314
-258
-185
-76
31
80
56
-1
-34
-70
-113
-170
-198
-207
-227
-280
-356
-383
-369
-323
-310
-362
-412
-465
-484
-462
-444
-394
-337
-258
-205
-216
-211
-213
-192
-249
-364
-414
-442
-468
-562
-695
-751
-715
-657
-662
-696
-685
-647
-646
-688
-724
-698
-656
-673
-770
-852
-871
-878
-878
-798
-583
-284
-102
-118
-242
-362
-412
-460
-460
-456
-432
-430
-467
-496
-472
-357
-256
-165
-125
-78
-30
-60
-148
-256
-257
-172
-149
-210
-342
-463
-564
-712
-870
-941
-903
-808
-786
-816
-831
-795
-722
-676
-615
-572
-522
-484
-465
-421
-319
-192
-69
0
39
47
38
8
-73
-193
-316
-391
-434
-463
-454
-448
-425
-419
-472
-525
-515
-460
-444
-521
-598
-597
-523
-431
-347
-266
-152
-59
-14
-8
-17
-13
-49
-113
-180
-164
-124
-137
-208
-293
-352
-407
-477
-531
-556
-571
-599
-657
-667
-613
-504
-409
-371
-384
-386
-370
-368
-426
-506
-573
-617
-649
-679
-696
-687
-642
-631
-644
-652
-644
-609
-598
-631
-641
-639
-602
-577
-579
-560
-517
-481
-439
-399
-378
-366
-373
-373
-356
-303
-253
-206
-167
-127
-93
-49
9
7
-17
-77
-135
-180
-272
-376
-491
-574
-651
-761
-843
-867
-818
-787
-810
-829
-760
-631
-525
-458
-429
-378
-327
-345
-401
-412
-394
-384
-457
-544
-579
-546
-517
-534
-550
-543
-506
-519
-539
-539
-524
-520
-545
-572
-564
-539
-517
-511
-498
-488
-498
-501
-516
-493
-478
-535
-613
-661
-644
-611
-632
-655
-641
-572
-507
-480
-468
-409
-356
-343
-378
-432
-432
-423
-437
-484
-514
-492
-429
-371
-315
-247
-180
-113
-75
-67
-58
-37
-7
-39
-115
-189
-232
-267
-322
-370
-431
-468
-510
-546
-564
-569
-559
-565
-551
-532
-487
-429
-361
-309
-279
-238
-186
-128
-83
-42
-17
33
48
40
12
-10
-13
-29
-91
-187
-237
-257
-291
-359
-419
-412
-355
-321
-331
-331
-250
-177
-178
-218
-243
-222
-250
-342
-420
-424
-376
-351
-395
-415
-368
-319
-316
-372
-396
-375
-359
-379
-411
-376
-272
-170
-101
-30
97
230
314
353
347
353
330
251
121
1
-67
-104
-143
-201
-289
-320
-312
-317
-328
-342
-316
-282
-286
-367
-425
-373
-298
-239
-243
-214
-97
22
77
71
65
69
64
3
-80
-135
-129
-171
-282
-390
-430
-409
-405
-458
-508
-482
-406
-356
-391
-407
-339
-288
-274
-298
-282
-197
-101
-65
-124
-161
-133
-125
-183
-271
-330
-355
-409
-498
-576
-595
-572
-580
-635
-654
-616
-536
-483
-445
-369
-248
-137
-59
35
155
257
280
256
206
150
91
-19
-122
-193
-248
-294
-322
-329
-310
-285
-271
-263
-265
-248
-253
-252
-268
-304
-323
-314
-254
-173
-110
-74
-52
-25
-11
-19
-47
-78
-95
-110
-156
-216
-239
-222
-198
-208
-257
-284
-251
-237
-252
-304
-348
-334
-296
-290
-282
-243
-182
-125
-85
-48
-17
1
0
-27
-44
-58
-71
-134
-205
-218
-206
-199
-227
-249
-241
-195
-155
-144
-121
-85
-31
1
28
37
74
106
95
77
75
105
112
72
11
-37
-87
-149
-212
-251
-256
-263
-292
-300
-257
-168
-90
-27
6
57
147
216
257
287
322
352
336
299
272
251
250
197
123
73
53
46
15
-28
-64
-64
-51
-65
-54
-53
-36
-3
-6
12
50
118
157
159
161
181
236
292
284
227
185
157
131
73
4
-45
-108
-155
-194
-227
-187
-147
-93
-49
-6
46
95
147
164
167
150
111
66
5
-44
-48
-58
-69
-75
-56
-27
15
30
12
-13
-38
-71
-120
-164
-209
-221
-238
-244
-238
-207
-143
-90
-59
-53
-51
-25
-8
-31
-34
-13
34
72
93
125
158
199
218
202
189
181
160
128
68
16
0
10
4
-6
-7
10
8
-5
-12
-11
-2
-17
-35
-57
-15
31
23
3
-3
30
72
90
53
22
19
38
43
41
57
115
158
166
178
174
171
157
92
14
-61
-124
-170
-212
-256
-268
-258
-245
-208
-184
-147
-87
-48
-26
-14
-10
36
95
146
159
153
191
227
211
135
55
18
-29
-118
-236
-318
-309
-265
-261
-243
-193
-99
3
62
132
222
313
359
339
330
371
403
401
374
346
334
316
299
250
231
213
127
11
-81
-79
-66
-93
-135
-151
-101
-35
1
37
98
186
233
220
192
208
255
280
278
260
263
273
284
272
246
210
181
109
11
-67
-102
-128
-170
-207
-261
-249
-199
-146
-113
-74
-26
23
61
95
140
199
260
277
279
280
265
258
237
184
115
59
19
-14
-43
-64
-81
-77
-41
-14
7
25
43
68
80
81
93
133
154
153
158
193
245
296
323
320
301
297
266
218
169
129
106
42
-11
-40
-13
40
83
118
141
176
243
263
280
293
294
288
275
276
273
288
284
262
225
198
151
113
64
8
-53
-118
-141
-144
-155
-152
-137
-109
-53
-7
35
78
141
168
198
222
246
254
251
243
198
177
176
159
178
193
191
190
159
169
186
201
208
181
142
128
124
143
144
138
125
120
110
90
109
106
109
90
73
65
75
88
100
101
105
115
129
111
114
119
120
105
78
70
92
126
161
188
212
249
279
294
282
281
274
267
246
209
151
120
108
83
44
-1
-18
-19
-30
-51
-84
-94
-83
-68
-58
-26
6
54
84
68
72
83
99
84
69
34
30
43
56
95
142
214
271
285
287
312
353
383
364
307
269
235
203
167
111
65
13
-52
-93
-99
-87
-63
-94
-127
-139
-105
-54
-26
2
51
93
108
113
137
200
245
246
201
195
198
224
220
166
114
95
77
32
9
6
29
13
-15
-44
-49
-10
-12
-45
-78
-119
-127
-126
-138
-154
-133
-116
-112
-80
-47
3
22
22
-6
-22
-6
1
-21
-87
-124
-143
-169
-190
-203
-193
-166
-163
-170
-156
-119
-53
-1
30
56
72
87
91
95
108
114
101
63
29
10
-2
-3
-18
-44
-74
-93
-107
-128
-131
-135
-140
-138
-148
-137
-105
-46
14
36
47
74
111
140
151
150
154
135
102
56
32
42
60
36
0
-39
-29
-13
-35
-65
-118
-136
-149
-183
-208
-222
-208
-208
-218
-225
-202
-147
-114
-113
-128
-128
-113
-111
-139
-162
-162
-152
-179
-215
-217
-194
-175
-188
-192
-184
-158
-146
-177
-182
-175
-155
-171
-200
-227
-226
-207
-239
-286
-319
-307
-303
-319
-357
-360
-331
-319
-326
-338
-325
-269
-224
-215
-217
-220
-189
-156
-160
-172
-173
-182
-203
-222
-246
-254
-265
-287
-326
-371
-373
-353
-332
-319
-335
-340
-316
-290
-272
-267
-258
-255
-252
-252
-267
-266
-254
-223
-222
-230
-233
-209
-171
-164
-167
-181
-173
-173
-200
-233
-237
-231
-218
-223
-233
-220
-182
-157
-138
-139
-125
-99
-90
-100
-97
-74
-81
-80
-90
-87
-57
-46
-66
-95
-111
-131
-156
-193
-224
-252
-262
-272
-272
-261
-229
-184
-152
-144
-129
-109
-71
-44
-26
-5
0
8
3
0
-1
-1
-2
-37
-62
-71
-55
-48
-65
-85
-78
-72
-76
-92
-115
-98
-91
-103
-116
-119
-106
-61
-55
-59
-51
-33
-8
-5
-14
-12
11
13
25
47
76
106
134
151
165
177
179
186
190
162
126
83
41
5
-28
-44
-76
-90
-91
-79
-69
-59
-24
4
21
27
34
43
58
45
27
31
14
15
-19
-41
-28
-7
12
10
13
24
29
32
25
32
41
29
29
22
27
61
74
83
83
83
98
105
114
111
108
76
53
31
34
52
58
51
30
26
40
66
77
65
37
31
36
30
16
4
7
4
0
-5
7
46
88
106
108
119
149
178
202
189
155
132
113
82
51
21
-5
-39
-83
-113
-121
-85
-56
-53
-39
-40
-26
-12
-15
-11
-8
-2
-29
-42
-33
1
13
-2
-15
-20
-9
-31
-66
-94
-111
-124
-134
-141
-136
-95
-48
-32
-18
-6
19
41
49
36
-20
-51
-75
-96
-111
-134
-140
-146
-144
-156
-144
-114
-86
-75
-90
-90
-76
-54
-26
-22
-25
-28
-24
-21
-15
-8
-1
20
21
35
46
65
90
91
70
19
-16
-33
-68
-105
-151
-187
-200
-229
-258
-249
-219
-193
-181
-173
-162
-132
-116
-111
-99
-70
-48
-25
-4
22
71
95
83
69
49
17
-14
-60
-114
-152
-174
-199
-225
-226
-194
-169
-155
-155
-132
-96
-57
-48
-52
-57
-50
-40
-60
-69
-87
-103
-101
-110
-119
-116
-113
-108
-127
-157
-185
-198
-208
-226
-246
-254
-248
-224
-183
-122
-72
-27
6
21
39
51
70
69
46
16
-4
-31
-34
-29
-35
-32
-51
-75
-95
-116
-149
-169
-203
-234
-255
-255
-244
-223
-206
-165
-127
-99
-65
-31
16
42
53
53
41
12
3
4
-2
-29
-65
-102
-110
-95
-80
-70
-67
-41
-18
8
33
40
38
38
45
24
24
5
-24
-48
-90
-118
-136
-134
-132
-146
-158
-183
-199
-179
-145
-153
-161
-154
-141
-120
-96
-66
-28
20
49
82
114
144
163
173
168
137
100
83
72
46
20
-1
19
20
10
-5
-23
-1
-24
-46
-80
-84
-64
-72
-77
-84
-55
-10
26
41
63
109
146
145
121
110
95
61
14
-37
-64
-75
-84
-82
-86
-81
-60
-51
-47
-39
-3
27
49
54
73
104
147
173
186
205
231
250
248
228
212
184
134
82
15
-25
-75
-114
-118
-128
-128
-115
-95
-61
-25
33
72
99
135
162
177
205
232
245
236
221
224
233
209
174
152
121
99
66
28
1
-10
-10
-30
-51
-36
-10
-7
-16
-3
23
54
68
60
79
110
143
142
104
93
120
106
80
50
37
21
11
-20
-61
-74
-61
-50
-56
-72
-53
-29
-29
-27
-25
17
64
81
102
141
196
248
284
283
279
292
277
257
215
174
117
77
25
-16
-35
-34
-22
-21
-19
-16
22
59
102
120
126
141
165
185
214
228
238
249
232
216
191
176
155
100
32
-16
-45
-65
-107
-145
-155
-165
-166
-174
-156
-108
-71
-55
-44
-1
48
90
116
122
127
129
133
109
88
84
61
35
-9
-46
-51
-62
-96
-127
-158
-176
-189
-211
-212
-219
-205
-176
-156
-139
-89
-18
22
75
117
140
166
170
173
156
137
126
98
87
60
30
0
-24
-51
-70
-76
-84
-78
-70
-61
-57
-66
-45
-17
5
28
60
100
130
153
158
178
198
183
159
121
92
56
10
-42
-104
-131
-191
-237
-258
-281
-287
-297
-274
-249
-234
-210
-180
-145
-109
-74
-46
-5
41
83
119
132
151
154
160
141
115
86
32
-19
-64
-102
-145
-189
-212
-222
-211
-209
-210
-180
-144
-113
-100
-70
-20
28
77
80
104
132
152
149
145
131
122
124
84
53
36
19
-10
-48
-93
-117
-127
-142
-159
-165
-148
-123
-104
-87
-43
12
72
102
132
145
183
200
192
192
173
166
144
114
86
63
42
14
-21
-43
-64
-95
-103
-106
-103
-101
-90
-55
-17
49
88
122
169
214
241
261
270
269
270
258
226
204
180
167
139
117
89
83
84
69
58
45
39
14
18
21
34
47
63
87
121
149
161
170
187
213
238
235
228
248
258
264
264
255
263
267
239
201
169
147
135
121
83
75
87
98
103
120
148
173
194
206
217
238
256
260
259
252
240
245
223
190
166
148
131
110
100
90
97
96
109
128
154
196
231
264
270
278
282
288
266
242
240
208
188
168
144
131
121
122
87
53
56
65
75
71
84
102
124
145
176
217
257
280
295
314
324
305
299
292
271
232
207
202
201
199
184
177
186
200
194
170
167
166
137
116
107
90
92
83
75
77
105
146
155
160
160
175
180
176
158
145
135
120
103
75
60
60
51
32
18
14
29
40
30
21
32
36
47
67
77
91
103
122
123
113
130
128
125
104
74
61
58
46
26
4
-17
-29
-51
-71
-61
-58
-62
-58
-64
-41
-11
5
9
9
20
40
43
32
37
47
47
49
39
37
53
70
70
62
66
77
92
83
62
62
35
22
-7
-27
-24
-28
-53
-78
-81
-67
-43
-42
-26
-26
-10
5
23
29
35
58
73
68
66
82
119
151
159
161
160
161
157
151
125
95
78
74
71
61
56
64
68
61
59
62
64
68
70
51
61
79
85
98
116
142
156
166
177
182
196
206
193
171
149
137
110
99
91
82
81
76
69
61
46
67
74
70
69
73
94
108
124
136
166
166
181
176
168
181
170
155
122
87
82
54
16
-2
-38
-54
-60
-76
-85
-85
-74
-62
-51
-27
9
43
70
106
105
138
160
156
143
119
128
115
100
69
51
47
54
52
31
20
11
6
-21
-36
-50
-68
-61
-68
-92
-96
-76
-57
-41
-41
-23
-2
20
22
11
7
0
2
-23
-46
-54
-53
-62
-86
-98
-80
-52
-60
-61
-61
-49
-22
-38
-49
-44
-30
-31
-48
-39
-18
9
27
17
29
55
67
84
60
23
20
-5
-41
-69
-102
-114
-124
-147
-151
-127
-83
-72
-52
-56
-39
3
29
28
29
42
32
32
25
24
25
7
-14
-39
-58
-71
-77
-79
-115
-129
-133
-138
-138
-142
-132
-111
-87
-46
-38
-11
12
23
38
35
48
36
45
41
31
38
52
57
38
37
34
27
12
-19
-23
-27
-28
-22
-27
-38
-24
-12
-6
13
19
27
25
33
41
56
50
58
62
64
65
65
66
53
55
42
22
21
10
5
-4
-9
-15
-4
-4
-8
-15
-17
-16
-14
-11
-13
-3
12
36
38
52
72
88
96
105
83
76
62
47
24
11
-16
-25
-29
-37
-45
-52
-51
-51
-56
-79
-83
-86
-93
-103
-99
-108
-98
-68
-42
-17
4
37
60
75
84
92
116
102
80
57
35
27
14
-1
-31
-40
-40
-39
-55
-62
-55
-54
-42
-52
-53
-50
-49
-46
-54
-41
-17
17
29
35
66
85
97
99
87
92
88
64
54
41
14
13
-1
-27
-32
-51
-57
-68
-76
-87
-84
-77
-68
-62
-59
-30
-6
17
31
34
45
43
24
17
7
-4
-12
-13
-32
-38
-39
-38
-45
-78
-92
-107
-118
-145
-157
-152
-152
-138
-133
-101
-70
-36
-27
-31
-30
-38
-30
-51
-51
-48
-58
-56
-79
-82
-77
-77
-91
-123
-149
-172
-188
-219
-239
-272
-273
-267
-268
-253
-244
-219
-187
-152
-147
-132
-123
-96
-94
-112
-114
-128
-120
-122
-123
-134
-141
-128
-145
-151
-159
-152
-157
-168
-177
-182
-170
-165
-171
-168
-161
-142
-129
-145
-153
-142
-147
-172
-195
-212
-204
-213
-222
-226
-218
-194
-171
-167
-178
-179
-174
-171
-179
-182
-166
-151
-132
-130
-124
-94
-77
-72
-99
-116
-109
-110
-129
-152
-175
-167
-157
-164
-159
-171
-156
-154
-156
-145
-141
-136
-128
-118
-119
-125
-121
-98
-97
-90
-86
-86
-84
-90
-96
-96
-109
-123
-142
-138
-135
-130
-136
-136
-134
-132
-136
-158
-167
-165
-150
-147
-156
-145
-127
-117
-112
-107
-108
-101
-105
-112
-129
-144
-160
-183
-185
-208
-223
-233
-244
-235
-224
-226
-220
-195
-181
-181
-162
-155
-138
-126
-137
-132
-121
-108
-114
-132
-131
-127
-118
-123
-131
-136
-157
-158
-179
-189
-209
-207
-216
-232
-233
-221
-203
-185
-153
-147
-120
-104
-93
-66
-53
-54
-40
-38
-46
-39
-33
-27
-42
-61
-81
-78
-95
-115
-130
-138
-139
-164
-154
-168
-146
-131
-128
-129
-118
-106
-109
-87
-98
-87
-74
-58
-48
-36
-34
-24
-18
-27
-47
-56
-72
-96
-113
-123
-118
-123
-102
-99
-85
-56
-45
-28
-29
-40
-26
-24
-27
-32
-46
-42
-48
-41
-53
-56
-64
-60
-74
-102
-121
-130
-136
-153
-160
-163
-156
-151
-146
-128
-98
-82
-84
-82
-76
-68
-58
-69
-88
-82
-76
-66
-66
-78
-55
-56
-60
-83
-96
-122
-137
-151
-187
-195
-204
-194
-195
-204
-212
-211
-213
-214
-198
-199
-190
-181
-178
-167
-160
-135
-128
-138
-134
-141
-152
-163
-175
-183
-174
-187
-185
-183
-200
-194
-176
-161
-163
-170
-164
-159
-157
-164
-166
-164
-168
-169
-190
-199
-201
-209
-227
-241
-246
-262
-271
-295
-314
-334
-325
-320
-328
-316
-304
-282
-263
-256
-237
-209
-188
-185
-188
-183
-183
-184
-188
-197
-207
-215
-216
-227
-236
-233
-240
-257
-276
-304
-319
-322
-339
-351
-366
-381
-374
-359
-359
-350
-333
-306
-292
-273
-253
-251
-236
-224
-211
-223
-230
-229
-235
-221
-229
-224
-225
-217
-218
-216
-206
-188
-179
-180
-180
-181
-163
-143
-124
-111
-106
-97
-87
-76
-85
-82
-76
-93
-95
-109
-121
-138
-150
-168
-187
-187
-194
-201
-186
-175
-173
-157
-147
-117
-102
-84
-65
-40
-21
-11
10
9
9
13
5
13
3
-16
-26
-35
-43
-48
-53
-65
-61
-53
-65
-73
-93
-97
-82
-86
-90
-82
-47
-29
-32
-31
-21
-13
-11
-15
-28
-13
-11
-11
-18
-17
-42
-35
-34
-47
-55
-59
-75
-82
-83
-84
-77
-62
-47
-46
-35
-26
-5
-7
-9
-2
8
7
-9
-11
-18
-35
-44
-65
-79
-80
-86
-107
-125
-127
-131
-135
-127
-120
-122
-102
-91
-69
-55
-45
-38
-30
-20
-19
-32
-34
-37
-53
-53
-68
-80
-88
-94
-97
-122
-139
-147
-160
-175
-180
-191
-193
-192
-191
-192
-161
-148
-138
-124
-121
-113
-111
-110
-96
-88
-75
-53
-39
-30
-18
-13
-8
-26
-34
-56
-71
-74
-105
-117
-135
-156
-189
-186
-189
-191
-192
-188
-193
-183
-160
-157
-138
-125
-110
-100
-80
-70
-77
-75
-69
-82
-93
-97
-104
-105
-130
-144
-145
-152
-152
-150
-133
-132
-125
-117
-115
-109
-99
-89
-88
-81
-75
-76
-68
-65
-69
-71
-70
-79
-83
-90
-101
-110
-120
-121
-139
-140
-149
-158
-145
-148
-139
-144
-142
-124
-118
-110
-95
-86
-64
-57
-54
-46
-46
-30
-41
-39
-37
-33
-34
-48
-51
-63
-59
-80
-82
-85
-93
-104
-117
-125
-124
-119
-126
-137
-157
-164
-159
-161
-162
-155
-150
-129
-127
-118
-104
-87
-81
-81
-79
-69
-68
-68
-78
-88
-86
-84
-82
-105
-113
-97
-100
-111
-130
-140
-136
-135
-151
-172
-178
-190
-178
-186
-182
-182
-179
-175
-187
-198
-205
-211
-209
-225
-222
-208
-205
-180
-184
-167
-155
-139
-132
-131
-129
-129
-131
-129
-129
-136
-137
-135
-139
-138
-132
-125
-110
-112
-114
-119
-111
-117
-122
-133
-128
-133
-138
-146
-156
-155
-161
-166
-166
-161
-177
-175
-170
-165
-158
-146
-137
-128
-125
-123
-114
-109
-109
-110
-110
-107
-102
-90
-91
-89
-81
-98
-92
-98
-108
-109
-115
-112
-116
-119
-125
-127
-126
-132
-131
-131
-132
-130
-126
-119
-104
-92
-95
-101
-85
-84
-83
-64
-65
-70
-76
-67
-61
-57
-60
-57
-59
-61
-56
-47
-52
-66
-73
-82
-84
-82
-80
-87
-90
-91
-80
-76
-62
-44
-46
-36
-28
-22
-26
-22
-26
-34
-23
-32
-37
-38
-45
-44
-65
-65
-52
-52
-52
-45
-32
-25
-9
-3
16
44
60
72
68
58
47
33
