SAMPLES:	13043
BITSPERSAMPLE:	16
CHANNELS:	1
SAMPLERATE:	16000
NORMALIZED:	FALSE
-205
-214
-203
-204
-203
-191
-197
-201
-203
-199
-195
-196
-204
-201
-190
-190
-188
-180
-180
-184
-180
-181
-174
-181
-174
-176
-173
-159
-153
-148
-146
-138
-141
-140
-139
-134
-133
-138
-123
-103
-109
-115
-111
-123
-108
-92
-93
-83
-80
-84
-72
-74
-75
-55
-53
-45
-40
-38
-33
-22
-13
-10
0
-5
9
16
14
23
23
30
44
39
45
49
48
55
57
59
58
63
68
69
75
74
85
93
92
94
98
105
96
108
109
117
124
125
137
140
141
139
144
143
150
153
158
165
167
177
178
174
176
170
169
172
178
178
185
187
206
211
202
207
208
205
202
198
210
227
230
234
226
229
237
236
224
227
234
233
236
236
236
246
247
238
231
237
252
247
238
246
258
244
247
250
245
243
242
237
238
235
241
243
234
242
238
223
224
223
215
217
210
212
212
207
210
202
214
212
197
198
195
194
199
197
194
187
197
193
182
199
182
183
163
160
166
163
170
148
154
142
141
140
131
128
129
124
109
95
98
98
92
92
89
82
70
64
70
63
51
50
46
45
38
42
38
30
30
17
1
-6
-10
-28
-33
-34
-24
-36
-40
-53
-61
-57
-70
-74
-78
-69
-74
-78
-88
-95
-85
-92
-107
-108
-114
-120
-115
-124
-133
-141
-142
-139
-147
-134
-145
-164
-172
-165
-172
-180
-180
-182
-186
-198
-201
-198
-199
-201
-207
-215
-228
-223
-206
-218
-229
-225
-224
-227
-238
-229
-224
-229
-222
-239
-242
-238
-241
-245
-244
-239
-242
-246
-244
-238
-229
-242
-248
-245
-245
-245
-242
-237
-231
-234
-239
-226
-225
-235
-237
-242
-240
-227
-221
-228
-224
-234
-223
-212
-220
-223
-236
-224
-229
-224
-231
-221
-215
-203
-206
-217
-204
-208
-196
-188
-197
-191
-191
-182
-180
-182
-180
-172
-178
-169
-165
-159
-158
-169
-154
-154
-149
-143
-141
-137
-136
-132
-127
-120
-117
-121
-112
-96
-92
-90
-86
-88
-89
-77
-69
-66
-61
-48
-44
-43
-27
-21
-23
-22
-18
-8
-6
3
8
2
12
16
24
27
22
33
34
35
43
40
46
54
55
58
77
77
66
80
85
93
100
101
113
108
107
116
108
115
119
132
133
137
155
155
159
157
155
153
154
151
154
176
180
182
183
176
180
182
189
188
187
189
191
198
207
207
207
213
219
215
210
220
222
226
224
234
226
234
233
238
241
237
239
234
235
239
241
242
239
235
239
242
240
238
236
231
230
235
232
230
232
221
242
228
217
222
233
225
222
217
216
219
221
222
212
219
223
224
211
209
212
210
208
210
209
214
197
187
192
173
171
176
166
171
166
163
164
159
139
133
134
131
134
119
113
106
107
111
96
87
79
80
87
75
72
57
55
48
53
35
28
28
31
18
13
17
-4
-9
-6
-10
-22
-25
-25
-34
-42
-39
-49
-52
-55
-56
-69
-75
-76
-76
-76
-86
-97
-96
-105
-111
-111
-113
-100
-116
-118
-116
-122
-125
-124
-131
-141
-132
-137
-146
-152
-161
-165
-164
-161
-162
-168
-170
-170
-172
-180
-187
-187
-182
-196
-203
-198
-206
-206
-198
-205
-215
-214
-215
-217
-207
-207
-208
-216
-217
-221
-221
-221
-222
-220
-228
-223
-223
-217
-218
-217
-221
-221
-205
-211
-219
-213
-206
-205
-206
-202
-209
-214
-204
-204
-203
-194
-197
-198
-202
-198
-192
-195
-189
-185
-189
-186
-181
-179
-173
-174
-170
-164
-164
-160
-153
-154
-158
-155
-150
-147
-150
-146
-136
-126
-127
-119
-119
-122
-110
-108
-112
-113
-101
-94
-94
-101
-91
-80
-70
-71
-77
-60
-50
-53
-56
-55
-56
-39
-44
-47
-40
-38
-21
-24
-26
-18
0
1
4
9
13
25
35
37
33
42
47
56
51
54
57
68
80
77
81
88
86
98
92
97
103
113
114
114
135
121
123
123
125
141
134
145
156
149
157
174
167
175
172
180
189
189
195
189
195
198
197
190
201
200
209
212
214
215
212
207
205
215
212
214
215
213
227
218
221
225
217
226
225
237
239
235
238
241
246
244
242
236
234
240
237
238
242
238
241
244
238
238
233
245
240
234
238
238
241
233
230
237
235
233
232
230
233
245
237
234
230
229
221
215
228
228
227
236
229
228
228
231
218
203
221
206
204
214
200
203
196
201
199
197
181
173
182
177
176
170
174
161
146
150
145
135
139
129
121
126
133
122
119
105
95
100
89
80
77
78
66
62
57
36
36
39
39
30
22
12
6
7
-10
-12
-19
-27
-23
-39
-51
-46
-59
-59
-62
-66
-57
-60
-70
-84
-84
-80
-84
-79
-90
-89
-93
-102
-103
-108
-106
-112
-115
-126
-130
-128
-131
-143
-146
-143
-140
-142
-140
-142
-151
-155
-157
-156
-160
-155
-164
-168
-168
-170
-178
-180
-174
-171
-181
-184
-179
-174
-171
-180
-179
-184
-179
-183
-183
-178
-181
-178
-192
-191
-187
-189
-190
-196
-194
-208
-197
-192
-188
-192
-195
-201
-200
-188
-202
-196
-191
-198
-192
-187
-190
-198
-191
-190
-195
-190
-197
-194
-188
-186
-180
-177
-166
-161
-167
-173
-163
-167
-160
-166
-161
-157
-158
-160
-159
-148
-147
-141
-143
-135
-125
-116
-120
-122
-118
-104
-102
-103
-92
-88
-78
-79
-77
-61
-61
-59
-55
-49
-45
-35
-30
-32
-26
-21
-25
-14
-5
10
20
12
19
28
25
26
34
42
44
61
55
51
62
73
69
76
80
89
90
90
95
103
108
107
116
120
123
125
126
129
135
146
145
148
150
163
170
158
161
172
175
183
185
193
197
191
202
199
204
209
210
214
221
220
228
228
219
232
230
238
239
229
252
250
256
251
250
262
262
266
262
259
271
280
278
274
278
276
284
288
285
286
282
276
289
286
273
283
283
282
295
289
275
284
281
290
294
290
287
278
284
279
276
280
271
265
267
270
265
254
268
267
264
267
271
268
267
258
253
258
258
258
246
248
245
240
238
240
224
220
214
216
208
208
211
205
207
199
184
189
189
184
182
174
174
171
165
157
167
164
151
155
146
141
127
132
123
130
125
108
111
106
107
97
94
83
76
79
65
67
50
55
52
43
37
22
35
30
27
18
4
6
6
-2
-6
-16
-20
-17
-18
-35
-40
-39
-51
-46
-61
-65
-72
-70
-77
-92
-85
-83
-87
-102
-101
-103
-108
-114
-120
-117
-117
-119
-125
-133
-129
-123
-139
-139
-145
-146
-146
-154
-153
-153
-159
-166
-160
-161
-166
-167
-172
-177
-174
-185
-179
-186
-185
-178
-192
-199
-188
-177
-183
-195
-182
-178
-190
-184
-193
-199
-193
-188
-194
-180
-179
-188
-188
-192
-186
-192
-188
-183
-188
-198
-199
-196
-202
-197
-196
-191
-184
-188
-182
-190
-181
-171
-179
-176
-180
-172
-168
-171
-164
-160
-160
-161
-156
-150
-163
-153
-145
-150
-148
-145
-143
-144
-139
-139
-126
-118
-125
-124
-114
-114
-109
-104
-98
-94
-87
-92
-89
-76
-74
-69
-63
-61
-49
-48
-47
-40
-46
-36
-30
-16
-18
-15
-8
-12
3
5
15
19
22
31
28
42
37
49
54
53
63
68
73
78
81
79
91
87
101
99
109
110
107
117
116
115
125
133
124
141
138
137
132
149
151
143
154
152
160
152
163
163
160
162
162
162
168
177
169
171
179
188
192
184
185
191
200
199
199
205
207
205
211
212
210
219
217
218
219
215
218
220
210
213
222
219
221
219
224
217
224
223
206
215
225
221
220
226
217
221
218
213
217
219
221
215
216
212
218
221
225
220
215
221
221
223
218
211
211
218
215
209
202
202
206
207
201
194
187
190
183
175
173
173
168
168
161
155
143
152
146
136
142
142
135
133
121
110
107
102
106
92
91
95
83
85
78
68
65
57
56
47
48
36
30
23
23
16
13
-1
-15
-6
-12
-18
-30
-22
-30
-51
-42
-60
-63
-57
-59
-67
-70
-72
-80
-82
-94
-92
-95
-101
-102
-111
-112
-126
-129
-132
-137
-134
-148
-145
-149
-148
-145
-154
-168
-171
-168
-174
-184
-187
-185
-187
-189
-189
-184
-188
-194
-194
-199
-200
-199
-207
-210
-209
-213
-209
-212
-221
-224
-220
-217
-223
-221
-224
-226
-229
-229
-229
-232
-235
-232
-234
-239
-234
-239
-235
-232
-237
-239
-236
-232
-231
-224
-233
-231
-220
-216
-221
-222
-220
-216
-211
-220
-215
-214
-217
-223
-223
-208
-208
-213
-212
-205
-205
-200
-201
-198
-193
-202
-191
-183
-182
-185
-184
-187
-177
-183
-177
-172
-167
-177
-173
-169
-167
-161
-168
-156
-157
-156
-147
-147
-145
-135
-129
-120
-127
-125
-122
-109
-100
-110
-106
-98
-97
-91
-83
-86
-80
-74
-71
-72
-69
-56
-57
-44
-45
-41
-43
-38
-22
-21
-23
-17
-13
-4
5
12
16
23
32
33
29
36
35
46
56
58
58
49
66
71
65
73
77
90
84
81
90
92
95
98
105
102
102
114
108
117
129
117
123
128
138
127
134
135
144
147
141
138
141
162
158
170
166
161
162
161
174
167
164
156
162
164
164
176
164
166
176
168
170
165
170
182
170
165
169
179
166
170
177
173
175
163
161
168
172
168
174
178
177
180
176
169
164
160
163
165
167
161
164
165
156
152
152
158
156
150
154
157
145
140
142
147
148
135
137
137
133
127
124
120
114
117
113
120
114
106
105
97
91
90
80
77
70
73
62
50
45
42
45
41
32
24
22
16
10
-3
-12
-13
-8
-14
-23
-26
-31
-31
-31
-44
-54
-60
-79
-70
-67
-70
-77
-90
-87
-97
-97
-109
-111
-118
-119
-130
-135
-141
-135
-136
-145
-144
-144
-156
-173
-170
-174
-182
-185
-186
-196
-206
-195
-203
-210
-210
-229
-219
-222
-226
-225
-222
-226
-225
-235
-237
-233
-250
-240
-244
-244
-240
-241
-247
-251
-246
-246
-247
-247
-252
-244
-252
-255
-261
-259
-263
-261
-260
-267
-272
-268
-267
-277
-281
-273
-268
-273
-278
-275
-271
-267
-267
-276
-272
-264
-266
-272
-261
-269
-265
-258
-260
-262
-261
-257
-254
-247
-253
-252
-262
-251
-246
-254
-248
-250
-236
-229
-232
-232
-233
-240
-239
-228
-225
-222
-227
-217
-223
-224
-221
-219
-204
-207
-201
-203
-202
-201
-196
-197
-180
-188
-186
-176
-169
-165
-173
-158
-154
-147
-145
-147
-140
-136
-124
-124
-132
-123
-115
-107
-100
-99
-101
-99
-84
-81
-77
-76
-65
-61
-51
-53
-59
-48
-55
-46
-33
-31
-19
-16
-13
-21
-15
4
-4
8
11
6
14
21
30
27
26
38
44
54
52
56
57
55
65
75
70
69
85
82
91
96
90
97
97
104
103
109
111
119
118
111
123
130
127
127
134
140
134
135
145
146
142
149
147
164
158
155
157
161
156
154
166
165
168
175
178
175
178
174
180
182
182
185
183
185
183
187
172
185
188
183
191
182
190
177
179
176
178
171
175
184
169
175
173
169
164
169
166
161
160
162
170
167
167
161
158
170
170
158
156
161
157
150
142
143
144
131
130
122
133
124
123
129
126
125
113
111
100
94
93
91
86
69
71
74
63
69
49
40
41
35
35
24
7
19
25
8
0
9
-1
-37
-36
-17
-25
-46
-47
-45
-43
-62
-72
-63
-69
-94
-91
-78
-94
-94
-105
-105
-112
-109
-115
-151
-133
-115
-130
-162
-166
-148
-157
-171
-161
-169
-188
-187
-202
-204
-194
-183
-195
-225
-215
-193
-220
-246
-216
-210
-235
-240
-228
-216
-223
-253
-245
-215
-235
-262
-262
-241
-263
-287
-267
-251
-274
-289
-270
-281
-293
-283
-285
-292
-285
-274
-295
-310
-272
-276
-300
-305
-296
-268
-296
-310
-273
-257
-288
-293
-282
-298
-274
-262
-302
-298
-259
-278
-297
-304
-284
-250
-256
-306
-316
-245
-226
-265
-290
-288
-247
-228
-280
-309
-264
-251
-264
-264
-270
-256
-237
-254
-248
-207
-245
-275
-231
-217
-246
-244
-243
-216
-225
-263
-234
-198
-225
-254
-189
-193
-220
-192
-194
-223
-188
-178
-180
-145
-166
-179
-110
-116
-158
-142
-148
-102
-86
-179
-161
-63
-75
-139
-186
-108
-36
-91
-116
-67
-22
-1
-88
-115
-60
-43
17
-64
-140
86
94
-151
-90
54
36
-21
20
35
-8
4
44
36
-1
38
49
54
-14
31
107
82
60
15
5
75
124
22
43
152
101
51
95
95
94
56
60
160
103
27
156
153
24
123
169
58
81
185
190
111
86
118
194
211
97
86
119
184
243
115
103
210
160
113
195
175
168
183
144
176
189
172
146
179
148
170
202
192
172
124
163
196
190
165
150
181
205
168
213
190
134
184
141
159
171
130
182
175
191
133
97
205
175
85
212
220
82
79
171
202
48
56
181
124
115
105
98
145
122
95
102
130
122
17
42
153
103
53
128
21
62
210
0
-24
129
56
46
84
0
35
41
-16
-57
69
105
-48
-63
32
34
-61
-51
-15
-5
-22
-82
-63
-20
-35
-66
-68
-98
-77
-44
-120
-62
-103
-136
-63
-76
-190
-134
-39
-129
-121
-108
-126
-74
-168
-218
-111
-114
-121
-185
-189
-48
-109
-300
-201
-88
-150
-226
-235
-130
-158
-234
-236
-191
-219
-194
-175
-245
-235
-172
-165
-290
-262
-139
-171
-301
-290
-156
-180
-293
-316
-177
-160
-266
-258
-252
-266
-234
-252
-273
-232
-224
-312
-310
-157
-223
-337
-249
-193
-255
-236
-217
-275
-295
-242
-200
-173
-318
-394
-111
-191
-356
-214
-185
-224
-272
-249
-190
-198
-256
-261
-206
-152
-287
-297
-168
-182
-201
-273
-284
-128
-211
-276
-151
-169
-213
-203
-255
-170
-151
-292
-186
-171
-233
-196
-144
-172
-137
-192
-160
-130
-267
-136
-94
-144
-179
-163
-125
-146
-110
-39
-156
-209
1
-83
-122
-32
-121
-104
-72
-97
-27
-97
-143
-15
-36
-27
20
-43
-131
-22
125
-28
-131
61
69
-66
-27
36
19
-5
114
20
-33
136
40
84
89
-24
131
28
0
182
69
17
186
97
-26
163
155
99
86
179
289
84
3
292
72
18
279
166
93
172
201
114
129
204
197
129
132
179
278
144
87
269
219
92
187
230
191
242
210
92
205
335
157
141
267
200
146
267
264
161
169
192
174
241
240
165
229
159
214
270
185
235
240
108
210
230
182
220
212
265
166
146
172
222
260
208
128
239
276
208
169
191
213
208
219
77
285
311
107
65
256
338
90
122
228
232
215
97
82
198
197
166
152
125
176
122
127
224
99
131
119
44
158
157
171
43
19
100
102
138
22
71
100
14
106
33
104
29
-43
69
58
49
-62
-39
90
46
-119
21
73
-173
49
67
-135
43
-73
-134
6
-4
-45
-41
-138
-87
-15
-76
-87
-170
-5
-47
-84
-95
-151
-121
-128
-23
-241
-96
67
-270
-192
-44
-238
-105
-198
-248
63
-197
-273
21
-282
-262
23
-243
-194
-127
-340
-65
-138
-326
-3
-308
-326
-113
-254
-190
-123
-222
-246
-237
-175
-129
-292
-294
-173
-64
-283
-270
-75
-287
-256
-154
-229
-238
-241
-62
-221
-360
-178
-117
-283
-326
-88
-154
-433
-198
-48
-242
-305
-184
-158
-308
-183
-233
-198
-143
-234
-275
-182
-169
-186
-267
-305
-40
-199
-291
-148
-134
-169
-308
-268
-102
-118
-289
-242
-96
-128
-215
-205
-202
-152
-114
-201
-152
-218
-130
-20
-257
-224
-20
-145
-229
-150
-70
-106
-123
-52
-140
-93
-72
-164
-79
-24
-44
-88
-165
-63
74
-120
-92
100
-92
-93
90
-76
-67
135
20
-40
-99
-40
149
18
-49
52
35
129
315
-46
7
328
59
-53
193
134
100
218
-58
24
278
30
-4
183
89
49
206
64
-41
234
226
-27
-21
241
182
15
97
220
151
105
267
44
185
290
74
181
192
169
317
168
-95
415
454
-136
125
595
161
-60
260
329
191
282
234
82
268
279
186
237
248
95
342
334
-9
328
461
-37
158
550
82
33
488
147
149
331
132
335
181
70
380
244
6
371
300
-34
360
310
64
283
240
169
300
227
142
290
222
74
358
310
49
334
188
59
375
320
-10
183
433
169
119
158
225
208
85
226
294
93
92
235
282
-6
143
412
17
-74
294
318
-12
-20
148
357
-5
-189
400
251
-305
245
454
-263
-114
379
186
-221
71
309
-58
-157
247
103
-76
-27
113
115
-162
12
252
-57
-346
122
207
-96
-76
7
-110
-129
127
96
-225
-93
86
-83
-96
-46
-137
47
-93
-195
104
-134
-133
3
-179
-245
181
-117
-409
74
73
-433
-133
97
-192
-54
-318
-222
91
-140
-289
-50
-94
-195
-138
-55
-297
-216
38
-346
-118
-73
-228
-103
-198
-356
-72
-94
-294
-81
-154
-293
-102
-31
-348
-298
-49
-173
-297
-54
-83
-415
-321
141
-84
-611
-72
23
-364
-153
-215
-281
-6
-261
-422
219
-265
-522
138
-84
-599
86
89
-483
-237
0
-132
-349
-157
-117
-91
-244
-322
-26
-48
-519
25
225
-584
-260
158
-241
-237
20
-118
-188
-217
-75
47
-233
-295
51
-11
-305
-122
52
-157
-173
-163
-86
189
-116
-438
44
285
-381
-117
319
-390
-26
309
-321
-66
202
-230
-155
241
56
-260
131
44
-259
258
133
-246
89
155
-247
181
288
-248
74
191
-172
104
361
-196
-79
297
77
79
38
116
117
50
161
101
103
158
98
205
147
64
169
151
265
49
123
424
54
-30
320
346
54
212
286
50
148
349
188
69
343
324
133
106
253
424
168
147
185
256
393
196
171
271
174
209
405
230
91
387
185
172
438
151
169
296
233
329
293
115
244
348
333
164
355
337
13
338
401
139
223
300
230
272
339
201
109
237
447
305
102
195
448
245
147
220
275
268
143
293
277
226
203
284
361
122
184
256
100
294
295
222
272
66
253
305
148
212
78
180
468
223
-23
181
257
311
206
-160
216
506
-52
-69
349
259
69
-59
48
602
-15
-336
349
268
-45
55
205
-113
65
194
17
-7
-13
90
150
-155
-207
374
157
-234
-153
158
279
-149
-248
5
136
-8
-132
-58
-1
-47
-40
-85
-140
25
95
-380
-136
346
-227
-307
-33
25
-173
-130
-83
-36
-94
-198
-78
-24
13
-284
-390
-59
189
-302
-347
-64
-45
-192
-338
-18
-7
-470
-306
264
-56
-560
-275
195
-219
-393
-27
-130
-322
-158
-114
-299
-160
-111
-98
-422
-335
202
-250
-423
-119
-105
-214
-279
-318
-119
-9
-405
-220
38
-457
-321
29
-267
-226
-128
-303
-74
-74
-269
-295
-255
-60
-106
-354
-286
69
-27
-602
-418
171
50
-411
-476
-52
-17
-170
-184
-278
-220
-79
-209
-245
-82
-194
-219
15
-121
-270
3
-237
-335
13
15
-252
-270
11
44
-391
-225
127
-7
-267
-192
29
-45
64
-193
-287
56
93
-214
-274
121
139
-213
-157
150
-110
-92
86
-29
-46
76
-20
-25
119
-203
-129
383
101
-221
134
119
19
6
-82
145
59
88
209
-66
-39
480
117
-472
286
629
-24
-406
272
594
21
-231
237
502
-48
-230
316
407
57
195
208
-74
235
440
106
15
114
356
422
4
93
399
130
-23
482
336
-30
191
258
199
256
483
129
-36
389
301
359
318
261
287
55
78
709
540
-224
121
459
407
95
271
428
211
211
252
348
410
286
85
261
585
192
141
399
306
172
235
623
216
56
435
388
275
147
277
367
286
356
287
286
266
296
287
157
181
466
474
148
91
283
501
386
-81
118
617
311
-92
288
392
420
55
-129
507
369
71
232
198
217
417
69
97
305
215
141
142
314
45
116
293
94
-3
167
328
96
-76
57
269
170
1
188
386
-40
-175
285
305
125
-155
-2
412
116
-190
57
126
84
-152
78
328
-59
-43
209
-31
-84
292
-162
-19
176
-93
81
-98
-183
208
83
-364
105
165
-403
-193
242
172
-198
-388
-84
194
-85
-105
29
-369
-215
228
36
-466
-250
238
-23
-497
-148
359
-77
-525
-193
49
-73
-134
-38
-102
-252
-180
139
16
-457
-227
145
-207
-319
231
20
-297
-192
-162
-145
-219
-178
52
-115
-347
-117
-9
-157
-173
-417
-329
102
-138
-324
107
-160
-557
-96
333
-61
-567
-271
72
8
-240
-231
-88
74
-295
-275
70
-204
-53
-102
-204
103
-82
-247
-181
-154
-21
-150
-497
-153
324
-83
-553
-206
309
-208
-312
77
-157
-175
70
51
-327
181
189
-413
-274
239
338
-8
-284
9
355
-167
-311
330
0
-549
-6
207
149
-173
-128
111
124
-268
-193
680
203
-549
199
523
-164
-87
100
16
47
293
378
108
-303
372
594
-377
-288
814
325
-350
-156
458
367
-251
159
416
56
50
156
322
128
-84
671
145
-160
620
299
-313
335
467
74
319
244
410
460
-212
-51
721
245
6
277
279
209
155
272
347
423
43
-2
247
428
563
143
-161
405
832
92
-222
633
559
110
304
563
421
139
216
240
605
567
12
295
365
181
488
411
-44
356
796
25
83
379
533
442
-117
112
900
428
-502
526
808
207
-69
269
793
205
43
570
126
167
864
374
-276
463
697
-15
-104
296
880
250
-480
265
994
406
-167
-167
519
980
27
-400
594
744
1
-8
306
358
259
370
296
93
292
526
276
-182
108
620
265
-112
117
302
383
-30
-126
340
215
94
377
-243
92
629
-62
-275
301
409
-20
49
105
-78
102
573
-130
-616
534
853
-670
-284
799
147
-603
-13
490
102
-247
-301
257
-79
-54
-46
-200
-157
132
105
-217
-19
-95
-107
44
120
-255
-242
293
-31
-342
-176
70
400
-260
-453
27
174
-262
-184
189
-120
-220
-6
-127
-108
-101
-314
-302
189
117
-380
-234
-70
-239
-308
177
-155
-375
-64
33
232
-310
-851
328
414
-592
-302
127
-31
-396
-544
239
197
-669
-312
-34
-225
91
135
-432
-612
-1
468
-173
-1048
-176
541
-126
-352
-447
67
353
-654
-570
620
-140
-783
70
255
-241
-598
5
391
-475
-597
355
196
-684
61
466
-296
-708
12
648
-390
-812
453
80
-758
300
283
-422
-404
-5
305
-345
-478
593
-117
-742
362
367
-528
-255
222
45
-253
-51
306
124
-254
-215
212
296
-426
2
573
-418
-52
548
-285
-255
301
128
63
-94
88
328
158
-305
-260
353
469
-122
-147
146
221
-1
-150
242
235
-262
204
461
-195
30
607
67
-117
-45
367
517
-77
22
260
174
226
299
-119
82
325
589
168
-421
239
761
-110
-83
472
-7
464
231
-67
299
140
178
397
-29
246
694
49
-47
13
153
481
413
-181
88
592
324
139
54
66
115
604
776
50
-462
436
1027
-122
-474
691
1257
-317
-738
571
962
505
-301
-375
879
752
-37
26
-20
383
518
147
126
468
514
-86
-391
744
898
-226
-130
715
359
175
200
-52
332
209
118
346
425
231
169
139
-51
422
500
-279
-101
776
542
-305
-30
627
131
-306
598
880
14
-12
302
455
161
-8
430
144
-5
182
468
160
-472
22
406
-22
-87
154
76
167
-214
-168
104
174
-113
-248
222
155
-24
-101
14
261
-31
-170
-30
63
7
219
156
-549
-165
430
246
-417
-428
286
439
-553
-190
380
-297
-282
95
7
-224
30
135
-425
-369
253
298
-445
-546
257
-255
-302
-111
-349
-292
-177
-385
-583
-202
-83
-370
-810
-635
-78
-156
-679
-863
-310
-214
-718
-1031
-517
50
-645
-1033
-774
-299
-249
-740
-891
-633
-283
-521
-782
-592
-125
-224
-648
-613
-56
216
-223
-334
-18
223
155
70
66
180
340
195
116
279
453
360
64
37
405
614
109
-91
351
414
64
186
163
-52
232
97
-51
130
-39
60
-240
-549
-92
9
-451
-547
-293
-255
-124
-543
-850
-669
-555
-397
-713
-1071
-683
-660
-1062
-1182
-1343
-1192
-1480
-1999
-1903
-1739
-1265
675
1060
257
-2899
-3943
-249
2075
1811
-1744
-2153
430
2542
1339
-915
-875
740
1344
-348
-406
1475
2746
1180
-1507
-1331
648
1559
563
-527
-367
296
535
131
204
-129
-461
-903
-647
326
616
353
-103
-276
-109
-119
226
675
582
296
238
836
1262
879
339
443
882
1043
962
952
1133
1092
631
350
747
1061
718
229
299
731
876
365
-48
-121
-202
-249
-289
-190
-19
-134
-667
-1162
-1200
-1081
-1088
-1685
-2341
-2240
-1896
-1511
-97
1863
1322
-1819
-5198
-2875
2338
4068
1092
-2653
-943
2797
3678
732
-1009
407
2142
1371
343
1982
3913
2923
-779
-2356
-102
2374
2206
147
-857
-221
614
523
98
-349
-858
-1294
-1127
-60
862
848
125
-674
-1162
-853
252
1465
1384
321
27
876
2052
1895
858
398
900
1820
2089
2154
1987
1394
417
146
994
1808
1485
313
25
576
1015
603
-152
-646
-638
-392
-272
-86
-18
-437
-1201
-1904
-1771
-1261
-1238
-2089
-2917
-3088
-2788
-1976
523
3047
1330
-3851
-7916
-2591
4979
6117
-260
-5029
-693
4946
4726
-546
-1867
1267
3293
867
-386
2897
5614
2785
-3322
-4238
576
4229
2353
-1561
-2514
-670
522
-22
-806
-1460
-1950
-2325
-1546
-20
825
243
-950
-1951
-2188
-1086
811
2313
1418
-647
-1055
972
2862
2025
245
92
1462
2202
1880
2044
2382
1141
-890
-1014
1413
3005
1369
-1161
-1277
518
1036
-207
-1159
-897
-656
-1001
-881
-183
-115
-1342
-2546
-2366
-1401
-1205
-1981
-2964
-3165
-3035
-3047
-2494
883
3346
1000
-5487
-8681
-1361
6376
6163
-2198
-5892
-48
6010
4338
-1564
-2147
1882
3651
394
-615
2937
5797
2014
-4562
-4804
1230
5194
2320
-2737
-3751
-801
907
67
-1695
-2263
-2032
-1884
-1445
-462
336
139
-958
-2586
-2753
-994
1938
3297
1179
-1564
-1534
1475
3419
1822
-326
113
2457
3373
2178
1404
1382
887
-577
-268
2130
3519
1426
-1666
-1656
714
1649
-168
-1529
-773
455
84
-817
-691
-502
-1424
-2285
-1676
-310
-643
-2264
-3478
-3137
-2470
-2473
-1831
1383
3406
406
-6012
-7731
317
7001
5087
-3466
-5246
1724
6834
3451
-2402
-1714
2969
4002
360
-139
3678
5926
1396
-4585
-3922
2345
5760
2471
-2552
-3447
-402
1509
627
-1526
-2262
-1638
-723
-327
-295
-143
57
-401
-1859
-2488
-846
2602
4007
1473
-1804
-1691
2047
4146
2168
-525
263
3214
4041
2346
1395
1922
1257
-490
31
3396
4690
1441
-2115
-1394
1632
2237
215
-922
62
777
148
-428
-111
-166
-1339
-1871
-789
474
-293
-2302
-3429
-2889
-2209
-2417
-2269
975
3995
1893
-5023
-9297
-2234
6490
7323
-1214
-5973
-370
6218
4698
-1843
-2684
2451
5306
1682
-693
2332
6276
3347
-3622
-5097
993
6491
4832
-957
-3809
-1654
900
967
-882
-1570
-982
-332
-499
-957
-941
-367
-295
-1458
-2432
-1431
1831
3689
1806
-1912
-2815
273
3365
3112
739
216
1807
2652
1562
1187
2290
2370
259
-678
2054
4615
2642
-1683
-2490
683
2706
1307
-300
122
544
-781
-1737
-446
1061
35
-1901
-1904
-283
-44
-2089
-3694
-3407
-2248
-2390
-3010
-1544
2601
3250
-1826
-9331
-8357
1709
8288
4895
-4180
-5123
986
4486
708
-2759
248
5094
3924
-796
-1246
3253
5391
347
-4863
-3020
3861
6793
2796
-3031
-4275
-1886
348
398
-271
-114
-176
-1048
-2638
-3165
-1779
292
515
-1468
-2902
-1307
1787
2208
-930
-3535
-2141
1771
3494
1987
240
259
685
167
141
2228
4090
2758
-548
-1479
1235
3166
1369
-1302
-690
1905
2163
-15
-953
41
14
-1706
-1740
886
2258
-86
-3074
-2956
-961
-691
-2319
-2914
-2008
-1721
-3248
-3974
-1518
2526
1937
-3382
-8725
-5574
2915
6747
2575
-4256
-4007
364
2365
154
-251
2866
4735
1372
-2446
-1181
3649
5165
1094
-2681
-1421
2985
4394
1478
-2084
-2518
-880
524
365
209
389
-77
-1734
-3669
-3416
-679
2007
1665
-1572
-3812
-2319
609
1466
-427
-1326
51
1540
918
-244
759
2155
1450
-680
482
3991
4923
1101
-2118
-165
3081
2971
677
936
2638
1550
-1421
-1255
1774
2859
224
-1497
41
1560
360
-1624
-1401
-182
-361
-1672
-1943
-1286
-1345
-2706
-3580
-2521
-222
1865
836
-2543
-6035
-4483
965
4619
2797
-1841
-2541
24
1473
-112
-177
3098
5364
2324
-1990
-1574
3109
5144
2063
-1085
41
3077
3222
706
-721
227
1011
408
-504
254
1433
1197
-757
-2737
-2723
-696
1510
1669
-271
-2084
-1995
-705
7
-163
297
1182
1192
-321
-1181
99
2096
2331
980
959
1877
2342
942
410
1650
2623
1783
515
1336
2714
1974
-258
-763
1099
2413
1369
236
350
645
-347
-1325
-603
648
384
-1133
-2120
-1884
-1672
-2138
-2314
-1471
-206
805
-451
-2616
-4863
-3246
730
3009
1496
-1897
-1982
-317
384
-802
-95
2720
4181
1366
-1833
-1410
1909
3357
1693
411
1180
2204
1282
-237
-146
1197
1652
884
-127
73
541
579
-190
-1294
-1486
-496
809
874
-572
-1708
-1571
-735
-506
-636
-21
719
243
-1225
-1821
-642
795
1165
942
785
473
-515
-568
719
2202
1864
418
-52
746
1144
523
195
739
1153
568
-11
145
512
24
-758
-864
-328
-34
-323
-995
-1486
-1919
-1968
-1773
-1198
-709
-52
-305
-1482
-3351
-3723
-1371
1133
1515
-918
-2179
-1729
-799
-1278
-1111
665
2309
1170
-1394
-2203
-678
1086
1121
776
638
620
-98
-550
-137
722
1065
883
273
-171
-298
169
695
349
-506
-764
14
594
133
-606
-536
-179
-315
-912
-568
334
626
-181
-1125
-1128
-613
-107
134
327
145
-456
-863
-497
198
545
264
-112
-88
60
90
-85
-74
242
430
136
-335
-290
267
342
-180
-543
-138
381
71
-629
-852
-495
-224
-344
-326
29
24
-472
-1233
-1239
-531
164
209
-311
-658
-759
-773
-830
-558
-48
295
66
-358
-718
-757
-530
-92
257
196
-79
-249
-274
-253
-117
131
346
214
-44
-123
162
392
311
78
65
277
381
329
342
437
418
203
86
281
558
620
413
254
178
94
65
188
383
437
266
164
213
301
223
77
164
411
579
460
229
196
414
577
534
369
342
513
680
577
322
200
324
441
359
224
240
354
299
87
-122
-86
134
237
119
-148
-257
-159
-47
-100
-299
-275
-131
-62
-179
-352
-294
-119
-54
-210
-379
-295
-78
2
-128
-224
-72
112
102
-45
-69
110
259
266
189
331
392
330
312
347
454
416
575
537
464
459
511
503
436
488
458
420
393
461
361
170
124
274
412
350
267
226
198
133
120
250
406
432
277
168
248
453
533
386
268
319
430
473
363
236
199
208
230
196
159
165
197
108
-100
-251
-195
-28
-12
-183
-310
-315
-309
-401
-548
-564
-462
-413
-422
-434
-492
-581
-679
-684
-591
-515
-447
-439
-503
-574
-555
-400
-230
-222
-275
-249
-156
-124
-142
-38
122
129
-15
-47
115
244
164
47
65
162
139
58
70
143
77
-119
-136
-22
-1
-179
-289
-184
-73
-150
-295
-306
-232
-221
-281
-268
-190
-129
-187
-245
-215
-86
56
19
-98
-90
16
113
71
-96
-109
33
159
121
-19
-60
33
57
-63
-174
-111
13
-31
-196
-288
-187
-115
-246
-451
-537
-470
-380
-374
-454
-522
-559
-617
-710
-732
-722
-686
-630
-637
-663
-704
-702
-659
-576
-492
-421
-368
-410
-424
-318
-159
-109
-170
-152
-22
68
-20
-114
5
209
185
-2
-90
33
147
55
-86
-95
8
-6
-113
-149
-14
69
-53
-239
-241
-54
57
0
-120
-127
-61
-51
-93
-2
171
214
69
-66
34
256
295
120
39
192
383
376
263
246
341
396
312
231
308
486
503
288
108
216
467
469
166
-106
-44
165
232
107
-44
-31
3
-152
-363
-375
-187
-75
-211
-364
-351
-260
-302
-436
-405
-184
-48
-167
-305
-236
-32
16
-127
-204
-3
288
291
39
-84
141
397
343
138
159
339
409
270
132
230
385
356
182
153
314
404
261
99
145
304
343
222
181
247
248
182
177
323
436
374
224
191
339
447
381
277
358
533
579
462
383
475
612
551
351
298
481
695
614
348
248
440
558
350
72
55
290
401
210
-10
6
140
99
-162
-341
-169
63
46
-186
-334
-262
-213
-294
-371
-238
7
14
-295
-495
-291
41
24
-290
-410
-106
187
37
-290
-300
19
162
-39
-194
-16
195
110
-143
-174
48
192
99
-42
4
116
69
-50
-21
99
126
7
-73
-4
64
4
-110
-92
40
138
54
-64
-70
-14
1
-27
24
164
263
176
12
1
168
301
205
37
50
234
310
169
21
9
105
74
-136
-256
-139
52
7
-305
-504
-347
-169
-280
-556
-612
-398
-282
-426
-625
-601
-468
-486
-643
-626
-355
-168
-361
-679
-647
-290
-99
-313
-549
-467
-172
-107
-325
-460
-305
-142
-207
-366
-342
-147
-116
-306
-420
-327
-183
-212
-326
-353
-294
-237
-292
-322
-267
-233
-316
-397
-350
-227
-202
-319
-411
-336
-187
-149
-232
-271
-239
-190
-191
-179
-70
102
156
44
-84
-49
154
284
231
122
124
248
298
222
120
141
219
105
-79
-118
53
195
18
-295
-404
-245
-144
-262
-418
-401
-316
-342
-473
-504
-384
-332
-435
-533
-404
-164
-100
-278
-389
-250
-54
-52
-170
-140
40
149
71
-31
-5
137
211
141
94
147
252
263
194
132
124
145
155
176
182
115
46
38
41
46
2
-29
-22
-45
-101
-164
-152
-95
-93
-140
-159
-109
-85
-112
-117
-84
3
111
232
272
192
73
127
348
485
459
389
454
527
475
346
379
559
595
400
206
278
490
503
240
8
2
158
192
73
12
43
10
-131
-204
-96
17
-37
-153
-163
-24
101
78
13
26
93
99
71
140
277
368
297
185
177
265
378
417
360
306
334
426
450
367
265
241
318
342
300
263
268
250
159
85
128
196
204
82
-58
-69
5
44
-4
-33
-47
-70
-130
-113
16
88
25
-11
106
262
260
119
76
192
330
348
314
365
448
406
236
161
303
446
364
167
86
163
248
165
-22
-167
-151
-79
-96
-153
-197
-216
-293
-398
-390
-296
-257
-319
-373
-339
-269
-232
-236
-232
-213
-188
-181
-198
-113
13
47
-32
-153
-131
22
159
116
-28
-75
49
157
70
-42
-44
50
63
-66
-117
-41
12
-75
-216
-223
-129
-111
-206
-316
-328
-293
-292
-328
-335
-317
-351
-432
-463
-340
-219
-211
-303
-311
-177
-80
-118
-191
-148
-17
28
-11
-3
99
164
44
-124
-117
42
128
33
-106
-120
-70
-70
-193
-328
-370
-338
-301
-353
-449
-506
-514
-547
-639
-660
-565
-490
-528
-600
-606
-540
-488
-495
-480
-409
-357
-377
-378
-295
-184
-161
-254
-313
-190
19
77
-43
-159
-86
60
91
14
0
61
63
-23
-93
-43
52
57
-51
-142
-133
-102
-125
-200
-239
-217
-225
-247
-260
-261
-250
-309
-377
-328
-202
-105
-141
-223
-204
-104
-18
10
10
47
82
93
159
248
286
229
136
136
226
288
295
246
185
155
162
164
122
59
-5
-32
-47
-59
-77
-109
-182
-281
-363
-332
-201
-149
-220
-328
-349
-299
-231
-184
-140
-100
-110
-135
-97
26
139
140
43
20
180
395
422
308
229
282
421
494
484
464
472
450
379
345
395
484
491
378
256
210
246
279
240
151
87
85
123
96
20
-44
-63
-25
14
56
89
52
-16
-31
62
212
261
208
151
185
316
416
430
414
366
370
409
449
501
515
496
432
378
404
476
485
353
216
194
262
271
215
127
37
-36
-74
-45
1
19
-38
-162
-248
-235
-145
-57
-47
-76
-130
-144
-102
-41
28
43
6
19
123
246
255
171
132
205
347
379
330
296
348
389
338
245
248
373
444
345
175
124
191
226
125
28
26
98
95
-57
-188
-193
-129
-98
-129
-174
-191
-218
-270
-272
-194
-101
-104
-192
-237
-157
-25
24
-46
-99
-65
6
43
62
83
91
63
14
37
115
149
71
-43
-73
-26
-15
-78
-151
-174
-201
-273
-342
-346
-320
-326
-399
-492
-524
-488
-443
-439
-480
-498
-490
-481
-484
-480
-434
-396
-349
-353
-331
-264
-234
-250
-226
-134
-66
-89
-160
-132
-7
72
-15
-132
-111
40
105
13
-95
-93
-42
-67
-168
-205
-120
-50
-112
-281
-391
-315
-210
-196
-284
-344
-347
-354
-377
-365
-272
-243
-318
-408
-366
-254
-189
-205
-283
-298
-229
-188
-167
-152
-128
-131
-142
-121
-74
-27
-71
-125
-145
-108
-74
-104
-153
-183
-184
-213
-288
-334
-292
-254
-281
-350
-381
-375
-372
-385
-416
-406
-345
-300
-339
-417
-412
-330
-252
-233
-241
-201
-151
-142
-140
-91
-1
41
1
-20
43
156
190
79
4
89
224
254
170
113
134
145
98
42
66
177
218
110
-33
-69
11
98
107
58
26
16
2
1
20
42
43
19
47
93
115
117
90
80
78
128
163
170
174
175
202
222
245
274
356
381
227
168
278
190
173
287
174
81
198
82
-95
42
63
-110
-122
27
166
207
60
-39
193
320
90
-50
21
53
48
117
174
168
178
194
253
326
349
367
362
327
348
421
458
434
372
339
409
499
467
367
336
366
361
352
299
296
358
359
212
118
169
212
240
237
212
185
184
138
92
138
158
137
190
231
186
125
134
152
199
220
236
255
201
185
249
285
274
316
288
190
188
270
305
260
197
120
125
198
184
63
3
37
203
238
18
-6
144
14
-148
-138
-149
-54
18
-133
-224
-66
-30
-91
9
31
-34
-11
-28
-2
111
72
-31
23
39
-4
85
108
74
131
78
104
412
368
-2
1
151
19
-33
75
-33
-66
-3
-137
-172
7
-22
-174
-81
-78
-141
-116
-210
-192
-157
-242
-233
-106
-115
-192
-209
-252
-161
-112
-76
-95
-169
-179
-168
-106
-110
-69
-118
-176
-118
-106
-56
-68
-104
-127
-201
-185
-148
-186
-261
-214
-183
-178
-256
-344
-220
-241
-374
-353
-307
-307
-258
-248
-320
-424
-333
-226
-254
-197
-268
-307
-135
-140
-159
-41
-178
-233
-56
-22
-57
46
-75
-138
52
-94
-85
126
6
-159
-133
-54
-81
7
64
-74
-137
-128
-193
-86
31
-162
-188
-90
-117
-173
-139
-133
-115
-94
-247
-120
95
-84
-252
-59
-55
-211
-77
13
-136
-155
-40
-48
-81
-39
-7
-84
-4
2
-127
-20
93
-89
-133
38
-94
-69
32
-64
-46
44
-78
-110
-20
-119
-2
-6
-222
-41
120
-118
-69
38
-159
16
134
-36
177
128
-99
31
257
277
120
150
116
268
418
266
228
270
201
226
407
336
271
351
208
50
359
367
64
202
226
142
235
126
140
349
232
32
195
208
105
244
262
273
183
111
397
322
245
309
286
265
437
493
75
112
1005
807
-539
17
974
463
-79
187
494
612
371
-84
85
434
139
87
294
113
160
184
62
161
92
61
164
97
40
383
115
-324
70
344
244
152
0
175
546
321
-88
149
620
464
34
223
659
565
349
270
454
459
225
492
572
250
389
435
416
214
-69
378
494
343
273
-230
32
670
-138
-349
544
331
-107
158
-319
0
826
-187
-486
190
430
261
-43
-120
149
200
189
137
102
153
167
201
39
117
443
60
-198
225
273
142
-65
-191
198
237
-364
-112
104
18
114
-370
-435
97
15
-446
-156
-35
-253
-464
-280
-68
-194
-165
-423
-377
124
-152
-492
-36
69
8
-233
-446
132
430
-166
-216
77
172
140
-151
-53
332
218
-307
-52
187
62
26
-183
-17
130
-363
-229
245
-78
-400
-197
-262
-108
49
-598
-339
90
-277
-469
-188
-36
-297
-268
-265
-308
-46
-157
-268
-130
27
-241
-498
26
161
39
-292
-255
-99
17
-28
-331
-137
306
-204
-749
135
157
-717
-471
199
51
-444
-528
-86
-143
-475
-519
-143
-83
-466
-380
-273
-356
-484
-122
-240
-574
-250
110
-243
-540
-320
-25
-92
-308
3
-49
-7
-169
-139
115
-52
-18
-38
184
335
-176
-237
49
197
37
-35
-3
131
53
20
-169
-111
107
-164
-91
271
-88
-493
-13
-24
-73
68
-197
-93
262
-361
-422
352
143
-181
28
38
86
57
2
43
347
289
-242
69
245
67
281
167
-31
122
224
246
95
-80
236
321
-79
-6
139
8
269
227
-421
-156
506
216
-329
-264
136
447
-143
-322
349
249
-265
20
312
139
106
25
155
205
161
453
169
114
302
216
178
612
369
110
507
217
201
443
416
491
230
3
430
569
243
132
215
179
125
285
353
510
230
-208
371
436
-213
179
696
314
35
-2
124
453
582
94
-40
335
245
320
292
186
153
201
224
453
529
83
-38
265
338
303
275
13
168
352
62
34
281
-54
-19
404
28
-40
120
-134
141
295
-259
-69
428
21
-200
110
84
-134
233
193
-78
18
112
235
-11
-27
42
238
226
151
5
-176
511
137
-450
190
711
106
-344
-8
366
148
-232
-6
220
64
-170
-8
76
-23
9
-95
-124
-195
109
214
-452
-342
237
37
-175
-330
52
255
-609
-276
370
-11
-410
27
-186
-243
-12
-160
-121
-136
-68
-242
-390
-285
79
-84
-156
-206
-369
-496
-79
196
-311
-387
-369
-415
-108
-19
-450
-293
-21
-332
-609
-352
-125
-122
-397
-774
-367
324
59
-960
-666
408
111
-535
-568
-269
-23
-135
-238
-140
-334
-409
6
-46
-365
-247
-121
-251
-187
-188
-222
-175
-192
-414
-164
128
-224
-468
-465
-192
175
-217
-279
-216
-374
-102
-286
-113
181
-437
-595
-54
-143
-98
-147
-243
-309
-509
-221
308
-309
-769
-129
149
-413
-659
367
278
-913
-590
83
84
-199
-409
26
-246
-599
-44
187
-375
-380
-66
-41
-76
-184
-170
-225
-145
-144
-347
-427
-2
137
-229
-217
-159
-200
-298
-329
21
111
-229
-74
-7
-47
133
-72
-286
-188
31
36
-25
11
-15
-89
184
179
-79
-140
-136
0
237
28
203
390
44
40
-57
-86
366
280
-66
146
256
30
227
158
115
75
-188
178
425
332
-84
-291
82
431
402
20
-418
-22
604
254
-280
-37
389
356
-29
-164
325
308
-99
-30
244
267
189
178
241
28
53
418
223
-55
151
240
314
215
-92
72
503
290
-103
-85
322
415
-26
271
440
82
49
280
333
42
74
444
191
52
496
208
-37
278
252
-28
136
293
52
78
428
286
-33
128
217
277
398
125
-18
325
401
141
307
240
376
193
-82
683
579
-257
105
681
-32
21
716
217
-202
337
310
-11
24
149
347
123
-158
-55
120
472
115
-459
201
310
-325
-218
463
45
-133
64
-50
108
71
-249
64
118
-88
-25
-77
1
234
2
-256
-24
-41
5
-25
31
42
-154
-180
260
296
-266
-395
-21
140
-99
-253
100
31
-419
65
209
-247
-434
-254
197
-43
-586
-53
339
-451
-239
9
-86
-216
-471
-107
229
-329
-331
28
-182
25
-97
-367
-222
-203
5
89
-454
-231
383
-388
-509
95
239
-435
-651
-73
18
-375
-308
123
76
-386
-1119
-220
248
-227
-590
-587
-263
-162
-79
-443
-517
-338
-89
-282
-874
-334
341
-311
-1006
-369
281
0
-740
-911
106
272
-819
-401
293
73
-546
-772
44
312
-468
-818
66
149
-413
-142
-169
-328
-316
-381
-326
78
-222
-504
248
-88
-134
-316
-670
-448
169
-54
-224
-29
-611
-67
-58
131
-20
-682
-379
86
-164
-229
187
-48
-237
-371
-50
279
-257
-367
196
-217
-157
136
-353
-49
193
-352
-238
246
-97
-241
-362
-97
89
-64
-104
-254
-205
127
250
-90
-450
-365
31
-139
253
151
-615
-116
373
-146
-85
129
-310
-268
83
238
14
-173
-62
110
42
-108
169
116
-156
-1
305
305
-115
-305
125
303
142
-47
-1
219
-15
91
208
203
73
-199
39
676
529
-484
-275
362
371
251
170
301
101
-48
210
391
312
188
67
230
345
279
51
79
411
329
47
-1
419
154
-200
488
345
-89
201
418
206
-74
100
178
83
101
271
211
59
85
247
254
-197
-99
564
153
-463
108
615
150
-232
-245
332
486
-423
103
541
58
67
16
20
467
212
17
295
97
-90
238
605
95
-574
144
900
-152
-603
459
663
-310
-361
417
437
-168
-260
197
265
-259
-38
537
-101
-183
341
230
-328
126
322
-353
51
489
182
12
-8
132
112
206
-5
-121
39
65
218
-108
-107
-13
69
-31
-20
50
-265
-206
-33
-21
118
-208
-303
43
54
-184
-308
-327
-231
53
-56
-536
-344
193
-47
-661
-576
180
37
-505
-550
16
-50
-683
-332
209
-376
-415
95
-257
-274
-113
-77
-336
-478
103
-225
-616
-104
245
-450
-586
-49
-261
-195
-262
-495
-310
-157
-216
-435
-379
-66
-382
-514
-155
-229
-317
-605
-193
58
-255
-254
-170
-5
-440
-506
186
87
-323
-260
-183
-114
-28
-213
-411
-198
-140
-174
-223
-253
-250
-206
-251
-258
-37
-54
-645
-743
-39
71
-263
-531
-630
-235
-14
-396
-614
-170
-109
-543
-647
-9
-14
-576
-668
113
-169
-869
-30
76
-632
-447
236
-186
-529
-189
143
-152
-312
39
-310
-436
-86
-220
-167
-67
-394
-311
-237
-49
52
-209
-390
-507
-75
159
-315
-355
140
-19
-460
-37
130
-297
-430
-34
338
173
-359
-19
451
-146
-326
456
427
-248
-75
373
472
-32
-520
431
674
-347
-27
244
122
-27
-275
278
498
-123
-112
50
-194
-92
376
153
-204
142
283
77
-235
-168
288
321
-139
-148
212
339
41
-172
333
361
-299
-33
305
238
-23
238
291
-141
310
700
-57
-330
454
382
42
163
367
419
138
-255
145
609
146
-5
297
140
-75
133
99
407
432
-109
-164
194
530
121
465
70
-292
522
415
112
279
367
171
342
303
127
299
223
275
416
290
256
407
255
366
323
97
82
285
601
354
-192
53
506
137
215
330
127
-146
219
446
112
-225
127
535
-109
-181
417
158
-277
-24
280
-41
47
412
178
-223
-213
321
319
-84
27
318
336
84
34
52
119
93
-28
553
313
-298
-65
767
155
-555
15
111
134
-231
-99
327
-142
-432
101
309
-401
-416
66
-148
-312
49
269
-169
-210
124
73
-370
-238
495
-18
-391
244
259
-232
-34
322
34
-200
-196
34
206
-199
-21
196
-7
-131
-517
-118
348
-353
-487
164
182
-456
-677
167
207
-378
-424
242
-315
-743
-51
113
-317
-590
-334
-110
134
-628
-630
-4
-195
-437
-127
-158
-319
-143
-183
-238
-309
10
145
-598
-351
359
137
-360
-374
34
-27
-403
-182
12
-216
-159
-228
-450
-252
-65
-297
-384
-432
-212
42
-223
-707
-314
68
-236
-397
-141
-140
-464
-143
198
-109
-354
-368
71
35
-432
76
35
-502
22
361
-387
-231
274
-128
-406
-9
301
-109
-627
-47
541
-228
-438
-40
2
35
-345
-320
252
-12
-414
-135
-128
-292
-97
-131
-148
-105
-232
-336
-245
207
94
-586
-274
374
-143
-154
132
-47
-35
1
-17
9
144
54
177
-53
91
230
-52
-72
433
58
-525
353
576
-288
-455
391
489
-297
-159
346
79
-171
22
226
139
-240
20
385
25
-194
181
239
165
179
-3
250
155
137
226
498
306
223
-75
104
1012
341
-227
451
696
-102
39
826
349
-263
230
673
452
-219
103
873
-24
-552
611
852
-120
-291
434
498
-52
-221
473
488
-193
93
386
68
286
323
-34
195
188
215
290
114
241
350
210
193
312
214
462
364
84
377
359
234
292
236
402
615
157
-5
272
454
150
-15
319
346
243
6
89
478
280
10
-163
258
558
-45
-16
582
301
-48
305
267
-4
510
684
-20
-219
277
652
397
95
178
293
234
58
223
376
185
154
98
126
328
286
106
-74
52
498
185
-260
-36
286
198
-159
88
123
-248
-296
217
-64
-196
8
-157
-125
52
144
-356
-309
60
-32
-152
159
6
-257
40
224
-132
-294
476
198
-377
-36
209
-218
-144
329
1
-395
-216
48
116
-213
-489
88
-113
-452
-207
105
-132
-632
-85
266
-387
-587
-63
140
-139
-433
-95
5
-285
-276
-58
49
-281
-268
77
-138
-198
-55
-61
-366
-309
493
-47
-729
-21
164
74
-142
-542
-11
98
-455
-27
-43
-498
-43
40
-542
-176
-22
-551
-274
-201
-420
-79
-214
-599
-420
-326
-75
-202
-731
-124
-116
-622
-268
-69
-240
-34
-398
-227
187
-396
-403
-223
-98
46
-203
-281
11
-79
-421
-43
96
-386
-185
135
-228
-209
-229
-232
28
-293
-275
-90
-21
-205
-205
-287
-201
85
-313
-368
175
-98
-584
3
196
-170
-316
-47
101
-167
-217
97
131
-214
105
218
-211
43
75
8
79
-272
139
653
-101
-414
381
277
-339
-137
127
198
64
-323
-114
368
-38
-303
129
46
-231
-144
8
114
-226
41
204
-118
-231
72
252
-124
-33
16
30
308
252
-211
77
427
101
-111
192
133
187
340
109
128
270
438
285
-64
132
586
69
24
425
288
69
27
320
178
-1
293
384
54
91
362
128
79
54
126
590
253
-176
63
466
466
91
27
483
600
11
-101
653
487
1
285
470
571
125
-94
444
432
197
415
254
212
328
446
128
100
376
243
92
202
481
371
24
-210
261
577
197
-247
84
493
204
-242
124
553
207
-94
178
372
-32
-21
288
284
185
360
156
110
250
186
310
22
-39
640
341
-205
182
346
149
-27
-32
302
279
-45
109
200
-59
64
302
94
-35
154
82
93
-42
106
178
-75
-82
207
417
14
-154
-64
-23
269
156
-110
187
40
27
268
-201
-273
385
-48
-122
176
-45
166
-19
-244
79
102
-243
-69
98
-100
-122
-72
107
-187
-422
90
-148
-551
-7
109
-475
-230
186
-16
-541
-515
67
9
-446
-92
-96
-304
-7
115
-299
-474
-89
129
-174
-295
-90
145
-32
-598
-74
29
-269
-119
-300
-296
123
-229
-149
-212
-269
-44
-7
-339
-225
33
-431
-380
12
-33
-106
-352
-273
75
-425
-232
237
-230
-660
84
31
-472
-11
-69
-187
-96
-301
-209
-101
-104
-59
-198
-337
192
114
-442
-263
276
47
-519
-360
166
220
-440
-520
203
173
-602
-351
164
-145
-403
-267
12
-123
-366
-2
66
-398
-416
-34
-21
-138
-168
255
-41
-445
-208
85
87
-369
-266
244
331
-178
-375
13
4
-123
-49
-110
41
10
-38
162
-39
-327
130
182
-208
-42
161
175
-165
-106
315
42
-131
-7
50
261
241
-231
-250
249
494
-213
-190
447
51
-217
260
345
56
-126
93
526
187
103
330
72
-13
455
425
76
19
-13
500
552
-52
37
339
163
105
283
194
67
33
200
391
264
-36
-58
426
347
-125
48
704
250
-365
287
513
246
-25
-44
427
263
-66
431
385
-100
178
292
149
309
228
279
324
-154
143
834
245
-229
204
500
252
130
279
300
194
112
352
421
150
39
168
173
104
276
482
57
-141
382
406
102
-45
19
403
684
5
-137
360
354
32
299
391
210
119
130
521
256
20
271
294
111
-16
421
482
-159
-130
379
317
13
-43
203
242
31
142
-128
-70
320
217
87
-99
-121
209
218
-258
-33
371
176
-254
-465
239
576
-290
-530
74
365
119
-383
-192
223
120
-109
-130
-21
-21
-1
-162
-54
145
7
-125
-156
-103
44
-232
-140
50
-71
-197
-287
-127
-216
-20
-101
-376
-200
85
-59
-363
-247
-75
-94
-211
-61
-156
-327
-102
-36
-235
-305
-89
-37
-153
-296
-295
-131
-168
-124
-226
-356
-162
-172
-321
-260
-342
-287
89
-187
-524
-270
-97
-378
-441
-275
-81
-28
-267
-417
-409
-176
-398
-376
-96
-66
-414
-677
-77
-192
-498
-233
-127
-442
-221
-310
-223
-225
-702
-147
139
-276
-433
-157
-193
-257
-356
-230
-20
-297
-271
-36
-489
-468
-43
-154
-287
-391
-443
-141
-213
-526
-248
-62
-119
-384
-455
-106
-142
-376
-305
-128
-45
-195
-318
-102
-34
-193
-297
-64
-133
-307
-191
110
-296
-453
290
-10
-345
-401
-268
115
14
-399
-146
18
1
-35
-319
-115
-43
-193
-38
-110
-172
70
-46
-238
-149
29
4
-252
-315
84
255
-8
-136
-90
-177
-54
253
19
-215
187
50
-148
153
192
33
1
-36
93
239
185
52
171
-184
-170
570
99
-359
332
351
-8
-157
112
376
-28
-198
150
389
124
-17
58
130
260
310
-63
7
426
332
-45
7
480
401
-2
-12
352
244
18
245
292
119
316
313
-31
315
343
45
122
242
279
339
153
77
149
180
368
385
-112
91
645
109
-263
89
426
443
6
-208
443
467
-228
-68
355
304
29
-41
245
466
118
-89
395
210
-35
255
194
128
346
349
217
168
124
63
192
256
260
47
-68
341
410
-159
157
302
123
167
35
327
31
-17
198
149
24
326
237
-111
23
246
279
106
-16
14
273
-12
193
314
-202
90
203
-22
-168
114
394
147
-258
-30
238
-27
71
-174
6
281
-124
-382
123
316
-34
-249
-153
242
-16
-112
-114
-141
-58
-185
-69
-24
-219
-42
97
-325
-227
-33
-84
-251
-150
-23
-15
-124
-352
-151
-65
-170
-181
37
-234
-263
-113
-103
-86
-78
-226
-191
-219
-144
75
-92
-535
-283
39
-217
-276
-216
-171
-383
-131
88
-311
-360
-36
-198
-416
-174
92
-259
-498
-53
15
-475
-269
-18
-26
-251
-492
-140
166
-374
-472
138
-96
-483
-339
77
-154
-583
-211
102
-409
-490
222
-98
-718
-239
101
-329
-436
-177
-8
-144
-428
-410
-212
-3
-196
-440
-311
-23
-108
-540
-390
-70
-36
-202
-554
-286
-54
-270
-248
-153
-156
-216
-208
-264
-198
-76
-170
-318
-236
15
-56
-238
-210
-169
-263
161
8
-366
-321
-129
142
-34
-496
-175
304
-267
-353
60
93
-402
-234
244
-77
-173
134
-6
-317
-91
222
-75
-192
68
-22
-1
154
42
-135
-132
-34
166
-84
-230
350
311
-170
-234
87
203
-64
-112
-52
332
272
-329
-38
330
38
-105
61
260
41
-98
241
232
-133
182
387
-74
-176
123
307
161
1
12
314
262
-44
-61
285
344
63
-52
102
442
511
-128
-56
342
247
196
46
37
322
366
193
182
69
157
268
34
108
533
264
-30
62
352
456
30
-41
350
406
85
47
380
516
162
-122
361
576
123
12
255
229
264
423
248
81
359
284
178
171
58
271
456
91
-24
501
285
-60
208
504
161
-59
176
348
184
145
430
319
-148
1
156
140
382
248
-63
43
256
175
150
44
269
193
-155
102
259
137
-14
103
173
110
44
56
171
-88
-28
351
73
-126
233
152
-132
-69
194
43
-212
14
212
-49
-168
2
112
5
-157
-49
-82
75
45
-40
-23
-162
9
106
-207
-252
-88
39
-42
-115
-101
-9
-88
-343
-48
98
-254
-235
-39
-139
-54
-104
-80
-209
-341
-228
-181
-143
5
-52
-115
-288
-391
-338
-12
-32
-352
-161
-174
-238
-252
-172
-150
-295
-341
-250
-280
-147
-185
-315
-232
-187
-257
-226
-364
-377
-183
-187
-362
-311
-156
-161
-92
-471
-597
-120
85
-350
-509
-110
-226
-390
-234
-157
-188
-353
-348
-294
-305
-144
-92
-487
-330
159
-160
-478
-370
-197
-41
-238
-391
-273
-209
-38
-111
-535
-407
162
-92
-491
-287
1
-58
-342
-327
-225
-148
-59
-311
-491
-113
-65
-301
-247
104
282
-510
-779
-55
270
-401
-415
62
-256
-361
-189
-90
-12
-41
-464
-157
91
-324
-145
-139
-243
-213
-28
52
-107
-247
-282
8
107
-280
-359
125
106
-202
-222
86
135
-226
-227
-79
-31
64
42
-58
-48
-83
97
-118
-222
0
165
26
-247
77
290
-26
-272
172
259
-220
-285
297
338
-83
36
186
311
58
-117
109
147
55
0
198
310
238
159
14
39
263
-79
4
326
100
107
117
182
206
62
-74
178
124
5
353
343
-84
59
342
95
107
267
322
63
-5
244
236
103
120
211
219
92
127
391
282
-97
66
328
211
45
254
391
311
62
-112
338
189
-53
321
319
94
171
184
235
224
89
63
224
233
187
153
245
256
106
125
245
244
151
176
166
119
178
261
230
200
102
180
236
216
-33
117
365
180
205
76
2
311
271
-140
108
418
126
-152
19
223
129
40
118
220
165
16
53
145
24
208
113
-53
86
181
87
-55
-81
111
190
-181
-117
158
132
-80
-196
-57
57
-33
-83
-68
-165
-44
-51
-198
-110
-29
-134
-183
-230
-20
20
-234
-240
-144
-178
-155
-78
-85
-189
-204
-195
-258
-69
-60
-151
-210
-287
-94
-25
-208
-138
-82
-188
-97
-82
-253
-205
-21
-214
-290
-45
-27
-138
-367
-241
-89
-179
-38
-204
-372
-207
-161
-214
-104
-306
-341
-88
-234
-245
-234
-267
-284
-281
-192
-177
-220
-330
-348
-253
-114
-138
-328
-474
-295
-55
-283
-454
-256
-135
-363
-514
-273
-20
-280
-594
-340
-121
-289
-424
-295
-325
-227
-136
-446
-423
-219
-335
-224
-100
-367
-344
-200
-228
-315
-367
-214
-194
-241
-250
-307
-277
-5
-278
-439
-258
-67
-67
-351
-392
-62
-69
-309
-118
-139
-153
-148
-182
-174
-333
-182
66
-219
-251
-81
-239
-117
-34
-290
-161
-28
-180
-301
-228
-111
-30
-105
-239
-258
-95
-18
-154
-95
-102
-195
-131
-15
-137
-181
-78
-94
57
44
-204
1
61
-183
-120
105
35
-168
-102
-20
-90
-82
14
-17
88
113
-141
-100
30
72
107
1
-92
50
31
-54
130
67
30
-24
-90
92
178
73
94
71
6
168
124
121
82
-17
95
374
219
-156
26
338
355
143
-69
123
391
186
8
113
305
254
140
12
184
417
85
-67
131
218
187
182
116
76
111
47
293
222
-75
185
262
45
55
226
185
85
97
192
197
120
124
152
94
152
257
218
-57
34
389
194
-52
136
311
169
91
10
165
233
-20
206
249
-31
70
277
91
-154
54
382
208
-130
34
372
151
-152
107
204
47
42
30
194
324
122
-210
-43
245
211
76
-39
99
183
-4
52
151
-83
59
50
16
21
-3
205
1
-177
2
29
-93
-105
-66
-13
21
9
-152
-268
27
129
-88
-344
-280
117
121
-165
-292
-142
-79
-2
38
-319
-475
57
152
-269
-403
-138
2
-84
-227
-320
-231
-30
-251
-356
-188
-175
-107
-379
-373
-87
-47
-368
-446
-215
-77
-211
-416
-229
-148
-366
-446
-392
-108
-156
-549
-376
-146
-139
-258
-526
-422
-66
-219
-331
-288
-286
-210
-317
-400
-143
-83
-351
-351
-175
-126
-419
-370
-151
-216
-362
-274
-165
-186
-200
-442
-229
-86
-374
-409
-227
-178
-320
-347
-244
-150
-299
-428
-262
-112
-199
-393
-252
-168
-322
-263
-157
-419
-380
-76
-149
-385
-301
-13
-215
-397
-238
-118
-86
-292
-284
-84
-134
-228
-164
-203
-213
-148
-331
-291
-72
-173
-281
-197
-153
-89
-147
-363
-271
65
-102
-453
-341
54
56
-181
-247
-162
-112
-122
-65
-44
-158
-177
39
-126
-232
-61
57
-29
-167
-136
-41
33
44
-22
-181
-29
135
-27
-121
-39
-11
115
56
-73
4
-76
65
123
-108
-138
88
167
99
-38
-61
71
211
86
-210
-107
198
161
-138
-174
35
308
187
-179
-116
277
362
44
-113
141
283
108
49
64
8
85
275
111
-96
169
264
28
-26
170
307
63
-103
120
234
142
147
167
54
-68
16
267
160
-31
34
241
377
208
-28
-29
260
335
51
-25
246
216
78
206
158
52
198
349
137
25
217
281
35
-61
385
410
28
120
369
213
-56
75
303
229
-7
133
303
210
71
41
269
267
35
-11
201
313
64
-52
142
191
26
30
140
207
257
48
-81
175
310
77
-43
77
173
126
126
47
-95
115
161
-91
-80
139
190
-6
-107
-18
117
137
1
-197
-126
106
34
-176
-212
-51
39
-102
-207
-108
52
89
-144
-250
-110
63
40
-199
-280
-107
40
-80
-184
-152
-120
-42
-28
-160
-267
-97
-37
-225
-205
-117
-125
-143
-150
-173
-198
-184
-139
-265
-397
-215
-40
-160
-296
-229
-85
-113
-326
-351
-171
-161
-341
-324
-215
-125
-223
-398
-333
-187
-267
-408
-287
-179
-299
-329
-230
-232
-277
-308
-227
-252
-276
-282
-301
-229
-204
-304
-396
-281
-120
-231
-440
-325
-142
-268
-426
-346
-169
-244
-403
-371
-299
-356
-325
-291
-394
-350
-291
-318
-351
-427
-344
-197
-307
-370
-229
-275
-325
-228
-276
-304
-217
-233
-304
-253
-217
-175
-213
-333
-257
-189
-273
-330
-244
-254
-296
-219
-208
-274
-248
-171
-191
-321
-318
-143
-173
-317
-306
-164
-143
-222
-271
-258
-168
-164
-205
-200
-201
-168
-76
-178
-281
-120
-26
-145
-233
-176
-106
-62
-142
-175
-98
-106
-100
-75
-192
-197
-32
7
-105
-219
-161
70
28
-243
-223
22
102
-94
-211
-118
65
71
-95
-187
-30
101
33
-80
-27
-8
-8
92
25
-79
-24
90
22
-47
-3
94
141
116
-17
-37
153
151
-17
-58
150
180
-12
2
191
170
30
16
120
154
94
97
120
112
75
132
160
102
95
119
95
127
222
109
44
163
134
93
145
161
141
143
144
173
151
114
140
103
97
182
111
32
120
99
78
121
107
80
141
149
104
165
145
47
79
121
102
161
108
43
138
175
57
8
177
187
-10
-8
142
200
83
-34
38
150
178
94
-31
26
197
181
-6
11
168
156
79
72
111
149
131
52
6
19
108
134
49
-1
73
73
7
-16
-16
39
54
-5
-40
16
-3
-29
-12
-16
-22
-25
-32
-26
-19
-52
-34
-64
-121
-107
-27
-74
-186
-124
-41
-120
-218
-160
-98
-121
-213
-223
-142
-116
-159
-224
-226
-142
-128
-237
-244
-115
-137
-255
-226
-129
-138
-263
-272
-163
-148
-215
-254
-235
-223
-221
-253
-299
-291
-254
-240
-283
-352
-317
-214
-209
-306
-353
-289
-209
-255
-333
-298
-250
-284
-326
-305
-280
-257
-312
-335
-273
-236
-311
-384
-305
-232
-319
-365
-331
-312
-321
-376
-352
-308
-340
-386
-403
-346
-290
-348
-373
-300
-313
-339
-322
-359
-386
-303
-280
-313
-351
-354
-326
-352
-355
-323
-345
-306
-280
-344
-313
-244
-299
-333
-302
-299
-270
-284
-335
-334
-262
-278
-349
-355
-324
-304
-302
-294
-307
-316
-291
-259
-302
-326
-286
-270
-308
-328
-294
-222
-229
-286
-269
-234
-242
-284
-242
-223
-230
-189
-162
-222
-259
-217
-178
-161
-200
-221
-167
-119
-149
-207
-205
-114
-63
-99
-162
-170
-100
-57
-97
-109
-80
-61
-95
-97
-29
-21
-39
-44
-41
-26
10
5
-35
-62
-36
53
61
-15
-36
19
65
15
-14
14
83
26
-33
-3
51
92
12
3
77
102
44
15
36
92
101
73
66
43
65
106
84
71
113
109
78
83
117
160
101
48
86
189
212
80
17
121
239
167
86
112
165
166
102
82
173
228
168
86
84
200
221
165
118
121
192
204
159
125
177
194
124
101
174
227
185
118
116
186
205
145
139
200
196
89
96
205
244
149
96
106
164
238
158
74
124
204
154
88
85
163
195
101
48
87
180
170
68
47
111
165
104
43
67
165
167
78
33
78
165
97
11
32
118
128
39
-6
29
92
62
-3
6
48
63
12
-26
31
49
-6
-47
-38
17
26
-52
-98
-42
28
-49
-134
-84
-4
-46
-104
-102
-74
-23
-98
-164
-90
-29
-114
-184
-136
-84
-114
-176
-180
-147
-77
-112
-170
-155
-114
-122
-189
-183
-126
-137
-222
-196
-105
-125
-186
-201
-185
-169
-197
-215
-207
-193
-189
-224
-236
-181
-179
-273
-293
-215
-176
-248
-306
-249
-179
-244
-309
-261
-204
-234
-296
-307
-246
-205
-273
-312
-278
-231
-251
-334
-305
-217
-241
-317
-298
-219
-201
-281
-318
-272
-210
-202
-263
-310
-259
-202
-197
-253
-288
-225
-194
-240
-273
-242
-201
-200
-270
-298
-201
-171
-226
-271
-236
-172
-211
-292
-250
-151
-166
-266
-243
-183
-182
-215
-255
-234
-166
-179
-237
-219
-174
-135
-185
-256
-187
-124
-180
-232
-208
-144
-129
-177
-169
-122
-163
-210
-172
-119
-139
-173
-152
-127
-125
-143
-156
-113
-99
-157
-155
-111
-66
-104
-152
-107
-52
-75
-91
-64
-31
-6
-70
-102
-7
80
15
-66
-36
63
71
-22
-26
32
59
37
-36
-10
120
110
-12
-18
54
80
67
31
17
65
107
85
48
86
113
79
55
99
121
98
105
108
130
114
114
163
193
116
70
134
203
179
73
112
234
201
107
126
197
242
181
111
174
229
222
160
124
184
207
202
145
135
199
244
181
102
140
223
210
119
107
225
253
137
107
187
255
215
115
133
253
249
138
123
214
257
204
129
144
247
254
193
160
175
190
163
165
181
208
209
165
152
176
210
201
151
138
210
190
146
174
181
161
138
140
155
179
156
134
108
128
142
111
107
129
129
110
106
86
73
91
115
71
49
68
73
57
54
43
7
25
56
29
9
20
20
-15
-20
27
10
-45
-41
11
21
-33
-85
-31
5
-64
-93
-72
-23
-36
-83
-77
-52
-46
-91
-102
-88
-71
-80
-108
-122
-90
-66
-113
-160
-100
-54
-129
-184
-159
-97
-75
-142
-206
-129
-54
-148
-217
-155
-101
-134
-224
-251
-137
-90
-188
-229
-198
-143
-137
-208
-229
-180
-167
-197
-214
-210
-161
-196
-241
-203
-168
-208
-238
-238
-187
-179
-223
-209
-208
-197
-195
-235
-225
-180
-201
-233
-225
-180
-186
-231
-253
-213
-163
-180
-235
-249
-161
-146
-224
-216
-175
-166
-188
-237
-229
-151
-139
-190
-232
-231
-165
-136
-198
-236
-172
-102
-158
-224
-174
-128
-170
-215
-173
-124
-138
-177
-166
-132
-137
-145
-159
-151
-139
-115
-109
-124
-116
-103
-116
-130
-148
-126
-58
-59
-137
-135
-64
-50
-104
-138
-95
-29
-33
-108
-82
13
-5
-71
-79
-25
16
-17
-51
-26
18
18
6
-7
8
45
37
24
15
32
57
59
64
38
56
98
89
38
54
103
118
83
64
86
129
148
97
101
134
139
120
95
113
171
195
124
126
171
181
183
170
172
183
181
165
188
215
226
210
184
202
234
203
166
221
253
216
203
249
249
211
215
241
242
218
239
255
237
242
262
272
248
240
274
284
269
250
265
296
287
270
278
296
301
279
260
279
297
293
282
258
267
292
260
247
296
316
275
249
258
260
287
272
231
258
294
298
259
234
257
266
255
256
259
271
287
253
241
264
290
286
241
215
269
308
276
246
239
262
274
225
196
227
254
241
220
206
225
225
191
175
205
214
179
177
185
195
154
160
172
161
143
126
130
142
149
122
95
106
113
109
119
109
105
73
66
90
81
68
73
36
41
85
56
14
-13
6
70
55
-18
-32
10
26
-12
-36
0
19
-38
-72
-56
12
22
-48
-100
-90
-61
-41
-38
-93
-87
-36
-68
-138
-137
-79
-43
-88
-141
-115
-51
-68
-155
-120
-55
-78
-118
-147
-114
-58
-102
-156
-129
-99
-76
-76
-140
-160
-112
-99
-114
-202
-196
-85
-63
-133
-187
-150
-125
-143
-176
-153
-116
-105
-126
-169
-167
-138
-161
-193
-177
-131
-115
-149
-176
-163
-118
-116
-167
-184
-144
-133
-149
-181
-153
-101
-101
-154
-177
-173
-140
-116
-136
-109
-79
-113
-157
-166
-145
-101
-97
-112
-112
-102
-105
-139
-147
-115
-113
-99
-91
-124
-102
-48
-73
-102
-105
-123
-95
-36
-18
-34
-52
-45
-22
-5
-31
-73
-46
11
19
-7
-17
2
15
-6
-24
26
54
8
-33
8
77
78
37
23
78
90
49
17
64
119
109
50
39
91
118
112
122
118
117
141
113
99
132
181
176
153
152
164
185
176
151
153
188
183
171
162
208
264
219
149
144
191
198
186
185
198
226
235
205
172
197
204
195
193
211
237
247
257
234
214
237
255
256
251
250
251
258
254
254
294
299
294
248
255
297
293
255
247
309
321
292
251
272
308
288
264
277
300
274
252
255
281
307
296
264
264
276
281
273
247
280
315
276
241
241
261
288
288
257
265
282
275
258
250
269
273
254
254
277
259
226
244
269
249
217
229
234
239
232
212
205
221
209
179
178
218
218
190
173
161
164
159
147
162
166
133
127
169
193
136
106
118
120
117
120
141
158
119
81
76
95
94
53
50
73
93
74
56
55
48
27
7
0
18
30
29
17
11
2
-19
-19
-31
-58
-46
-29
-40
-41
-34
-39
-52
-73
-83
-77
-71
-80
-93
-92
-93
-77
-84
-99
-113
-102
-114
-113
-92
-117
-114
-95
-116
-146
-134
-120
-124
-143
-141
-120
-131
-156
-177
-157
-152
-155
-183
-208
-179
-159
-191
-203
-186
-175
-187
-224
-208
-203
-175
-173
-190
-201
-186
-161
-199
-210
-208
-172
-157
-181
-198
-181
-179
-178
-185
-185
-184
-186
-180
-181
-179
-174
-172
-172
-175
-183
-173
-169
-174
-169
-164
-159
-166
-199
-182
-166
-171
-168
-153
-132
-136
-159
-169
-139
-132
-142
-133
-111
-110
-125
-120
-109
-99
-80
-96
-95
-106
-116
-109
-114
-96
-75
-76
-61
-69
-77
-69
-71
-78
-90
-67
-46
-6
-30
-54
-14
-13
-25
-48
-47
-24
-10
16
17
18
25
43
40
5
8
38
44
38
46
63
72
77
71
52
63
79
84
78
91
119
120
116
109
112
117
116
127
133
135
139
147
151
149
151
173
160
153
161
175
172
178
195
183
196
198
196
206
214
218
208
204
206
214
210
217
230
239
230
222
226
225
228
231
231
237
237
233
240
229
230
233
242
249
236
231
241
254
260
247
246
261
275
270
262
265
276
281
284
278
266
266
272
285
271
267
284
283
261
264
264
259
266
264
269
253
269
277
277
269
263
265
257
256
252
242
233
246
233
236
238
240
233
235
239
233
232
228
224
227
223
221
230
211
203
202
194
190
194
198
195
189
185
196
175
168
