SAMPLES:	14478
BITSPERSAMPLE:	16
CHANNELS:	1
SAMPLERATE:	16000
NORMALIZED:	FALSE
199
209
207
193
199
200
191
195
203
194
204
203
208
218
213
205
201
213
207
218
217
211
210
200
204
208
215
199
202
198
198
205
208
198
195
221
210
208
209
214
214
214
217
218
224
231
231
234
229
228
241
244
254
246
245
256
251
253
258
262
269
271
274
268
272
267
265
264
261
262
269
267
274
277
279
274
272
268
255
272
262
270
265
253
261
249
250
257
243
250
255
238
239
235
225
222
232
224
228
242
231
235
229
224
213
210
219
215
210
210
206
208
204
204
204
190
203
190
186
173
179
179
175
168
161
159
173
169
168
170
160
163
153
155
164
171
173
171
161
163
166
166
167
170
171
156
147
157
150
158
156
154
145
136
138
134
140
128
136
133
137
132
122
120
117
112
112
107
107
110
98
97
85
82
82
95
93
87
93
74
82
81
76
73
76
65
68
65
60
54
56
56
44
41
40
45
36
39
30
26
24
27
28
21
24
20
21
19
15
17
17
15
16
15
7
6
9
-11
-5
-1
-16
-4
-14
-12
-19
-20
-21
-23
-30
-28
-26
-25
-35
-39
-40
-50
-37
-38
-35
-41
-46
-49
-54
-48
-49
-48
-49
-48
-56
-56
-57
-67
-68
-68
-74
-75
-73
-76
-81
-96
-100
-92
-98
-105
-107
-108
-120
-127
-135
-127
-126
-124
-130
-129
-127
-133
-136
-142
-138
-133
-147
-151
-140
-142
-145
-150
-148
-148
-148
-151
-159
-150
-152
-161
-162
-155
-151
-153
-143
-151
-150
-147
-153
-147
-142
-142
-141
-154
-154
-156
-170
-166
-169
-179
-168
-170
-174
-171
-181
-177
-186
-175
-172
-180
-165
-172
-174
-166
-167
-171
-163
-160
-152
-142
-154
-147
-147
-148
-129
-141
-138
-131
-131
-126
-136
-136
-135
-131
-145
-153
-147
-154
-153
-142
-156
-157
-152
-164
-157
-157
-161
-156
-168
-176
-167
-161
-145
-155
-160
-142
-146
-148
-145
-146
-143
-140
-139
-141
-153
-151
-157
-163
-164
-167
-168
-170
-178
-182
-187
-202
-189
-196
-196
-207
-215
-219
-217
-224
-221
-232
-239
-221
-229
-228
-239
-237
-241
-240
-247
-246
-248
-252
-247
-263
-247
-255
-262
-255
-251
-237
-250
-250
-247
-249
-253
-249
-257
-269
-266
-271
-266
-267
-263
-283
-282
-275
-282
-293
-298
-294
-296
-309
-322
-313
-321
-318
-318
-325
-315
-312
-316
-322
-320
-316
-314
-312
-303
-313
-308
-308
-322
-314
-316
-313
-302
-311
-316
-305
-318
-312
-309
-310
-309
-301
-299
-301
-290
-297
-288
-286
-280
-288
-291
-286
-276
-275
-287
-279
-286
-298
-283
-285
-298
-305
-299
-304
-307
-304
-309
-318
-310
-315
-319
-314
-321
-315
-325
-317
-325
-314
-328
-327
-321
-323
-320
-330
-325
-316
-305
-309
-296
-296
-298
-288
-289
-275
-273
-278
-274
-269
-260
-257
-263
-269
-266
-262
-266
-255
-251
-249
-246
-254
-250
-250
-252
-245
-242
-247
-244
-244
-236
-242
-240
-247
-238
-239
-240
-239
-239
-239
-244
-245
-245
-233
-238
-230
-231
-233
-227
-235
-243
-236
-231
-234
-235
-228
-236
-237
-227
-233
-237
-226
-231
-231
-225
-235
-225
-221
-224
-216
-222
-222
-219
-217
-223
-222
-219
-215
-223
-221
-220
-226
-233
-233
-237
-250
-247
-249
-247
-247
-247
-241
-240
-233
-236
-224
-220
-231
-219
-214
-218
-205
-195
-201
-191
-191
-183
-179
-185
-177
-175
-172
-166
-166
-167
-164
-153
-152
-159
-160
-159
-165
-160
-163
-161
-156
-149
-150
-144
-150
-157
-159
-147
-148
-164
-144
-143
-140
-135
-131
-124
-124
-118
-118
-107
-112
-108
-99
-105
-111
-105
-94
-92
-100
-91
-85
-107
-102
-99
-101
-99
-103
-104
-103
-108
-114
-116
-113
-108
-122
-126
-120
-129
-124
-131
-136
-136
-139
-141
-149
-149
-151
-148
-150
-139
-152
-147
-148
-155
-154
-156
-158
-159
-157
-155
-153
-149
-144
-151
-159
-167
-153
-146
-154
-150
-154
-157
-157
-157
-157
-162
-157
-164
-162
-156
-161
-160
-156
-148
-142
-148
-148
-135
-135
-133
-132
-133
-128
-133
-134
-130
-135
-125
-123
-119
-124
-123
-113
-117
-124
-121
-123
-121
-116
-121
-116
-122
-135
-139
-137
-134
-129
-126
-127
-142
-132
-126
-136
-127
-129
-136
-127
-136
-140
-147
-149
-145
-145
-149
-161
-160
-162
-154
-158
-145
-140
-147
-136
-131
-125
-117
-114
-112
-117
-117
-112
-110
-106
-103
-112
-113
-106
-107
-110
-113
-109
-109
-109
-113
-113
-118
-115
-120
-123
-137
-138
-130
-126
-145
-140
-134
-138
-132
-145
-138
-136
-144
-144
-147
-136
-142
-142
-137
-139
-129
-127
-123
-122
-119
-107
-106
-99
-111
-99
-85
-76
-78
-84
-69
-70
-67
-63
-60
-65
-57
-58
-57
-57
-70
-73
-66
-66
-68
-63
-71
-64
-65
-68
-61
-53
-70
-65
-62
-61
-68
-79
-68
-65
-61
-63
-64
-70
-70
-80
-67
-79
-79
-74
-65
-67
-86
-85
-81
-74
-70
-62
-66
-56
-56
-53
-56
-63
-63
-57
-56
-60
-59
-60
-60
-67
-57
-52
-51
-52
-50
-43
-52
-44
-48
-48
-37
-54
-39
-46
-44
-50
-55
-39
-41
-47
-44
-36
-31
-25
-29
-32
-21
-16
-20
-26
-21
-13
-27
-17
-20
-25
-20
-21
-23
-23
-15
-6
-8
-12
-9
5
3
-7
-4
-12
-13
-12
-11
-12
2
2
6
11
12
19
14
12
22
18
21
16
14
17
20
28
21
27
34
30
30
32
30
28
27
38
33
32
25
20
33
34
38
51
38
42
47
56
55
48
53
50
55
56
53
57
54
49
49
51
56
47
55
47
48
42
49
42
34
44
45
47
28
32
38
27
28
35
27
21
17
29
30
27
18
20
25
6
5
5
2
-3
-1
2
4
5
1
3
3
-7
0
3
-3
4
-2
-1
-4
-7
-9
-6
-6
-7
-10
-19
-3
-10
-15
-11
-25
-13
-20
-30
-23
-28
-19
-31
-34
-30
-37
-33
-30
-32
-32
-46
-38
-43
-61
-60
-66
-65
-62
-62
-69
-73
-78
-89
-95
-85
-92
-95
-97
-103
-107
-117
-106
-115
-104
-109
-112
-115
-125
-125
-128
-129
-132
-133
-125
-121
-130
-125
-123
-122
-125
-119
-131
-134
-127
-128
-127
-126
-130
-131
-116
-120
-118
-111
-107
-103
-101
-86
-104
-101
-93
-91
-103
-106
-103
-90
-85
-83
-75
-88
-85
-83
-98
-97
-88
-85
-77
-83
-77
-74
-72
-57
-53
-58
-59
-62
-54
-44
-50
-39
-36
-24
-18
-21
-8
-12
-2
-11
-8
-7
-20
1
-12
-3
-8
-9
0
1
5
1
2
-4
-4
7
11
3
1
9
4
4
2
-9
-1
-5
-5
-3
3
-1
2
3
-2
0
4
15
7
16
19
32
26
33
31
32
36
30
38
32
30
22
34
27
38
30
28
39
31
41
43
41
39
45
48
51
52
63
64
83
86
87
88
94
99
94
87
88
88
81
83
74
85
87
85
77
71
82
73
71
71
73
67
59
68
62
62
53
56
60
58
59
55
53
60
55
64
58
52
52
45
45
41
35
27
36
30
30
21
12
8
-2
7
-1
3
-5
-8
-15
-10
-1
0
10
13
15
15
17
19
19
17
22
13
22
18
22
25
16
15
22
15
9
18
9
13
17
18
9
7
23
19
22
17
16
22
18
16
22
20
12
12
13
12
-3
0
2
-5
-6
-5
-7
-8
-17
-22
-26
-33
-29
-29
-39
-32
-28
-32
-27
-41
-37
-27
-34
-29
-38
-43
-38
-41
-48
-50
-45
-59
-66
-55
-62
-67
-67
-69
-70
-71
-79
-79
-86
-91
-85
-80
-89
-104
-92
-90
-95
-92
-84
-91
-105
-106
-104
-109
-117
-121
-119
-117
-115
-118
-116
-126
-123
-120
-107
-109
-123
-105
-107
-112
-109
-105
-117
-112
-106
-103
-107
-100
-105
-102
-107
-108
-106
-102
-95
-99
-84
-101
-103
-94
-110
-112
-104
-113
-106
-111
-115
-106
-113
-119
-121
-123
-124
-131
-135
-135
-137
-124
-133
-137
-144
-145
-143
-160
-154
-157
-160
-153
-150
-157
-151
-150
-165
-170
-160
-165
-168
-176
-171
-178
-183
-183
-184
-193
-191
-180
-193
-182
-185
-181
-177
-192
-196
-187
-195
-191
-189
-180
-180
-184
-182
-189
-191
-184
-192
-193
-189
-183
-194
-193
-185
-184
-177
-188
-194
-200
-199
-196
-192
-192
-186
-190
-187
-193
-199
-195
-195
-199
-196
-197
-196
-198
-200
-195
-190
-197
-198
-202
-199
-195
-196
-192
-184
-186
-184
-183
-178
-174
-177
-171
-170
-169
-171
-160
-155
-152
-153
-152
-144
-144
-141
-143
-141
-129
-139
-142
-128
-131
-125
-134
-131
-130
-141
-139
-149
-143
-145
-144
-141
-150
-135
-144
-157
-146
-150
-140
-149
-159
-156
-164
-168
-175
-163
-164
-179
-174
-178
-183
-181
-186
-180
-191
-192
-183
-191
-194
-195
-203
-201
-204
-201
-209
-214
-215
-222
-215
-218
-218
-212
-223
-224
-222
-233
-244
-246
-239
-237
-236
-236
-222
-224
-218
-216
-213
-212
-211
-212
-204
-207
-205
-198
-204
-193
-208
-203
-197
-195
-187
-192
-183
-171
-175
-171
-166
-172
-169
-174
-170
-168
-166
-166
-168
-164
-164
-156
-140
-147
-144
-132
-134
-143
-127
-140
-140
-133
-133
-135
-136
-131
-136
-137
-137
-140
-134
-136
-146
-137
-133
-140
-147
-144
-141
-135
-141
-148
-146
-148
-143
-135
-140
-131
-144
-128
-136
-134
-131
-132
-124
-125
-124
-132
-125
-130
-118
-133
-130
-126
-141
-140
-137
-141
-143
-133
-131
-138
-135
-129
-138
-142
-133
-142
-139
-144
-153
-144
-143
-149
-150
-152
-150
-161
-171
-171
-180
-185
-192
-179
-172
-186
-188
-186
-184
-185
-173
-183
-172
-171
-178
-169
-169
-167
-161
-154
-157
-161
-156
-159
-164
-160
-157
-156
-158
-156
-152
-150
-158
-155
-151
-157
-167
-164
-165
-166
-159
-162
-171
-168
-163
-154
-145
-154
-152
-141
-138
-143
-135
-137
-141
-146
-144
-140
-138
-145
-135
-134
-139
-135
-131
-125
-128
-127
-131
-133
-118
-119
-124
-116
-123
-116
-112
-121
-123
-112
-117
-115
-118
-115
-112
-120
-109
-111
-106
-101
-103
-101
-94
-88
-89
-95
-95
-90
-91
-91
-92
-81
-76
-76
-65
-72
-71
-67
-66
-63
-54
-57
-56
-54
-55
-51
-50
-53
-47
-47
-49
-37
-36
-36
-42
-44
-40
-42
-44
-46
-35
-46
-40
-39
-46
-45
-50
-47
-45
-48
-48
-42
-31
-34
-41
-35
-29
-27
-25
-23
-23
-22
-8
-6
-10
-2
-2
-6
-13
-1
5
12
12
-3
8
12
10
9
15
11
22
29
41
42
41
49
50
50
56
56
55
60
54
52
66
58
56
63
67
64
67
71
70
76
70
65
62
59
70
59
58
51
53
67
54
49
57
64
65
69
77
66
69
73
72
78
77
85
87
83
92
96
98
83
86
91
95
93
88
100
86
103
101
89
103
106
114
112
123
120
129
123
109
122
125
128
128
128
135
134
132
134
133
131
140
140
142
149
140
135
139
137
145
148
140
141
138
140
142
143
142
146
144
140
139
133
134
138
133
130
114
123
121
122
113
115
119
110
118
114
120
109
111
115
116
115
109
113
114
117
125
125
134
133
135
135
132
129
136
132
139
150
143
147
150
147
154
156
148
151
160
160
167
167
176
185
173
185
184
190
190
196
198
193
192
202
205
204
214
215
215
221
234
226
227
237
244
246
245
255
254
261
267
273
272
262
262
263
268
262
266
276
269
275
279
286
273
277
286
276
282
278
289
276
277
277
267
275
270
271
278
275
277
277
272
285
283
287
282
295
291
283
289
274
278
278
282
278
272
274
272
273
260
263
263
258
262
248
256
248
247
240
241
232
238
245
247
244
236
244
237
241
248
245
241
233
223
223
212
212
214
203
202
196
189
186
179
191
187
161
168
171
174
165
168
163
168
179
171
171
169
172
183
173
177
178
185
195
188
192
189
189
181
183
181
184
182
171
182
188
175
183
184
179
191
186
187
193
204
192
200
202
195
197
196
194
192
194
199
195
200
196
190
199
195
199
191
184
192
195
186
181
182
176
179
185
189
179
183
188
183
180
173
178
183
173
171
170
167
169
173
175
160
169
168
167
164
158
162
164
158
155
155
157
155
153
158
154
137
137
153
137
141
140
141
138
143
144
138
143
137
143
142
143
147
146
140
145
140
139
134
122
128
127
131
123
125
143
127
131
139
140
139
134
130
141
144
144
157
152
156
155
153
163
164
165
166
172
165
164
163
151
144
150
139
139
140
126
118
126
121
117
128
117
122
125
128
122
125
131
121
127
134
136
123
124
125
123
126
127
120
118
116
120
121
117
119
124
134
125
111
120
117
120
112
119
116
100
94
93
95
100
97
102
93
102
102
99
99
93
102
83
92
87
84
80
78
77
74
74
76
61
57
60
58
46
55
64
54
51
49
59
53
66
64
53
53
47
51
57
52
61
49
52
50
47
62
60
73
60
71
69
62
61
72
76
73
80
80
77
74
78
76
88
79
86
92
75
81
78
80
76
80
79
75
68
61
72
77
79
84
78
87
76
76
83
78
82
74
80
80
73
70
72
73
80
73
82
91
88
84
79
87
90
83
93
80
91
92
92
98
94
98
88
89
97
107
99
97
98
95
91
85
88
78
86
80
86
86
88
95
94
103
102
100
85
97
101
83
93
92
103
93
97
102
104
112
109
118
117
128
119
123
121
119
120
119
132
129
138
125
119
135
120
114
119
117
121
119
116
111
116
114
122
114
119
112
109
122
124
129
125
129
132
140
143
143
137
148
152
146
139
156
163
165
168
163
174
168
174
182
185
177
187
193
196
197
202
193
199
192
179
191
177
184
181
184
180
172
176
173
174
173
170
182
178
164
161
163
165
164
168
166
165
168
173
164
167
161
162
149
144
157
152
150
147
142
139
143
139
144
142
139
148
141
142
137
137
134
129
135
121
125
117
126
133
122
126
125
124
122
129
128
131
128
131
122
126
130
129
134
131
130
128
134
133
137
142
138
137
137
136
133
139
142
143
146
143
141
144
147
143
138
137
147
142
135
127
129
136
127
127
130
128
138
129
130
137
131
130
134
138
135
125
124
120
132
123
134
123
123
131
122
131
138
129
134
139
139
143
138
144
143
153
151
150
161
162
163
160
159
153
149
149
158
152
152
151
135
150
138
144
138
134
138
135
145
151
154
152
141
149
143
137
151
142
154
160
156
158
170
181
192
196
197
211
210
220
215
211
213
211
201
198
218
212
215
226
215
203
208
215
206
208
204
207
205
193
204
206
203
197
196
206
197
203
197
191
200
202
205
210
203
210
196
203
210
211
201
193
193
186
192
176
180
180
181
191
185
189
188
190
183
183
188
185
192
189
193
190
200
200
200
205
206
218
213
216
219
226
217
227
222
214
216
217
217
214
208
208
214
217
222
229
237
224
227
226
223
221
225
230
227
232
232
237
228
242
242
234
234
246
258
250
244
237
231
224
228
226
232
231
224
227
233
247
240
247
247
250
252
247
255
262
258
267
268
250
252
260
264
273
282
278
280
284
278
281
270
274
268
254
253
249
253
257
254
245
244
230
233
230
232
227
215
213
207
210
220
211
206
202
208
208
206
212
210
213
221
215
199
210
206
209
214
215
217
222
219
225
214
209
221
219
215
211
213
206
206
221
219
224
225
217
218
218
214
214
210
216
215
214
219
210
210
217
202
202
210
193
179
179
181
179
171
173
184
179
179
170
168
173
169
172
165
168
163
161
158
158
153
152
159
160
156
160
159
155
149
157
164
149
150
157
154
150
155
160
167
159
166
173
179
191
191
191
205
210
202
211
206
215
211
214
214
203
213
225
222
215
224
233
236
232
226
227
237
240
229
233
232
233
235
224
222
224
232
221
221
225
218
220
220
203
197
206
193
190
186
172
184
186
184
184
179
182
179
184
172
175
185
173
175
183
174
176
176
171
169
170
172
187
185
187
184
185
199
197
190
188
193
205
204
192
184
192
194
180
199
198
191
185
189
196
192
210
214
214
209
200
208
202
198
195
198
194
186
191
195
194
194
197
182
185
190
182
179
180
185
175
165
171
161
166
161
161
162
155
150
150
145
151
143
135
143
130
132
141
141
135
132
136
130
131
140
133
134
124
121
118
124
133
125
125
124
125
116
123
132
134
127
127
122
125
126
122
121
111
116
107
96
91
93
90
94
85
96
100
94
98
97
110
109
108
95
97
106
102
107
106
108
108
109
100
100
107
109
110
105
117
106
111
104
94
105
89
87
98
88
89
88
88
82
83
84
85
87
88
86
79
72
61
60
48
42
38
29
36
31
28
28
18
11
3
-3
-5
-4
1
-12
-16
-17
-23
-33
-20
-22
-27
-40
-38
-33
-40
-43
-47
-41
-48
-43
-45
-42
-40
-52
-58
-53
-60
-69
-69
-69
-75
-72
-71
-76
-73
-81
-72
-79
-82
-78
-88
-79
-75
-72
-65
-77
-73
-72
-67
-78
-68
-73
-73
-71
-84
-80
-81
-90
-84
-87
-87
-91
-97
-89
-97
-93
-100
-97
-103
-101
-88
-94
-97
-101
-95
-101
-105
-100
-109
-109
-109
-108
-110
-112
-109
-119
-118
-121
-119
-123
-115
-117
-126
-129
-128
-130
-129
-125
-134
-129
-136
-133
-141
-135
-142
-146
-142
-152
-151
-144
-141
-147
-148
-145
-141
-140
-132
-135
-138
-142
-128
-134
-139
-131
-138
-132
-136
-140
-134
-128
-136
-133
-127
-137
-132
-133
-139
-138
-140
-136
-137
-136
-137
-131
-140
-140
-140
-150
-149
-137
-146
-140
-141
-154
-142
-145
-144
-149
-143
-150
-145
-143
-143
-137
-141
-134
-126
-126
-135
-129
-121
-107
-111
-111
-100
-102
-103
-104
-108
-97
-104
-107
-106
-109
-91
-100
-95
-100
-100
-102
-107
-107
-101
-88
-95
-88
-89
-97
-95
-89
-98
-83
-87
-85
-64
-77
-82
-82
-79
-83
-80
-75
-81
-81
-78
-76
-74
-72
-67
-65
-79
-77
-77
-72
-71
-78
-80
-78
-77
-88
-83
-78
-73
-74
-77
-69
-66
-59
-58
-57
-51
-55
-47
-51
-56
-55
-55
-54
-50
-46
-37
-46
-35
-42
-50
-49
-49
-48
-53
-47
-60
-59
-62
-69
-75
-76
-81
-82
-87
-93
-84
-85
-86
-85
-79
-92
-86
-91
-98
-102
-96
-90
-89
-86
-97
-79
-81
-75
-78
-63
-70
-79
-65
-85
-65
-65
-67
-63
-69
-55
-60
-64
-61
-60
-54
-58
-49
-41
-50
-48
-42
-43
-47
-39
-36
-34
-44
-50
-48
-48
-51
-44
-39
-47
-47
-41
-33
-25
-3
-4
-2
-2
5
4
20
23
20
20
14
20
16
19
22
19
15
15
17
12
1
7
4
-12
-14
-20
-19
-20
-32
-24
-29
-25
-28
-25
-27
-37
-26
-36
-36
-39
-40
-46
-43
-49
-47
-50
-56
-48
-62
-57
-54
-54
-50
-50
-51
-44
-36
-42
-34
-29
-15
-26
-25
-22
-19
-29
-38
-29
-37
-34
-30
-34
-44
-46
-59
-61
-70
-75
-70
-82
-93
-90
-93
-87
-96
-89
-71
-78
-69
-62
-70
-53
-58
-51
-51
-47
-43
-33
-25
-30
-23
-29
-33
-32
-26
-26
-24
-35
-38
-41
-40
-41
-46
-50
-48
-57
-58
-57
-71
-78
-74
-73
-81
-69
-59
-64
-67
-70
-67
-69
-63
-62
-47
-47
-44
-40
-34
-24
-39
-22
-30
-47
-41
-54
-53
-58
-63
-67
-73
-76
-86
-92
-97
-105
-109
-119
-127
-134
-126
-123
-128
-124
-134
-128
-127
-133
-120
-115
-107
-106
-98
-97
-86
-80
-74
-71
-67
-55
-57
-48
-55
-61
-47
-58
-50
-47
-68
-71
-73
-81
-79
-80
-90
-90
-102
-103
-104
-113
-130
-130
-138
-146
-154
-167
-153
-157
-164
-163
-167
-164
-164
-162
-158
-157
-157
-140
-131
-133
-139
-138
-134
-134
-128
-127
-119
-125
-125
-119
-127
-128
-121
-124
-121
-128
-123
-127
-124
-132
-130
-122
-126
-109
-115
-116
-119
-114
-122
-124
-108
-113
-117
-107
-115
-106
-107
-103
-108
-105
-97
-96
-79
-83
-84
-83
-78
-82
-71
-63
-72
-70
-69
-57
-52
-55
-51
-50
-53
-49
-37
-36
-40
-41
-28
-25
-31
-26
-27
-24
-25
-25
-8
-12
-18
-14
-8
-8
0
4
7
8
12
7
1
3
20
16
5
13
6
-2
6
3
-2
-7
5
5
-13
-6
-4
-9
-6
-2
-6
-11
-12
-11
-13
-14
-20
-16
-22
-24
-29
-25
-24
-22
-31
-21
-9
-18
-9
-4
-4
-8
-12
0
-1
0
-5
11
16
15
26
10
12
11
23
18
12
23
4
6
10
8
5
-1
-6
-3
-2
-4
0
2
6
-4
-3
4
-1
-4
-8
-12
-5
-12
-13
-7
-1
-12
-21
-9
-18
-12
-17
-16
-10
-15
-16
-13
-13
-18
-8
-3
-12
-14
-11
1
-4
0
8
17
27
26
28
32
36
42
44
51
49
57
61
53
60
73
81
71
72
80
95
110
107
99
101
111
128
132
137
136
135
143
146
154
153
159
163
172
181
182
187
190
189
199
202
205
191
194
202
193
198
189
197
196
181
206
214
201
204
206
220
206
213
226
218
217
221
230
223
221
224
216
213
207
210
205
203
199
198
204
204
214
204
198
194
202
202
188
174
175
175
166
173
180
174
164
172
166
153
152
150
153
146
141
147
143
153
151
154
150
139
132
151
148
149
153
138
129
136
149
137
128
119
124
125
121
124
126
121
121
112
109
108
122
130
122
122
123
114
116
124
122
123
116
113
118
110
114
120
115
124
121
127
125
109
118
120
127
136
131
133
133
124
113
127
124
120
112
105
101
109
119
124
116
123
125
131
127
113
127
130
128
123
119
116
121
115
117
111
111
112
107
106
100
99
86
97
97
93
83
86
85
73
78
78
65
65
61
69
78
68
72
61
58
68
69
69
69
79
61
62
78
83
91
79
70
69
73
84
82
85
83
79
80
67
75
80
85
77
72
71
70
59
62
63
45
39
39
33
31
28
24
22
0
-2
-4
-7
-6
-15
-17
-25
-23
-18
-28
-30
-31
-35
-35
-30
-29
-35
-23
-26
-28
-16
-18
-18
-25
-30
-34
-28
-28
-18
-24
-31
-30
-43
-42
-35
-36
-46
-65
-61
-49
-50
-49
-37
-54
-52
-44
-35
-26
-34
-20
-24
-33
-24
-17
3
17
6
-2
-11
-14
-12
-1
11
14
9
7
-5
1
6
10
4
6
5
3
-4
-2
-2
-11
-13
-27
-26
-41
-56
-67
-83
-91
-92
-88
-84
-108
-126
-117
-105
-99
-90
-99
-93
-105
-116
-87
-75
-57
-58
-66
-63
-61
-51
-40
-39
-32
-65
-89
-92
-91
-76
-90
-124
-141
-152
-142
-138
-155
-145
-148
-133
-98
-100
-93
-91
-77
-56
-25
27
49
57
62
65
85
126
161
167
157
142
129
134
136
138
149
123
92
85
64
50
36
-1
-37
-59
-79
-55
-58
-82
-115
-151
-156
-166
-159
-123
-121
-133
-170
-199
-176
-125
-65
-33
-67
-90
-82
-50
13
57
56
58
54
69
108
136
153
159
131
110
105
135
147
127
101
60
41
25
20
20
15
-15
-44
-63
-83
-65
-76
-92
-90
-106
-87
-84
-84
-72
-69
-63
-49
-39
-23
-10
-8
-9
4
31
59
64
64
53
42
51
49
57
65
53
21
18
6
1
4
-14
-30
-51
-77
-82
-85
-89
-95
-121
-119
-121
-123
-110
-106
-105
-94
-79
-71
-58
-50
-48
-51
-36
-15
-6
8
8
9
9
8
12
15
13
-1
-4
-11
-15
-27
-28
-37
-47
-57
-69
-71
-82
-101
-112
-103
-110
-107
-116
-129
-136
-124
-109
-102
-97
-106
-110
-107
-85
-72
-70
-73
-79
-82
-78
-64
-57
-78
-79
-74
-67
-76
-89
-97
-112
-103
-102
-111
-128
-149
-171
-190
-192
-170
-156
-168
-196
-215
-203
-194
-194
-196
-184
-152
-146
-150
-157
-159
-119
-118
-123
-113
-103
-75
-45
-87
-106
-127
-126
-105
-94
-80
-76
-139
-194
-207
-177
-106
-106
-153
-203
-230
-212
-157
-157
-134
-163
-222
-220
-188
-132
-86
-133
-151
-158
-155
-96
-81
-84
-77
-99
-97
-92
-118
-99
-116
-120
-109
-125
-152
-178
-185
-178
-153
-192
-228
-235
-232
-224
-244
-247
-261
-281
-272
-286
-258
-280
-320
-329
-350
-310
-282
-261
-261
-292
-298
-296
-273
-219
-180
-159
-162
-182
-192
-124
-78
-34
-40
-93
-109
-113
-49
26
30
39
-64
-131
-112
-87
-19
-47
-92
-160
-243
-258
-246
-236
-231
-255
-343
-379
-400
-402
-365
-378
-363
-365
-380
-389
-430
-438
-391
-328
-306
-346
-405
-444
-438
-367
-304
-276
-322
-362
-354
-336
-278
-210
-189
-213
-283
-283
-264
-178
-76
-24
-80
-209
-253
-190
-87
-26
-18
-64
-139
-226
-223
-150
-84
-71
-135
-206
-242
-258
-223
-197
-210
-221
-235
-249
-263
-278
-256
-227
-237
-229
-197
-183
-191
-228
-231
-196
-143
-116
-135
-166
-174
-187
-159
-112
-102
-96
-131
-173
-188
-178
-137
-120
-118
-156
-153
-138
-109
-91
-136
-98
-71
-55
-26
-35
-16
-16
-30
0
-6
19
34
-4
-63
-115
-148
-119
-118
-156
-193
-315
-400
-427
-434
-391
-437
-525
-579
-651
-644
-660
-699
-674
-671
-675
-760
-816
-737
-483
-228
-188
-391
-580
-498
-220
69
299
317
176
-31
-156
41
354
573
509
265
20
-56
-6
115
154
102
-21
-200
-361
-415
-396
-352
-384
-494
-542
-574
-570
-614
-631
-579
-496
-435
-415
-414
-416
-401
-350
-234
-91
7
27
-22
-77
-41
53
196
258
214
115
35
5
36
100
109
46
-70
-181
-216
-216
-208
-185
-210
-261
-357
-402
-404
-360
-301
-278
-259
-257
-267
-241
-176
-98
-18
53
97
95
76
81
126
173
213
204
141
55
-17
-52
-16
-8
-61
-190
-336
-415
-466
-460
-463
-518
-556
-651
-772
-815
-814
-771
-709
-808
-894
-994
-925
-766
-493
-275
-247
-439
-717
-641
-213
223
447
320
90
-18
-81
160
488
693
604
290
0
-40
84
253
280
99
-108
-283
-382
-389
-416
-414
-430
-538
-605
-648
-624
-599
-654
-643
-550
-415
-342
-357
-392
-351
-251
-108
52
148
156
104
71
145
276
428
494
438
327
243
280
347
420
383
302
195
109
94
126
171
129
39
-39
-107
-124
-130
-143
-145
-208
-267
-334
-366
-377
-387
-367
-396
-470
-540
-603
-619
-570
-580
-565
-722
-819
-906
-839
-898
-796
-342
0
37
-718
-1171
-672
-17
586
613
236
190
-279
-346
187
774
1131
805
135
-128
-112
179
594
523
289
-1
-290
-265
-323
-309
-86
-214
-391
-608
-624
-451
-547
-661
-600
-423
-320
-375
-526
-511
-449
-369
-136
46
89
-17
-166
-126
-39
161
387
389
243
0
-42
76
224
264
200
74
-149
-295
-217
-112
-99
-113
-165
-253
-351
-412
-308
-117
-25
-18
-87
-4
35
65
162
229
347
386
344
314
244
220
239
206
178
105
-5
-132
-335
-507
-525
-541
-627
-820
-974
-1071
-1169
-1375
-1511
-1657
-1703
-1797
-1513
-794
-449
-734
-1712
-2130
-1247
-165
585
606
37
-204
-654
-455
528
1420
1697
1037
97
-150
164
677
1134
966
486
-9
-406
-353
-287
-272
-190
-505
-831
-1118
-1136
-950
-1078
-1256
-1238
-1004
-888
-983
-1128
-1080
-932
-778
-454
-155
-58
-195
-360
-215
69
417
713
697
485
181
174
447
724
767
568
318
126
67
136
229
164
38
-125
-262
-256
-220
-199
-177
-255
-279
-262
-183
-105
-163
-173
-169
-115
-44
-32
-107
-153
-220
-269
-208
-268
-367
-594
-747
-793
-731
-795
-952
-1417
-1726
-1933
-1981
-911
-83
70
-1183
-2839
-2488
-919
376
1112
236
-181
-844
-1445
-498
948
2036
1820
342
-539
-286
299
1212
1426
998
470
-231
-335
-15
-70
175
9
-355
-692
-1047
-737
-663
-980
-1240
-1075
-678
-622
-997
-1237
-1081
-958
-700
-343
-54
-56
-478
-616
-297
149
667
778
673
310
-15
231
730
1095
992
742
523
361
292
449
685
823
640
246
-37
2
198
322
290
152
29
-38
-43
-104
-33
-2
-21
-133
-265
-331
-371
-405
-472
-586
-716
-817
-1072
-1087
-1160
-1332
-1606
-1952
-2566
-1876
-681
453
111
-2332
-3349
-2083
-229
1550
1188
325
97
-1207
-1134
277
2151
3292
1965
-34
-458
24
1231
2025
1735
1351
383
-410
-161
32
326
439
-121
-486
-1110
-1126
-664
-773
-1141
-1475
-1154
-598
-732
-1276
-1340
-1080
-819
-561
-204
253
95
-450
-537
-90
709
1177
1126
910
397
207
552
1202
1685
1438
965
574
359
611
911
1017
1119
702
150
-47
28
399
548
291
91
-234
-249
-204
-254
-173
-249
-374
-541
-657
-767
-686
-858
-986
-1271
-1325
-1317
-1461
-1813
-2274
-2962
-2345
-753
596
316
-2283
-3912
-2681
-422
1619
1796
603
-30
-1413
-1654
-10
2315
3812
2551
-56
-963
-287
1255
2322
2107
1496
438
-614
-499
51
541
654
-90
-657
-1237
-1355
-730
-646
-1075
-1599
-1535
-819
-696
-1236
-1526
-1304
-975
-749
-440
106
152
-442
-760
-389
546
1240
1195
874
406
161
495
1351
2061
1869
1152
540
562
1087
1533
1596
1334
939
474
262
516
856
934
579
10
-269
-165
95
51
-197
-565
-744
-782
-689
-756
-987
-1366
-1782
-1927
-1824
-1742
-2092
-2780
-3331
-1935
-260
499
-1136
-3486
-3535
-1270
853
1998
1182
415
-207
-1323
-549
1620
3791
3832
1436
-528
-230
1107
2472
2571
1941
1157
37
-493
15
560
827
287
-627
-1122
-1383
-942
-612
-944
-1536
-1844
-1289
-757
-988
-1457
-1486
-1141
-878
-608
-174
221
-21
-585
-593
195
1170
1444
1135
661
369
613
1206
1956
2086
1621
1080
731
1086
1654
1832
1715
1254
786
571
645
984
1044
722
238
-109
-107
20
3
-167
-426
-778
-933
-982
-947
-1228
-1668
-1939
-2257
-2335
-2610
-2852
-3166
-2040
-669
-23
-1465
-3668
-3718
-1399
916
2031
1117
140
-346
-1079
-201
1746
3925
4045
1764
-320
-176
1350
2832
2900
2207
1345
215
-424
-97
558
993
434
-624
-1267
-1647
-1233
-840
-1006
-1529
-1929
-1565
-1077
-1225
-1668
-1651
-1150
-844
-723
-428
57
35
-436
-548
180
1176
1561
1151
708
552
742
1294
1932
2269
1984
1254
672
881
1594
2222
1953
1313
655
374
569
869
1024
816
294
-225
-459
-312
-82
-140
-450
-903
-1274
-1343
-1367
-1593
-1884
-2292
-2567
-2944
-3167
-3313
-2072
-730
-301
-1783
-4083
-3974
-1507
920
1967
851
-138
-496
-1011
-143
1779
3924
4054
1711
-262
-10
1627
3071
2904
2068
1336
448
-80
177
575
887
294
-624
-1134
-1442
-1101
-911
-1219
-1791
-2087
-1568
-965
-1198
-1875
-2023
-1442
-891
-598
-392
-35
-141
-644
-648
174
1366
1742
1220
637
518
898
1575
2210
2528
2111
1381
874
1091
1891
2360
2029
1353
733
463
594
803
917
623
177
-254
-487
-384
-314
-411
-670
-987
-1259
-1357
-1518
-1706
-2197
-2461
-2905
-3078
-3133
-2419
-875
-251
-1140
-3464
-4254
-2368
402
1924
1488
-40
-529
-978
-462
1269
3414
4251
2486
144
-221
1218
2916
3245
2328
1555
758
167
305
813
1058
597
-470
-940
-1120
-863
-668
-1056
-1596
-2009
-1716
-985
-847
-1452
-1958
-1720
-1152
-760
-348
39
50
-549
-886
-301
988
1755
1441
722
415
679
1291
1971
2449
2332
1761
1136
1042
1749
2385
2310
1641
994
615
704
900
961
670
181
-274
-506
-414
-291
-471
-865
-1292
-1616
-1557
-1451
-1716
-2381
-2899
-3360
-3232
-3304
-2383
-841
-430
-1397
-3910
-4567
-2235
557
2064
1316
-347
-784
-1087
-348
1483
3510
4221
2202
-218
-281
1395
3162
3294
2050
1187
472
54
351
781
1007
391
-832
-1263
-1283
-878
-586
-1133
-1877
-2331
-1948
-1044
-849
-1435
-1976
-1841
-1307
-844
-391
108
126
-557
-910
-324
957
1729
1441
708
379
613
1193
1814
2339
2352
1738
1059
853
1482
2225
2200
1521
838
499
591
748
798
521
82
-298
-590
-570
-403
-449
-747
-1283
-1756
-1823
-1665
-1716
-2269
-2995
-3550
-3608
-3420
-1852
-524
-534
-2246
-4657
-4300
-1574
1099
2100
758
-683
-1273
-1393
82
2308
4103
3728
1077
-684
20
2040
3550
3118
1896
854
-24
-72
580
1116
1091
-112
-1268
-1522
-1305
-746
-751
-1427
-2262
-2573
-1938
-1157
-1201
-1775
-2195
-1977
-1508
-970
-361
98
-211
-945
-1039
-69
1263
1729
1262
578
349
747
1490
2239
2676
2276
1404
758
1060
2064
2552
2079
1115
407
322
527
738
723
272
-341
-879
-1014
-738
-587
-775
-1300
-1869
-2081
-2005
-1933
-2076
-2816
-3546
-3865
-3791
-2692
-967
-403
-1357
-3883
-4811
-2875
-4
1929
1502
-200
-1079
-1463
-673
1328
3405
4220
2315
-173
-491
1121
3111
3475
2229
1202
342
9
308
757
1022
344
-987
-1540
-1476
-904
-661
-1382
-2287
-2732
-2263
-1359
-1126
-1696
-2310
-2389
-1904
-1337
-631
-20
-74
-848
-1337
-701
753
1723
1562
793
342
635
1314
2056
2630
2573
1932
1210
1026
1768
2488
2377
1552
733
489
571
624
620
253
-212
-643
-963
-905
-815
-961
-1387
-1906
-2195
-2141
-2126
-2207
-2923
-3620
-3967
-3949
-3208
-1472
-517
-1055
-3443
-4990
-3574
-627
1728
1717
119
-961
-1488
-1085
769
3061
4378
2984
283
-640
750
2838
3719
2683
1606
705
157
339
853
1231
805
-563
-1431
-1472
-1005
-597
-1126
-2021
-2642
-2439
-1658
-1245
-1666
-2197
-2396
-2096
-1609
-945
-245
-126
-817
-1335
-818
538
1530
1484
865
470
662
1255
1995
2663
2909
2275
1456
1118
1817
2732
2778
1992
1128
731
813
861
806
609
172
-327
-794
-864
-666
-752
-1196
-1784
-2164
-2068
-1981
-2188
-2790
-3498
-3915
-3822
-3376
-1758
-636
-932
-2862
-4801
-3864
-1049
1413
1954
427
-862
-1224
-996
659
2729
4170
3418
886
-424
646
2694
3912
3058
1774
994
521
665
1107
1348
1119
-33
-975
-1072
-757
-299
-714
-1637
-2331
-2255
-1477
-1022
-1422
-2074
-2375
-2010
-1514
-990
-393
-208
-757
-1350
-1066
197
1377
1516
853
336
491
1179
1887
2532
2819
2468
1821
1354
1771
2581
2876
2319
1558
1109
1111
1061
871
621
347
100
-383
-633
-653
-758
-1124
-1647
-2017
-1923
-1879
-2105
-2871
-3539
-3920
-3818
-3502
-2277
-903
-969
-2494
-4643
-4405
-1807
892
1891
737
-841
-1332
-1279
127
2303
3983
3728
1420
-393
253
2212
3833
3450
2081
1156
579
595
1054
1355
1256
301
-895
-1146
-875
-260
-498
-1532
-2319
-2320
-1566
-1034
-1418
-2037
-2371
-2146
-1726
-1217
-508
-166
-674
-1414
-1304
-82
1262
1477
825
261
389
986
1620
2294
2701
2563
1982
1350
1641
2438
2856
2439
1610
1240
1278
1219
994
623
424
239
-138
-471
-582
-615
-934
-1427
-1819
-1878
-1822
-1988
-2575
-3253
-3661
-3750
-3594
-2977
-1509
-953
-1756
-3691
-4603
-2907
-305
1310
1152
-250
-966
-1140
-639
1154
3088
3873
2525
306
12
1485
3131
3536
2455
1579
1081
722
886
1188
1275
820
-362
-913
-796
-382
-310
-1168
-2032
-2208
-1728
-1058
-1181
-1826
-2289
-2310
-1902
-1402
-788
-284
-506
-1238
-1522
-749
651
1350
1046
436
223
625
1259
1842
2465
2568
2078
1413
1330
2063
2708
2546
1916
1365
1214
1200
1006
800
637
440
123
-332
-547
-571
-787
-1163
-1545
-1699
-1648
-1866
-2447
-3112
-3368
-3454
-3506
-3597
-2844
-1459
-1271
-2268
-4143
-4202
-2068
45
922
354
-559
-765
-1012
-392
1492
3220
3506
1719
25
594
2191
3302
3019
2002
1584
1203
910
1077
1251
1288
516
-597
-789
-541
-101
-425
-1474
-2158
-2097
-1415
-990
-1367
-1932
-2204
-2129
-1820
-1382
-675
-212
-674
-1400
-1381
-280
941
1128
628
293
403
873
1245
1777
2359
2320
1858
1302
1574
2311
2454
2062
1591
1496
1560
1278
902
647
556
508
181
-119
-229
-459
-794
-1208
-1337
-1118
-1179
-1555
-2337
-2865
-2849
-2790
-3061
-3262
-3337
-2224
-1395
-1534
-2620
-3925
-3121
-1416
-87
516
79
-346
-807
-1218
0
1923
3231
2726
848
231
1219
2242
2818
2395
2009
1666
952
807
1160
1440
1234
84
-569
-414
-117
17
-745
-1562
-1884
-1681
-1125
-1011
-1375
-1740
-2134
-2154
-1781
-1107
-348
-398
-1198
-1636
-1136
89
727
570
354
128
243
624
1161
1976
2208
1674
1140
1202
2013
2472
2092
1658
1486
1607
1552
1228
1082
925
618
288
64
180
194
-274
-903
-1244
-1083
-843
-1115
-1575
-2199
-2467
-2525
-2653
-2932
-3073
-3202
-2717
-1707
-1324
-1768
-3366
-3621
-2409
-798
486
445
-153
-727
-1394
-756
947
2628
3019
1599
382
564
1338
2337
2633
2341
1957
1157
739
987
1303
1461
744
-26
-154
-87
170
-253
-1068
-1553
-1453
-897
-627
-1003
-1479
-1904
-2006
-1761
-1196
-385
-202
-956
-1645
-1571
-528
358
534
357
-8
-129
13
497
1388
1873
1557
1057
919
1423
1961
1985
1778
1653
1666
1624
1414
1343
1198
955
699
607
666
602
210
-361
-745
-623
-407
-531
-962
-1549
-1928
-2025
-2140
-2307
-2480
-2884
-3249
-3455
-2243
-1115
-1215
-2699
-4175
-3509
-1666
-42
473
-130
-688
-1337
-1555
-269
1796
3018
2275
394
-210
847
2070
2749
2347
1917
1461
853
956
1445
1794
1394
308
-214
-4
463
482
-298
-1190
-1486
-1192
-617
-538
-951
-1457
-1965
-2071
-1641
-747
-48
-533
-1578
-2042
-1365
-141
358
220
-95
-401
-531
-283
533
1455
1444
760
339
764
1766
2119
1716
1334
1307
1563
1684
1714
1696
1370
889
552
628
1059
1104
449
-311
-537
-192
74
-168
-664
-1179
-1406
-1489
-1602
-1616
-1729
-2222
-3131
-3625
-3456
-1825
-634
-978
-2770
-4546
-3725
-1732
-22
506
-53
-633
-1483
-2027
-686
1703
3180
2275
154
-332
1021
2160
2617
2231
2113
1862
1146
1204
1811
2206
1641
391
172
734
1246
1013
-53
-964
-1166
-721
-54
-25
-595
-1279
-1964
-2049
-1608
-649
18
-664
-1911
-2371
-1568
-329
-55
-286
-513
-695
-821
-632
234
1235
1203
472
174
749
1728
1940
1664
1555
1700
1889
1796
1827
1967
1803
1396
1091
1199
1512
1452
886
272
101
328
445
225
-122
-532
-776
-1034
-1158
-1163
-1266
-1686
-2334
-2838
-2941
-2899
-2785
-1768
-1125
-1330
-2718
-3827
-3051
-1430
-38
225
-145
-415
-964
-1253
-296
1598
2799
2243
859
632
1484
2231
2498
2358
2570
2427
1894
1721
1912
2130
1752
1092
967
1192
1356
954
148
-586
-700
-304
103
-150
-782
-1329
-1708
-1813
-1638
-931
-435
-952
-1909
-2329
-1626
-745
-482
-552
-539
-575
-716
-538
201
1020
1003
683
703
1330
1898
1867
1708
1720
1999
2231
2298
2340
2177
1859
1570
1530
1755
1953
1772
1189
541
321
591
778
554
43
-457
-758
-1001
-1005
-946
-1003
-1457
-2116
-2495
-2393
-2428
-2731
-3096
-2909
-1697
-1031
-1407
-2881
-3527
-2454
-843
137
293
217
-50
-787
-1085
311
2584
3454
2249
690
865
1948
2545
2671
2766
2991
2364
1388
1396
2141
2499
1753
798
603
853
893
535
-186
-806
-1004
-837
-525
-735
-1254
-1766
-2186
-2358
-2029
-1108
-597
-1307
-2389
-2499
-1496
-597
-422
-412
-244
-406
-751
-466
712
1657
1345
572
568
1353
2168
2271
2119
1941
1787
1779
2115
2580
2586
2078
1460
1252
1416
1713
1733
1177
469
90
301
514
389
-66
-492
-798
-1035
-1032
-833
-787
-1289
-1980
-2224
-1988
-1760
-1895
-2323
-2827
-3041
-2349
-1044
-234
-942
-2530
-3060
-1848
27
1047
1143
759
77
-697
-479
1362
3332
3530
1921
655
959
2020
2700
2779
2751
2279
1401
915
1394
2119
1838
802
30
44
321
349
41
-675
-1451
-1723
-1219
-621
-696
-1380
-2035
-2279
-2176
-1528
-604
-274
-1047
-2079
-2001
-916
39
247
180
94
-180
-357
239
1469
2041
1470
688
723
1473
2034
2293
2296
2027
1456
1151
1651
2319
2332
1684
1124
935
1006
1120
1152
925
339
-66
-37
208
169
-263
-608
-795
-894
-788
-544
-510
-981
-1586
-1589
-1104
-842
-996
-1458
-1717
-1886
-2099
-1921
-1112
34
325
-677
-2108
-2296
-895
833
1423
962
450
127
-206
-178
929
2551
2809
1435
130
477
1611
1916
1521
1355
1494
1166
529
535
1043
1014
233
-242
91
499
287
-239
-663
-952
-965
-533
-35
-164
-902
-1420
-1296
-954
-669
-260
68
-258
-1085
-1244
-370
508
539
134
92
227
183
280
880
1424
1162
548
556
1142
1471
1319
1207
1326
1279
1045
1164
1480
1451
966
707
968
1194
1038
746
625
486
255
277
598
759
366
-180
-261
14
191
162
117
31
-243
-471
-332
-42
-8
-278
-597
-717
-838
-971
-1026
-1172
-1394
-1383
-780
2
-173
-1418
-2389
-1925
-458
509
446
28
-386
-895
-1185
-443
1161
2100
1385
-14
-444
327
1199
1571
1653
1508
961
410
531
1256
1569
1098
526
406
564
582
545
492
72
-534
-624
-25
405
-15
-829
-1190
-1025
-781
-464
-81
-46
-687
-1427
-1325
-462
240
241
-111
-390
-558
-505
13
716
927
487
57
161
626
876
938
1070
1118
986
841
1077
1381
1291
1001
915
1169
1354
1223
983
826
694
596
693
888
868
478
82
31
198
343
251
58
-159
-418
-513
-385
-255
-342
-659
-895
-915
-915
-936
-1051
-1155
-1337
-1587
-1742
-1692
-1355
-851
-549
-819
-1594
-2160
-1715
-576
315
275
-326
-738
-735
-477
73
835
1354
1058
305
0
415
1033
1288
1167
961
764
611
651
832
784
455
200
300
477
374
60
-227
-432
-575
-539
-231
-24
-301
-863
-1168
-994
-620
-366
-311
-453
-724
-932
-792
-357
-15
-21
-232
-333
-269
-143
41
252
340
200
84
214
503
614
435
251
293
537
735
809
734
493
277
242
527
838
863
576
216
126
271
483
578
490
304
105
110
269
418
380
178
7
-5
105
171
137
-31
-260
-367
-312
-97
-36
-199
-474
-698
-730
-679
-614
-638
-804
-1034
-1237
-1222
-998
-728
-697
-847
-1087
-1255
-1120
-825
-440
-286
-333
-518
-614
-493
-196
76
223
203
131
188
350
518
579
523
512
583
774
917
906
803
681
612
685
869
1023
960
695
389
242
316
492
524
366
86
-165
-282
-263
-224
-227
-340
-502
-676
-769
-698
-633
-663
-783
-917
-860
-682
-560
-559
-614
-614
-576
-507
-309
-88
46
31
-80
-52
203
479
624
650
685
770
853
950
997
1044
1094
1071
1018
1047
1092
960
773
600
541
508
389
218
57
-49
-163
-253
-264
-210
-297
-552
-714
-637
-408
-339
-482
-667
-747
-721
-711
-668
-643
-570
-560
-673
-877
-966
-855
-731
-710
-756
-753
-715
-599
-406
-348
-435
-652
-622
-367
-4
144
128
-19
-117
-105
38
237
330
293
222
235
319
377
304
173
99
53
86
125
216
136
-59
-236
-289
-232
-135
-15
5
-75
-251
-340
-244
-104
-46
-117
-125
-88
-68
-99
-167
-170
-135
-106
-89
-42
45
48
-79
-142
-114
-27
41
60
58
9
-47
-119
-92
9
109
114
74
84
98
121
110
74
57
66
123
136
117
34
-58
-115
-159
-146
-87
4
27
-27
-95
-86
-48
-20
-9
-15
12
59
32
15
-48
-133
-152
-83
-38
-62
-129
-203
-259
-313
-298
-298
-355
-420
-499
-592
-589
-547
-592
-767
-902
-843
-684
-581
-680
-832
-913
-885
-739
-542
-396
-396
-509
-593
-540
-357
-216
-183
-206
-195
-162
-95
-60
-9
59
62
43
50
146
210
151
68
85
159
218
154
65
12
-30
-72
-136
-127
-84
-157
-287
-334
-280
-230
-271
-336
-373
-338
-314
-310
-274
-251
-271
-324
-333
-238
-129
-116
-145
-181
-172
-80
15
89
110
63
45
79
153
222
219
198
129
90
132
203
226
146
50
13
45
66
54
28
-23
-101
-181
-203
-179
-198
-265
-332
-363
-373
-410
-458
-493
-480
-481
-519
-537
-541
-533
-539
-539
-504
-453
-409
-425
-464
-447
-385
-340
-304
-308
-317
-311
-349
-338
-277
-202
-200
-301
-350
-353
-301
-281
-315
-332
-381
-434
-462
-442
-395
-381
-437
-485
-555
-591
-550
-501
-478
-508
-524
-526
-557
-581
-546
-459
-402
-441
-491
-494
-448
-377
-326
-278
-248
-284
-299
-270
-186
-104
-111
-132
-123
-96
-75
-80
-56
-26
-25
-18
-10
15
32
14
-2
-23
-40
-25
-11
-42
-78
-122
-146
-185
-232
-248
-285
-322
-341
-353
-340
-364
-434
-460
-446
-403
-375
-386
-411
-438
-443
-410
-327
-250
-242
-304
-382
-384
-326
-243
-193
-192
-237
-324
-353
-315
-266
-240
-265
-320
-387
-412
-391
-389
-400
-394
-410
-422
-456
-482
-446
-443
-450
-443
-434
-420
-445
-441
-396
-386
-394
-400
-384
-344
-335
-362
-364
-365
-367
-392
-403
-345
-334
-394
-464
-470
-432
-411
-414
-438
-454
-474
-492
-478
-417
-347
-346
-425
-479
-481
-419
-348
-315
-346
-391
-411
-415
-380
-362
-328
-316
-350
-381
-354
-271
-210
-245
-269
-259
-216
-153
-125
-116
-108
-101
-94
-68
-22
24
21
-44
-75
-34
51
94
38
-42
-82
-79
-75
-72
-59
-53
-103
-189
-253
-227
-161
-182
-268
-334
-356
-357
-356
-344
-337
-386
-478
-532
-495
-409
-355
-409
-498
-546
-496
-379
-294
-299
-359
-391
-387
-346
-254
-143
-118
-213
-312
-340
-267
-197
-224
-287
-314
-317
-352
-386
-387
-352
-390
-467
-526
-508
-473
-504
-584
-644
-629
-600
-596
-616
-660
-664
-654
-640
-609
-600
-585
-580
-558
-494
-427
-391
-376
-364
-310
-211
-155
-117
-81
-53
-41
-23
26
65
79
66
29
25
41
1
-58
-72
-59
-68
-118
-159
-184
-201
-187
-220
-228
-217
-249
-314
-358
-350
-313
-291
-267
-290
-353
-385
-375
-309
-223
-219
-277
-302
-272
-209
-155
-109
-79
-106
-144
-134
-73
32
55
28
-13
-39
-23
-6
31
58
29
-42
-95
-114
-77
-93
-153
-174
-212
-249
-308
-346
-357
-408
-439
-456
-473
-483
-526
-569
-562
-567
-576
-577
-554
-539
-553
-561
-564
-547
-484
-420
-360
-311
-309
-313
-283
-221
-132
-43
15
26
-10
-34
21
90
139
123
67
63
65
45
13
0
1
-77
-163
-180
-159
-169
-251
-327
-395
-428
-447
-455
-446
-479
-544
-580
-547
-523
-529
-546
-545
-508
-488
-466
-439
-412
-425
-441
-386
-298
-220
-195
-205
-209
-176
-149
-114
-33
10
22
-12
-17
18
24
30
19
18
2
-22
-58
-84
-113
-138
-180
-236
-282
-312
-304
-306
-370
-443
-497
-507
-490
-475
-456
-449
-504
-559
-541
-464
-368
-315
-324
-333
-325
-285
-215
-109
-50
-68
-93
-95
-48
21
45
42
28
10
18
17
30
19
-6
-26
-57
-72
-77
-76
-90
-119
-143
-196
-228
-245
-255
-285
-308
-338
-365
-379
-388
-396
-403
-408
-412
-403
-389
-366
-364
-378
-384
-355
-305
-255
-229
-209
-191
-187
-146
-79
6
44
31
26
53
114
159
191
211
204
157
128
114
152
160
101
17
-57
-60
-29
-43
-100
-153
-205
-233
-248
-224
-188
-207
-288
-369
-364
-262
-190
-190
-218
-248
-235
-186
-135
-56
-8
-23
-59
-61
18
126
155
124
86
73
110
162
188
177
146
131
128
148
171
178
156
94
44
42
86
110
53
-11
-61
-82
-65
-50
-67
-87
-138
-200
-217
-220
-181
-160
-194
-234
-278
-262
-221
-204
-202
-206
-199
-209
-183
-147
-108
-82
-97
-101
-57
-5
14
12
20
61
90
113
118
94
64
26
39
58
67
40
-28
-82
-118
-130
-107
-86
-114
-156
-225
-278
-282
-256
-226
-209
-232
-257
-290
-279
-245
-228
-206
-193
-184
-178
-158
-147
-114
-80
-61
-59
-60
-47
-46
-28
-4
13
19
29
39
50
53
31
20
49
79
64
41
23
14
28
1
-27
-31
-34
-40
-69
-104
-112
-119
-115
-120
-148
-169
-176
-162
-137
-117
-116
-142
-153
-136
-83
-50
-23
-38
-22
26
29
43
47
64
73
69
62
64
66
69
42
24
-1
-9
-20
-56
-80
-124
-142
-129
-132
-155
-186
-226
-237
-243
-244
-238
-234
-230
-254
-270
-251
-239
-223
-206
-188
-158
-170
-185
-168
-140
-98
-87
-72
-49
-46
-59
-54
-48
-23
4
-21
-22
-34
-34
-29
-36
-46
-73
-97
-109
-98
-83
-84
-119
-147
-181
-176
-148
-109
-98
-140
-184
-197
-170
-124
-98
-135
-176
-192
-174
-141
-132
-142
-157
-165
-175
-151
-118
-106
-110
-150
-161
-143
-95
-65
-69
-69
-89
-86
-45
-7
26
6
-6
-5
-4
3
0
-8
-5
-12
-17
-16
-32
-55
-75
-64
-49
-53
-72
-80
-93
-116
-127
-117
-82
-77
-106
-129
-131
-124
-111
-117
-94
-81
-123
-154
-139
-106
-72
-75
-91
-105
-114
-98
-85
-55
-38
-65
-90
-87
-77
-65
-62
-59
-73
-91
-84
-73
-74
-72
-81
-75
-65
-80
-72
-72
-82
-73
-84
-68
-51
-54
-54
-67
-56
-53
-52
-40
-36
-20
-39
-50
-52
-44
-21
-18
-33
-48
-46
-60
-68
-67
-57
-43
-38
-35
-38
-44
-26
-43
-46
-17
17
50
48
49
53
62
87
115
164
179
144
114
107
119
136
143
139
120
104
91
73
83
86
83
82
73
77
82
58
31
21
49
69
64
54
41
40
20
23
33
49
53
29
12
9
26
22
-8
0
12
48
47
33
29
29
32
18
22
34
50
54
33
13
5
23
34
20
19
26
49
51
45
39
28
24
8
5
22
42
32
7
0
-20
-15
-13
-14
-33
-48
-55
-79
-79
-70
-46
-51
-87
-97
-105
-89
-68
-52
-19
1
2
11
19
45
79
97
100
98
110
107
106
97
116
139
140
114
104
97
102
110
110
119
105
73
51
66
81
76
53
30
37
34
32
39
49
36
5
-6
12
44
47
33
29
24
28
35
39
37
36
27
10
16
28
41
17
-23
-39
-12
24
43
23
12
2
-13
-1
-5
3
14
-22
-59
-86
-58
-44
-70
-90
-121
-128
-112
-116
-114
-110
-130
-133
-126
-82
-64
-65
-86
-84
-50
-21
16
31
39
23
12
24
64
101
101
72
57
64
60
58
56
53
15
-29
-38
-10
6
-18
-51
-44
-26
-30
-37
-26
-14
-12
2
2
2
10
14
6
4
14
21
23
7
-4
-23
-17
2
-8
-10
-19
-35
-51
-61
-31
13
15
-20
-59
-69
-47
-35
-14
13
17
-6
-39
-40
2
42
44
16
5
14
13
10
5
-2
-21
-31
-48
-64
-90
-111
-139
-166
-173
-168
-155
-164
-195
-228
-230
-211
-174
-141
-159
-160
-154
-129
-93
-71
-42
-29
-23
-20
0
21
34
17
15
21
32
30
12
0
-12
-28
-45
-52
-49
-51
-62
-84
-97
-90
-89
-96
-95
-91
-98
-87
-94
-96
-93
-79
-67
-63
-48
-48
-57
-48
-35
-24
-17
-18
-39
-43
-44
-28
-21
-20
-32
-47
-42
-41
-26
-48
-61
-69
-71
-82
-86
-69
-68
-80
-116
-127
-125
-116
-114
-122
-138
-162
-174
-172
-135
-110
-102
-125
-141
-128
-119
-106
-96
-77
-67
-66
-72
-65
-49
-19
-22
-43
-53
-46
-40
-17
-28
-47
-51
-70
-64
-47
-36
-39
-42
-78
-87
-70
-50
-41
-77
-117
-126
-114
-96
-84
-82
-98
-157
-190
-154
-110
-103
-134
-177
-201
-206
-189
-156
-137
-147
-199
-222
-202
-156
-111
-122
-143
-153
-159
-130
-99
-79
-65
-84
-91
-91
-72
-49
-35
-40
-56
-60
-57
-53
-68
-61
-54
-66
-72
-80
-89
-102
-134
-150
-149
-125
-112
-146
-185
-204
-208
-206
-200
-191
-177
-201
-244
-256
-227
-176
-159
-164
-187
-191
-180
-164
-120
-105
-89
-81
-108
-106
-79
-33
-20
-43
-56
-45
-15
-8
-39
-45
-35
-26
-16
-26
-24
-42
-67
-80
-67
-31
-4
-34
-95
-131
-118
-86
-61
-48
-71
-101
-141
-168
-159
-101
-69
-85
-128
-173
-159
-134
-113
-109
-108
-121
-130
-138
-118
-93
-78
-65
-74
-65
-69
-69
-61
-60
-48
-39
-33
-37
-48
-59
-77
-76
-85
-91
-88
-100
-125
-146
-152
-145
-144
-156
-176
-191
-209
-226
-208
-193
-183
-188
-203
-222
-217
-203
-190
-166
-153
-149
-170
-184
-179
-164
-142
-101
-96
-114
-128
-130
-129
-120
-105
-96
-88
-103
-100
-102
-105
-124
-139
-115
-93
-79
-97
-139
-143
-130
-109
-96
-74
-74
-100
-115
-125
-126
-107
-100
-88
-105
-123
-123
-108
-94
-99
-93
-82
-70
-77
-78
-73
-64
-46
-30
-25
-40
-45
-42
-23
-1
24
35
7
-22
-34
-25
5
23
23
7
-29
-36
-23
-1
18
-5
-35
-39
-28
-10
-15
3
-1
-22
-23
-26
-4
25
23
10
-1
0
17
43
50
47
34
25
57
60
70
65
69
53
27
42
58
63
54
49
44
48
46
42
62
74
80
58
49
39
37
50
69
67
64
65
49
29
36
64
82
83
60
56
51
69
105
105
116
136
146
128
131
180
201
175
160
170
199
214
197
199
212
200
191
192
177
178
169
157
150
157
156
151
133
136
130
127
132
117
121
108
113
119
125
120
103
106
115
112
116
120
121
111
107
128
146
164
158
151
149
158
172
191
201
173
157
165
161
173
193
187
185
173
176
165
167
185
179
176
156
150
144
153
164
159
142
138
148
135
114
119
112
107
98
88
92
100
100
88
108
124
129
123
121
130
155
173
201
211
205
205
203
211
234
265
280
268
264
268
271
295
317
329
323
304
286
283
293
301
298
295
268
235
236
235
235
227
218
208
201
190
193
193
189
170
158
162
153
168
157
161
163
172
171
174
196
183
175
175
186
207
215
206
204
190
186
196
223
246
234
219
198
195
213
220
218
221
207
181
168
152
151
148
132
123
103
97
74
48
32
26
38
24
27
14
-6
-15
-13
17
33
46
31
2
-17
1
37
56
53
37
19
9
22
37
69
86
82
74
62
80
103
112
104
100
96
90
93
102
98
75
63
69
66
67
60
43
35
28
32
27
20
4
-10
1
4
-2
-14
-13
-8
-20
-32
-34
-6
8
-9
-14
-14
0
6
7
20
22
26
26
23
34
45
51
56
54
75
75
73
75
67
85
91
98
97
105
110
98
99
88
92
95
103
81
55
57
54
40
21
23
16
0
-14
-36
-25
-21
-31
-25
-40
-41
-39
-38
-23
-12
7
18
11
8
29
47
46
59
73
86
100
103
85
109
132
136
139
128
139
134
123
131
150
152
125
93
101
103
98
91
85
87
65
48
45
59
63
40
23
25
11
7
21
30
28
33
34
42
57
53
69
59
79
84
77
87
81
95
95
105
122
138
152
156
146
137
147
163
161
171
162
158
145
151
148
137
138
120
126
106
103
107
105
108
95
83
73
53
72
80
73
81
82
68
48
39
62
76
78
77
61
59
64
75
90
118
112
105
89
98
133
146
156
143
128
122
133
143
146
143
128
99
93
101
117
101
81
70
73
81
75
74
62
44
30
38
47
58
56
52
37
35
50
56
65
74
76
59
66
73
84
89
75
69
74
76
90
98
98
93
90
121
132
133
125
126
117
105
105
122
141
113
89
84
84
92
92
78
60
50
59
65
66
78
75
68
66
83
100
118
113
114
115
116
136
151
163
161
158
163
174
188
196
195
193
184
177
193
209
196
183
173
156
140
145
145
137
115
88
59
56
60
74
72
36
19
0
0
3
2
8
1
-12
-19
-3
7
12
26
21
24
41
53
70
57
56
56
49
60
63
66
66
56
41
52
60
76
79
72
50
27
25
34
42
48
35
6
-15
-25
-27
-16
-21
-36
-58
-62
-49
-61
-57
-68
-75
-74
-78
-66
-55
-57
-62
-71
-64
-35
-20
-26
-18
-22
-15
-1
20
54
66
65
67
78
97
109
129
121
124
121
119
128
122
139
125
97
87
88
98
87
49
26
18
9
2
-17
-30
-27
-39
-53
-56
-71
-67
-76
-81
-75
-69
-55
-55
-48
-53
-43
-30
-27
-15
-9
-1
6
13
34
44
64
67
71
86
86
99
107
111
127
119
106
103
110
105
99
97
81
75
66
57
32
30
25
8
-2
-14
-21
-29
-42
-57
-58
-32
-29
-42
-55
-65
-59
-38
-19
-13
-1
-2
1
28
37
57
70
79
96
99
102
119
149
160
171
165
174
164
157
155
152
167
158
136
125
116
114
117
96
75
65
56
38
23
21
26
20
-3
-5
8
12
10
-5
-1
9
21
20
31
41
50
45
54
71
72
80
82
92
96
89
104
116
104
99
104
102
106
114
108
114
102
108
116
121
115
104
89
91
94
90
92
81
63
46
37
48
48
29
23
13
0
9
19
14
16
11
28
30
42
61
65
74
62
72
85
112
114
108
106
105
130
133
128
128
130
118
102
115
117
115
94
71
58
60
63
50
49
41
26
9
0
6
14
16
6
-7
-9
2
4
10
3
-2
-5
1
5
2
16
22
24
32
33
38
45
49
64
77
70
75
77
89
90
92
92
90
98
81
74
63
66
66
61
77
78
90
89
67
61
67
73
77
77
79
81
61
53
50
53
56
60
59
52
52
63
72
70
79
87
89
96
100
108
109
108
119
124
128
127
127
119
112
108
94
99
92
85
73
63
66
64
56
65
60
65
58
48
56
60
67
61
51
42
50
58
60
68
67
62
62
56
55
58
56
60
41
43
52
50
59
64
69
68
64
47
37
39
40
38
30
20
8
-3
-17
-8
8
4
-10
-26
-39
-46
-31
-34
-41
-54
-77
-95
-83
-66
-54
-55
-69
-74
-77
-61
-64
-46
-45
-48
-57
-51
-41
-34
-29
-51
-51
-45
-27
-21
-19
-32
-22
-19
-24
-21
-8
8
-14
-42
-50
-34
-21
-11
-15
-51
-62
-55
-47
-29
-35
-44
-57
-62
-44
-30
-16
-28
-33
-30
-20
-14
6
12
11
9
19
28
46
51
49
44
31
38
45
56
57
63
48
39
30
33
38
41
25
13
3
-6
5
6
-12
-11
-7
-11
-12
-12
-8
-13
-23
-19
-16
-3
6
3
-6
-9
4
8
20
34
33
33
35
45
52
59
68
55
53
45
47
54
57
51
54
46
47
53
55
66
52
31
29
29
27
15
8
-7
-19
-27
-23
-29
-31
-29
-49
-50
-47
-37
-33
-19
-23
-25
-21
-2
15
12
16
17
9
13
35
29
36
41
41
44
47
61
50
47
42
40
36
41
40
32
13
5
4
2
-4
-9
-23
-43
-53
-60
-61
-60
-66
-66
-74
-93
-96
-94
-83
-88
-93
-92
-87
-75
-74
-63
-49
-46
-44
-38
-30
-28
-2
7
11
15
17
20
19
24
30
25
26
17
15
24
24
21
14
22
21
20
7
-20
-20
-17
-13
-12
-22
-22
-21
-31
-36
-38
-44
-36
-47
-52
-62
-55
-56
-57
-54
-49
-56
-51
-63
-69
-59
-64
-43
-48
-43
-45
-52
-56
-57
-54
-46
-45
-45
-40
-48
-35
-27
-21
-25
-34
-31
-25
-32
-28
-21
-23
-23
-16
-19
-29
-14
-12
-22
-24
-19
-24
-24
-23
-18
-12
-1
-12
-5
1
2
-2
7
3
4
17
19
36
34
28
26
28
23
33
25
25
34
10
15
24
26
31
17
18
16
8
7
4
15
8
-5
-11
-15
-9
9
4
-1
-14
-24
-11
-4
6
10
-1
-7
-18
-17
1
4
9
-4
-10
-8
-6
-4
-2
-15
-30
-37
-42
-32
-33
-17
-29
-55
-65
-59
-46
-43
-55
-62
-69
-67
-55
-53
-47
-47
-58
-75
-68
-42
-35
-50
-46
-57
-51
-50
-37
-34
-32
-32
-33
-26
-38
-12
-1
6
2
2
18
27
37
45
60
56
39
45
48
53
51
51
49
42
42
51
32
13
13
5
-4
-9
-20
-30
-40
-53
-56
-55
-53
-56
-77
-84
-87
-83
-70
-65
-66
-62
-63
-50
-40
-33
-19
-16
-7
-16
-10
2
4
6
12
18
24
26
37
30
25
29
25
15
18
22
8
-4
-6
-7
-16
-17
-22
-31
-36
-46
-54
-50
-50
-46
-58
-77
-77
-57
-58
-64
-67
-66
-77
-67
-53
-51
-54
-55
-58
-47
-38
-39
-22
-20
-11
5
12
24
37
44
49
58
61
65
79
92
96
87
88
92
88
85
75
78
86
65
58
42
35
36
31
20
7
-14
-27
-31
-31
-24
-21
-32
-32
-31
-36
-25
-21
-15
-3
-8
1
9
27
33
37
38
44
66
77
97
89
104
99
101
114
128
114
152
130
141
128
162
367
478
319
34
33
183
313
197
132
297
478
372
-11
2
419
754
361
-78
73
384
449
223
153
116
59
39
70
81
31
68
139
164
144
108
111
121
111
100
210
376
393
308
304
375
331
272
301
446
513
433
357
420
535
426
289
319
489
429
191
244
483
560
234
71
238
334
192
133
310
390
268
101
118
255
322
202
137
218
303
306
179
251
326
277
185
256
396
314
225
276
415
402
233
169
256
318
266
232
312
310
207
94
156
140
87
104
164
246
187
51
5
43
58
42
40
141
187
100
-2
-39
-31
23
23
51
90
108
61
-50
-68
-40
-10
-2
27
26
26
-3
-63
-92
-110
-59
-26
-51
-75
-70
-90
-167
-206
-169
-117
-90
-148
-192
-212
-200
-191
-225
-191
-154
-176
-204
-227
-245
-233
-217
-188
-157
-163
-145
-171
-211
-209
-196
-149
-136
-106
-52
-98
-183
-214
-170
-100
-60
-90
-103
-127
-209
-237
-185
-137
-117
-134
-180
-192
-184
-221
-262
-283
-227
-137
-162
-225
-253
-294
-334
-282
-192
-158
-181
-204
-210
-259
-306
-264
-179
-146
-183
-201
-190
-204
-244
-275
-269
-211
-153
-123
-147
-174
-201
-261
-296
-237
-154
-81
-73
-106
-172
-239
-253
-226
-165
-124
-93
-116
-173
-189
-188
-229
-253
-201
-133
-115
-176
-207
-263
-298
-291
-269
-206
-171
-152
-210
-331
-376
-282
-217
-221
-234
-200
-223
-285
-302
-214
-180
-197
-206
-229
-186
-173
-196
-190
-176
-159
-150
-168
-122
-119
-203
-254
-169
-94
-104
-121
-119
-147
-175
-170
-128
-121
-147
-176
-185
-185
-183
-144
-177
-215
-225
-227
-228
-232
-209
-200
-222
-248
-258
-257
-222
-221
-244
-265
-218
-166
-188
-241
-266
-234
-223
-189
-137
-108
-140
-180
-202
-200
-148
-96
-88
-150
-169
-105
-81
-142
-201
-156
-95
-136
-187
-169
-103
-137
-192
-165
-107
-115
-178
-184
-172
-166
-125
-101
-113
-124
-160
-155
-145
-125
-102
-82
-44
-50
-111
-107
-66
-57
-98
-80
-37
-31
-68
-66
-46
-71
-112
-107
-33
12
-19
-48
-82
-82
-54
-32
-7
1
-5
-32
-63
-63
-13
5
-15
-45
-49
-29
-42
-47
-10
4
-54
-82
-60
-61
-81
-77
-89
-122
-131
-96
-58
-125
-156
-140
-141
-137
-123
-132
-194
-218
-151
-116
-173
-207
-167
-160
-233
-238
-165
-128
-148
-168
-179
-205
-234
-231
-202
-157
-127
-142
-181
-238
-240
-220
-187
-152
-134
-177
-204
-215
-236
-256
-212
-153
-150
-181
-173
-200
-260
-300
-281
-198
-158
-117
-174
-236
-299
-296
-226
-195
-178
-183
-201
-246
-247
-303
-293
-262
-214
-207
-224
-207
-218
-302
-345
-273
-189
-191
-192
-192
-221
-291
-334
-248
-178
-141
-149
-174
-218
-246
-216
-234
-228
-200
-150
-153
-225
-244
-238
-246
-293
-284
-261
-253
-229
-221
-253
-326
-349
-336
-278
-218
-203
-208
-298
-339
-310
-240
-218
-216
-219
-220
-256
-259
-244
-242
-262
-252
-203
-183
-215
-244
-256
-274
-246
-231
-200
-200
-204
-210
-232
-262
-259
-228
-176
-141
-148
-212
-258
-274
-269
-209
-157
-171
-198
-239
-240
-234
-261
-269
-210
-129
-160
-227
-267
-278
-264
-270
-222
-163
-200
-246
-299
-322
-320
-263
-183
-144
-198
-264
-302
-335
-313
-262
-185
-104
-152
-235
-292
-312
-303
-284
-209
-95
-96
-207
-278
-283
-277
-254
-173
-104
-123
-202
-199
-193
-227
-218
-142
-82
-108
-150
-133
-103
-131
-146
-113
-78
-48
-40
-41
-76
-137
-145
-91
-38
-2
-19
-56
-128
-142
-74
-12
-8
-46
-66
-82
-109
-95
-69
-70
-62
-42
-56
-85
-71
-46
-57
-98
-97
-38
-15
-41
-73
-85
-99
-97
-61
-41
-25
-33
-52
-52
-62
-38
-44
-56
-57
-47
-42
-87
-95
-72
-96
-126
-144
-110
-92
-123
-131
-144
-176
-201
-166
-146
-154
-166
-196
-249
-291
-278
-228
-206
-213
-248
-278
-299
-298
-302
-266
-233
-248
-265
-270
-241
-248
-289
-301
-263
-216
-208
-218
-216
-201
-228
-281
-254
-174
-151
-197
-222
-200
-206
-207
-206
-198
-194
-178
-162
-195
-247
-267
-257
-281
-276
-228
-209
-263
-333
-340
-314
-302
-321
-334
-369
-348
-324
-309
-338
-370
-377
-347
-330
-339
-334
-314
-297
-308
-282
-273
-294
-321
-278
-254
-265
-272
-268
-276
-311
-284
-250
-255
-286
-281
-284
-311
-340
-343
-322
-330
-306
-272
-311
-426
-480
-451
-377
-368
-364
-344
-349
-405
-465
-474
-445
-420
-390
-314
-308
-373
-423
-394
-361
-372
-338
-241
-197
-257
-326
-309
-284
-287
-265
-171
-106
-128
-197
-230
-248
-243
-223
-176
-120
-144
-178
-209
-230
-264
-269
-199
-125
-144
-195
-193
-193
-245
-287
-249
-140
-144
-186
-173
-141
-180
-263
-267
-174
-106
-146
-145
-131
-172
-230
-206
-153
-139
-110
-81
-65
-139
-184
-173
-119
-99
-89
-57
-41
-86
-157
-200
-159
-94
-87
-82
-74
-88
-173
-220
-200
-146
-120
-163
-156
-118
-159
-205
-219
-196
-210
-213
-157
-131
-188
-209
-165
-151
-198
-179
-94
-77
-136
-174
-139
-127
-138
-102
-44
-38
-77
-88
-95
-76
-75
-60
-16
-15
-33
-56
-29
-36
-14
-3
-24
-32
-40
-55
-81
-57
-26
-28
-77
-86
-69
-71
-81
-55
-18
-25
-36
-31
-37
-68
-55
-7
21
37
24
42
57
33
4
39
92
116
104
97
140
145
112
95
117
154
172
163
170
148
132
120
136
125
152
209
192
135
84
121
147
155
170
200
214
173
119
112
142
206
204
223
248
240
207
206
255
263
267
305
335
311
285
335
347
307
290
352
405
381
379
401
403
346
314
323
362
378
382
394
379
333
309
306
293
295
323
362
353
321
292
250
255
282
324
349
337
345
327
308
295
308
336
364
405
418
399
370
358
379
398
407
432
442
424
402
393
401
413
386
395
406
393
376
378
378
359
352
342
361
365
358
356
336
334
322
303
310
332
353
346
341
338
313
295
303
343
348
329
322
338
361
339
341
346
355
339
297
317
343
347
322
312
334
324
318
307
318
306
294
323
341
310
278
296
318
317
301
322
352
316
265
276
319
318
302
323
336
315
255
269
276
279
284
290
294
269
248
233
245
254
254
275
288
274
240
218
247
251
250
273
322
290
245
222
232
250
235
277
321
339
290
277
277
258
204
208
318
364
325
280
257
258
243
240
287
317
329
329
311
272
232
265
332
350
327
326
328
311
281
259
306
346
359
349
345
331
282
267
323
385
369
324
309
308
298
292
314
356
344
347
322
290
294
299
324
352
356
331
326
331
311
278
317
372
371
333
327
355
323
296
320
364
367
344
328
323
308
303
305
327
349
348
329
304
268
267
312
337
325
298
302
314
274
234
237
271
283
274
261
248
234
230
220
222
242
243
254
236
203
172
192
227
248
234
227
225
190
164
195
225
231
231
227
220
181
167
197
216
229
233
219
200
193
203
206
208
213
213
201
194
183
168
182
205
194
190
177
199
190
155
148
177
203
194
191
196
186
160
157
159
177
166
168
186
187
166
166
170
170
158
169
171
175
178
177
180
157
148
147
180
201
191
184
168
151
143
167
203
215
183
166
211
202
170
161
208
225
185
174
188
175
148
137
157
161
142
143
140
121
89
84
122
137
112
95
112
113
82
73
100
131
117
107
132
133
115
126
146
151
128
131
180
194
158
138
179
184
156
140
191
199
164
158
178
190
171
156
138
138
133
168
182
169
132
127
152
155
124
108
133
158
147
111
120
140
107
85
88
100
106
126
118
113
93
83
69
53
72
89
99
95
80
79
76
61
39
55
102
120
92
31
36
64
77
42
41
74
79
49
23
27
18
36
45
44
33
38
57
52
5
-21
2
44
47
26
40
36
12
-23
6
51
60
37
34
51
42
17
8
22
27
58
65
49
17
5
22
29
28
24
60
91
51
21
3
51
91
88
88
67
83
66
41
44
61
74
55
57
48
10
8
34
52
33
0
13
9
-13
-32
-23
24
3
-8
2
-1
-14
-10
2
13
-8
-16
1
1
-14
-28
-8
28
15
-23
-8
7
-16
-31
-9
27
15
-20
-33
-21
-18
-19
-19
-4
-8
-26
-15
-2
-9
-16
-5
9
-5
-19
1
23
3
-11
12
32
12
-21
-7
35
35
19
8
19
15
-9
2
8
23
35
31
20
2
-10
6
18
32
33
13
7
-7
12
21
7
3
15
23
-9
-27
-15
-18
-9
14
13
-16
-48
-27
-26
-42
-51
3
49
8
-42
-32
-10
-17
-42
-8
37
22
-18
-20
-10
-14
-22
14
53
41
-7
-20
-18
-46
-45
9
32
20
-14
-33
-22
-51
-36
0
41
25
-38
-72
-65
-52
-50
-13
6
-2
-26
-41
-57
-80
-64
-38
-28
-43
-55
-68
-69
-75
-84
-57
-32
-32
-67
-87
-63
-59
-64
-58
-33
-49
-78
-87
-97
-70
-64
-69
-67
-61
-61
-75
-102
-95
-66
-60
-48
-48
-57
-71
-75
-65
-63
-61
-41
-23
-20
-49
-61
-54
-42
-54
-44
10
0
-38
-60
-34
-26
-24
-4
29
25
-31
-54
-31
-13
-14
0
8
4
-19
-42
-33
-36
-38
-30
-9
-19
-51
-68
-54
-61
-72
-68
-49
-45
-83
-96
-93
-97
-114
-99
-78
-71
-105
-125
-110
-98
-112
-118
-89
-81
-103
-106
-90
-87
-79
-75
-52
-48
-72
-97
-78
-70
-93
-84
-64
-68
-111
-118
-120
-122
-144
-154
-118
-132
-186
-197
-196
-196
-202
-207
-187
-188
-225
-264
-255
-247
-242
-226
-219
-225
-249
-249
-261
-270
-261
-234
-200
-218
-252
-273
-259
-254
-243
-220
-205
-189
-196
-227
-248
-234
-211
-182
-179
-189
-193
-195
-218
-231
-205
-182
-176
-192
-205
-222
-242
-247
-234
-218
-211
-199
-206
-239
-260
-243
-215
-210
-210
-195
-197
-213
-249
-256
-225
-212
-208
-210
-207
-222
-218
-227
-206
-192
-189
-169
-174
-175
-202
-190
-166
-162
-162
-151
-132
-141
-162
-181
-157
-138
-154
-164
-145
-123
-135
-150
-158
-139
-134
-130
-132
-127
-141
-163
-168
-168
-167
-164
-145
-140
-157
-179
-172
-166
-192
-205
-180
-169
-180
-195
-186
-169
-186
-193
-178
-149
-131
-149
-149
-154
-169
-159
-139
-128
-134
-133
-109
-103
-113
-108
-101
-78
-71
-66
-71
-81
-79
-79
-62
-60
-56
-72
-92
-78
-83
-99
-108
-87
-74
-85
-113
-109
-99
-124
-111
-77
-65
-87
-85
-68
-76
-99
-84
-52
-44
-54
-40
-27
-53
-78
-48
-31
-37
-54
-48
-31
-34
-53
-80
-77
-77
-68
-56
-48
-61
-87
-107
-113
-108
-92
-89
-86
-97
-113
-135
-145
-126
-129
-139
-138
-123
-135
-165
-155
-137
-138
-152
-147
-137
-156
-171
-166
-172
-181
-151
-133
-141
-176
-171
-171
-186
-189
-170
-141
-170
-186
-182
-170
-199
-202
-169
-167
-176
-173
-173
-174
-195
-207
-194
-187
-192
-181
-195
-202
-212
-225
-226
-233
-227
-232
-225
-227
-234
-247
-273
-270
-256
-262
-268
-268
-250
-254
-276
-271
-266
-266
-266
-267
-260
-265
-286
-290
-276
-271
-271
-274
-270
-282
-282
-283
-290
-304
-311
-288
-280
-270
-266
-279
-282
-282
-283
-275
-272
-250
-243
-250
-259
-264
-261
-261
-239
-217
-212
-214
-220
-231
-255
-257
-238
-213
-215
-213
-201
-211
-218
-250
-228
-217
-202
-189
-195
-207
-216
-215
-223
-212
-193
-158
-158
-175
-193
-196
-190
-178
-163
-163
-163
-176
-173
-179
-191
-191
-187
-179
-193
-172
-173
-194
-209
-199
-185
-173
-166
-171
-189
-196
-188
-181
-173
-159
-153
-146
-155
-179
-159
-156
-149
-143
-151
-152
-155
-165
-175
-188
-190
-184
-184
-182
-191
-194
-207
-222
-224
-215
-209
-204
-209
-206
-202
-223
-231
-205
-195
-196
-213
-216
-197
-202
-199
-203
-187
-182
-186
-182
-192
-186
-169
-167
-168
-168
-164
-162
-170
-178
-187
-179
-164
-149
-158
-158
-157
-155
-159
-164
-165
-148
-140
-133
-129
-151
-163
-181
-187
-172
-161
-158
-147
-156
-165
-170
-174
-165
-155
-142
-134
-129
-131
-136
-147
-151
-135
-122
-113
-102
-104
-105
-121
-127
-128
-124
-106
-100
-93
-112
-115
-115
-122
-130
-110
-104
-105
-109
-108
-120
-129
-121
-130
-118
-125
-127
-125
-119
-121
-139
-148
-136
-128
-132
-135
-122
-120
-130
-126
-126
-117
-114
-118
-107
-102
-109
-110
-102
-93
-98
-86
-81
-84
-92
-89
-93
-87
-79
-71
-68
-65
-74
-77
-71
-84
-79
-80
-82
-74
-89
-95
-91
-86
-99
-85
-93
-99
-98
-99
-98
-108
-117
-106
-114
-116
-113
-115
-114
-112
-104
-100
-87
-85
-79
-78
-70
-60
-48
-50
-63
-52
-55
-48
-45
-46
-41
-45
-59
-49
-34
-53
-31
-45
-42
-39
-47
-50
-49
-52
-48
-41
-52
-53
-46
-44
-50
-37
-44
-32
-23
-29
-24
-19
-32
-30
-38
-39
-30
-34
-18
-20
-15
-3
5
-4
0
7
1
13
10
17
26
40
36
32
51
48
55
55
56
66
67
72
62
69
73
68
68
59
54
64
61
56
49
43
37
43
45
46
54
57
57
55
53
52
53
53
57
46
55
58
54
65
69
61
67
70
73
71
69
79
74
78
84
77
79
85
92
88
89
90
83
87
76
64
52
59
59
56
47
45
35
23
15
6
23
21
9
1
-1
-6
-1
-3
-10
-13
-6
-1
-7
1
-10
-6
-10
-7
-3
-2
0
1
-1
8
14
10
14
6
5
15
8
23
31
13
16
0
15
18
16
15
20
26
15
23
25
29
25
33
37
33
29
35
43
38
39
42
42
41
48
47
50
51
45
52
50
43
48
45
50
47
39
45
41
42
40
52
62
53
63
64
50
44
47
56
60
69
50
57
59
49
60
57
67
70
68
60
55
58
57
56
62
66
66
67
66
60
65
66
67
78
82
86
89
95
90
92
106
114
116
116
113
117
123
128
125
129
127
134
128
117
131
127
124
125
116
124
124
120
117
114
109
109
105
102
92
93
91
87
97
94
97
98
99
92
98
94
92
100
99
90
93
98
90
88
82
83
85
80
80
79
76
84
86
77
85
90
87
79
78
79
74
72
64
74
69
69
68
63
62
64
64
67
61
64
71
69
67
80
77
79
84
75
83
76
76
79
75
87
87
86
90
75
78
81
75
80
94
85
81
86
88
94
94
87
85
84
84
90
77
67
68
76
78
77
75
69
78
67
62
67
55
66
56
53
61
61
64
62
61
52
60
69
56
48
53
46
51
43
37
44
47
39
45
41
33
39
37
31
34
33
32
28
21
21
31
28
14
36
27
32
24
31
38
41
44
44
43
38
54
58
53
59
69
65
67
75
86
86
87
92
94
83
97
98
101
105
103
118
115
110
116
128
110
110
115
108
113
109
102
104
102
89
93
94
88
92
93
92
83
85
77
87
77
80
92
91
90
85
81
71
75
91
83
80
85
91
85
78
84
88
82
76
81
78
81
69
80
90
78
76
77
70
62
64
59
63
67
59
62
66
66
64
49
49
62
56
56
39
46
57
47
42
39
34
42
49
32
32
30
25
22
6
14
5
5
0
-9
-9
-6
-11
-19
-26
-31
-38
-45
-53
-53
-56
-57
-55
-63
-68
-66
-78
-72
-76
-81
-72
-91
-88
-95
-98
-103
-104
-86
-93
-107
-108
-112
-109
-102
-101
-99
-103
-97
-107
-112
-103
-103
-115
-101
-105
-112
-110
-117
-121
-117
-116
-118
-128
-136
-127
-126
-134
-136
-134
-140
-141
-148
-155
-153
-154
-158
-152
-147
-154
-156
-148
-151
-153
-151
-152
-144
-157
-161
-155
-151
-154
-172
-167
-165
-167
-165
-169
-165
-175
-181
-168
-180
-185
-178
-186
-181
-185
-185
-187
-193
-193
-196
-199
-208
-198
-197
-191
-186
-182
-175
-173
-179
-182
-181
-173
-173
-172
-168
-166
-167
-180
-169
-161
-160
-155
-158
-156
-155
-156
-156
-163
-153
-147
-157
-151
-156
-156
-152
-150
-144
-142
-144
-135
-143
-144
-138
-131
-129
-118
-115
-113
-103
-113
-108
-105
-109
-103
-112
-113
-113
-116
-123
-140
-142
-144
-138
-132
-134
-149
-146
-144
-147
-152
-149
-143
-161
-150
-165
-165
-170
-188
-182
-181
-178
-182
-179
-182
-181
-180
-175
-179
-167
-165
-161
-159
-162
-160
-165
-156
-154
-149
-161
-161
-149
-156
-148
-151
-143
-132
-148
-153
-160
-161
-159
-159
-159
-150
-148
-155
-145
-151
-150
-140
-146
-139
-145
-141
-139
-146
-154
-152
-147
-145
-151
-151
-157
-164
-164
-162
-166
-173
-168
-164
-171
-173
-169
-172
-162
-158
-148
-146
-149
-143
-152
-160
-147
-134
-136
-135
-126
-131
-133
-129
-130
-121
-129
-115
-126
-137
-130
-128
-129
-125
-124
-121
-130
-132
-134
-139
-155
-151
-156
-159
-151
-152
-155
-158
-147
-160
-148
-155
-152
-157
-163
-150
-154
-154
-163
-150
-149
-155
-149
-166
-165
-155
-150
-146
-157
-151
-143
-147
-141
-146
-155
-152
-154
-154
-158
-157
-146
-145
-130
-132
-122
-123
-119
-109
-123
-118
-116
-103
-113
-113
-106
-117
-113
-104
-105
-110
-107
-96
-97
-104
-91
-102
-101
-103
-89
-93
-95
-81
-72
-81
-76
-62
-64
-69
-74
-73
