SAMPLES:	16290
BITSPERSAMPLE:	16
CHANNELS:	1
SAMPLERATE:	16000
NORMALIZED:	FALSE
150
140
142
136
130
129
118
114
116
115
121
119
104
107
104
113
109
101
99
87
90
89
83
77
86
95
99
101
99
99
99
91
92
99
101
107
110
96
89
102
95
114
113
109
105
109
117
93
101
85
77
75
69
68
61
48
52
59
47
56
61
60
56
58
57
57
68
72
70
72
64
79
74
69
78
70
68
65
64
54
57
56
58
58
51
60
52
56
53
48
42
56
48
48
54
47
44
41
36
34
42
24
30
38
27
25
21
12
11
3
-14
-12
-15
-25
-29
-26
-37
-40
-45
-37
-36
-40
-36
-37
-25
-24
-21
-24
-17
-13
-7
-7
-9
-1
-12
-4
-5
-6
0
-2
0
7
7
16
15
17
8
2
1
-12
-16
-6
-12
-17
-19
-29
-20
-17
-10
-19
-18
-16
-21
-18
-18
-20
-24
-18
-25
-30
-26
-20
-25
-28
-26
-24
-28
-26
-23
-29
-16
-18
-30
-26
-36
-41
-50
-59
-62
-69
-61
-60
-61
-69
-65
-59
-63
-68
-72
-69
-69
-69
-80
-86
-90
-97
-91
-102
-97
-104
-109
-102
-109
-115
-118
-110
-124
-126
-133
-142
-150
-160
-158
-157
-160
-165
-162
-165
-176
-171
-178
-165
-168
-177
-185
-192
-183
-174
-180
-195
-188
-187
-193
-191
-185
-180
-166
-172
-189
-186
-198
-194
-195
-184
-186
-184
-193
-191
-187
-189
-194
-195
-185
-177
-177
-168
-150
-148
-148
-157
-143
-143
-147
-144
-147
-140
-132
-137
-133
-138
-133
-129
-131
-122
-125
-117
-115
-115
-109
-116
-112
-119
-120
-115
-121
-134
-140
-135
-149
-154
-156
-171
-169
-179
-177
-178
-184
-190
-192
-197
-202
-193
-190
-194
-189
-185
-184
-180
-189
-183
-181
-184
-190
-183
-190
-192
-194
-176
-185
-192
-183
-198
-187
-195
-207
-205
-206
-208
-201
-216
-212
-217
-223
-231
-230
-230
-239
-237
-245
-241
-246
-247
-238
-236
-257
-255
-264
-274
-272
-278
-295
-292
-282
-290
-302
-304
-313
-320
-313
-313
-306
-316
-314
-310
-310
-315
-318
-318
-321
-319
-320
-319
-320
-326
-322
-326
-329
-310
-313
-319
-315
-317
-304
-301
-293
-299
-302
-313
-316
-309
-306
-310
-316
-316
-316
-319
-321
-311
-320
-317
-313
-320
-316
-323
-320
-325
-323
-324
-319
-307
-312
-303
-306
-299
-303
-306
-303
-308
-307
-307
-300
-301
-300
-300
-295
-308
-308
-302
-298
-309
-320
-312
-320
-316
-306
-313
-323
-309
-326
-324
-312
-326
-323
-325
-326
-321
-316
-320
-325
-324
-328
-320
-308
-318
-317
-317
-319
-322
-319
-320
-320
-330
-318
-323
-325
-306
-303
-295
-291
-281
-275
-264
-262
-251
-263
-267
-262
-262
-270
-274
-281
-289
-293
-294
-293
-302
-297
-311
-315
-309
-316
-314
-309
-296
-299
-301
-296
-294
-297
-288
-290
-293
-280
-283
-295
-300
-308
-309
-309
-295
-305
-309
-300
-300
-307
-306
-299
-308
-320
-324
-327
-333
-331
-332
-327
-322
-325
-325
-335
-327
-337
-336
-326
-339
-341
-340
-330
-330
-334
-327
-338
-334
-333
-331
-327
-320
-319
-317
-329
-332
-317
-319
-314
-323
-314
-305
-307
-300
-295
-286
-289
-286
-285
-294
-297
-299
-304
-305
-311
-312
-316
-315
-302
-311
-292
-295
-297
-290
-293
-280
-283
-277
-270
-268
-268
-267
-270
-272
-275
-280
-272
-276
-280
-285
-287
-288
-290
-291
-290
-281
-289
-288
-298
-301
-294
-294
-296
-307
-306
-316
-322
-313
-323
-320
-321
-326
-321
-323
-317
-322
-315
-327
-317
-311
-316
-322
-330
-317
-321
-320
-322
-318
-311
-316
-308
-303
-309
-311
-319
-317
-318
-326
-319
-310
-313
-299
-301
-291
-281
-276
-272
-281
-281
-271
-269
-275
-267
-275
-267
-250
-243
-239
-236
-232
-233
-240
-236
-231
-231
-228
-222
-217
-211
-218
-225
-215
-219
-221
-231
-214
-216
-207
-223
-228
-232
-246
-232
-251
-233
-260
-243
-268
-271
-282
-289
-270
-303
-288
-304
-293
-307
-302
-321
-319
-325
-336
-336
-343
-341
-349
-358
-352
-351
-359
-359
-364
-359
-366
-352
-354
-358
-352
-354
-352
-348
-346
-352
-339
-352
-341
-340
-341
-344
-344
-336
-346
-338
-345
-336
-339
-328
-337
-324
-336
-341
-338
-340
-334
-338
-331
-334
-321
-330
-335
-329
-331
-331
-332
-324
-321
-321
-324
-329
-332
-330
-332
-340
-329
-328
-318
-327
-324
-316
-315
-320
-305
-306
-310
-306
-322
-322
-328
-323
-324
-326
-321
-327
-326
-329
-321
-323
-324
-317
-309
-302
-301
-295
-286
-275
-276
-271
-269
-267
-263
-257
-263
-255
-256
-257
-258
-257
-253
-254
-247
-250
-256
-257
-244
-248
-247
-238
-243
-238
-249
-240
-240
-243
-238
-246
-246
-239
-239
-245
-235
-242
-241
-233
-230
-238
-239
-233
-231
-235
-236
-227
-240
-243
-249
-240
-245
-263
-252
-250
-258
-275
-272
-272
-281
-277
-286
-287
-295
-291
-305
-308
-312
-322
-318
-325
-334
-338
-340
-347
-340
-342
-352
-351
-345
-347
-350
-364
-370
-368
-373
-378
-381
-376
-379
-372
-379
-385
-381
-373
-376
-389
-376
-369
-373
-369
-365
-356
-344
-347
-345
-338
-336
-331
-330
-336
-330
-336
-335
-329
-323
-318
-331
-320
-316
-308
-300
-308
-318
-320
-320
-321
-316
-319
-333
-334
-328
-333
-337
-335
-327
-327
-327
-320
-320
-336
-315
-328
-335
-335
-339
-340
-337
-331
-339
-342
-342
-340
-343
-342
-341
-331
-335
-332
-331
-336
-342
-341
-345
-340
-345
-343
-345
-339
-341
-349
-339
-337
-339
-335
-340
-332
-318
-326
-328
-323
-322
-319
-323
-326
-322
-322
-320
-321
-309
-311
-309
-305
-302
-286
-296
-281
-274
-276
-268
-266
-253
-242
-253
-253
-263
-264
-259
-264
-263
-259
-245
-250
-255
-255
-248
-239
-242
-242
-235
-241
-234
-230
-237
-240
-236
-233
-235
-234
-232
-227
-232
-223
-220
-221
-214
-214
-219
-222
-225
-222
-227
-231
-224
-228
-225
-226
-220
-220
-213
-204
-197
-190
-198
-205
-209
-217
-219
-222
-219
-218
-219
-220
-224
-215
-222
-223
-221
-226
-227
-233
-252
-239
-241
-242
-243
-251
-248
-251
-245
-253
-246
-244
-241
-244
-250
-252
-258
-262
-261
-260
-257
-262
-263
-261
-246
-248
-254
-248
-247
-250
-249
-237
-237
-235
-230
-232
-225
-233
-229
-227
-226
-227
-242
-222
-226
-218
-219
-223
-230
-231
-230
-218
-212
-214
-211
-216
-212
-204
-202
-200
-188
-192
-186
-187
-172
-167
-161
-152
-150
-146
-137
-130
-132
-120
-111
-121
-115
-116
-122
-115
-117
-103
-105
-99
-90
-84
-81
-79
-79
-72
-74
-82
-82
-75
-79
-61
-62
-68
-55
-61
-54
-53
-48
-54
-42
-44
-40
-40
-39
-33
-39
-24
-31
-15
-17
-12
-12
-2
6
2
6
9
10
9
16
22
12
9
20
10
20
18
18
17
20
22
21
20
15
16
15
20
24
17
19
24
25
22
17
12
2
1
4
4
0
-5
3
-7
-17
-1
0
-2
-10
-23
-19
-17
-13
-9
-4
-4
-2
2
0
5
2
3
5
1
1
2
-5
-2
-5
-9
-9
-4
-8
-19
-26
-27
-40
-43
-37
-54
-48
-49
-58
-58
-50
-51
-54
-55
-62
-58
-60
-65
-68
-67
-63
-55
-53
-56
-49
-55
-54
-49
-51
-38
-47
-37
-36
-33
-44
-37
-28
-28
-24
-20
-22
-17
-9
-17
-9
-11
-18
-22
-14
-16
-16
-12
-5
-4
1
1
-1
-1
-7
-9
2
-2
-12
-15
-7
-2
-6
-13
-17
-24
-29
-25
-29
-35
-46
-48
-49
-42
-39
-40
-55
-43
-45
-45
-28
-38
-42
-41
-37
-34
-27
-17
-16
-18
-11
-1
-9
-15
-3
-11
-8
-2
-10
-11
-13
-5
1
-3
1
2
0
4
0
5
-1
3
10
6
13
6
10
-15
-16
-10
-10
4
1
-4
-6
-11
-6
-2
-10
-4
-8
-6
-3
-3
-4
-12
-14
-22
-18
-19
-31
-32
-32
-41
-35
-31
-36
-29
-23
-21
-10
2
-2
9
13
10
7
15
13
20
42
41
46
57
62
66
72
79
76
74
84
84
92
100
104
105
100
111
103
114
113
122
111
121
123
123
133
123
127
127
135
135
139
119
140
130
142
129
124
126
109
110
98
97
83
94
89
99
95
102
88
97
90
82
70
77
68
58
61
51
53
51
62
47
69
55
64
68
60
65
62
78
72
87
94
102
106
90
100
88
98
97
105
97
102
100
100
103
108
120
119
124
106
124
129
131
142
142
146
162
169
155
165
168
170
177
171
170
179
179
163
177
174
166
169
169
183
193
187
189
191
191
190
187
195
192
208
211
212
221
224
224
232
228
218
220
210
211
213
208
209
207
207
203
211
207
210
224
225
212
204
201
193
197
181
180
178
173
180
186
189
174
179
181
179
172
165
164
155
154
162
159
164
159
157
157
143
142
137
146
154
149
146
137
135
145
132
132
138
131
134
128
135
131
125
123
124
113
121
117
105
103
91
87
94
86
88
89
89
92
81
84
88
85
79
83
84
85
88
88
94
98
106
112
118
125
125
136
141
144
138
139
130
129
135
141
144
147
141
138
145
145
135
140
143
137
141
146
145
148
140
134
133
133
136
131
141
134
131
127
124
127
122
118
123
117
124
122
119
125
122
123
121
118
114
114
116
107
118
111
122
128
133
140
147
147
159
141
151
153
146
166
134
164
130
157
129
145
129
124
124
115
114
89
130
88
113
82
89
91
96
93
82
87
72
86
82
89
84
89
95
88
93
83
96
70
81
77
60
73
65
65
64
55
49
62
60
61
70
71
73
68
66
75
90
56
61
65
77
69
50
65
66
62
63
49
52
37
28
8
4
6
13
5
-11
-6
-15
-3
-22
-10
-27
-28
-35
-31
-21
-14
-23
-15
-19
-22
-17
-22
-19
-18
-12
-15
-28
-34
-24
-27
-23
-33
-15
-15
-13
-24
-15
-19
-16
-24
-27
-19
-8
-7
-19
-8
-23
-17
-22
-25
-21
-10
-15
-6
-4
-8
-17
-17
-15
-20
-12
-6
-6
-7
-20
-12
-12
-20
-13
-11
-14
6
7
13
17
15
23
11
20
19
14
15
30
33
32
34
40
56
37
40
38
40
40
29
36
33
48
40
44
47
50
54
51
53
57
69
79
86
79
95
105
100
113
109
107
107
106
103
97
99
100
106
100
110
103
105
96
99
116
109
126
123
118
116
120
122
125
114
122
129
125
124
130
126
119
136
141
146
141
153
164
164
151
154
162
157
162
154
154
151
143
144
150
141
133
129
134
136
128
134
136
136
135
138
132
131
134
139
143
136
125
131
123
116
129
128
124
124
133
116
117
120
117
122
117
110
100
111
104
103
100
100
94
102
104
89
94
92
91
84
90
87
93
84
85
90
80
95
85
82
80
82
88
85
78
82
93
98
96
104
90
97
85
86
96
81
84
79
87
77
76
81
78
71
61
71
71
68
72
69
74
83
63
61
74
63
56
41
50
48
54
51
43
36
24
32
27
38
39
33
38
31
38
31
37
37
38
41
33
36
38
31
33
32
45
38
38
37
21
34
34
26
26
31
29
32
23
22
19
9
9
21
13
25
13
15
15
-3
4
3
-2
3
3
4
12
5
5
5
-1
6
13
9
17
10
4
7
15
12
3
0
0
3
2
-6
8
0
4
1
0
-2
1
-5
2
11
0
2
0
13
9
22
12
3
8
3
7
17
8
18
12
18
27
20
23
24
24
20
19
20
12
10
12
3
5
-6
-1
-5
-3
-1
1
1
5
11
3
1
16
12
18
24
20
23
18
27
11
13
4
9
6
8
-3
6
17
5
-1
-3
-1
7
1
-4
0
5
2
-1
12
13
-4
-5
-1
0
-6
-5
6
8
-4
2
6
-1
8
5
14
19
11
14
17
25
24
29
41
34
38
41
43
39
42
44
43
41
43
47
46
57
48
61
61
71
83
82
89
93
98
105
106
97
104
108
102
108
120
118
112
112
114
117
123
125
121
127
132
130
144
157
146
148
145
149
147
147
158
154
166
161
173
183
170
187
180
182
195
192
200
194
204
205
212
210
218
220
224
225
217
231
224
236
230
223
241
237
237
243
244
234
241
245
245
232
225
226
230
231
226
223
233
234
233
243
239
240
229
222
219
227
236
234
236
237
234
242
233
231
229
214
215
210
216
201
198
192
194
201
193
191
182
179
178
174
184
186
183
181
185
194
195
205
203
198
207
201
211
202
194
203
197
207
210
203
205
203
204
215
213
209
203
214
212
204
214
217
209
214
211
207
211
213
220
211
214
212
218
213
201
197
197
201
196
188
193
187
173
184
180
185
188
183
181
186
176
178
194
185
195
195
193
183
202
192
188
191
184
181
176
180
168
165
167
170
173
169
167
158
157
175
162
160
159
147
157
163
151
153
143
137
138
121
124
115
112
106
98
93
94
86
84
72
62
71
66
78
68
76
75
80
86
80
84
92
89
90
95
92
91
83
96
101
106
102
95
97
99
97
99
91
88
95
97
93
83
96
87
93
101
96
108
109
112
108
124
114
116
131
125
127
134
145
142
139
139
151
144
142
151
155
161
162
161
163
163
171
176
166
173
175
171
189
177
167
179
171
174
178
190
185
173
177
188
184
198
198
199
205
203
190
181
179
190
181
179
172
176
184
163
185
159
176
157
170
142
162
150
155
165
146
147
130
148
117
129
108
120
116
119
103
107
114
100
124
98
134
109
125
117
131
130
122
128
107
108
90
100
93
106
90
96
88
97
100
88
103
93
101
89
89
102
102
107
100
99
102
122
123
127
130
143
149
147
165
147
168
143
167
150
166
161
150
154
136
157
142
169
142
166
146
146
145
129
154
128
151
140
162
153
153
152
150
156
147
180
169
176
189
182
189
191
177
190
188
199
210
209
217
216
216
215
220
220
224
228
240
235
233
232
226
234
233
245
236
238
232
231
236
232
234
231
234
220
220
219
216
219
231
234
240
259
242
244
257
254
258
261
265
250
260
260
260
245
267
249
248
251
255
258
256
270
266
281
271
273
263
280
276
277
267
281
269
282
288
292
295
300
299
290
315
300
317
310
317
311
324
327
326
322
319
325
319
325
325
324
321
326
307
319
342
315
324
319
320
317
316
319
319
320
320
330
322
333
307
330
311
318
305
306
322
312
322
297
309
301
299
286
302
307
303
317
317
320
335
333
345
348
342
338
320
343
331
332
345
353
348
357
368
356
373
360
373
359
349
354
344
348
359
368
369
366
357
361
359
361
361
363
360
364
352
344
342
337
336
331
336
333
330
325
332
318
317
326
320
317
324
334
337
345
353
348
349
340
352
348
352
366
372
372
374
376
390
402
404
421
424
431
439
435
447
457
450
449
443
438
438
431
438
435
436
433
429
438
439
441
447
450
440
447
444
449
443
451
451
440
443
444
452
444
448
450
445
435
429
414
419
412
408
410
394
399
390
386
380
369
362
346
351
349
344
348
331
334
332
323
320
319
322
305
293
284
282
286
283
279
268
268
270
272
283
275
251
255
259
257
272
279
267
261
263
258
256
257
260
260
257
246
249
249
248
245
237
233
243
240
228
239
246
258
250
252
241
240
252
247
245
255
263
256
267
264
268
270
272
265
273
270
269
275
266
270
272
279
274
276
275
268
272
278
274
280
274
278
284
285
280
273
275
280
290
292
279
277
282
272
276
272
276
272
276
267
266
263
252
253
246
248
242
246
242
229
230
221
210
205
198
202
201
199
190
190
192
192
181
172
181
175
175
177
178
182
169
177
173
177
175
174
170
170
170
172
180
177
172
166
172
175
175
172
164
173
171
168
177
182
186
183
182
177
187
179
172
182
168
167
166
167
179
181
174
166
178
164
179
186
187
189
188
196
197
208
208
207
208
225
225
227
230
234
231
232
241
232
232
236
237
229
231
226
232
230
223
235
226
233
233
239
237
243
249
246
250
254
261
252
252
254
257
241
233
230
230
222
225
213
224
231
223
217
218
211
213
220
215
222
216
220
219
225
212
215
215
217
215
215
207
205
205
221
229
216
220
215
228
218
222
217
216
224
216
229
217
222
237
240
234
228
229
233
237
244
244
250
251
249
258
258
266
272
263
269
280
294
299
299
304
312
316
319
322
319
329
329
334
332
326
320
324
319
324
323
321
322
316
319
311
311
313
312
312
308
309
317
315
325
327
347
350
346
357
358
374
368
363
377
373
382
385
376
378
380
371
367
374
376
374
386
394
393
402
394
385
383
388
396
379
378
383
376
383
384
383
375
369
379
369
364
359
352
344
351
349
341
347
338
344
332
344
340
349
341
344
333
319
318
310
307
300
305
299
304
298
295
288
291
287
282
288
296
298
313
300
312
316
306
325
320
324
319
326
331
329
333
341
329
338
338
326
327
325
320
317
313
309
309
299
307
314
319
307
307
304
295
294
293
294
299
292
295
291
296
305
314
317
313
326
310
311
320
316
322
323
317
341
337
330
325
325
325
325
317
315
336
323
321
319
315
315
308
302
299
301
296
297
295
289
282
279
284
289
280
273
273
281
282
280
288
293
292
291
295
285
272
256
255
247
240
240
234
228
235
227
221
225
213
216
195
186
185
181
175
170
166
157
172
172
171
161
169
168
160
175
168
163
158
160
168
158
159
168
153
158
167
150
151
154
152
155
152
159
145
145
155
152
161
157
171
170
170
174
168
178
181
174
170
180
172
174
175
170
175
174
164
158
155
149
146
144
132
129
124
120
111
100
102
91
78
62
55
46
46
35
20
26
34
36
34
28
22
32
42
36
40
39
40
33
21
15
20
15
7
9
4
6
9
2
-14
-13
3
-6
-11
-11
-10
-13
-8
-24
-21
-23
-31
-19
-27
-29
-33
-31
-27
-39
-33
-33
-29
-26
-18
-10
-10
1
2
3
10
8
5
14
20
36
30
49
46
46
59
51
57
59
55
57
67
64
78
75
87
84
91
90
96
98
92
112
114
113
108
110
102
94
100
101
103
116
112
113
114
115
104
103
117
105
104
102
102
119
123
119
114
125
128
121
123
122
119
114
123
120
119
117
117
126
130
118
116
118
111
116
117
124
119
123
130
128
136
132
117
118
119
124
112
108
101
93
94
86
82
83
80
65
56
44
40
34
44
51
54
69
68
60
67
64
58
49
50
51
36
42
35
34
38
33
31
28
35
29
28
42
46
32
23
20
12
15
15
16
14
13
10
11
7
-4
-10
-6
-9
-15
-21
-31
-23
-24
-31
-37
-27
-31
-27
-21
-29
-21
-27
-18
-9
-13
-5
7
-4
1
1
0
1
3
10
12
17
17
41
47
61
47
48
62
50
48
63
64
65
68
62
59
56
67
64
70
66
55
57
52
71
58
55
62
54
46
41
49
47
51
46
60
61
53
55
51
48
44
34
33
43
31
24
28
28
35
36
42
39
46
55
53
48
56
66
60
68
63
73
61
75
79
76
78
77
101
87
86
87
93
97
105
88
84
76
75
72
75
80
84
78
74
78
71
80
72
83
79
70
78
94
95
101
102
103
109
105
115
121
125
129
138
143
145
134
147
154
151
166
163
170
170
161
163
170
167
167
167
177
171
170
178
176
186
187
181
184
192
188
196
185
190
195
194
195
184
191
181
187
179
171
160
163
159
153
156
152
146
157
141
129
132
124
125
108
126
125
120
128
123
124
125
125
128
126
126
127
124
116
122
125
113
108
108
114
108
107
106
96
84
72
65
62
59
60
62
58
49
50
43
44
42
38
29
40
30
27
33
34
44
30
27
34
30
39
37
35
41
41
42
49
53
56
57
52
46
53
47
41
39
34
33
33
44
38
41
40
33
36
42
33
27
14
15
27
32
26
15
15
24
19
29
36
32
28
29
32
31
38
43
50
48
53
57
65
61
70
75
74
90
95
93
83
86
81
82
65
61
64
56
57
49
57
54
47
60
69
56
59
61
63
66
73
79
85
93
99
105
105
101
109
106
105
108
101
105
110
108
109
103
103
91
90
94
84
93
96
104
110
115
110
93
105
108
106
105
95
106
114
122
126
130
132
126
143
145
146
161
153
157
158
161
169
165
160
174
161
162
158
166
166
168
173
158
181
171
175
173
179
183
183
182
177
181
179
165
161
175
182
180
180
183
184
174
183
184
180
184
172
181
164
168
159
157
153
135
140
130
132
138
136
137
135
131
129
124
109
110
103
114
110
109
114
103
99
104
104
104
108
121
137
127
133
132
134
131
134
128
134
134
124
135
130
128
131
133
131
139
136
126
133
131
135
139
147
151
140
139
134
131
135
138
128
126
107
112
116
124
120
117
116
115
134
129
130
128
124
131
140
143
152
153
155
152
152
150
149
151
150
147
139
141
144
135
131
126
135
128
132
137
124
123
117
121
114
124
121
104
109
100
105
105
107
101
93
85
94
87
87
92
83
80
60
62
69
62
70
62
69
67
56
62
68
64
68
53
56
70
55
55
48
48
39
41
43
52
41
47
49
53
39
29
36
30
27
9
7
-16
-29
-21
-27
-37
-47
-49
-52
-45
-47
-45
-49
-43
-36
-33
-36
-35
-35
-40
-33
-32
-30
-27
-35
-36
-39
-30
-29
-30
-20
-21
-25
-33
-36
-25
-27
-39
-36
-28
-29
-29
-26
-37
-38
-45
-44
-39
-38
-38
-43
-47
-38
-35
-50
-41
-47
-46
-50
-48
-44
-53
-54
-53
-53
-64
-74
-81
-74
-80
-76
-74
-77
-78
-82
-79
-72
-69
-79
-75
-88
-90
-82
-88
-89
-93
-87
-93
-108
-94
-110
-111
-111
-115
-109
-114
-110
-108
-114
-113
-109
-113
-119
-115
-116
-107
-96
-99
-95
-91
-89
-89
-89
-93
-96
-100
-111
-102
-97
-111
-111
-126
-115
-121
-112
-112
-114
-108
-115
-108
-115
-114
-125
-119
-116
-117
-118
-119
-117
-117
-121
-115
-111
-120
-117
-127
-130
-125
-121
-114
-114
-118
-111
-119
-120
-121
-112
-118
-122
-124
-119
-116
-113
-116
-109
-114
-128
-131
-130
-124
-128
-128
-127
-135
-123
-121
-127
-118
-109
-109
-112
-100
-112
-115
-112
-115
-113
-114
-107
-113
-105
-108
-103
-101
-93
-88
-92
-91
-87
-91
-101
-100
-102
-102
-109
-105
-109
-122
-111
-108
-108
-119
-130
-127
-129
-148
-148
-151
-144
-137
-146
-147
-152
-147
-142
-147
-141
-135
-139
-140
-142
-142
-151
-157
-154
-157
-147
-143
-132
-140
-151
-140
-145
-140
-130
-131
-135
-140
-133
-117
-125
-124
-119
-117
-114
-113
-114
-126
-133
-135
-139
-134
-134
-135
-132
-125
-114
-132
-132
-121
-116
-120
-123
-112
-114
-109
-106
-101
-97
-93
-91
-87
-85
-94
-75
-83
-78
-75
-86
-78
-86
-86
-85
-70
-69
-73
-58
-53
-60
-57
-64
-67
-72
-69
-69
-64
-58
-47
-54
-54
-56
-63
-65
-68
-55
-68
-64
-62
-73
-69
-73
-72
-68
-59
-61
-57
-57
-56
-59
-65
-64
-70
-50
-61
-66
-76
-70
-66
-77
-75
-94
-95
-87
-82
-72
-82
-79
-89
-91
-90
-103
-92
-86
-93
-107
-102
-89
-83
-96
-117
-93
-82
-87
-74
-89
-76
-72
-79
-73
-84
-78
-78
-70
-75
-89
-95
-97
-82
-104
-87
-102
-91
-104
-107
-100
-106
-104
-110
-106
-112
-111
-134
-127
-132
-100
-127
-129
-121
-117
-118
-128
-118
-129
-110
-136
-125
-116
-106
-102
-123
-118
-123
-101
-111
-113
-111
-100
-91
-120
-117
-139
-98
-100
-111
-113
-128
-117
-108
-106
-107
-117
-125
-132
-109
-102
-109
-115
-100
-116
-126
-116
-108
-98
-117
-99
-125
-114
-107
-117
-97
-96
-88
-96
-104
-97
-97
-98
-100
-99
-96
-93
-89
-75
-53
-65
-46
-54
-35
-60
-40
-23
-41
-41
-56
-29
-63
-62
-69
-65
-64
-80
-83
-82
-92
-92
-95
-95
-101
-119
-113
-125
-108
-115
-101
-90
-120
-148
-101
-105
-119
-168
-162
-144
-167
-143
-177
-164
-179
-173
-161
-180
-168
-182
-152
-181
-179
-169
-179
-140
-179
-172
-196
-161
-168
-174
-159
-149
-175
-161
-126
-116
-112
-124
-122
-116
-86
-99
-74
-90
-95
-87
-71
-68
-60
-81
-65
-56
-67
-26
-15
-10
-51
-10
11
-16
-1
26
23
20
38
35
29
66
53
45
51
71
65
33
56
36
49
38
39
4
-1
24
-22
-47
-66
-30
-73
-103
-123
-149
-151
-176
-187
-230
-224
-237
-271
-284
-312
-309
-354
-357
-382
-386
-415
-431
-412
-414
-421
-482
-447
-481
-485
-472
-473
-479
-503
-501
-501
-523
-524
-506
-481
-509
-506
-534
-522
-511
-508
-438
-377
-326
-357
-364
-332
-280
-221
-152
-126
-98
-79
-16
48
66
136
161
186
215
252
320
336
385
374
410
410
445
491
457
533
520
530
476
512
523
487
476
425
459
445
447
372
356
348
303
286
254
281
222
175
150
142
110
34
7
-50
-46
-77
-102
-152
-207
-241
-314
-349
-394
-412
-426
-478
-545
-564
-636
-694
-766
-800
-844
-887
-911
-960
-1017
-1068
-1082
-1122
-1195
-1226
-1147
-928
-751
-763
-871
-1060
-1000
-869
-607
-427
-419
-381
-437
-312
-201
-6
90
75
15
7
167
316
407
428
362
339
352
410
507
547
553
490
449
448
483
510
481
463
432
446
455
460
454
414
393
388
390
415
405
413
391
396
409
400
389
346
342
330
374
389
388
346
279
268
258
233
236
236
235
213
168
155
131
92
13
-31
-70
-79
-106
-113
-133
-176
-251
-322
-349
-427
-466
-494
-510
-571
-630
-681
-747
-810
-887
-920
-969
-1040
-1105
-1066
-911
-702
-621
-696
-849
-965
-858
-661
-414
-282
-268
-291
-274
-144
30
182
206
157
147
226
364
500
550
515
458
441
484
570
643
643
593
530
515
532
526
509
446
410
394
405
416
393
349
302
288
306
336
331
311
289
288
309
328
334
311
291
288
318
389
411
396
351
308
293
288
303
322
314
302
295
276
270
230
165
95
48
19
6
1
-35
-97
-157
-216
-267
-314
-389
-454
-525
-563
-596
-625
-706
-811
-895
-966
-1017
-1083
-1136
-1209
-1276
-1268
-1146
-935
-808
-883
-1078
-1205
-1075
-805
-528
-388
-413
-432
-422
-275
-77
88
153
91
52
110
297
485
540
476
363
360
422
535
623
630
567
475
442
480
515
490
420
373
367
403
426
399
360
305
293
309
340
370
363
340
345
377
408
415
400
380
386
429
498
545
528
497
454
454
452
469
484
474
450
424
406
388
348
284
217
168
147
129
102
46
-25
-115
-174
-230
-275
-336
-419
-486
-558
-623
-705
-791
-904
-1017
-1098
-1160
-1226
-1301
-1374
-1345
-1195
-953
-845
-949
-1181
-1307
-1123
-826
-518
-437
-462
-492
-459
-261
-48
144
165
85
30
117
350
507
549
463
365
377
457
569
635
629
558
451
431
455
494
463
379
331
317
354
333
315
287
235
221
185
197
212
220
222
241
283
300
304
265
250
284
341
413
442
443
419
400
391
389
393
393
388
367
373
348
321
254
175
105
48
19
-4
-30
-84
-142
-221
-299
-387
-471
-555
-630
-701
-770
-832
-940
-1060
-1198
-1315
-1390
-1431
-1508
-1574
-1547
-1364
-1100
-1033
-1166
-1456
-1528
-1290
-960
-659
-615
-612
-650
-558
-344
-111
101
104
47
5
136
410
575
584
457
386
438
536
669
736
717
631
539
532
587
616
528
437
368
398
461
442
388
270
216
218
229
256
217
179
139
175
252
306
318
236
201
227
300
398
435
443
401
369
382
397
411
397
379
358
382
408
410
364
262
179
122
121
107
70
-1
-72
-138
-217
-293
-409
-512
-615
-711
-767
-872
-983
-1136
-1291
-1389
-1439
-1498
-1586
-1618
-1515
-1240
-1086
-1150
-1410
-1561
-1389
-1075
-735
-636
-624
-643
-604
-400
-191
75
137
76
12
75
359
545
594
482
387
431
523
655
733
742
670
563
506
524
583
541
446
359
358
425
437
399
329
256
222
207
226
233
238
216
200
240
271
289
281
259
303
377
491
552
545
520
508
526
553
605
616
613
567
564
587
603
578
477
398
337
318
301
272
190
71
-22
-97
-167
-245
-370
-507
-643
-774
-889
-1008
-1145
-1281
-1408
-1468
-1537
-1604
-1510
-1270
-1075
-1126
-1395
-1644
-1519
-1189
-812
-631
-670
-664
-673
-499
-286
-49
102
60
22
56
326
593
671
569
415
456
550
657
762
791
774
697
635
659
701
632
483
415
459
564
598
546
462
358
319
318
325
325
291
262
264
334
406
426
363
263
239
294
447
572
633
640
602
561
553
580
604
624
605
604
645
649
634
558
452
378
309
272
258
238
181
95
-17
-127
-268
-427
-564
-700
-818
-929
-1075
-1255
-1428
-1594
-1691
-1799
-1813
-1664
-1417
-1303
-1491
-1814
-1979
-1730
-1329
-999
-930
-1002
-976
-893
-650
-410
-213
-176
-263
-256
-88
272
515
516
347
207
308
477
602
652
636
598
531
510
565
610
498
314
190
228
354
411
367
249
146
80
69
73
61
15
2
33
107
161
156
104
57
123
170
235
281
287
385
430
510
534
471
467
415
453
485
549
591
538
479
408
388
335
260
179
92
62
19
-23
-114
-269
-474
-659
-797
-937
-1088
-1254
-1423
-1577
-1710
-1779
-1770
-1630
-1413
-1390
-1582
-1959
-2099
-1825
-1393
-1000
-964
-1057
-1086
-1008
-798
-579
-346
-274
-327
-340
-149
227
451
439
233
91
203
355
499
598
627
593
516
487
522
526
396
232
172
240
384
415
333
194
102
92
63
7
-55
-89
-86
-11
100
164
131
10
-54
-11
110
216
245
300
362
450
525
540
493
437
390
388
456
521
551
512
439
401
355
276
164
43
-19
-54
-51
-103
-206
-390
-613
-782
-960
-1118
-1295
-1479
-1650
-1773
-1816
-1719
-1507
-1341
-1466
-1839
-2172
-2145
-1747
-1320
-1081
-1116
-1186
-1161
-1003
-769
-588
-473
-498
-529
-392
-44
352
476
342
133
80
237
399
504
546
581
617
616
653
658
562
371
211
231
366
474
446
372
309
294
280
177
51
-93
-138
-64
80
235
244
187
120
131
199
207
177
157
264
476
704
806
735
612
493
457
486
542
575
551
548
559
607
568
400
168
-25
-91
-86
-51
-98
-253
-489
-730
-925
-1098
-1274
-1449
-1593
-1667
-1584
-1319
-1073
-1138
-1517
-1942
-2003
-1665
-1281
-1035
-1065
-1128
-1066
-897
-620
-430
-354
-463
-541
-413
-69
354
535
452
282
242
424
580
627
586
554
604
683
810
876
807
579
364
337
461
551
491
423
414
448
486
462
360
177
-3
-6
110
305
405
398
348
331
411
472
447
349
323
439
668
870
969
933
841
739
685
689
681
642
613
646
730
789
701
497
269
95
15
-39
-104
-229
-422
-617
-780
-928
-1106
-1278
-1419
-1400
-1210
-975
-987
-1274
-1607
-1700
-1381
-1020
-782
-809
-928
-911
-797
-512
-295
-206
-265
-367
-260
41
417
578
471
330
287
464
634
730
727
673
716
791
889
942
858
667
509
503
590
664
605
528
527
574
623
555
425
274
156
163
261
399
463
434
418
455
555
615
549
443
401
516
698
858
921
916
896
833
818
781
717
629
542
587
672
754
696
523
328
168
78
-31
-158
-352
-570
-745
-895
-1034
-1175
-1306
-1367
-1286
-1098
-1008
-1179
-1491
-1742
-1625
-1269
-938
-746
-828
-848
-805
-610
-375
-273
-260
-363
-360
-140
224
573
620
473
298
289
431
516
548
503
520
628
759
857
825
670
439
289
305
389
402
311
275
346
489
564
479
314
77
-79
-87
51
250
346
400
418
517
658
686
635
447
342
410
627
864
973
1048
1004
920
806
673
576
416
339
359
499
603
554
405
189
-24
-241
-474
-690
-930
-1154
-1291
-1324
-1307
-1305
-1257
-1101
-989
-1478
-2134
-2224
-1711
-1249
-1409
-1202
-444
49
-147
-472
-31
348
44
-515
-426
179
501
555
799
1246
1311
814
400
339
328
105
-114
120
519
684
578
413
379
238
-68
-370
-434
-309
-72
117
286
554
748
711
432
165
209
273
253
253
622
1303
1809
1948
1883
1699
1337
954
872
1015
983
897
1139
1531
1448
891
272
27
-202
-500
-568
-374
-151
-197
-448
-734
-1154
-1962
-2921
-3568
-3864
-3679
-3644
-3025
-1545
532
1464
671
-915
-1134
-574
-405
-544
-71
1947
3547
3582
2560
1583
1251
282
-1446
-1974
-724
853
909
123
292
1028
182
-2008
-3253
-2476
-1032
-521
-259
1047
2232
2015
545
-466
-170
124
-264
-289
872
2659
3228
2139
982
575
275
-435
-1119
-533
819
1619
1702
1724
1834
1515
510
327
1349
2610
3131
2964
2927
2745
1982
837
15
-331
-372
-245
204
608
406
-327
-938
-1300
-1493
-1773
-1975
-1779
-1966
-2394
-3260
-3936
-4390
-4184
-3880
-2291
-76
2590
3766
2479
523
88
964
1257
513
287
2605
4143
3525
1061
-433
-687
-1671
-3637
-3665
-1683
475
221
-908
-288
1107
489
-1763
-2981
-1079
1499
2286
2050
2694
3710
3111
773
-659
7
730
99
-492
664
2611
2512
116
-1360
-1224
-525
-1048
-1503
-218
1805
2479
1892
1403
1693
1461
408
758
2746
4971
5104
3716
2536
1902
680
-637
-1473
-1101
-290
239
585
530
-326
-1547
-2517
-2582
-1914
-1582
-1345
-1330
-1578
-2318
-3647
-4787
-4961
-4360
-3049
-392
2527
5037
4101
1444
-389
122
775
11
-915
767
3497
3831
1360
-1181
-1844
-2313
-4163
-5186
-3152
51
1458
367
257
1872
2098
-231
-2639
-1735
1531
3132
2759
2528
3569
3522
1058
-1536
-1785
-610
-523
-1271
-387
1820
2899
848
-1413
-1658
-695
-517
-1229
-303
2037
3485
3020
1977
1774
1990
1583
1643
2739
4043
4133
3058
1943
1277
383
-631
-1366
-1197
-599
-71
101
169
-312
-867
-1532
-1544
-1426
-1318
-1673
-2007
-2725
-3389
-4165
-3970
-3347
-1377
1181
3746
5007
2941
994
-269
1070
1307
280
-407
1343
3125
2683
-602
-2290
-2487
-2585
-4020
-4570
-2126
883
1779
708
786
2206
2295
193
-1319
318
3223
3807
2639
2143
3117
2777
37
-2159
-1963
-514
-232
-962
-53
1780
2204
420
-1209
-735
415
179
-326
878
3264
4145
2545
1017
1019
2100
2500
2738
3365
4011
3911
2579
1365
476
-196
-658
-886
-350
468
602
401
-349
-762
-1103
-1323
-1215
-1134
-1184
-1426
-2430
-3148
-4284
-4114
-3759
-1877
1422
4161
6287
3921
1811
186
873
1222
-52
-555
1323
3097
2933
-344
-2283
-2369
-3021
-4317
-5358
-2564
673
1981
1050
882
2447
2523
524
-1193
-104
2746
3295
2389
2253
3083
2794
-318
-2746
-2401
-955
-525
-1280
-503
1759
2562
1304
-305
-85
721
410
-65
899
3058
3731
2633
1209
1501
2688
2765
2555
2100
2951
3133
2435
1485
702
453
-7
-386
-227
-33
167
-128
-481
-693
-862
-830
-995
-1291
-1914
-2903
-3558
-4571
-4129
-3878
-1412
2473
5389
7368
3951
1914
257
939
1139
-403
-356
1610
3118
2657
-581
-2319
-2769
-4039
-5150
-5303
-1779
1260
1992
1095
1191
2917
2456
141
-1436
-354
2398
2834
2263
2615
2929
2088
-1166
-3097
-2259
-1099
-977
-1618
-459
2077
2782
1444
-98
-39
559
203
-18
1136
2993
3248
1955
862
1032
2185
1948
2013
1877
2746
3150
2344
1620
565
177
-156
-251
127
405
309
45
-583
-741
-1046
-1190
-1388
-1906
-2310
-3063
-3431
-4366
-3911
-3754
577
4054
7635
6643
2607
1452
470
2004
143
-1403
-348
2032
3081
1416
-1598
-2023
-3097
-4531
-5439
-3776
485
1999
1780
1196
2752
3901
1860
-884
-1617
369
2164
1880
1904
2660
2654
579
-2134
-2405
-1301
-1101
-2012
-1671
900
3109
2789
1024
316
726
555
-177
-74
1539
2563
2049
1065
1200
2296
2256
1688
1059
1630
2295
2108
1491
809
548
254
61
-5
74
-175
-409
-573
-469
-499
-845
-1319
-1906
-2644
-3481
-4278
-4950
-4168
-3270
2003
5643
9250
6797
2296
903
226
1840
-855
-2038
-507
2529
3588
1065
-1913
-2360
-3425
-4826
-5731
-3387
1261
2876
2552
1846
3449
4262
1810
-1656
-2715
-456
1609
1666
1450
2035
2219
355
-2226
-2691
-1629
-1114
-1686
-1340
1155
3370
3235
1358
223
383
348
-222
-239
927
1897
1701
1041
929
1780
1880
1601
1174
1272
1892
1549
944
16
-383
-290
-234
-330
-529
-778
-594
-648
-766
-1117
-1354
-1503
-2036
-2760
-3485
-4441
-4848
-4878
-2780
2841
6845
9684
5163
2034
715
1264
1315
-2368
-2737
-518
2847
3100
178
-1702
-1843
-3151
-4854
-5653
-2119
1941
2982
2197
2176
4536
4716
1580
-2241
-2693
-254
1168
850
630
1615
1866
-142
-2316
-2517
-1343
-961
-1663
-999
1472
3782
3606
1625
353
230
309
-200
-408
452
1368
1664
1121
1532
2336
2740
2006
559
578
1031
1359
447
-649
-792
-173
95
-395
-1225
-1364
-1022
-951
-1224
-1354
-1263
-1367
-2457
-3629
-4540
-4916
-4859
-3708
1454
6450
10253
6655
2322
318
1095
1659
-2050
-3506
-1536
2707
3641
667
-1652
-1532
-2050
-4266
-6143
-3193
1907
4023
2934
1991
4316
5531
2681
-2049
-3427
-763
1379
1130
558
1942
3086
1197
-2044
-3100
-1596
-424
-1233
-1289
1104
4221
4816
2531
796
508
651
-262
-930
114
1685
2144
1345
1327
2500
3476
2563
725
-21
716
1294
563
-514
-665
115
291
-463
-1406
-1565
-1258
-1334
-1782
-1636
-1052
-685
-1668
-2993
-4230
-4610
-5062
-3138
1733
7328
10434
6206
2318
209
1848
1282
-2584
-3996
-1414
2826
3050
-68
-1747
-1142
-1913
-4750
-6495
-2747
2353
4062
2325
2048
4823
5924
2312
-2589
-3267
-572
1212
285
192
2406
3627
1349
-2215
-2702
-665
58
-1317
-1559
1425
4774
4876
2573
1096
1201
909
-663
-1284
438
2453
2578
1434
1630
3375
4253
2614
160
-467
527
1007
101
-858
-486
288
98
-949
-1595
-1414
-1330
-1881
-2297
-1722
-907
-850
-2057
-3174
-4223
-4620
-5382
-2606
2685
8930
10230
5238
1286
-5
2177
514
-3039
-3802
-166
3476
2595
-740
-1526
-922
-2430
-5898
-6466
-1413
3601
4244
1863
2193
4949
5259
799
-3296
-2887
-31
1048
-49
746
3062
3203
-102
-3355
-2742
-356
-22
-1211
-903
2364
4942
4258
2237
1135
1225
377
-974
-596
1485
3237
2806
1960
2584
4124
4296
2141
-17
-449
637
1250
638
-206
-137
157
-201
-1371
-1980
-1747
-1385
-1866
-2343
-2017
-1018
-890
-2181
-3623
-4377
-4531
-4207
-872
4684
10286
8561
3432
-772
381
2321
-111
-3395
-2942
1630
3824
1203
-2076
-1541
-859
-2974
-6620
-4983
1135
5388
3968
1227
2194
4939
3752
-1141
-3628
-1722
1354
1060
76
1465
3355
2047
-2294
-4501
-2445
90
141
-1084
-32
3075
4168
2756
807
473
500
-580
-1102
190
2640
3344
2539
1961
3050
4010
2867
650
-898
-193
846
992
172
-311
-143
-368
-1358
-2275
-2243
-1617
-1571
-2229
-2644
-2297
-1851
-2622
-4423
-5683
-5438
-1271
3566
8634
8041
3938
-54
-1308
481
110
-1014
-1329
915
2337
1205
-1619
-2318
-2548
-3881
-6146
-5178
-290
4224
4435
2078
1192
2312
2523
-152
-1790
-1158
954
1437
834
1616
2529
1287
-1943
-4126
-2877
-505
493
325
596
1899
2306
1600
917
930
745
-3
-343
840
2375
2756
1939
1249
1660
2569
2727
2021
1015
617
706
778
458
-221
-674
-923
-1166
-1499
-1749
-1513
-1280
-1540
-2117
-2537
-2221
-2030
-2926
-4566
-5711
-4021
1230
6559
9635
6215
1790
-1263
-516
502
-334
-799
570
2757
2227
-266
-2297
-2138
-3087
-5291
-6422
-2935
2290
4804
3060
1166
1174
1817
627
-1291
-854
937
2201
1634
1468
2300
1962
-640
-3443
-3786
-1592
291
932
1055
1367
1423
658
95
462
1089
1020
752
1151
2431
2974
2271
1071
577
1490
2558
3059
2496
1691
1106
568
-2
-609
-902
-841
-918
-1228
-1427
-1346
-1269
-1863
-2787
-3196
-2835
-2327
-2670
-3708
-4659
-4786
-1290
3363
8515
7705
3057
-1363
-1860
748
1110
276
205
2528
2894
340
-3024
-3231
-2436
-3366
-5548
-4242
592
4588
3622
490
-500
597
1119
-444
-438
1348
3017
2301
788
825
1327
25
-2399
-3231
-1269
944
1449
858
561
467
-383
-1014
-407
1379
2332
2094
1785
2049
2589
1965
1161
1081
1939
3188
3278
2940
2138
1394
574
-284
-575
-361
172
286
-177
-881
-1389
-1705
-2142
-2687
-3064
-2704
-2192
-1944
-2954
-3920
-4922
-2794
1246
6037
7416
3663
-80
-1772
610
1613
1245
612
1905
2494
617
-2446
-3342
-2416
-2576
-4144
-3954
-509
2750
2602
-346
-1457
-643
692
386
569
2141
3160
2238
381
-3
564
-123
-1787
-2185
-547
1394
1451
438
-477
-925
-1510
-1682
-507
1357
2501
2168
1717
1598
1465
971
364
1088
2282
3669
3723
2996
1970
901
-28
-785
-777
-110
693
811
213
-816
-1518
-1984
-2362
-2763
-2642
-2045
-1644
-1833
-3302
-4160
-4900
-3349
218
4296
7041
4309
477
-2141
-507
1460
1828
1168
1940
2905
1395
-1830
-3996
-3345
-2690
-3490
-3729
-1152
1948
2308
-827
-2717
-2233
-479
222
383
1908
3157
2652
603
-632
-501
-511
-1405
-1606
-351
1295
1598
555
-845
-1654
-2066
-1770
-549
999
2045
2041
1691
1400
808
397
290
1211
2433
3412
3781
3084
2054
604
-228
-612
-169
255
673
511
-16
-953
-1881
-2184
-2177
-1999
-1998
-1731
-1524
-1679
-2492
-4147
-4867
-5043
-2148
1986
5960
6192
1861
-1991
-2592
454
2220
2585
2148
3383
2955
217
-3059
-4060
-2875
-2417
-2862
-1773
837
1963
-55
-3360
-3834
-2233
-175
763
1634
2592
2440
844
-716
-979
-778
-739
-772
68
1026
963
-98
-1351
-2432
-2662
-2072
-446
1137
1529
1116
448
215
-130
-363
222
1538
2983
3521
3399
2713
1675
562
-235
-158
519
1186
1064
493
-416
-1178
-1969
-2276
-2080
-1670
-1401
-1500
-1705
-2304
-2882
-3914
-4450
-4265
-3089
84
3334
5395
3158
-1176
-3392
-1323
1996
3523
3069
2707
3071
1161
-1694
-3747
-2855
-1132
-914
-1165
-112
850
-278
-3158
-4347
-2598
-88
1497
1918
2085
1604
223
-1210
-934
179
829
826
837
1299
768
-761
-2035
-2460
-2120
-1340
-209
1043
1245
365
-749
-896
-362
67
385
1143
2598
3327
3236
2110
1216
897
836
845
919
991
774
171
-737
-1153
-1371
-1268
-1310
-1526
-1634
-1689
-1858
-2169
-2881
-3168
-3625
-3422
-3123
-2039
843
3480
3949
390
-2859
-2105
1803
4114
3547
1786
2131
2134
-43
-2686
-2842
-381
688
-393
-1048
-137
-194
-2569
-4615
-3400
29
2054
1652
672
412
179
-701
-961
330
1660
1915
1465
1180
1033
105
-1044
-1586
-1358
-627
130
562
356
-388
-835
-403
341
396
274
408
1296
2039
2173
2220
2106
2096
1771
1145
876
752
450
-76
-448
-225
-186
-613
-1330
-1906
-2030
-1858
-1835
-1978
-2133
-2459
-2836
-3553
-3529
-2982
-1408
1247
2967
2440
-666
-2556
-888
2351
4006
3274
1874
1976
1438
-200
-1963
-1271
494
980
-244
-873
-602
-1451
-3285
-4028
-1985
804
1716
682
-445
-707
-636
-737
-109
1214
2044
1735
1100
802
746
272
-239
-372
-109
184
235
-100
-781
-979
-426
704
1124
494
-239
-257
717
1614
2031
2082
2134
2201
1845
1241
866
594
471
265
337
237
-162
-1018
-1730
-2035
-1732
-1342
-1411
-1786
-2306
-2892
-3378
-3784
-3484
-2864
-837
1628
2593
850
-2527
-3109
-44
3349
4279
2650
1456
1540
749
-838
-1374
380
1926
1357
-475
-954
-1238
-2398
-3931
-3256
-427
1567
918
-1009
-2079
-1814
-1094
-367
835
1825
1719
803
175
253
539
594
701
716
659
397
-27
-634
-1189
-806
442
1513
1169
-227
-1089
-678
646
1643
1985
2090
1995
1579
899
543
905
1124
995
671
523
309
-384
-1267
-1666
-1380
-858
-826
-1527
-2320
-2859
-3081
-3319
-3359
-2971
-2410
-634
967
1136
-900
-3265
-2340
1233
3955
3806
1574
380
567
317
-156
358
1960
2378
826
-1031
-1226
-1507
-2360
-2954
-1588
569
984
-671
-2442
-2842
-2035
-903
114
1090
1202
317
-415
-80
802
1165
958
800
566
212
-57
-6
65
57
338
876
959
31
-1198
-1367
-160
1497
2282
2031
1399
834
442
268
844
1645
1812
1143
310
-13
-9
-199
-667
-866
-701
-457
-952
-1832
-2267
-2224
-2108
-2288
-2726
-2779
-2764
-1591
262
765
-411
-2450
-2178
851
3254
3114
1100
-4
689
1038
730
1102
2240
2489
927
-806
-890
-673
-1294
-1991
-1288
212
610
-871
-2399
-2689
-1826
-748
-98
343
251
-368
-692
-125
813
1256
942
528
175
2
114
452
575
511
611
794
627
-238
-1019
-812
199
1278
1632
1235
911
595
390
493
880
1396
1209
444
19
-5
240
241
-146
-529
-824
-1000
-1252
-1640
-1718
-1627
-1723
-2183
-2733
-3077
-3161
-2494
-750
469
68
-1867
-2969
-1148
1657
2743
1405
-311
-175
619
692
832
1793
2684
1798
-277
-1144
-567
-354
-928
-1261
-446
196
-670
-2182
-2802
-2049
-887
-214
24
-83
-608
-1107
-756
238
941
840
412
69
-198
-170
279
839
996
783
489
268
-73
-471
-498
188
1035
1458
1130
569
408
288
378
648
978
1085
509
-28
-94
204
507
221
-443
-998
-1149
-925
-775
-863
-991
-1280
-1815
-2420
-3029
-3246
-2918
-1454
488
789
-771
-2916
-2685
109
2299
2092
255
-655
5
458
693
1529
2696
2431
281
-1296
-675
537
422
-415
-504
60
-279
-1680
-2543
-1999
-856
-174
-121
-199
-471
-1052
-1184
-431
584
1024
684
126
-327
-335
309
1178
1453
920
289
32
207
279
319
656
1031
1019
652
334
451
790
707
593
640
767
558
-116
-297
207
676
591
-292
-1065
-1249
-957
-581
-501
-587
-854
-1399
-2148
-2616
-2836
-2627
-2347
-1268
101
205
-1105
-3110
-2698
185
2340
1930
-216
-1158
-242
583
1061
1785
2464
1726
-480
-1565
-139
1599
1306
-150
-880
-508
-813
-1722
-1817
-915
-156
-263
-667
-757
-874
-1368
-1444
-593
565
920
259
-463
-650
-150
828
1458
1227
361
-268
-84
620
1197
1415
1281
905
357
179
641
1068
1246
900
562
749
836
699
335
239
644
732
187
-441
-737
-442
-77
10
-175
-497
-955
-1469
-1905
-1887
-1650
-1843
-2329
-2581
-1570
-151
-23
-1432
-3232
-2564
123
1821
1252
-368
-682
108
472
647
1443
2177
1521
-271
-660
899
1979
861
-796
-999
-146
-191
-936
-878
-192
2
-710
-1131
-818
-704
-1157
-1173
-361
436
285
-414
-655
-286
281
818
954
619
-22
-256
324
1193
1732
1507
877
311
51
313
993
1304
1150
780
610
886
964
737
495
359
420
297
122
233
303
287
179
48
-180
-622
-1118
-1253
-1081
-913
-1187
-1989
-2618
-2665
-2116
-1039
-493
-1138
-2598
-3331
-1449
955
1585
185
-1341
-1271
-373
363
1357
2281
2065
295
-1286
-512
1341
1694
316
-683
-460
-234
-889
-967
-183
204
-666
-1529
-1113
-344
-579
-1293
-1048
-139
118
-517
-913
-482
57
204
225
289
255
20
158
781
1280
1160
579
2
-179
104
769
1472
1505
800
95
-59
515
997
902
670
436
361
334
409
771
822
401
-201
-554
-424
-153
-95
-385
-740
-1167
-1647
-2252
-2458
-2115
-1804
-1353
-950
-1260
-2141
-3000
-1892
340
1260
247
-1421
-1498
-272
716
1265
1628
1412
289
-930
-347
1463
2108
555
-1066
-1165
-340
-269
-411
34
166
-755
-1924
-1630
-411
-49
-700
-943
-507
-390
-983
-1173
-488
159
106
-83
77
243
-47
-178
408
933
638
-85
-115
473
802
711
621
847
645
-1
-228
405
1278
1229
614
440
773
990
697
466
613
589
197
-232
-140
206
192
-316
-824
-1004
-1132
-1557
-2003
-2169
-1894
-1897
-1829
-1253
-1140
-1540
-2399
-2044
-257
699
113
-1160
-1289
-58
789
977
1078
914
162
-799
-450
1159
1880
686
-784
-944
-166
-60
-488
-357
-130
-561
-1286
-992
-19
17
-1028
-1542
-885
-303
-618
-867
-295
236
-91
-583
-432
-55
-176
-470
-55
564
464
-96
-73
375
581
157
22
401
453
172
138
834
1466
1149
387
327
788
1094
709
458
511
501
252
144
230
194
-322
-881
-996
-865
-831
-1145
-1498
-1696
-2015
-2192
-2198
-1985
-1380
-1436
-1909
-2335
-2073
-612
269
-86
-1121
-1688
-1054
-204
287
728
740
113
-783
-858
436
1311
626
-717
-1055
-364
33
-170
-154
-150
-799
-1660
-1398
-118
471
-376
-1262
-1089
-629
-755
-1001
-614
-240
-572
-1044
-771
-204
-241
-644
-527
5
41
-419
-511
3
339
73
-36
269
557
501
290
615
866
583
229
291
871
1016
643
279
259
293
184
74
170
138
-139
-423
-534
-474
-599
-957
-1292
-1490
-1554
-1718
-1968
-1924
-2004
-1896
-1720
-1798
-2073
-2439
-1896
-640
-98
-627
-1621
-1692
-831
-190
78
258
124
-457
-898
-189
1056
1104
-162
-1235
-955
-168
119
151
251
-88
-1008
-1478
-673
316
82
-971
-1347
-850
-625
-950
-908
-423
-428
-996
-1116
-427
-13
-443
-817
-446
4
-178
-487
-206
290
271
-94
-140
98
125
10
335
676
447
-70
-267
435
981
872
571
388
466
348
283
395
341
-84
-581
-623
-197
-43
-358
-928
-1314
-1521
-1661
-1748
-1861
-1981
-2183
-2266
-2013
-1616
-1674
-2239
-2685
-2187
-1086
-575
-977
-1547
-1452
-923
-559
-404
-309
-413
-776
-829
-44
922
860
-166
-945
-723
-96
161
106
-47
-373
-855
-915
-254
303
-24
-814
-1077
-733
-496
-526
-407
-230
-455
-834
-668
-79
5
-524
-825
-503
-207
-380
-630
-406
-120
-278
-474
-468
-213
-132
-23
472
810
636
228
176
670
980
821
460
266
314
434
555
525
110
-467
-732
-567
-284
-299
-568
-940
-1214
-1302
-1253
-1302
-1615
-2304
-2574
-2462
-2050
-1659
-1701
-2026
-2785
-3011
-2303
-1100
-654
-1247
-2078
-1987
-1217
-472
-166
-252
-595
-1085
-1026
-162
726
539
-387
-920
-446
39
175
162
147
-231
-833
-750
126
669
168
-588
-652
-360
-543
-809
-576
-171
-433
-1051
-1069
-572
-552
-1052
-1235
-796
-602
-841
-875
-371
-6
-212
-329
-159
130
-106
8
471
941
625
10
-9
368
659
488
345
261
155
19
318
563
401
-295
-617
-489
-307
-395
-621
-802
-1081
-1343
-1485
-1399
-1583
-2008
-2492
-2487
-2394
-2397
-2382
-2278
-2121
-2490
-2629
-2197
-1220
-902
-1433
-2019
-1975
-1401
-834
-340
-20
-140
-822
-1113
-465
618
788
130
-311
-7
262
184
150
332
107
-584
-801
-189
443
54
-754
-1088
-905
-929
-1113
-950
-554
-695
-1151
-1138
-685
-537
-920
-1038
-637
-415
-627
-673
-334
-66
-360
-508
-146
25
-230
-522
-23
643
614
226
90
398
563
439
471
533
292
-129
-232
120
190
-193
-606
-672
-642
-777
-870
-885
-1047
-1412
-1523
-1290
-1176
-1487
-1954
-2144
-2199
-2258
-2351
-2149
-1833
-1638
-1999
-2408
-2277
-1828
-1249
-1223
-1309
-1380
-1140
-828
-559
-312
-101
-258
-640
-591
52
666
497
3
-284
-267
-348
-322
-90
193
-63
-577
-757
-399
-157
-437
-684
-651
-644
-965
-1070
-748
-496
-784
-1110
-960
-638
-708
-982
-915
-551
-489
-580
-390
12
133
-122
-61
185
215
-93
-100
293
519
304
104
139
153
-83
-226
-28
47
-148
-404
-250
-32
-124
-450
-559
-535
-649
-814
-666
-347
-352
-677
-936
-1000
-1141
-1401
-1501
-1448
-1473
-1630
-1824
-1851
-1834
-1822
-1743
-1747
-1780
-1801
-1568
-1042
-953
-1204
-1426
-1211
-847
-666
-442
-128
-58
-257
-432
-191
236
313
135
6
35
-143
-423
-401
-97
-104
-431
-555
-394
-367
-708
-931
-780
-539
-516
-541
-379
-248
-377
-491
-361
-139
-213
-468
-475
-304
-252
-310
-239
-87
-173
-444
-462
-175
-18
-130
-191
-11
136
14
-25
69
192
151
104
297
455
350
65
-46
100
207
152
99
58
-61
-317
-371
-264
-253
-370
-442
-452
-619
-825
-914
-933
-1011
-1206
-1336
-1352
-1347
-1391
-1495
-1421
-1339
-1389
-1461
-1373
-1058
-954
-961
-944
-934
-925
-983
-924
-791
-716
-683
-684
-585
-499
-508
-576
-497
-268
-158
-183
-190
-112
-86
-84
-11
61
34
-127
-270
-282
-238
-270
-353
-393
-336
-381
-509
-540
-479
-464
-564
-565
-432
-301
-297
-355
-353
-226
-149
-132
-128
-163
-165
-118
25
160
196
156
121
124
160
230
316
391
417
365
251
215
195
162
145
246
355
326
251
193
84
-40
-61
-26
-91
-276
-410
-457
-438
-477
-672
-935
-1148
-1353
-1588
-1748
-1799
-1810
-1803
-1711
-1608
-1590
-1603
-1642
-1617
-1543
-1404
-1189
-1038
-873
-791
-675
-552
-488
-528
-566
-472
-400
-327
-249
-141
-187
-339
-430
-430
-363
-350
-315
-200
-125
-130
-197
-156
-48
-60
-185
-255
-217
-130
-55
-49
-53
-119
-216
-312
-311
-253
-237
-235
-224
-200
-226
-309
-318
-283
-256
-262
-226
-88
75
146
130
141
187
220
201
255
273
221
163
165
263
353
308
106
-84
-182
-297
-432
-479
-477
-560
-658
-673
-684
-770
-952
-1132
-1222
-1233
-1300
-1469
-1620
-1641
-1663
-1711
-1724
-1671
-1710
-1815
-1816
-1805
-1749
-1656
-1579
-1545
-1539
-1522
-1495
-1323
-1069
-946
-891
-726
-461
-348
-291
-233
-195
-225
-200
-67
73
184
193
168
153
145
83
20
62
67
-35
-139
-153
-106
-119
-157
-211
-281
-332
-366
-342
-283
-276
-330
-323
-256
-252
-353
-417
-327
-215
-154
-109
-58
-41
-110
-231
-259
-141
-106
-147
-170
-15
161
157
78
55
97
95
73
105
136
47
-90
-172
-167
-176
-322
-517
-652
-731
-875
-1041
-1077
-1095
-1247
-1532
-1739
-1845
-1911
-1944
-2022
-2113
-2131
-1934
-1678
-1598
-1659
-1745
-1764
-1645
-1457
-1282
-1138
-1027
-970
-935
-738
-502
-435
-521
-505
-397
-304
-209
-98
-28
-53
-58
-77
-46
52
125
114
100
155
128
41
-68
-179
-260
-281
-218
-208
-251
-291
-377
-505
-621
-696
-727
-739
-799
-863
-792
-627
-532
-562
-602
-506
-380
-296
-245
-184
-80
-32
-71
-112
-71
-11
-37
-122
-166
-185
-225
-272
-260
-271
-355
-451
-528
-562
-600
-661
-735
-745
-670
-598
-640
-772
-871
-935
-980
-1022
-1056
-1100
-1127
-1204
-1358
-1512
-1596
-1670
-1793
-1870
-1831
-1731
-1662
-1653
-1644
-1647
-1727
-1674
-1480
-1202
-987
-960
-890
-784
-573
-438
-388
-344
-260
-137
-83
69
162
107
-55
-192
-163
-52
33
3
-80
-151
-183
-239
-264
-248
-287
-320
-336
-288
-242
-254
-308
-398
-465
-472
-467
-443
-425
-487
-577
-660
-634
-601
-600
-633
-673
-673
-593
-484
-440
-467
-458
-404
-308
-177
-104
-86
-124
-111
-48
16
92
78
-7
-79
-49
-20
-60
-95
-107
-160
-260
-349
-424
-479
-534
-628
-699
-727
-698
-714
-807
-943
-1075
-1170
-1254
-1321
-1390
-1379
-1375
-1386
-1437
-1433
-1350
-1319
-1396
-1477
-1466
-1398
-1235
-1084
-970
-967
-943
-855
-788
-614
-397
-181
-91
-108
-128
-89
51
144
117
71
96
88
65
67
91
13
-161
-232
-247
-307
-455
-600
-624
-621
-662
-720
-681
-610
-661
-787
-805
-692
-599
-583
-559
-485
-383
-331
-319
-305
-277
-225
-199
-108
51
126
76
-34
-83
-49
30
81
53
56
161
254
234
153
68
14
-37
-51
-25
31
112
77
-55
-162
-174
-230
-370
-479
-480
-425
-450
-573
-720
-803
-846
-911
-965
-954
-921
-929
-1030
-1089
-1092
-1096
-1136
-1103
-960
-785
-742
-855
-880
-934
-909
-835
-700
-539
-546
-599
-677
-577
-405
-395
-455
-468
-357
-307
-270
-199
-188
-217
-249
-175
-69
8
-17
-104
-124
-87
-109
-156
-124
-91
-132
-199
-199
-228
-289
-325
-329
-313
-288
-216
-117
-5
14
-96
-178
-105
-3
44
86
161
190
160
151
179
210
195
155
150
195
240
201
103
75
64
71
101
153
117
27
-14
-29
-15
1
47
70
98
140
138
96
54
-18
-100
-160
-165
-157
-185
-264
-388
-502
-569
-648
-814
-1008
-1086
-1091
-1098
-1190
-1349
-1417
-1393
-1245
-1106
-1000
-1030
-1141
-1234
-1210
-971
-763
-648
-655
-644
-563
-489
-358
-330
-335
-359
-328
-253
-141
21
67
-8
-137
-145
-46
53
78
49
71
69
41
-20
-16
32
-7
-79
-91
10
91
54
-65
-163
-207
-194
-143
-62
-6
-30
-87
-102
-101
-66
-21
44
110
193
265
349
439
467
410
344
344
372
399
391
385
352
313
243
201
137
9
-51
-56
-21
-43
-117
-145
-103
-56
-55
-97
-146
-200
-259
-254
-217
-207
-270
-354
-379
-373
-404
-523
-646
-727
-781
-838
-872
-876
-939
-1042
-1199
-1318
-1323
-1194
-1038
-954
-972
-1015
-1048
-1089
-978
-801
-583
-517
-549
-521
-407
-188
-105
-149
-194
-154
-94
-55
80
210
205
91
-41
-30
49
111
106
151
222
220
153
137
174
175
132
101
131
175
180
120
90
81
68
-3
-52
-15
58
83
82
109
125
128
100
141
220
282
296
273
318
359
370
340
319
345
348
304
253
220
197
164
137
152
152
112
59
6
-27
-61
-103
-84
-72
-68
-89
-110
-151
-222
-236
-214
-161
-128
-149
-164
-154
-191
-261
-369
-459
-519
-544
-560
-541
-593
-725
-858
-986
-1080
-1175
-1142
-1000
-822
-762
-825
-823
-826
-749
-639
-512
-344
-274
-265
-281
-184
-31
48
18
-40
-45
-54
-24
48
89
90
30
25
86
177
241
232
200
147
144
208
327
422
403
368
370
375
346
334
363
368
357
333
367
468
477
355
199
188
249
251
193
161
174
164
95
40
55
88
70
38
68
141
147
97
61
77
101
108
115
127
127
113
86
46
45
20
-20
-29
-20
-9
-16
-2
13
-27
-27
1
25
16
-14
-46
-91
-153
-186
-178
-220
-307
-421
-491
-519
-600
-740
-862
-867
-857
-908
-995
-1051
-1094
-1157
-1100
-925
-708
-674
-727
-755
-684
-517
-436
-330
-280
-209
-152
-38
189
341
371
287
259
287
320
425
517
508
401
335
359
426
482
466
446
458
439
372
371
426
412
334
299
317
351
317
271
263
273
240
200
195
203
216
183
177
212
233
188
188
242
303
326
317
323
308
292
274
280
327
351
354
338
335
349
317
242
165
129
149
171
179
157
106
40
-10
-32
-22
29
59
56
12
4
8
-22
-68
-91
-31
29
42
7
-27
-21
-28
-79
-132
-106
-90
-134
-197
-243
-256
-310
-393
-474
-497
-522
-578
-586
-538
-460
-407
-369
-382
-368
-396
-384
-247
-113
45
53
76
111
149
236
294
333
299
288
291
347
438
502
489
452
431
458
495
485
471
455
453
471
476
484
485
447
376
342
351
373
358
306
264
251
243
200
139
123
151
169
183
203
221
213
151
103
135
224
300
314
311
322
317
284
285
277
295
291
280
278
266
238
187
165
129
116
106
109
95
102
141
166
198
175
139
141
166
192
170
178
195
205
181
166
162
145
85
9
-7
-17
-21
-60
-89
-115
-213
-293
-332
-335
-385
-478
-534
-544
-556
-635
-684
-677
-662
-696
-746
-687
-603
-555
-566
-580
-516
-491
-451
-399
-276
-144
-145
-99
-28
116
150
112
121
151
235
282
383
452
484
456
442
493
576
593
536
513
496
488
451
439
372
302
259
265
279
243
202
163
151
145
176
217
236
217
159
181
256
309
306
293
315
312
322
362
396
404
372
322
323
357
364
313
278
297
319
285
231
181
136
90
40
26
65
117
121
85
47
52
48
9
-31
-55
-43
-45
-74
-104
-127
-121
-121
-148
-160
-166
-178
-240
-306
-348
-344
-320
-305
-315
-336
-354
-359
-379
-404
-397
-385
-388
-426
-452
-468
-496
-547
-571
-539
-476
-495
-585
-618
-564
-442
-371
-321
-298
-308
-293
-229
-111
-8
17
-31
-80
-5
87
123
140
156
178
161
185
247
279
260
209
184
230
289
294
271
240
195
153
154
187
241
263
247
218
192
187
182
181
161
151
165
180
176
179
203
194
170
136
152
180
175
121
74
66
82
96
111
150
146
118
103
135
183
206
187
166
166
167
167
140
127
119
103
76
57
26
-9
-35
-50
-24
17
21
0
-28
-7
16
1
-56
-88
-83
-83
-94
-127
-121
-139
-213
-290
-312
-266
-274
-336
-382
-359
-334
-368
-436
-466
-487
-524
-566
-560
-526
-517
-534
-526
-512
-474
-506
-514
-473
-438
-383
-379
-344
-321
-294
-252
-217
-182
-179
-157
-139
-110
-98
-89
-56
-49
-38
-19
54
101
108
114
142
187
203
223
253
281
270
233
215
237
256
223
180
162
134
97
71
91
150
187
188
194
190
192
197
223
264
317
353
366
386
403
427
417
389
343
352
404
418
402
351
309
304
291
260
243
246
219
169
125
152
170
144
88
46
59
61
59
18
7
-14
-64
-92
-81
-45
-61
-95
-136
-147
-151
-169
-193
-201
-213
-236
-228
-236
-233
-241
-259
-230
-185
-131
-121
-107
-90
-89
-91
-114
-114
-117
-116
-134
-171
-204
-274
-346
-389
-403
-400
-401
-431
-455
-482
-485
-474
-468
-444
-447
-433
-381
-347
-301
-293
-270
-245
-213
-149
-95
-39
-25
4
24
55
98
127
142
149
167
179
198
221
210
195
207
237
232
205
184
171
195
182
139
134
119
104
85
80
80
64
22
-13
-21
-40
-49
-57
-84
-97
-106
-110
-112
-97
-64
-28
-11
-12
-19
6
54
88
96
124
166
174
153
136
144
119
93
59
72
102
82
35
-10
-19
-43
-91
-120
-110
-96
-90
-123
-146
-158
-182
-227
-250
-244
-234
-235
-268
-274
-276
-286
-315
-328
-325
-304
-291
-288
-302
-309
-330
-338
-320
-312
-296
-282
-287
-295
-279
-244
-214
-224
-250
-235
-163
-101
-86
-96
-91
-68
-66
-73
-55
-38
-49
-98
-127
-91
-76
-87
-95
-103
-71
-60
-57
-36
-30
-39
-27
16
73
84
44
36
62
97
107
125
149
167
165
166
197
220
231
237
253
293
331
349
358
384
411
437
492
533
538
542
546
563
553
523
513
500
476
442
397
384
365
323
261
226
221
208
196
190
175
132
107
90
104
114
115
113
113
113
109
135
163
169
162
167
170
179
160
148
169
190
160
127
120
109
115
94
71
82
60
37
39
45
57
48
27
5
-13
-11
-14
-9
-18
-31
-47
-75
-105
-149
-204
-213
-209
-195
-202
-232
-261
-295
-297
-286
-242
-203
-183
-199
-208
-166
-108
-67
-45
-42
-4
26
59
66
89
119
112
82
76
110
124
126
129
122
114
111
92
98
118
116
120
114
150
180
185
201
227
256
274
289
305
330
329
329
334
357
390
404
381
380
397
389
371
363
366
378
383
358
349
362
386
386
365
382
436
451
431
415
419
420
388
351
339
333
311
282
244
210
178
148
117
121
111
104
84
64
62
36
42
66
87
68
74
88
76
52
41
57
54
26
1
-14
-16
-34
-55
-64
-88
-118
-161
-167
-154
-157
-187
-217
-213
-204
-209
-215
-205
-192
-201
-220
-246
-241
-228
-238
-228
-199
-189
-199
-212
-207
-180
-175
-183
-155
-105
-83
-79
-74
-67
-54
-28
-18
13
50
77
86
91
83
74
92
96
105
91
82
76
66
39
16
23
24
40
40
50
55
28
37
71
92
104
117
156
194
210
205
228
251
254
231
234
245
255
241
228
257
278
252
211
191
186
177
153
138
145
144
119
117
109
91
61
57
70
73
70
50
38
41
50
45
40
7
-26
-12
9
28
15
7
-10
-27
-45
-26
10
11
-1
-20
-9
14
26
30
36
40
46
36
54
58
21
-39
-82
-95
-99
-95
-122
-138
-154
-169
-180
-206
-226
-232
-216
-187
-201
-210
-200
-160
-138
-124
-101
-89
-85
-115
-121
-108
-87
-96
-114
-90
-67
-51
-62
-90
-105
-99
-102
-99
-54
-31
-23
-35
-33
-4
23
24
18
24
38
46
56
62
77
66
44
28
39
70
68
50
36
45
58
58
74
100
132
153
175
218
275
335
363
371
387
432
474
506
530
524
494
473
460
458
461
446
417
390
366
364
376
331
270
267
273
284
274
255
251
246
243
223
243
251
232
206
183
200
198
199
195
191
193
177
168
167
162
141
110
99
107
115
93
65
59
44
29
38
63
72
49
15
12
11
-8
-28
-53
-45
-38
-51
-64
-100
-117
-142
-148
-128
-117
-123
-120
-120
-116
-102
-94
-71
-63
-42
-12
34
55
66
69
82
94
87
92
115
135
147
149
161
185
180
155
156
188
225
231
231
235
237
239
239
273
307
325
325
314
314
325
310
315
323
323
327
312
328
336
333
327
300
289
294
308
307
295
285
293
315
325
326
316
313
311
283
283
304
321
317
286
284
295
288
261
239
235
226
201
194
187
192
174
141
108
94
102
121
148
163
156
140
127
106
92
68
46
49
60
67
88
75
49
10
-26
-24
-21
-6
18
54
70
60
26
0
-9
-22
-18
0
34
57
29
11
3
23
40
18
4
-1
-8
-15
-30
-24
-24
-62
-89
-112
-122
-137
-138
-136
-141
-141
-123
-109
-122
-150
-161
-155
-140
-106
-95
-68
-54
-53
-69
-82
-92
-107
-114
-112
-70
-41
-42
-69
-92
-106
-122
-122
-106
-85
-68
-59
-55
-38
-41
-63
-117
-150
-143
-115
-115
-122
-115
-108
-124
-159
-188
-192
-192
-189
-189
-170
-156
-161
-191
-229
-228
-220
-211
-197
-188
-182
-173
-189
-196
-184
-169
-166
-175
-165
-153
-149
-137
-133
-136
-138
-144
-166
-183
-199
-214
-219
-252
-262
-270
-277
-302
-333
-345
-344
-338
-336
-346
-354
-331
-332
-331
-349
-352
-350
-363
-365
-349
-334
-336
-350
-354
-346
-321
-314
-314
-304
-288
-271
-273
-281
-280
-287
-312
-335
-329
-343
-351
-359
-382
-371
-370
-387
-413
-417
-415
-389
-370
-371
-369
-380
-388
-375
-356
-352
-350
-340
-328
-329
-317
-313
-316
-322
-316
-298
-292
-307
-310
-312
-311
-300
-305
-296
-302
-311
-317
-320
-313
-305
-307
-335
-360
-359
-360
-360
-353
-330
-316
-324
-326
-327
-307
-302
-301
-298
-290
-288
-302
-308
-307
-294
-274
-273
-281
-287
-290
-293
-284
-265
-256
-260
-254
-248
-253
-256
-263
-276
-287
-296
-292
-290
-305
-319
-342
-345
-343
-345
-342
-326
-309
-318
-313
-325
-306
-293
-296
-281
-285
-269
-257
-269
-295
-296
-294
-294
-283
-281
-287
-305
-305
-296
-309
-317
-318
-311
-299
-312
-311
-311
-308
-324
-325
-338
-342
-343
-350
-334
-316
-306
-322
-320
-334
-328
-330
-329
-310
-306
-303
-299
-299
-294
-322
-347
-337
-338
-318
-304
-296
-297
-284
-271
-266
-254
-254
-246
-238
-226
-215
-206
-208
-224
-244
-250
-250
-263
-277
-301
-299
-282
-291
-296
-309
-317
-350
-361
-349
-335
-306
-299
-302
-305
-305
-318
-331
-315
-297
-268
-246
-218
-202
-205
-207
-200
-179
-158
-148
-136
-119
-130
-134
-156
-193
-215
-212
-215
-223
-226
-233
-238
-248
-246
-258
-258
-274
-266
-268
-266
-269
-271
-275
-283
-291
-321
-334
-350
-344
-360
-363
-370
-340
-331
-321
-323
-316
-273
-255
-246
-227
-195
-176
-161
-164
-129
-121
-118
-132
-155
-143
-137
-145
-159
-147
-137
-148
-179
-188
-188
-210
-202
-181
-159
-186
-189
-169
-184
-207
-206
-199
-195
-166
-153
-116
-119
-137
-124
-123
-108
-94
-59
-26
-43
-24
-11
-24
-40
-47
-28
-53
-61
-45
-15
-2
-12
-19
-3
-4
-1
-3
1
15
-7
-2
-34
-35
-25
-57
-78
-105
-120
-89
-110
-127
-125
-96
-83
-78
-56
-57
-46
-38
-19
-14
-9
-24
-1
8
9
2
-1
-14
-27
-19
-24
-38
-29
-49
-62
-87
-97
-94
-112
-122
-105
-99
-94
-127
-118
-143
-168
-142
-153
-130
-122
-97
-119
-106
-72
-66
-75
-90
-41
-90
-53
-44
-48
-80
-99
-78
-121
-112
-109
-90
-135
-103
-116
-85
-101
-97
-102
-83
-60
-73
-35
-109
-76
-51
-42
-29
-80
-84
-78
-89
-103
-138
-131
-137
-149
-157
-151
-145
-171
-164
-173
-142
-172
-172
-181
-173
-167
-182
-170
-202
-178
-184
-156
-218
-216
-225
-246
-259
-284
-257
-302
-288
-308
-325
-324
-330
-356
-386
-368
-358
-365
-373
-388
-366
-378
-372
-361
-360
-328
-358
-322
-339
-342
-363
-380
-385
-407
-402
-403
-411
-436
-442
-444
-440
-468
-460
-462
-448
-440
-427
-421
-420
-406
-421
-391
-399
-362
-358
-327
-328
-333
-321
-334
-320
-326
-296
-325
-317
-324
-302
-296
-293
-278
-288
-275
-300
-275
-308
-280
-281
-267
-251
-259
-244
-267
-273
-276
-270
-258
-284
-290
-283
-277
-275
-292
-302
-335
-327
-337
-327
-343
-333
-322
-327
-314
-343
-333
-341
-333
-316
-302
-289
-287
-282
-290
-286
-266
-256
-258
-269
-262
-234
-241
-241
-265
-267
-237
-220
-200
-213
-201
-230
-224
-224
-201
-209
-227
-198
-206
-196
-219
-201
-204
-198
-209
-210
-189
-196
-185
-199
-184
-166
-154
-128
-120
-107
-115
-109
-110
-121
-110
-105
-59
-61
-49
-37
-31
-5
-12
19
19
42
31
32
45
64
75
38
32
5
5
-9
2
-3
-12
-44
-68
-79
-75
-78
-91
-84
-108
-92
-95
-106
-128
-135
-146
-139
-138
-130
-140
-137
-135
-137
-136
-143
-129
-144
-124
-132
-121
-129
-116
-96
-79
-88
-95
-53
-60
-64
-59
-35
-49
-46
-31
-23
-38
-50
-32
-40
-45
-51
-36
-29
-32
-42
-49
-60
-70
-87
-92
-87
-85
-101
-112
-106
-97
-94
-91
-82
-74
-68
-62
-65
-58
-47
-51
-62
-64
-63
-76
-69
-79
-85
-73
-87
-110
-109
-106
-112
-128
-141
-151
-171
-183
-199
-199
-206
-208
-218
-235
-242
-250
-257
-276
-303
-317
-318
-322
-335
-353
-379
-394
-399
-406
-400
-416
-412
-408
-409
-398
-407
-399
-401
-391
-373
-354
-345
-336
-315
-307
-292
-287
-269
-269
-267
-249
-244
-250
-262
-261
-272
-272
-270
-264
-260
-278
-285
-279
-275
-270
-255
-260
-270
-269
-253
-247
-238
-224
-225
-222
-230
-227
-242
-219
-213
-207
-213
-225
-214
-205
-196
-196
-195
-188
-175
-171
-171
-166
-158
-138
-139
-159
-161
-153
-151
-178
-177
-168
-183
-193
-199
-206
-213
-226
-241
-250
-253
-259
-276
-277
-273
-284
-272
-276
-282
-267
-258
-243
-234
-218
-177
-178
-156
-129
-107
-103
-99
-92
-77
-72
-68
-62
-72
-66
-58
-67
-73
-71
-63
-62
-48
-26
-27
-21
-18
-18
-20
7
-7
-7
5
17
40
43
35
24
36
29
34
31
34
40
45
41
53
84
89
96
101
112
128
148
147
154
144
136
137
131
136
142
145
149
147
146
134
121
130
106
91
87
99
99
97
92
91
76
63
56
51
37
27
27
21
26
40
52
49
50
59
76
77
89
108
105
108
119
123
121
125
131
124
128
152
155
161
155
148
142
139
158
158
165
153
155
160
160
146
142
144
142
136
135
131
120
104
108
117
115
134
131
121
128
141
148
143
145
147
128
112
115
106
93
95
96
100
102
99
87
82
72
74
76
75
77
70
80
75
81
95
85
84
85
97
99
108
125
125
120
127
125
127
139
135
131
125
121
126
126
119
112
100
98
100
99
103
96
81
69
72
71
64
71
72
79
79
72
64
50
45
47
35
23
19
33
29
10
12
-3
-2
-9
-20
-15
-13
-5
-4
-9
-11
-21
-25
-14
-23
-34
-62
-66
-73
-71
-81
-100
-111
-126
-140
-158
-180
-193
-213
-241
-264
-296
-318
-335
-353
-374
-387
-414
-428
-432
-429
-432
-442
-433
-439
-441
-443
-446
-438
-436
-453
-445
-446
-455
-464
-482
-480
-476
-467
-465
-477
-468
-485
-481
-481
-476
-460
-464
-450
-457
-461
-460
-459
-469
-479
-486
-494
-488
-488
-489
-496
-506
-507
-500
-501
-504
-491
-501
-497
-478
-470
-459
-452
-437
-437
-439
-428
-415
-401
-391
-379
-370
-360
-354
-356
-353
-350
-356
-348
-338
-327
-327
-336
-336
-335
-334
-350
-341
-335
-339
-337
-320
-305
-315
-314
-306
-287
-287
-291
-283
-285
-274
-260
-260
-252
-257
-257
-249
-244
-220
-205
-187
-169
-156
-161
-156
-141
-127
-114
-101
-85
-78
-56
-46
-40
-20
-9
-7
10
11
15
22
19
13
20
24
42
48
55
66
52
58
59
75
79
93
103
93
91
107
105
113
121
120
116
117
135
129
133
123
127
134
124
111
110
122
109
123
134
128
125
133
129
136
148
146
149
132
138
152
148
153
160
154
143
142
130
127
123
123
137
159
162
140
141
134
130
133
129
141
145
133
124
132
120
119
112
114
120
118
119
89
103
98
75
77
76
83
80
75
75
76
75
69
65
56
56
61
66
72
60
59
56
57
61
58
59
63
64
51
43
35
38
45
46
51
56
48
36
47
52
62
67
65
72
77
101
102
98
120
120
114
126
140
147
151
149
144
132
130
140
140
136
133
132
123
114
105
99
100
103
109
100
96
89
90
82
80
81
86
87
82
83
86
89
93
103
95
80
90
107
94
77
75
79
88
86
89
94
95
99
91
88
73
71
71
70
65
50
56
54
35
17
12
-9
-3
-4
-22
-18
-11
-12
-34
-36
-32
-30
-46
-51
-42
-50
-39
-29
-23
-20
-16
-10
-3
-11
-16
-17
-19
-27
-29
-35
-42
-45
-71
-85
-91
-104
-117
-122
-121
-126
-135
-149
-170
-184
-188
-190
-193
-192
-198
-204
-213
-216
-220
-226
-236
-238
-239
-234
-241
-234
-218
-223
-219
-216
-203
-224
-215
-206
-201
-209
-211
-192
-184
-173
-180
-170
-157
-151
-138
-142
-144
-136
-135
-141
-140
-157
-146
-148
-154
-158
-154
-158
-168
-157
-155
-148
-151
-137
-125
-121
-104
-85
-78
-62
-57
-59
-47
-42
-44
-33
-36
-23
-4
-12
-10
-5
6
4
-4
0
9
11
6
11
4
-10
-13
-12
-15
-12
-11
-20
-25
-33
-31
-23
-26
-26
-36
-49
-51
-50
-54
-48
-30
-35
-40
-41
-36
-31
-29
-25
-13
-13
3
20
28
28
28
40
42
43
43
27
21
36
43
42
37
28
30
41
39
50
40
36
43
59
71
70
85
86
99
109
120
129
132
143
146
152
157
154
155
162
174
174
174
176
180
168
154
173
186
193
192
180
191
186
186
198
200
198
188
183
172
181
189
193
192
180
173
177
168
165
155
153
155
144
140
135
131
133
124
106
107
109
120
135
144
149
148
160
175
171
176
182
173
178
181
168
160
158
147
152
145
131
137
133
137
145
153
169
151
143
168
186
187
153
158
191
195
164
161
190
211
190
174
195
190
178
160
167
182
173
164
152
169
150
138
136
142
122
122
115
105
89
67
68
72
66
44
37
29
5
-21
-29
-28
-33
-38
30
56
-22
-120
-123
-51
-74
-133
-119
-80
-103
-172
-194
-181
-218
-242
-210
-194
-208
-228
-221
-217
-274
-316
-295
-269
-284
-302
-268
-234
-270
-312
-322
-298
-300
-299
-268
-245
-264
-279
-244
-208
-251
-293
-250
-222
-249
-250
-214
-227
-269
-267
-236
-260
-293
-274
-222
-238
-275
-271
-247
-257
-309
-300
-272
-276
-310
-301
-283
-296
-309
-299
-292
-289
-291
-279
-279
-310
-325
-326
-319
-340
-330
-313
-323
-336
-336
-345
-364
-364
-369
-368
-381
-382
-369
-377
-392
-410
-419
-422
-431
-423
-411
-424
-439
-440
-455
-463
-467
-465
-452
-464
-462
-457
-467
-469
-465
-467
-455
-467
-456
-436
-435
-441
-438
-422
-426
-414
-407
-397
-395
-389
-377
-378
-374
-365
-345
-343
-334
-326
-321
-313
-300
-288
-272
-264
-257
-242
-212
-215
-212
-195
-188
-170
-184
-179
-164
-154
-149
-161
-140
-146
-147
-153
-155
-140
-155
-150
-156
-160
-153
-149
-145
-147
-142
-147
-156
-167
-165
-166
-171
-172
-171
-168
-178
-180
-169
-171
-172
-164
-170
-168
-174
-178
-173
-165
-173
-163
-153
-150
-152
-148
-145
-143
-145
-144
-134
-137
-137
-147
-142
-152
-157
-167
-163
-155
-168
-153
-156
-166
-162
-165
-180
-186
-181
-180
-175
-179
-189
-195
-203
-212
-210
-212
-216
-227
-228
-228
-231
-236
-230
-229
-227
-226
-213
-204
-208
-202
-190
-173
-168
-147
-129
-119
-110
-103
-94
-92
-90
-82
-77
-72
-75
-67
-62
-71
-89
-97
-118
-117
-115
-118
-109
-127
-136
-139
-144
-147
-148
-158
-158
-161
-156
-154
-153
-154
-163
-152
-154
-154
-143
-144
-141
-130
-130
-122
-115
-101
-104
-99
-95
-92
-85
-82
-69
-79
-71
-72
-74
-85
-82
-64
-73
-65
-60
-64
-81
-88
-80
-86
-94
-103
-98
-103
-106
-121
-135
-142
-151
-149
-155
-160
-161
-171
-170
-169
-155
-152
-150
-161
-167
-160
-160
-164
-169
-165
-164
-162
-169
-168
-171
-177
-175
-172
-176
-194
-196
-204
-211
-225
-229
-240
-257
-256
-259
-267
-269
-276
-281
-296
-303
-285
-279
-284
-294
-287
-289
-281
-275
-276
-271
-266
-267
-266
-267
-265
-284
-287
-296
-295
-295
-305
-309
-321
-311
-300
-305
-298
-306
-315
-315
-320
-326
-326
-315
-322
-324
-340
-341
-347
-358
-361
-364
-366
-373
-374
-385
-386
-379
-376
-374
-375
-369
-373
-367
-369
-377
-362
-365
-368
-357
-353
-365
-362
-360
-357
-369
-373
-374
-383
-374
-383
-372
-371
-373
-368
-376
-372
-376
-379
-382
-384
-388
-396
-383
-387
-385
-388
-388
-385
-375
-377
-396
-393
-383
-386
-384
-382
-386
-372
-373
-355
-361
-352
-346
-337
-340
-332
-327
-341
-326
-334
-318
-322
-303
-289
-284
-264
-270
-262
-260
-255
-242
-235
-232
-223
-212
-212
-216
-212
-214
-221
-214
-214
-207
-211
-206
-204
-212
-209
-207
-202
-208
-205
-189
-203
-207
-210
-211
-216
-219
-215
-224
-217
-220
-213
-211
-212
-204
-209
-206
-212
-206
-199
-204
-202
-193
-180
-176
-163
-173
-168
-160
-156
-153
-142
-135
-126
-127
-129
-120
-129
-125
-131
-116
-124
-117
-125
-136
-126
-125
-115
-139
-118
-132
-120
-122
-114
-103
-125
-118
-135
-121
-136
-136
-137
-139
-145
-140
-117
-125
-133
-147
-127
-124
-122
-113
-110
-102
-112
-108
-105
-120
-122
-111
-110
-78
-80
-63
-73
-77
-82
-84
-89
-107
-94
-111
-90
-97
-127
-116
-150
-120
-147
-136
-169
-172
-167
-178
-180
-208
-178
-222
-196
-224
-224
-247
-247
-234
-243
-233
-278
-254
-282
-258
-265
-268
-268
-299
-302
-324
-305
-301
-326
-337
-333
-322
-334
-330
-309
-320
-335
-328
-323
-318
-328
-336
-320
-304
-295
-318
-322
-317
-325
-306
-335
-335
-351
-360
-338
-349
-350
-398
-358
-399
-392
-402
-409
-412
-445
-411
-427
-419
-444
-431
-440
-445
-432
-447
-437
-444
-448
-436
-452
-426
-452
-446
-431
-424
-424
-430
-412
-407
-398
-405
-388
-394
-401
-416
-402
-390
-417
-394
-421
-410
-436
-432
-441
-455
-454
-462
-456
-448
-454
-474
-482
-487
-462
-475
-465
-482
-477
-498
-494
-481
-478
-487
-499
-517
-481
-484
-462
-499
-508
-473
-475
-445
-471
-473
-476
-479
-457
-458
-442
-467
-465
-455
-459
-442
-456
-445
-452
-451
-454
-470
-459
-464
-481
-460
-474
-446
-462
-459
-492
-492
-480
-472
-459
-467
-470
-487
-453
-466
-424
-422
-441
-426
-417
-390
-391
-381
-390
-378
-362
-368
-332
-360
-342
-344
-339
-347
-350
-353
-366
-358
-363
-354
-377
-374
-405
-385
-386
-371
-388
-405
-400
-382
-374
-358
-366
-387
-366
-369
-343
-361
-370
-374
-361
-343
-361
-346
-351
-351
-334
-332
-332
-338
-331
-328
-322
-311
-305
-306
-316
-295
-275
-258
-259
-272
-259
-262
-238
-249
-241
-266
-269
-231
-241
-228
-246
-258
-266
-230
-237
-232
-237
-289
-264
-273
-241
-279
-279
-269
-283
-246
-284
-242
-269
-264
-260
-249
-240
-267
-235
-238
-212
-231
-208
-243
-232
-228
-226
-223
-238
-219
-235
-223
-192
-213
-212
-227
-231
-215
-227
-210
-239
-229
-244
-211
-230
-225
-229
-249
-261
-260
-257
-263
-259
-278
-253
-255
-243
-268
-256
-268
-261
-252
-254
-261
-266
-235
-262
-238
-248
-231
-224
-222
-186
-202
-192
-198
-184
-172
-160
-156
-164
-163
-152
-150
-141
-145
-152
-148
-138
-115
-117
-113
-130
-101
-115
-96
-118
-122
-102
-119
-110
-119
-104
-108
-101
-101
-91
-90
-85
-101
-100
-89
-110
-100
-100
-117
-117
-118
-114
-107
-115
-109
-124
-104
-117
-109
-118
-114
-106
-107
-109
-115
-123
-109
-103
-110
-99
-120
-109
-101
-116
-123
-111
-125
-137
-136
-144
-152
-156
-138
-143
-134
-139
-153
-144
-160
-143
-156
-172
-166
-170
-165
-162
-157
-151
-154
-172
-157
-152
-163
-160
-169
-144
-128
-131
-129
-133
-138
-132
-116
-110
-107
-111
-99
-98
-98
-99
-94
-82
-87
-87
-98
-88
-96
-98
-89
-72
-66
-91
-87
-99
-81
-86
-69
-84
-82
-77
-87
-80
-87
-72
-75
-72
-63
-44
-48
-26
-25
-28
-22
-18
-13
-19
-28
-29
-20
-19
-15
-10
-8
-12
16
-12
-2
-3
2
-3
-12
5
-19
-11
-19
-17
-12
-18
-2
-20
-10
-20
-8
-24
-25
-14
-8
6
-4
8
8
23
11
34
15
34
31
50
68
68
78
74
91
72
76
91
88
96
113
114
125
117
115
115
120
122
128
147
135
143
132
155
156
147
154
140
154
143
154
126
154
136
163
188
173
183
170
225
179
217
208
216
218
221
218
203
236
211
235
197
217
205
205
217
187
202
183
197
176
191
188
187
195
181
186
187
164
177
174
180
171
169
173
161
172
174
191
176
207
188
207
201
197
205
203
212
219
208
214
205
209
227
211
229
217
223
205
225
236
218
234
223
218
211
224
232
226
226
219
230
230
219
206
225
246
238
242
226
222
215
223
225
217
194
204
181
200
176
171
168
153
166
171
172
155
153
140
160
155
173
156
171
162
173
178
167
173
143
177
144
199
167
163
166
153
170
153
169
145
158
157
168
170
142
153
146
164
148
168
154
164
184
189
202
187
216
186
226
213
223
220
218
212
199
217
203
218
188
202
202
192
193
194
208
199
220
208
207
223
196
192
202
202
213
208
217
216
217
239
223
235
230
229
235
223
231
227
233
237
217
239
232
225
249
238
250
220
250
222
240
233
221
242
197
233
213
222
192
193
198
198
214
208
210
210
209
204
214
197
196
169
193
182
175
187
152
159
152
162
159
159
165
148
135
129
117
130
115
134
110
123
115
104
119
93
124
119
139
120
134
122
118
127
91
132
69
118
58
72
78
52
61
33
62
9
48
-6
23
3
17
16
-7
25
-23
10
1
15
4
1
6
11
-7
-4
-8
-19
-30
-18
-29
-14
-42
-40
-28
-45
-8
-42
-10
-50
-33
-45
-35
-39
-27
-33
-30
-26
-46
-31
-36
-30
-29
-38
-42
-25
-8
-38
-29
-59
-20
-28
-30
-33
-58
-42
-59
-31
-29
-31
-32
-53
-44
-51
-35
-29
-55
-50
-57
-43
-39
-48
-45
-63
-41
-34
-38
-35
-58
-44
-45
-38
-51
-53
-84
-66
-74
-92
-75
-101
-87
-92
-106
-69
-97
-103
-101
-100
-90
-100
-116
-102
-114
-112
-90
-121
-110
-131
-120
-115
-127
-128
-155
-147
-157
-146
-155
-148
-138
-149
-132
-125
-147
-115
-136
-122
-129
-126
-104
-147
-102
-115
-118
-110
-109
-102
-112
-101
-109
-95
-109
-102
-103
-112
-100
-105
-106
-117
-105
-103
-108
-81
-89
-66
-90
-71
-78
-84
-52
-71
-45
-72
-41
-34
-36
-21
-44
-34
-4
-32
-30
-7
-34
-4
-30
-8
-9
-24
-8
-13
15
-11
21
5
-1
17
25
49
26
59
62
66
82
49
75
52
90
66
92
94
67
98
102
117
90
100
111
116
141
91
129
108
125
148
124
149
104
155
126
161
160
135
128
152
146
163
153
129
157
119
174
127
149
143
136
147
134
170
130
158
133
167
155
163
164
143
161
148
162
164
149
152
161
134
165
134
148
153
139
155
148
160
126
151
135
145
145
147
146
141
159
128
152
131
130
135
127
138
116
123
115
126
127
130
132
123
127
120
137
117
138
122
116
113
103
108
85
116
87
105
116
113
121
114
146
95
128
121
113
119
110
135
107
132
109
117
119
111
127
113
130
130
133
156
133
164
158
154
167
145
160
149
153
157
154
158
152
168
160
169
172
181
190
174
171
172
166
175
170
178
188
158
197
158
191
187
156
186
150
178
152
147
161
148
151
155
155
162
143
165
129
182
162
169
155
144
164
152
160
149
170
139
159
147
156
143
141
150
155
156
156
154
161
146
161
166
142
170
156
180
178
173
174
174
161
185
173
170
170
163
167
185
173
187
178
158
195
161
188
171
211
181
202
190
188
210
176
186
199
182
186
194
165
187
162
175
165
181
160
180
178
175
175
167
167
145
174
131
180
120
150
157
139
153
135
124
130
139
126
141
132
144
122
148
123
134
112
112
115
106
118
103
129
96
140
121
119
128
118
117
129
111
118
116
98
112
89
137
85
116
95
100
108
103
99
97
93
104
101
90
132
69
119
74
109
88
82
114
82
123
81
140
95
101
113
102
110
114
124
106
146
141
154
130
128
138
143
146
159
146
154
154
161
160
161
173
161
172
185
171
184
162
178
152
176
150
157
191
145
190
132
175
130
131
128
102
140
92
125
84
90
104
76
107
67
92
61
74
59
65
53
29
54
17
32
23
25
19
11
11
11
30
35
15
23
23
18
7
9
8
16
-4
-9
3
-7
10
-17
-1
-4
-3
19
13
27
24
44
23
35
26
41
44
59
40
61
70
55
76
54
90
55
97
87
96
95
84
124
103
109
97
100
99
99
118
92
113
98
132
120
128
121
109
125
113
124
115
117
95
100
106
91
108
82
82
79
74
73
71
75
59
85
62
87
55
93
52
84
63
67
80
46
90
61
101
83
118
120
110
128
140
137
139
133
149
143
136
128
133
125
123
135
112
132
130
126
137
147
126
163
122
152
143
133
138
107
151
109
112
134
121
154
117
148
141
134
173
141
206
161
216
207
200
226
192
233
205
236
218
241
220
221
246
216
258
191
245
196
224
224
212
230
188
224
181
209
184
209
172
187
159
173
188
176
177
174
170
185
145
192
167
170
158
154
176
138
164
150
165
158
151
162
156
168
168
176
196
188
198
180
206
191
198
213
229
202
236
216
255
224
225
235
223
255
213
269
222
264
260
256
265
276
284
276
281
295
276
304
285
325
312
306
324
278
333
279
343
283
323
301
284
313
286
336
284
312
300
309
323
313
321
308
304
303
297
288
289
279
278
271
263
271
273
265
272
266
281
267
257
255
260
248
249
243
246
243
236
248
235
247
227
222
217
221
207
229
198
213
214
185
220
182
222
188
215
199
200
222
178
236
174
231
190
208
238
208
228
219
227
204
222
218
234
224
232
239
239
250
217
239
233
225
232
201
241
197
224
201
186
191
174
183
165
187
175
171
170
163
158
149
161
148
170
155
171
184
152
173
137
175
150
154
159
162
162
135
179
155
144
148
145
147
125
142
148
120
132
136
114
115
95
90
103
85
76
81
57
53
51
42
22
60
19
32
17
45
33
5
20
-12
13
7
4
10
-3
1
-9
-10
-8
-12
-26
-19
-22
-35
-23
-55
-27
-44
-33
-41
-38
-49
-35
-58
-29
-25
-62
-24
-76
-53
-46
-54
-27
-62
-10
-52
-18
-51
-38
-44
-60
-38
-69
-14
-79
-20
-57
-16
-33
-33
-30
-51
-30
-72
