SAMPLES:	9708
BITSPERSAMPLE:	16
CHANNELS:	1
SAMPLERATE:	16000
NORMALIZED:	FALSE
36
29
39
33
30
31
26
28
28
31
23
23
21
27
22
21
24
20
21
31
28
25
34
20
25
27
15
19
18
24
23
26
29
29
27
22
28
35
33
30
24
28
35
28
15
22
27
21
14
14
29
22
27
28
26
28
29
28
20
13
26
22
15
15
23
21
19
29
29
28
25
29
23
28
26
22
15
13
15
16
5
11
18
3
19
16
8
14
11
8
-1
5
8
-1
0
2
10
-3
-2
5
0
2
-3
-2
-3
-3
0
-1
11
-4
-6
-13
-8
-2
-8
-2
-3
-9
-11
-4
-10
-8
-6
-9
-9
-3
-8
-4
-9
-9
-1
-11
-6
-13
-17
-15
-14
-11
-13
-7
-11
-16
-22
-18
-14
-18
-15
-15
-19
-25
-25
-29
-36
-30
-36
-24
-22
-17
-22
-31
-19
-27
-23
-27
-28
-21
-22
-20
-23
-26
-28
-28
-29
-25
-26
-26
-23
-16
-26
-24
-21
-30
-19
-23
-30
-26
-27
-21
-25
-35
-31
-31
-33
-34
-32
-28
-31
-36
-37
-42
-36
-33
-35
-31
-43
-39
-38
-41
-43
-44
-51
-48
-51
-51
-44
-52
-45
-43
-43
-46
-51
-52
-40
-44
-39
-40
-44
-38
-36
-36
-41
-39
-42
-36
-43
-40
-37
-43
-38
-38
-41
-42
-45
-40
-44
-44
-38
-45
-32
-39
-36
-36
-33
-39
-43
-41
-43
-39
-39
-37
-39
-54
-47
-48
-49
-40
-43
-38
-47
-41
-42
-41
-39
-38
-42
-44
-42
-43
-37
-34
-31
-24
-41
-39
-37
-32
-27
-34
-33
-39
-35
-31
-31
-22
-27
-36
-30
-30
-32
-32
-24
-28
-29
-27
-30
-29
-34
-34
-32
-39
-39
-39
-39
-40
-33
-41
-42
-39
-34
-35
-49
-48
-50
-47
-46
-53
-48
-46
-43
-47
-50
-46
-40
-34
-44
-39
-50
-45
-39
-49
-44
-43
-40
-35
-26
-33
-29
-30
-38
-38
-39
-31
-37
-40
-46
-44
-39
-39
-43
-45
-40
-45
-51
-54
-52
-51
-50
-50
-52
-58
-57
-57
-51
-60
-62
-56
-49
-53
-60
-56
-60
-58
-58
-60
-55
-60
-58
-58
-53
-52
-56
-49
-61
-54
-51
-55
-52
-52
-58
-55
-60
-63
-65
-67
-55
-56
-61
-60
-58
-59
-59
-74
-63
-58
-73
-72
-75
-77
-72
-75
-69
-64
-73
-70
-69
-70
-69
-67
-70
-66
-63
-74
-72
-75
-72
-72
-73
-75
-74
-73
-80
-82
-79
-81
-70
-67
-69
-66
-66
-67
-70
-73
-67
-73
-77
-79
-79
-74
-63
-61
-72
-62
-60
-68
-68
-70
-71
-66
-57
-73
-68
-66
-79
-73
-81
-75
-80
-81
-83
-73
-81
-83
-82
-91
-86
-79
-87
-84
-82
-96
-96
-93
-92
-96
-97
-102
-101
-99
-106
-108
-100
-107
-103
-96
-98
-100
-98
-99
-95
-92
-99
-104
-101
-96
-96
-103
-91
-92
-97
-91
-91
-94
-99
-90
-87
-86
-93
-93
-92
-86
-85
-94
-92
-100
-96
-93
-100
-100
-102
-98
-94
-98
-96
-99
-107
-93
-93
-98
-92
-103
-101
-102
-96
-108
-107
-98
-103
-106
-102
-98
-98
-107
-103
-101
-111
-107
-106
-102
-108
-112
-111
-109
-119
-107
-102
-104
-106
-110
-107
-103
-99
-102
-106
-106
-112
-109
-113
-110
-105
-110
-112
-122
-112
-108
-111
-111
-115
-110
-112
-121
-115
-121
-118
-118
-119
-112
-110
-101
-104
-117
-114
-110
-107
-104
-107
-108
-101
-111
-110
-105
-108
-110
-105
-106
-106
-102
-107
-105
-105
-108
-114
-112
-114
-113
-113
-115
-113
-110
-107
-113
-113
-109
-110
-113
-110
-112
-107
-107
-110
-113
-111
-119
-119
-111
-112
-122
-112
-111
-123
-114
-113
-114
-112
-111
-123
-117
-123
-120
-128
-128
-127
-134
-137
-137
-139
-140
-127
-140
-131
-138
-141
-136
-146
-140
-145
-154
-151
-148
-163
-161
-157
-161
-163
-170
-171
-171
-175
-180
-180
-179
-192
-194
-189
-191
-194
-202
-205
-216
-221
-209
-217
-218
-223
-226
-226
-233
-230
-236
-235
-232
-235
-247
-245
-250
-261
-252
-257
-271
-273
-276
-280
-292
-283
-291
-307
-309
-310
-316
-319
-319
-329
-322
-331
-333
-337
-342
-338
-336
-344
-350
-353
-351
-350
-358
-359
-368
-366
-359
-366
-367
-366
-367
-373
-384
-372
-376
-384
-378
-393
-388
-383
-393
-392
-384
-392
-390
-398
-394
-396
-403
-394
-394
-385
-392
-393
-399
-396
-387
-390
-387
-382
-378
-368
-376
-380
-373
-370
-372
-363
-365
-366
-375
-369
-353
-357
-350
-348
-355
-349
-343
-338
-341
-337
-324
-329
-325
-318
-311
-311
-307
-303
-313
-301
-292
-281
-291
-294
-277
-277
-269
-262
-255
-257
-249
-228
-230
-229
-226
-219
-213
-210
-205
-196
-194
-179
-176
-178
-179
-174
-171
-164
-156
-158
-145
-143
-146
-141
-131
-122
-121
-127
-109
-108
-101
-96
-100
-87
-89
-82
-76
-84
-70
-72
-69
-60
-57
-48
-54
-53
-48
-61
-41
-42
-38
-32
-37
-33
-32
-35
-31
-24
-27
-27
-26
-24
-20
-15
-16
-12
-18
-12
-6
-18
-23
-22
-14
-12
-13
-10
-1
-10
-15
-16
-14
-18
-11
-15
-21
-17
-17
-19
-21
-21
-33
-27
-24
-18
-22
-30
-23
-26
-21
-22
-32
-27
-24
-37
-34
-35
-32
-33
-40
-35
-47
-39
-41
-51
-43
-49
-45
-41
-58
-61
-69
-71
-60
-58
-73
-63
-69
-79
-70
-69
-70
-69
-70
-69
-74
-76
-77
-82
-86
-93
-93
-93
-85
-92
-95
-96
-94
-92
-97
-99
-104
-111
-118
-108
-106
-116
-116
-126
-125
-115
-119
-129
-126
-133
-132
-130
-136
-136
-137
-142
-144
-149
-142
-144
-147
-149
-153
-151
-153
-149
-163
-156
-160
-156
-168
-170
-165
-171
-167
-170
-177
-187
-181
-177
-179
-185
-187
-192
-192
-189
-189
-197
-195
-204
-202
-208
-213
-206
-212
-204
-208
-212
-213
-209
-218
-213
-217
-223
-227
-236
-227
-234
-240
-239
-236
-247
-241
-241
-246
-254
-250
-250
-245
-247
-250
-252
-243
-241
-250
-257
-258
-259
-257
-261
-259
-256
-254
-252
-259
-265
-263
-262
-271
-260
-262
-270
-271
-269
-268
-267
-269
-272
-275
-277
-279
-288
-285
-284
-283
-287
-290
-288
-293
-298
-288
-277
-291
-282
-290
-292
-300
-294
-298
-303
-290
-292
-297
-296
-294
-294
-290
-301
-302
-298
-291
-288
-298
-291
-282
-291
-292
-293
-287
-291
-281
-276
-272
-275
-277
-267
-266
-261
-258
-260
-267
-268
-258
-259
-262
-252
-254
-253
-247
-251
-254
-252
-249
-246
-242
-248
-242
-244
-246
-242
-250
-248
-253
-236
-238
-240
-242
-240
-237
-246
-241
-251
-242
-236
-233
-240
-239
-238
-245
-235
-236
-234
-231
-237
-234
-231
-240
-243
-240
-241
-232
-237
-234
-237
-237
-238
-232
-231
-231
-230
-236
-226
-240
-229
-228
-229
-234
-236
-233
-235
-226
-235
-240
-231
-232
-232
-233
-237
-230
-233
-232
-225
-221
-223
-214
-219
-229
-219
-217
-212
-213
-211
-206
-211
-210
-205
-210
-213
-210
-216
-207
-205
-206
-202
-206
-212
-215
-206
-204
-207
-200
-203
-202
-209
-197
-205
-200
-206
-208
-202
-206
-202
-199
-208
-205
-195
-191
-193
-198
-200
-201
-200
-200
-199
-207
-206
-200
-198
-203
-200
-216
-206
-204
-203
-193
-195
-194
-200
-193
-188
-183
-182
-187
-191
-189
-181
-172
-179
-179
-174
-183
-178
-177
-172
-168
-162
-167
-166
-167
-168
-166
-160
-163
-161
-165
-163
-161
-166
-160
-160
-162
-174
-164
-161
-162
-159
-161
-163
-161
-165
-164
-166
-161
-147
-160
-159
-154
-148
-141
-144
-148
-146
-143
-149
-141
-145
-154
-150
-138
-138
-140
-138
-138
-141
-142
-135
-129
-135
-144
-140
-143
-145
-145
-140
-138
-142
-140
-137
-138
-141
-126
-130
-132
-119
-125
-126
-123
-125
-130
-120
-131
-129
-127
-126
-121
-116
-118
-123
-122
-128
-123
-122
-118
-114
-109
-120
-125
-114
-113
-123
-120
-118
-125
-123
-114
-106
-106
-110
-113
-117
-113
-102
-120
-116
-108
-116
-112
-112
-112
-116
-116
-122
-111
-106
-109
-99
-102
-103
-96
-89
-100
-88
-96
-95
-98
-92
-87
-94
-80
-80
-74
-78
-76
-78
-89
-77
-76
-73
-68
-78
-71
-72
-69
-57
-55
-65
-69
-58
-59
-62
-58
-54
-56
-61
-45
-48
-59
-49
-51
-51
-51
-40
-40
-38
-41
-50
-44
-38
-46
-40
-35
-49
-44
-44
-39
-36
-36
-36
-31
-26
-27
-31
-38
-39
-38
-41
-39
-35
-32
-33
-30
-39
-38
-42
-48
-50
-48
-34
-44
-40
-44
-42
-40
-34
-36
-34
-32
-37
-44
-41
-39
-38
-35
-45
-40
-49
-48
-44
-45
-48
-48
-45
-50
-53
-51
-41
-43
-45
-39
-43
-46
-50
-40
-44
-44
-41
-54
-45
-35
-48
-50
-48
-50
-45
-59
-55
-52
-48
-41
-37
-49
-49
-53
-48
-50
-62
-49
-59
-53
-51
-52
-57
-56
-55
-58
-53
-55
-56
-53
-59
-51
-52
-52
-58
-44
-48
-61
-48
-60
-56
-59
-48
-58
-61
-60
-64
-60
-64
-61
-60
-66
-73
-63
-75
-75
-76
-70
-71
-81
-70
-80
-89
-85
-88
-91
-80
-96
-100
-93
-88
-94
-99
-98
-108
-109
-103
-110
-114
-101
-100
-109
-112
-114
-110
-117
-119
-124
-121
-118
-123
-118
-126
-124
-131
-125
-121
-124
-120
-120
-109
-120
-110
-116
-122
-116
-120
-112
-118
-114
-115
-114
-114
-105
-102
-107
-102
-104
-97
-94
-99
-92
-96
-91
-90
-97
-93
-92
-97
-101
-93
-96
-96
-86
-96
-95
-87
-82
-83
-78
-82
-81
-71
-84
-81
-79
-75
-67
-58
-58
-55
-53
-51
-49
-46
-42
-54
-46
-43
-41
-38
-43
-41
-45
-41
-45
-46
-56
-55
-61
-68
-71
-76
-85
-96
-101
-119
-116
-130
-143
-145
-158
-157
-172
-170
-188
-191
-192
-203
-204
-213
-207
-208
-204
-206
-201
-201
-192
-190
-187
-179
-178
-166
-171
-165
-163
-153
-145
-146
-148
-141
-138
-134
-138
-143
-151
-148
-140
-128
-104
-82
-54
-55
-43
-26
-7
19
30
50
65
78
101
120
137
162
167
178
175
170
189
193
207
206
202
219
224
224
238
226
219
206
203
189
178
180
168
164
157
145
137
139
136
138
117
103
96
71
55
46
30
-6
-22
-45
-70
-79
-111
-137
-173
-181
-204
-244
-262
-288
-325
-358
-399
-427
-465
-494
-507
-520
-519
-524
-523
-502
-426
-359
-357
-365
-299
-259
-227
-188
-141
-67
3
24
3
52
136
196
185
188
202
209
179
167
208
236
225
162
123
115
128
112
62
44
31
-7
-42
-50
-2
19
4
-23
-43
-14
13
30
37
54
60
52
55
84
132
168
181
159
139
161
174
161
169
176
182
157
120
141
194
209
194
154
158
159
138
127
130
152
147
123
93
94
129
129
104
93
94
82
67
59
88
111
99
74
67
87
95
79
58
51
49
13
-17
-4
12
-22
-63
-74
-106
-126
-136
-148
-190
-236
-254
-318
-386
-424
-441
-498
-562
-604
-653
-663
-528
-358
-386
-452
-440
-359
-312
-284
-247
-177
-47
-3
-91
-116
90
241
211
157
205
236
180
143
165
259
304
224
108
97
202
217
113
68
87
48
-58
-89
-13
77
77
-9
-64
-26
36
39
24
52
93
63
3
28
126
197
187
167
200
234
236
222
260
333
351
312
271
305
396
409
358
324
328
313
257
234
262
280
251
206
169
158
193
192
132
104
104
94
53
13
23
44
47
-27
-92
-60
-31
-82
-123
-99
-99
-147
-167
-171
-148
-139
-192
-265
-291
-281
-340
-411
-430
-456
-526
-578
-639
-654
-631
-521
-387
-428
-460
-438
-396
-338
-236
-206
-195
-88
12
-10
-48
94
282
317
267
271
304
330
314
297
353
424
397
306
253
335
389
309
210
192
192
138
86
117
189
193
144
77
72
141
168
134
106
140
156
109
89
166
242
260
236
221
236
269
275
268
321
381
368
331
364
421
429
397
366
337
335
346
305
266
317
332
248
198
216
221
184
180
156
131
140
107
47
62
111
74
-28
-9
59
-39
-49
-19
-63
-92
-33
-27
-125
-150
-67
-89
-213
-228
-180
-217
-301
-321
-327
-388
-448
-516
-556
-573
-618
-661
-604
-453
-379
-448
-494
-406
-301
-249
-222
-198
-108
48
83
-39
33
268
368
309
285
357
418
395
341
341
423
495
404
292
343
430
383
256
215
240
221
127
69
139
207
154
50
44
113
131
80
63
112
169
151
107
142
240
285
246
211
265
336
320
288
313
413
422
329
311
410
447
390
328
317
341
350
307
269
295
324
274
206
213
218
177
179
146
107
142
77
31
8
111
21
-92
-11
-8
-114
-114
-47
-125
-211
-136
-117
-238
-212
-115
-175
-310
-302
-290
-321
-345
-417
-474
-454
-484
-616
-662
-627
-683
-730
-556
-423
-476
-525
-460
-413
-356
-204
-174
-166
-68
83
45
-7
130
313
401
380
360
379
459
468
396
414
526
574
469
393
460
519
447
321
295
329
289
178
170
213
199
175
118
90
118
157
154
144
181
197
199
145
164
246
291
298
232
240
327
328
254
287
396
341
288
283
326
343
361
300
261
356
323
186
223
477
354
191
110
254
276
118
213
229
57
68
150
50
-32
55
47
-86
4
-15
-102
-88
-47
-197
-182
-61
-234
-261
-101
-215
-411
-246
-228
-456
-415
-318
-504
-597
-485
-578
-728
-720
-648
-497
-311
-398
-565
-510
-370
-300
-244
-171
-84
-32
60
89
24
188
423
427
314
337
417
447
457
428
458
540
533
422
397
481
453
294
255
293
212
140
134
187
212
174
116
79
87
167
234
180
150
263
269
173
175
314
333
315
316
267
318
344
284
289
368
359
257
285
351
329
389
303
295
276
290
312
310
271
192
367
287
201
179
146
241
247
106
1
108
209
38
-69
71
116
-56
-131
85
-114
-119
1
-184
-199
-147
-157
-266
-212
-242
-353
-415
-317
-320
-464
-487
-431
-569
-642
-566
-708
-824
-560
-284
-359
-476
-547
-472
-328
-258
-269
-192
-47
23
2
-10
207
396
395
399
395
360
460
504
439
534
637
576
488
405
422
456
374
299
195
113
211
222
115
130
232
101
-12
123
183
193
201
215
188
125
196
262
190
320
409
217
72
250
429
273
183
394
305
235
303
318
265
275
399
304
239
212
334
332
228
188
249
337
257
158
98
221
189
65
51
158
45
-88
108
78
-65
-116
-8
-20
-121
-50
-84
-102
-149
-165
-155
-227
-246
-185
-101
-351
-473
-256
-278
-495
-480
-405
-590
-647
-604
-699
-582
-319
-327
-495
-530
-452
-334
-270
-298
-273
-82
2
-61
-47
190
393
381
369
364
333
390
506
523
583
669
620
464
378
447
462
365
280
178
201
243
222
155
148
222
208
44
36
289
329
192
144
330
271
178
235
391
323
285
326
297
340
348
360
269
356
382
421
284
289
388
429
378
261
318
337
286
240
273
339
381
268
84
61
305
391
102
104
23
70
-7
30
145
9
-14
-75
-75
-113
-19
-63
-121
-42
-141
-198
-170
-149
-242
-229
-77
-369
-343
-284
-382
-398
-437
-437
-584
-543
-578
-675
-455
-231
-370
-506
-493
-391
-374
-277
-243
-257
-74
0
-80
-46
178
367
406
308
304
322
357
475
517
520
561
511
350
254
385
373
248
221
238
257
115
16
147
344
235
-31
123
250
186
196
330
195
78
313
292
136
159
442
339
186
326
285
219
399
330
215
358
406
217
225
473
335
286
291
287
295
253
227
251
259
192
245
204
127
133
182
271
86
-48
78
150
12
-159
161
-46
-123
32
-120
-83
-122
-92
-185
-113
-123
-246
-222
-185
-244
-242
-300
-345
-442
-373
-346
-475
-551
-548
-507
-663
-616
-341
-182
-395
-497
-413
-373
-339
-217
-229
-161
33
11
-91
40
285
291
347
275
191
343
449
357
362
503
457
322
235
285
351
341
344
254
133
153
242
160
177
360
204
70
148
201
146
123
323
348
127
127
237
299
203
235
395
296
149
214
384
399
254
254
336
282
179
329
402
440
357
238
135
281
527
112
225
384
305
66
236
305
23
195
273
106
26
157
-15
-26
23
-35
58
112
-252
-281
152
-21
-326
-133
111
-260
-400
-177
-222
-224
-240
-327
-388
-393
-403
-481
-455
-440
-599
-619
-403
-214
-307
-302
-356
-450
-388
-146
-150
-214
-2
132
28
-118
122
293
325
326
256
197
325
448
377
389
461
431
372
254
305
405
400
307
262
312
236
246
219
295
286
175
208
248
215
171
233
343
252
176
208
268
218
201
422
433
195
140
312
335
290
334
334
431
291
143
303
467
399
210
437
432
124
188
562
325
152
402
464
56
146
428
153
122
321
181
-61
106
165
-39
75
128
-181
-88
76
-85
-163
-9
-123
-273
-142
-61
-396
-336
-110
-373
-501
-394
-391
-522
-577
-539
-579
-656
-493
-246
-251
-440
-487
-397
-314
-216
-178
-131
7
73
50
-25
70
308
372
312
272
265
375
460
429
417
477
494
396
268
359
444
412
289
251
287
249
249
217
269
268
219
133
97
224
246
259
160
154
232
198
234
160
201
207
283
211
271
381
156
261
326
307
192
362
404
198
265
471
440
202
189
487
461
134
266
411
393
164
167
444
200
92
164
220
155
119
65
-59
111
65
-156
-63
-6
-131
-53
-42
-231
-147
-82
-329
-424
-349
-169
-380
-525
-454
-608
-675
-681
-642
-797
-765
-429
-268
-326
-525
-664
-542
-310
-172
-126
-116
73
147
51
-19
117
372
500
396
236
262
507
603
454
453
507
504
407
233
319
554
498
344
198
196
219
230
232
237
222
155
184
162
77
220
288
124
96
141
203
179
200
215
295
291
116
81
314
389
319
333
375
408
291
268
383
530
371
425
568
416
309
505
486
257
504
552
239
254
451
325
184
456
357
8
113
251
141
31
58
40
-54
-127
-246
-238
-81
-417
-600
-475
-280
-640
-840
-723
-734
-983
-1177
-1152
-1256
-1194
-1091
-493
-443
-655
-944
-1165
-871
-424
-52
8
105
179
252
134
29
321
781
978
731
453
619
969
983
704
648
657
654
468
331
562
750
566
108
-92
-88
99
141
83
97
67
-103
-273
-270
-155
153
130
-113
-148
-63
28
35
181
315
261
190
171
228
327
547
740
661
517
571
678
696
781
927
941
687
584
730
803
779
696
660
572
409
334
454
561
508
452
339
71
-29
130
184
-5
-105
-167
-334
-394
-374
-399
-589
-797
-939
-1099
-1062
-1047
-1223
-1397
-1580
-1839
-2088
-2127
-2180
-1130
-221
-567
-1498
-2252
-1662
-784
11
243
387
608
455
174
-223
456
1550
2008
1492
867
1102
1636
1605
1048
1077
1200
1130
732
486
906
1210
781
-276
-792
-679
-216
-71
-268
-287
-405
-874
-1462
-1398
-903
-269
-224
-609
-674
-572
-440
-450
-329
-23
273
213
98
401
784
963
759
676
933
1248
1401
1429
1621
1769
1642
1107
917
1224
1485
1370
1061
879
782
598
251
120
206
303
196
-83
-250
-216
-195
-460
-768
-740
-538
-567
-770
-807
-711
-802
-1169
-1334
-1330
-1142
-1145
-1332
-1610
-1738
-1840
-2139
-2387
-1835
-54
190
-794
-2197
-2234
-962
-76
457
387
990
1100
485
-459
-402
1355
2479
2091
968
938
1599
1623
737
526
1228
1432
929
109
348
1057
898
-397
-1280
-1007
-315
-82
-505
-525
-368
-700
-1676
-2093
-1291
-180
180
-473
-804
-635
-394
-527
-675
-106
574
786
325
294
697
1078
899
514
791
1255
1696
1790
1742
1742
1552
1041
629
1035
1837
2032
1439
789
559
403
153
87
355
666
551
-34
-551
-567
-306
-322
-661
-754
-425
-281
-632
-1022
-955
-823
-996
-1302
-1246
-931
-750
-1118
-1645
-1890
-1879
-1971
-2068
-1865
-545
478
-345
-1859
-2789
-1586
-36
757
734
716
989
387
-420
-722
729
2483
2619
1463
547
927
1405
1050
502
968
1630
1367
382
-27
609
990
151
-1058
-1104
-335
241
-91
-600
-625
-721
-1317
-1944
-1446
-222
557
18
-943
-1117
-785
-488
-416
47
749
978
355
-132
125
789
1055
847
886
1248
1450
1400
1432
1560
1623
1293
896
961
1619
2064
1688
920
482
476
353
287
531
934
804
100
-569
-732
-370
-72
-136
-395
-426
-473
-773
-1122
-1055
-650
-631
-1005
-1345
-1274
-1109
-1216
-1606
-1875
-1878
-1990
-2078
-1697
-261
256
-732
-2417
-2811
-1244
335
1033
714
869
781
-41
-965
-613
1611
3223
2839
1118
376
837
1170
794
848
1861
2294
1310
-163
-284
668
943
-56
-841
-491
203
77
-755
-974
-657
-763
-1602
-1922
-1002
239
378
-722
-1479
-1297
-751
-597
-357
359
1134
833
-244
-731
-84
947
1276
1201
1310
1572
1339
972
989
1568
2039
1763
1275
1280
1780
1786
1159
559
632
893
741
461
506
718
432
-321
-868
-611
32
222
-199
-602
-639
-752
-1078
-1215
-750
-254
-399
-1085
-1528
-1412
-1177
-1273
-1589
-1613
-1575
-1637
-1761
-851
-108
-407
-1798
-2661
-1513
93
1043
593
391
466
127
-630
-757
1131
2994
3112
1366
122
464
1206
1153
997
1848
2504
1781
-27
-676
312
1201
653
-295
-286
268
163
-823
-1230
-718
-275
-867
-1597
-1243
-147
198
-792
-1614
-1405
-587
-310
-389
-48
659
600
-385
-999
-290
1038
1527
1171
895
1178
1212
926
822
1554
2377
2250
1485
1049
1486
1768
1461
936
1017
1374
1244
630
253
473
599
168
-416
-342
138
267
-307
-881
-882
-616
-674
-992
-869
-475
-493
-1117
-1665
-1469
-993
-885
-1335
-1619
-1591
-1521
-1709
-1546
-527
-143
-800
-2163
-2176
-768
605
810
126
143
256
66
-523
63
1868
2907
2186
511
136
974
1656
1405
1356
1982
2132
1102
-197
-64
1000
1366
457
-337
-126
327
-47
-869
-958
-469
-366
-1072
-1431
-873
-85
-309
-1251
-1660
-1107
-408
-381
-449
-118
286
-58
-736
-728
330
1254
1151
625
556
1089
1385
1246
1286
1770
2031
1686
1205
1379
1958
2010
1426
896
969
1231
1151
756
625
673
455
-72
-396
-137
201
48
-559
-916
-881
-759
-849
-1008
-943
-852
-1018
-1460
-1632
-1366
-1059
-1263
-1698
-1865
-1709
-1427
-1351
-771
-473
-756
-1655
-2056
-1057
248
965
502
169
58
35
-136
108
1468
2576
2414
994
169
590
1421
1585
1448
1761
1908
1295
117
-162
616
1238
758
-58
-223
68
-17
-661
-912
-608
-380
-837
-1288
-1055
-398
-331
-1028
-1485
-1193
-553
-329
-412
-271
88
-32
-539
-667
33
942
1145
771
572
990
1285
1170
1101
1570
2101
1892
1413
1268
1620
1746
1450
1083
1080
1297
1161
734
425
504
474
155
-147
-111
30
-126
-525
-845
-820
-690
-724
-965
-1067
-984
-1057
-1368
-1617
-1465
-1224
-1324
-1688
-1936
-1676
-1428
-1017
-679
-788
-1210
-1788
-1423
-479
423
524
249
179
76
32
-17
847
2018
2388
1591
612
603
1165
1552
1475
1706
1962
1633
655
17
431
1094
1022
353
-24
46
14
-512
-837
-593
-228
-466
-1075
-1189
-737
-430
-795
-1202
-1113
-626
-440
-585
-535
-166
19
-304
-563
-208
554
914
754
672
1029
1345
1174
1025
1419
2007
2081
1718
1464
1535
1592
1384
1199
1292
1441
1249
758
398
390
410
252
47
-37
-88
-312
-651
-866
-831
-761
-827
-1071
-1269
-1247
-1275
-1444
-1634
-1640
-1560
-1585
-1813
-1846
-1597
-1243
-844
-1004
-1363
-1718
-1402
-560
115
296
26
37
42
57
90
684
1788
2213
1669
764
699
1261
1667
1605
1642
1968
1829
1003
201
391
1098
1206
564
65
116
152
-390
-980
-832
-314
-277
-905
-1284
-1016
-676
-968
-1494
-1393
-717
-331
-641
-909
-633
-151
-210
-562
-404
346
931
744
438
905
1574
1543
1076
1152
1877
2299
2052
1632
1653
1812
1583
1145
1071
1520
1673
1115
405
188
334
318
72
-122
-97
-229
-673
-1163
-1225
-899
-715
-1015
-1457
-1536
-1476
-1574
-1839
-1815
-1642
-1565
-1861
-1980
-1734
-1096
-663
-1067
-1583
-1845
-1090
-171
376
290
85
161
37
-24
108
1165
2248
2276
1346
519
794
1423
1701
1630
1895
2129
1613
554
8
574
1261
1135
395
-12
38
-107
-692
-1028
-706
-315
-538
-1163
-1345
-1000
-768
-1128
-1504
-1307
-741
-531
-765
-841
-512
-253
-431
-600
-186
587
902
647
631
1133
1470
1337
1192
1639
2192
2275
1917
1646
1746
1751
1515
1273
1406
1606
1367
799
386
324
321
191
21
-75
-160
-457
-882
-1188
-1164
-1023
-1022
-1287
-1458
-1469
-1579
-1879
-2089
-1992
-1748
-1732
-1795
-1738
-1392
-897
-1142
-1529
-1870
-1189
-177
374
281
-52
132
143
146
155
952
2098
2329
1579
671
798
1447
1783
1644
1797
2197
1973
972
142
425
1161
1193
553
120
167
80
-590
-1152
-973
-451
-410
-1014
-1360
-1201
-960
-1241
-1664
-1518
-821
-462
-734
-1006
-778
-354
-342
-569
-354
460
999
859
657
1165
1667
1585
1221
1465
2176
2490
2318
1875
1792
1745
1544
1284
1343
1658
1621
1070
357
56
93
177
80
-124
-286
-501
-857
-1298
-1429
-1192
-957
-1201
-1617
-1798
-1698
-1802
-2026
-2126
-1946
-1784
-1761
-1781
-1358
-724
-864
-1417
-1995
-1286
-51
726
605
212
320
303
134
8
1013
2420
2725
1723
558
627
1337
1609
1473
1780
2300
2019
764
-224
158
1029
1094
388
-9
167
68
-748
-1390
-1121
-475
-460
-1164
-1458
-1069
-763
-1222
-1812
-1621
-810
-424
-702
-859
-459
-42
-259
-688
-361
637
1247
1140
1063
1512
1819
1516
1205
1625
2447
2803
2491
1941
1755
1658
1388
1179
1339
1726
1621
944
200
-78
-26
4
-142
-299
-314
-487
-963
-1505
-1615
-1315
-1162
-1394
-1698
-1700
-1701
-1949
-2351
-2358
-2036
-1647
-1560
-1355
-794
-773
-1181
-1857
-1425
-176
827
963
553
560
626
465
183
809
2154
2873
2256
1129
828
1247
1446
1231
1411
1971
2067
1121
15
-110
423
593
111
-228
-1
98
-518
-1328
-1436
-989
-765
-1129
-1309
-947
-633
-960
-1591
-1695
-1073
-502
-441
-449
-195
107
-52
-387
-288
465
1177
1367
1376
1648
1949
1737
1328
1432
2095
2588
2574
2218
1965
1693
1262
897
932
1368
1547
1132
446
5
-192
-308
-451
-448
-312
-340
-725
-1289
-1575
-1448
-1286
-1438
-1623
-1565
-1467
-1707
-2107
-2286
-2087
-1858
-1682
-1524
-856
-429
-722
-1495
-1794
-811
392
1051
876
764
934
788
328
259
1372
2625
2797
1814
1002
1096
1364
1170
913
1328
1905
1638
544
-277
-110
253
15
-530
-583
-149
-117
-804
-1454
-1423
-1047
-1032
-1373
-1291
-702
-363
-780
-1400
-1393
-797
-385
-351
-225
286
637
337
-139
-51
673
1236
1383
1553
2008
2283
1899
1308
1277
1831
2343
2386
2159
1984
1682
1095
502
431
882
1236
1018
446
-32
-312
-522
-798
-835
-552
-338
-561
-1108
-1469
-1443
-1417
-1604
-1686
-1474
-1257
-1422
-1904
-2216
-2135
-1848
-1549
-1168
-548
-376
-785
-1454
-1410
-424
580
1034
887
917
1033
832
502
711
1715
2504
2372
1546
1148
1382
1523
1166
844
1084
1398
1095
303
-101
57
89
-442
-1007
-973
-509
-399
-872
-1291
-1322
-1207
-1361
-1546
-1246
-608
-279
-615
-1098
-1092
-680
-346
-214
27
457
718
507
217
343
867
1224
1322
1564
1963
2214
1914
1561
1543
1770
2004
1969
1943
1868
1661
1206
675
460
532
668
579
353
118
-131
-428
-795
-1002
-930
-739
-721
-954
-1175
-1257
-1388
-1662
-1820
-1662
-1437
-1432
-1678
-1879
-1873
-1741
-1542
-1165
-585
-444
-762
-1198
-1008
-176
569
860
776
882
1002
897
696
940
1743
2334
2165
1472
1128
1335
1507
1258
972
1021
1168
868
221
-119
-8
46
-381
-977
-1163
-867
-672
-864
-1157
-1274
-1263
-1411
-1539
-1335
-825
-392
-418
-737
-876
-721
-413
-148
146
492
737
686
457
453
727
1135
1402
1629
1851
1946
1849
1679
1605
1652
1777
1802
1811
1708
1487
1215
922
730
573
441
363
341
258
28
-275
-564
-760
-854
-897
-911
-898
-952
-1063
-1319
-1544
-1638
-1602
-1534
-1598
-1714
-1789
-1723
-1614
-1414
-1207
-807
-588
-637
-904
-975
-442
329
931
952
766
740
906
1027
1037
1285
1729
2051
1865
1393
1135
1255
1383
1220
897
726
737
665
429
126
-136
-384
-655
-891
-958
-863
-768
-794
-1005
-1240
-1377
-1376
-1215
-1001
-768
-604
-545
-529
-491
-367
-220
-52
143
352
540
650
703
796
919
1089
1298
1508
1664
1695
1649
1653
1694
1716
1673
1591
1484
1324
1160
1034
961
815
609
407
260
104
-77
-196
-272
-395
-621
-801
-884
-913
-1009
-1144
-1206
-1183
-1207
-1338
-1475
-1433
-1366
-1494
-1629
-1670
-1431
-1133
-772
-475
-381
-493
-849
-972
-523
295
918
913
680
567
689
796
876
1089
1414
1587
1430
1139
1031
1166
1255
1141
879
608
408
283
293
375
330
39
-464
-876
-989
-847
-624
-568
-667
-830
-1001
-1079
-1050
-897
-655
-490
-466
-510
-451
-256
-15
148
218
231
226
226
335
618
938
1180
1253
1219
1163
1148
1220
1338
1489
1565
1472
1289
1127
999
907
761
596
439
294
197
131
73
-24
-185
-458
-601
-565
-454
-395
-433
-553
-643
-722
-759
-693
-649
-664
-685
-721
-832
-942
-967
-902
-897
-777
-498
-214
-211
-494
-817
-810
-422
100
415
397
248
97
77
237
543
847
918
751
494
450
610
793
912
886
747
461
160
56
170
376
476
310
-14
-347
-547
-508
-339
-200
-204
-353
-553
-649
-583
-393
-181
-118
-217
-386
-437
-291
-4
247
349
265
85
-36
59
373
747
986
984
807
643
702
947
1245
1390
1236
942
712
656
797
938
933
739
424
145
40
97
170
118
-16
-113
-212
-398
-402
-233
-322
-331
-559
-644
-558
-577
-514
-565
-602
-722
-1004
-1076
-1080
-908
-754
-597
-280
-319
-527
-948
-1102
-729
-204
250
274
105
-62
-108
96
439
801
861
621
348
327
660
1011
1173
1045
780
511
317
307
372
511
561
387
161
-91
-249
-273
-299
-316
-355
-422
-545
-636
-602
-455
-323
-319
-501
-661
-679
-528
-273
-56
114
159
56
-47
-22
217
537
713
784
815
895
969
1101
1300
1432
1403
1191
1049
1089
1195
1240
1170
1076
894
595
291
141
195
241
177
6
-131
-227
-326
-413
-514
-583
-557
-525
-613
-741
-627
-556
-758
-868
-954
-988
-1132
-1111
-1100
-1222
-1241
-1190
-763
-293
-80
-325
-863
-1076
-710
23
606
752
637
476
427
519
735
1002
1097
1009
841
801
882
941
932
883
816
609
249
-130
-273
-127
59
67
-178
-584
-943
-1079
-946
-754
-695
-830
-1041
-1122
-991
-729
-457
-343
-406
-553
-599
-431
-124
229
546
744
810
722
588
649
909
1277
1560
1607
1496
1347
1341
1475
1582
1479
1206
925
765
745
760
737
608
331
22
-226
-350
-362
-348
-293
-299
-386
-554
-717
-748
-680
-574
-554
-683
-876
-976
-951
-872
-854
-946
-1104
-1293
-1512
-1721
-1728
-1415
-793
-120
169
-151
-828
-1125
-662
232
895
1010
819
702
789
963
1130
1274
1338
1236
967
707
597
671
818
929
911
551
-99
-711
-922
-676
-354
-348
-698
-1126
-1309
-1247
-1133
-1083
-1076
-1103
-1114
-1146
-1093
-835
-450
-111
54
45
-39
-56
75
442
935
1281
1291
1080
963
1100
1345
1507
1555
1521
1439
1295
1206
1189
1220
1170
988
718
410
171
20
12
99
125
-65
-372
-567
-563
-405
-262
-235
-324
-441
-509
-502
-453
-391
-351
-403
-531
-708
-854
-947
-1024
-1101
-1233
-1402
-1652
-1809
-1721
-1172
-437
-59
-273
-860
-1053
-625
143
628
706
708
791
948
984
1042
1179
1398
1495
1283
858
487
419
680
1012
1041
619
-69
-609
-811
-717
-606
-664
-864
-1089
-1210
-1308
-1343
-1316
-1137
-900
-809
-969
-1184
-1108
-659
-85
270
348
260
244
363
606
903
1150
1290
1311
1244
1186
1205
1327
1491
1554
1447
1163
909
804
840
932
889
659
327
7
-141
-131
-104
-96
-139
-224
-364
-475
-473
-324
-103
-7
-87
-238
-351
-368
-292
-179
-173
-310
-509
-697
-784
-882
-1051
-1220
-1381
-1558
-1795
-1947
-1813
-1209
-519
-203
-426
-863
-838
-290
395
648
586
610
903
1166
1150
1132
1319
1624
1643
1271
736
443
466
701
866
688
223
-329
-624
-667
-675
-838
-1065
-1225
-1287
-1341
-1459
-1459
-1252
-885
-679
-792
-1095
-1144
-745
-179
191
280
357
533
746
868
991
1173
1373
1445
1374
1240
1163
1225
1395
1584
1533
1206
850
709
780
757
575
336
188
63
-107
-258
-302
-219
-166
-181
-308
-481
-547
-359
-94
64
33
-79
-120
-111
-87
-106
-116
-193
-276
-431
-622
-807
-993
-1076
-1186
-1378
-1697
-1960
-1913
-1509
-892
-460
-404
-636
-698
-327
228
530
496
574
884
1162
1090
930
1133
1642
1877
1502
893
560
626
755
699
437
126
-126
-342
-553
-759
-876
-922
-987
-1190
-1455
-1586
-1498
-1230
-930
-758
-806
-912
-853
-511
-90
142
217
366
652
840
880
979
1295
1629
1671
1414
1166
1148
1298
1455
1480
1351
1102
888
793
723
605
450
365
263
24
-277
-439
-348
-167
-108
-223
-403
-459
-338
-154
-64
-80
-47
49
115
34
-56
41
181
122
-154
-402
-466
-459
-610
-862
-1094
-1313
-1518
-1748
-1875
-1803
-1395
-853
-519
-580
-799
-615
-29
499
602
515
664
975
1107
985
996
1333
1719
1722
1301
821
652
755
844
650
228
-123
-306
-422
-641
-873
-935
-909
-1019
-1303
-1562
-1593
-1364
-1079
-891
-906
-1000
-915
-580
-176
70
221
407
652
747
740
874
1267
1629
1690
1511
1311
1261
1291
1392
1420
1322
1109
903
779
655
511
421
405
294
-12
-360
-470
-354
-216
-245
-376
-440
-414
-327
-253
-145
-44
60
114
47
-23
45
247
342
222
-41
-198
-238
-287
-422
-591
-777
-1013
-1308
-1586
-1729
-1825
-1722
-1347
-901
-694
-827
-870
-476
185
556
497
453
707
1057
1099
904
957
1377
1686
1503
999
737
917
1121
923
409
28
-71
-183
-504
-818
-873
-769
-858
-1194
-1504
-1547
-1357
-1150
-1066
-1082
-1072
-982
-775
-482
-225
7
269
509
640
675
803
1101
1432
1580
1478
1347
1360
1416
1439
1374
1290
1194
1050
850
621
500
484
478
291
-52
-335
-401
-362
-383
-465
-483
-416
-408
-459
-443
-276
-56
75
57
-1
-8
76
192
234
167
76
16
-61
-232
-408
-502
-594
-785
-1097
-1421
-1627
-1735
-1793
-1617
-1232
-883
-803
-933
-786
-222
357
525
423
527
865
1067
921
814
1074
1456
1497
1081
719
821
1093
1071
662
236
85
-4
-293
-672
-835
-746
-772
-1077
-1458
-1534
-1318
-1090
-1025
-1039
-996
-898
-762
-622
-416
-149
168
432
585
651
776
1064
1387
1529
1492
1439
1463
1490
1430
1316
1239
1205
1114
888
606
447
431
442
298
-5
-241
-274
-273
-404
-549
-544
-401
-356
-471
-495
-307
-16
109
53
17
104
231
281
234
194
208
190
71
-140
-251
-309
-412
-642
-961
-1183
-1370
-1546
-1719
-1717
-1370
-986
-836
-955
-940
-467
154
469
428
451
801
1086
1003
789
873
1257
1455
1212
815
721
961
1086
856
453
223
184
16
-365
-697
-768
-746
-889
-1227
-1460
-1407
-1171
-1021
-1028
-1056
-940
-720
-550
-461
-335
-13
352
540
525
570
854
1186
1351
1327
1318
1443
1533
1444
1259
1141
1176
1174
986
697
485
449
422
274
-1
-191
-191
-181
-308
-496
-552
-454
-364
-400
-430
-349
-130
38
53
37
108
289
428
394
282
254
273
217
72
-41
-46
-80
-247
-549
-855
-1029
-1137
-1287
-1527
-1733
-1598
-1191
-954
-1020
-1111
-771
-114
291
312
285
617
1020
1081
854
770
1045
1334
1259
892
655
784
1010
928
588
319
286
243
-43
-441
-685
-711
-747
-982
-1259
-1380
-1285
-1103
-1058
-1109
-1068
-863
-575
-394
-277
-48
241
446
493
542
740
1020
1248
1312
1290
1317
1401
1454
1391
1288
1240
1214
1086
822
555
459
428
281
-8
-258
-330
-321
-364
-511
-612
-550
-414
-365
-415
-373
-220
-47
7
-24
65
247
403
424
346
297
312
326
288
208
142
110
5
-216
-473
-670
-797
-960
-1205
-1502
-1723
-1679
-1425
-1166
-1127
-1174
-977
-494
-56
113
227
484
824
908
786
751
924
1157
1141
915
734
763
917
933
767
560
440
378
194
-98
-382
-509
-558
-711
-1008
-1270
-1290
-1133
-1025
-1097
-1125
-947
-622
-384
-314
-212
24
322
497
508
581
778
1030
1159
1117
1108
1219
1380
1409
1300
1188
1162
1149
1022
771
544
420
328
150
-135
-362
-418
-375
-405
-541
-620
-528
-372
-306
-310
-251
-76
86
139
138
205
357
459
459
379
358
410
456
392
289
222
174
76
-106
-312
-472
-573
-728
-997
-1315
-1586
-1712
-1681
-1534
-1355
-1317
-1239
-1021
-641
-205
45
274
490
710
844
815
862
993
1188
1208
1028
858
826
929
947
838
639
521
425
262
37
-176
-292
-460
-689
-981
-1191
-1203
-1155
-1117
-1151
-1136
-1017
-822
-611
-414
-186
24
196
313
435
573
768
954
1071
1090
1044
1074
1157
1252
1264
1211
1125
1016
883
720
549
403
287
97
-118
-360
-500
-527
-553
-583
-611
-552
-458
-388
-319
-204
-54
86
190
262
300
343
399
450
452
447
464
472
451
388
319
241
175
98
-19
-198
-402
-572
-753
-967
-1199
-1407
-1585
-1757
-1820
-1771
-1594
-1414
-1323
-1123
-857
-479
-105
158
456
678
914
1043
1081
1135
1184
1238
1142
1018
909
854
796
682
568
410
289
141
13
-163
-370
-571
-756
-881
-1041
-1133
-1176
-1159
-1122
-1097
-1034
-878
-639
-357
-95
105
317
504
650
752
844
978
1093
1112
1047
997
983
984
950
871
788
703
619
477
321
167
70
-25
-186
-344
-487
-504
-502
-526
-556
-546
-421
-298
-209
-115
6
152
295
360
410
472
549
613
600
565
526
506
485
425
326
207
95
-21
-143
-281
-429
-563
-678
-788
-935
-1087
-1221
-1323
-1422
-1525
-1604
-1571
-1438
-1291
-1135
-975
-694
-378
-84
189
429
695
875
976
1017
1038
1071
1058
986
847
715
599
487
326
166
88
35
-36
-136
-222
-308
-376
-438
-511
-574
-609
-587
-554
-526
-496
-435
-318
-162
-36
92
234
379
509
593
652
709
747
760
728
674
602
529
438
361
283
210
158
98
62
25
3
-39
-60
-74
-103
-122
-177
-167
-127
-94
-85
-70
-10
70
168
225
301
401
473
510
525
552
560
515
435
349
259
150
31
-65
-141
-233
-342
-473
-549
-592
-638
-692
-755
-768
-807
-855
-886
-871
-834
-810
-787
-781
-766
-702
-610
-518
-434
-352
-241
-135
-19
87
159
221
248
297
338
341
323
292
284
221
153
114
114
136
117
95
104
136
150
145
126
137
166
165
146
94
65
43
-13
-67
-85
-67
-60
-82
-111
-112
-102
-74
-32
15
43
46
69
67
107
123
140
178
198
209
207
211
231
282
305
295
296
327
360
348
323
316
331
321
306
274
253
254
224
164
83
39
16
-17
-50
-118
-197
-255
-307
-336
-359
-385
-435
-467
-495
-515
-505
-477
-411
-350
-310
-288
-281
-250
-208
-196
-201
-185
-173
-170
-180
-203
-212
-230
-244
-239
-238
-252
-277
-274
-282
-325
-338
-337
-316
-279
-284
-249
-190
-131
-69
-20
59
119
184
253
322
353
353
345
302
259
240
230
200
176
127
74
7
-58
-46
-27
-25
-61
-110
-126
-154
-175
-190
-164
-133
-124
-154
-172
-132
-75
-30
-14
22
102
179
235
275
335
397
414
412
409
429
448
433
383
320
250
201
137
68
16
-39
-121
-208
-261
-286
-303
-322
-343
-366
-406
-441
-414
-349
-284
-235
-199
-153
-101
-54
-3
46
100
135
137
133
128
123
124
86
39
-28
-92
-157
-213
-260
-312
-384
-456
-495
-502
-501
-520
-508
-484
-454
-454
-453
-404
-320
-258
-213
-201
-163
-96
-55
-14
21
74
128
127
138
162
185
203
202
196
188
175
126
94
67
32
-28
-80
-104
-112
-134
-183
-212
-192
-171
-173
-187
-160
-91
-48
-30
-13
39
122
175
171
183
222
266
294
310
313
331
310
266
208
168
150
97
51
-9
-56
-114
-171
-221
-258
-279
-287
-269
-250
-224
-186
-149
-98
-39
18
80
130
174
200
214
207
202
203
194
181
133
64
11
-47
-92
-119
-152
-186
-215
-247
-304
-346
-361
-357
-361
-378
-394
-401
-390
-374
-346
-315
-282
-242
-199
-151
-113
-74
-40
-26
-14
5
29
40
56
71
61
29
-3
-5
-2
0
-26
-42
-70
-103
-115
-148
-159
-161
-154
-178
-230
-249
-235
-183
-132
-107
-70
-22
39
87
116
139
174
213
222
220
193
189
166
134
72
10
-27
-57
-81
-114
-159
-188
-200
-215
-229
-240
-235
-211
-168
-137
-131
-113
-80
-5
61
98
129
157
205
208
207
225
248
273
264
200
152
113
65
5
-59
-95
-121
-167
-232
-276
-308
-298
-302
-303
-284
-275
-269
-278
-276
-244
-205
-157
-115
-70
-31
-14
5
31
54
60
86
118
140
125
82
46
27
34
8
-30
-53
-102
-136
-186
-229
-246
-251
-253
-278
-312
-337
-339
-313
-284
-249
-200
-144
-93
-42
9
65
134
197
242
253
251
259
255
240
187
130
82
36
-38
-129
-186
-214
-249
-306
-344
-372
-385
-373
-381
-351
-307
-273
-252
-241
-194
-116
-37
23
74
113
155
179
210
238
275
300
300
259
203
157
134
122
79
17
-47
-103
-143
-187
-214
-230
-244
-234
-237
-244
-251
-212
-174
-143
-121
-89
-35
17
45
85
116
142
168
180
190
207
213
194
178
160
136
106
60
0
-56
-104
-146
-189
-217
-258
-289
-313
-346
-365
-365
-345
-317
-265
-211
-164
-117
-59
25
108
185
237
288
318
326
323
318
326
325
307
265
212
160
94
3
-57
-109
-151
-186
-254
-329
-385
-430
-442
-448
-440
-430
-430
-404
-370
-314
-250
-176
-97
-15
11
66
122
174
241
269
273
259
245
232
212
174
128
78
22
-40
-87
-127
-154
-168
-194
-225
-235
-243
-226
-209
-192
-177
-175
-153
-129
-84
-27
29
71
93
111
140
178
204
214
244
266
256
215
163
121
94
43
-7
-51
-86
-121
-168
-218
-260
-285
-280
-270
-272
-262
-224
-213
-218
-170
-110
-31
24
90
140
189
205
226
272
301
314
306
309
280
243
196
131
58
6
-40
-98
-146
-190
-239
-277
-316
-360
-362
-343
-336
-338
-331
-325
-295
-245
-189
-140
-86
-34
14
48
74
128
191
228
245
253
249
228
198
154
109
71
35
-21
-78
-123
-162
-186
-229
-262
-269
-266
-243
-252
-256
-237
-207
-170
-113
-84
-44
12
44
71
92
137
192
224
231
250
236
208
188
161
128
95
67
34
-27
-79
-129
-173
-204
-219
-227
-237
-238
-243
-217
-181
-175
-151
-95
-32
17
39
66
103
138
162
172
182
214
231
216
201
184
172
134
91
35
10
-29
-74
-126
-179
-206
-259
-289
-304
-274
-251
-263
-285
-273
-220
-179
-135
-87
-25
12
19
18
35
88
142
172
182
199
191
161
159
143
146
140
83
25
-15
-45
-80
-132
-162
-158
-184
-223
-262
-261
-239
-211
-206
-179
-130
-85
-60
-40
5
71
124
141
163
196
222
238
229
223
227
222
191
163
155
137
128
77
25
-8
-32
-65
-109
-135
-143
-141
-156
-168
-156
-125
-85
-43
1
44
75
91
115
150
171
192
189
180
181
183
164
143
125
86
50
10
-14
-41
-65
-89
-124
-147
-169
-190
-195
-198
-183
-178
-159
-145
-123
-83
-36
21
48
70
85
114
154
171
197
216
235
233
213
184
173
158
136
107
60
20
-14
-27
-32
-57
-85
-111
-128
-132
-156
-148
-111
-67
-40
-33
-12
11
55
91
107
128
160
169
164
178
196
215
213
182
159
152
131
112
99
85
58
22
-12
-19
-18
-24
-42
-54
-38
-37
-43
-26
-2
34
76
104
127
165
190
196
189
197
213
216
191
168
157
141
121
77
56
50
25
-24
-36
-39
-39
-68
-98
-135
-144
-146
-162
-156
-143
-116
-114
-103
-82
-20
44
72
93
122
159
181
197
219
249
272
253
218
199
181
170
129
92
69
36
-2
-35
-66
-74
-73
-108
-145
-144
-140
-123
-102
-80
-45
-22
0
31
74
121
146
174
198
231
254
256
279
280
277
257
222
181
154
134
84
40
-4
-32
-56
-87
-100
-108
-105
-97
-97
-101
-89
-61
-37
0
19
62
88
110
142
151
193
213
234
239
250
252
244
218
191
171
137
100
56
22
-10
-28
-75
-100
-120
-131
-138
-149
-161
-173
-152
-164
-157
-154
-137
-115
-91
-51
-22
17
50
71
111
144
179
211
230
240
255
241
211
193
161
140
95
59
23
-15
-38
-74
-100
-118
-140
-148
-158
-150
-147
-130
-98
-69
-51
-38
-2
37
80
108
128
158
197
230
244
270
289
286
269
242
225
195
154
122
84
34
2
-28
-64
-70
-78
-85
-95
-95
-91
-77
-55
-43
-32
-14
13
20
32
69
92
118
135
147
162
191
201
189
181
178
177
154
127
94
69
47
15
-18
-55
-79
-91
-124
-156
-172
-167
-157
-165
-151
-132
-106
-79
-70
-51
-17
17
30
51
77
120
144
151
157
175
183
186
190
178
155
139
113
83
60
30
15
-29
-67
-86
-111
-118
-111
-103
-89
-86
-75
-51
-24
7
36
58
87
106
116
138
167
175
188
191
183
186
183
173
152
135
125
103
85
64
36
23
1
-23
-27
-33
-30
-39
-56
-59
-48
-33
-12
-8
13
23
42
57
69
84
94
112
132
125
121
110
122
128
112
100
69
51
30
17
1
-13
-29
-51
-74
-101
-119
-122
-120
-121
-117
-114
-109
-96
-91
-57
-27
-2
11
30
52
71
81
99
116
119
118
109
93
80
75
63
50
31
12
0
-30
-58
-68
-77
-76
-87
-94
-92
-86
-86
-83
-61
-31
-12
-7
10
53
80
99
114
123
139
141
141
147
154
148
125
94
88
69
51
27
-2
-15
-37
-52
-60
-57
-48
-59
-60
-62
-64
-41
-27
-9
0
9
26
31
32
29
67
79
86
85
87
100
107
115
104
81
59
54
31
5
-9
-20
-61
-105
-135
-159
-171
-182
-180
-172
-168
-172
-166
-141
-98
-55
-39
-24
9
41
57
81
105
127
136
115
104
108
120
120
99
93
91
62
29
2
-15
-31
-60
-96
-129
-145
-152
-174
-184
-180
-163
-155
-151
-126
-95
-48
-17
13
39
63
85
102
107
121
136
138
128
123
133
119
116
102
95
84
56
47
31
27
14
-25
-50
-73
-88
-106
-115
-107
-103
-106
-116
-103
-77
-48
-24
-21
22
37
37
46
46
66
98
91
61
38
32
26
16
4
-14
-31
-55
-86
-122
-139
-134
-146
-165
-188
-202
-195
-198
-182
-160
-140
-123
-87
-49
-19
9
42
76
99
91
94
96
96
109
91
85
63
36
15
-12
-15
-24
-28
-50
-85
-103
-126
-136
-149
-171
-168
-162
-180
-178
-179
-160
-114
-95
-74
-55
-33
-8
18
36
52
73
76
66
61
61
56
49
50
38
39
41
35
47
54
48
25
-2
-9
5
-9
-23
-44
-69
-81
-81
-86
-86
-69
-64
-61
-61
-58
-47
-19
-3
1
-7
-24
-28
-39
-55
-61
-69
-76
-86
-112
-137
-140
-137
-126
-109
-105
-109
-114
-105
-92
-70
-68
-58
-33
-21
1
6
23
47
70
76
83
86
86
89
79
73
62
49
30
-3
-30
-43
-58
-81
-97
-113
-122
-128
-140
-138
-144
-137
-133
-135
-126
-115
-87
-69
-58
-57
-49
-36
-15
4
18
33
42
42
39
44
44
40
37
22
8
1
-2
-13
-29
-31
-37
-37
-34
-41
-29
-26
-26
-31
-32
-28
-17
-5
-1
-11
-12
-14
-26
-26
-28
-13
-12
-18
-42
-60
-64
-73
-80
-100
-102
-117
-143
-162
-190
-204
-198
-194
-179
-172
-180
-181
-161
-140
-116
-90
-61
-31
-1
15
23
43
69
83
91
85
96
93
84
70
43
32
6
-9
-22
-50
-73
-89
-117
-136
-145
-158
-162
-174
-179
-189
-199
-203
-187
-170
-147
-123
-101
-77
-47
-33
-22
14
37
60
71
82
105
101
98
86
71
58
33
8
-7
-12
-32
-43
-77
-91
-90
-99
-110
-132
-115
-112
-119
-116
-108
-102
-90
-67
-75
-57
-37
-28
-10
2
30
29
25
27
11
5
-10
-29
-43
-53
-76
-92
-115
-142
-146
-164
-168
-172
-171
-162
-161
-155
-141
-125
-110
-100
-86
-54
-26
-15
-3
17
44
50
48
58
77
96
89
76
53
41
39
14
-10
-28
-36
-66
-101
-123
-126
-139
-145
-167
-175
-167
-176
-165
-162
-156
-124
-98
-82
-69
-40
-7
27
36
53
87
97
108
129
147
145
140
120
98
88
70
43
13
-2
-20
-53
-80
-107
-114
-114
-132
-147
-141
-141
-156
-154
-143
-127
-108
-91
-96
-86
-62
-42
-23
-2
22
37
48
35
23
15
16
-3
-8
-23
-42
-48
-67
-90
-108
-114
-121
-130
-121
-110
-117
-118
-113
-104
-94
-87
-74
-58
-43
-34
-30
-13
0
25
25
34
46
46
43
27
19
13
5
-13
-30
-47
-58
-73
-100
-102
-100
-103
-119
-137
-138
-134
-132
-132
-123
-101
-73
-64
-49
-15
13
31
38
45
59
86
95
110
117
114
114
94
76
63
55
45
16
-20
-50
-69
-79
-106
-115
-110
-125
-137
-145
-152
-145
-147
-129
-124
-119
-103
-100
-82
-87
-68
-43
-31
-15
-7
6
-5
-15
-12
-12
-24
-38
-34
-45
-61
-66
-83
-90
-91
-89
-85
-84
-77
-79
-74
-76
-73
-80
-69
-51
-60
-53
-55
-48
-53
-37
-22
-17
-11
-11
-19
-27
-24
-37
-42
-43
-39
-61
-74
-80
-81
-82
-90
-95
-86
-82
-88
-81
-82
-67
-51
-61
-53
-30
-8
2
-1
10
22
34
43
56
65
66
70
65
50
45
28
15
-1
-5
-24
-54
-75
-102
-115
-115
-121
-127
-123
-105
-108
-121
-109
-74
-60
-49
-38
-32
-8
-2
-1
2
13
24
19
32
33
29
22
13
14
-6
-19
-30
-44
-48
-70
-88
-92
-105
-106
-111
-116
-103
-98
-73
-76
-68
-48
-36
-18
-12
-11
-15
-4
4
2
8
21
18
14
17
10
17
15
16
15
3
-11
-12
-36
-64
-67
-79
-78
-89
-98
-104
-100
-88
-82
-60
-44
-30
-19
-9
3
28
33
44
58
60
67
65
71
63
58
52
36
41
14
-5
-15
-31
-35
-63
-72
-96
-118
-116
-119
-118
-122
-124
-107
-100
-87
-71
-63
-41
-37
-31
-24
-3
8
9
8
12
16
23
20
12
8
4
0
-18
-33
-47
-57
-64
-79
-90
-106
-104
-121
-133
-122
-109
-113
-102
-92
-80
-62
-51
-43
-28
-12
-5
9
16
26
24
32
39
47
50
36
45
41
33
29
20
12
13
-6
-25
-33
-36
-53
-62
-71
-78
-71
-68
-64
-60
-61
-47
-23
-19
9
28
46
41
62
56
61
70
70
76
59
52
47
37
25
9
-3
1
-8
-21
-41
-50
-63
-71
-73
-102
-101
-98
-97
-91
-84
-62
-58
-46
-42
-29
-16
-13
-4
-3
6
-2
-2
3
10
-2
-3
2
-17
-26
-26
-21
-27
-30
-41
-54
-58
-63
-61
-73
-75
-65
-64
-66
-69
-74
-69
-51
-44
-37
-26
-7
-11
-1
1
11
24
25
15
18
30
24
29
16
17
21
17
9
7
5
-1
-14
-17
-26
-31
-43
-56
-52
-57
-52
-50
-36
-27
-17
-8
-4
0
2
0
10
25
30
35
41
33
27
29
19
17
16
11
8
-1
-8
-12
-15
-19
-27
-28
-33
-36
-27
-42
-43
-47
-48
-35
-33
-21
-18
-3
-11
-5
2
-1
8
7
11
-5
-7
-14
-18
-28
-21
-12
-17
-21
-21
-19
-16
-24
-13
-7
-8
-7
-16
-19
-21
-19
-17
-16
-15
-12
-16
-21
-7
9
22
15
24
28
32
25
25
24
25
29
30
37
38
34
36
39
41
38
32
27
37
32
26
26
13
19
32
27
19
17
18
17
16
6
15
29
20
19
16
23
29
31
22
24
22
17
17
23
22
14
18
19
21
22
12
20
24
26
18
12
17
19
26
22
14
4
1
-10
-20
-25
-22
-23
-16
-30
-44
-37
-34
-35
-40
-42
-32
-22
-31
-35
-23
-13
-9
-2
-6
12
19
21
16
25
25
16
21
14
14
12
11
-7
-18
-9
-5
-15
-15
-10
-8
1
-2
2
8
16
14
26
24
24
36
34
42
47
54
49
53
50
64
67
65
62
63
61
57
58
40
43
39
25
24
24
20
4
2
-3
-7
10
-1
-13
-6
-7
0
0
5
3
9
20
12
13
17
12
4
5
1
11
17
12
14
2
1
-3
-9
-21
-18
-27
-35
-41
-41
-43
-52
-60
-63
-58
-64
-69
-67
-47
-48
-56
-44
-43
-41
-23
-15
-10
-3
1
7
12
11
10
15
20
18
17
12
7
10
1
4
-2
-6
4
-7
-13
-4
-13
-28
-18
-18
-17
-23
-15
-13
-20
-18
-7
-3
-6
11
19
9
11
12
15
18
15
18
8
8
11
4
0
-3
-3
-20
-12
-20
-18
-31
-37
-37
-44
-37
-50
-42
-41
-49
