SAMPLES:	7777
BITSPERSAMPLE:	16
CHANNELS:	1
SAMPLERATE:	16000
NORMALIZED:	FALSE
-135
-114
-89
-97
-98
-98
-98
-78
-74
-87
-106
-83
-44
-34
-50
-55
-58
-56
-51
-36
-32
-58
-72
-70
-39
-30
-49
-54
-34
-9
-12
-22
-17
-4
8
14
11
15
12
18
33
42
28
5
1
27
29
19
14
26
32
23
9
-7
0
4
3
-30
-30
-25
-28
-31
-22
-16
-17
-22
-29
-36
-39
-31
-40
-51
-56
-58
-63
-74
-89
-89
-79
-74
-84
-90
-81
-62
-78
-92
-85
-77
-80
-96
-93
-82
-56
-38
-39
-41
-26
-27
-14
-21
-20
-11
-10
-14
-13
-12
-9
11
14
6
-4
1
2
20
13
-1
2
19
25
13
26
21
43
42
38
39
45
42
53
43
33
31
28
24
24
29
14
7
7
8
1
1
-6
7
-4
-14
-26
-35
-35
-27
-35
-45
-52
-59
-59
-69
-66
-71
-67
-57
-45
-40
-56
-65
-70
-71
-74
-74
-68
-79
-85
-97
-92
-92
-80
-78
-77
-72
-65
-69
-52
-52
-60
-40
-43
-34
-25
-4
-5
6
11
-9
-3
2
-13
-14
-13
-13
-10
-17
-13
-12
-8
-10
-14
-20
-19
-16
-22
-25
-31
-25
-34
-36
-40
-31
-32
-47
-44
-49
-41
-47
-55
-68
-68
-85
-75
-73
-76
-80
-75
-72
-81
-68
-69
-83
-87
-88
-98
-95
-99
-96
-96
-86
-94
-103
-109
-104
-108
-113
-115
-117
-106
-102
-104
-109
-101
-97
-93
-111
-106
-91
-95
-101
-106
-110
-83
-92
-90
-94
-84
-68
-68
-73
-79
-55
-42
-49
-52
-47
-53
-43
-48
-49
-53
-46
-37
-47
-46
-56
-55
-67
-72
-72
-65
-55
-57
-52
-51
-49
-35
-31
-42
-50
-56
-51
-52
-56
-50
-44
-49
-44
-48
-52
-56
-48
-52
-58
-52
-56
-59
-52
-59
-55
-52
-60
-55
-70
-70
-76
-74
-74
-82
-73
-61
-66
-69
-76
-77
-81
-96
-83
-84
-71
-74
-73
-63
-55
-55
-57
-57
-59
-45
-36
-35
-44
-42
-36
-31
-35
-46
-37
-32
-28
-33
-26
-16
-10
-11
-4
-9
-7
-4
-11
-12
-11
4
13
8
8
5
13
10
9
-7
-6
-3
-18
-12
-13
1
2
0
-4
-9
-13
-13
-9
-13
-17
-11
-15
-25
-23
-20
-30
-33
-37
-44
-38
-30
-34
-27
-16
-29
-22
-34
-41
-42
-40
-43
-44
-35
-37
-37
-37
-42
-46
-30
-28
-22
-27
-29
-23
-21
-25
-35
-24
-19
-33
-28
-10
3
4
-4
-8
6
7
5
-6
-21
-7
-4
0
-4
-4
0
8
11
19
11
17
15
9
4
0
3
2
5
-12
-7
-11
-2
-2
-19
-11
-13
-9
-3
-10
-6
-5
-8
-8
-11
-16
-6
-11
-10
-17
-31
-26
-28
-25
-20
-21
-31
-28
-24
-20
-23
-30
-26
-33
-30
-27
-28
-13
-25
-14
-23
-20
-18
-27
-28
-38
-43
-47
-45
-32
-33
-46
-33
-42
-44
-43
-51
-56
-52
-50
-47
-44
-50
-47
-49
-49
-45
-40
-31
-27
-39
-31
-28
-34
-40
-43
-48
-52
-39
-43
-41
-46
-46
-55
-56
-62
-72
-72
-68
-73
-73
-77
-82
-71
-68
-57
-63
-70
-62
-73
-77
-63
-65
-59
-60
-64
-58
-52
-59
-59
-49
-54
-58
-57
-58
-55
-54
-51
-44
-63
-57
-63
-65
-64
-62
-52
-57
-61
-56
-60
-57
-58
-63
-55
-49
-49
-50
-58
-56
-42
-53
-53
-48
-47
-49
-53
-55
-56
-48
-57
-61
-54
-51
-48
-57
-61
-61
-54
-54
-57
-54
-55
-48
-43
-47
-30
-17
-36
-55
-57
-43
-34
-41
-48
-61
-57
-46
-47
-46
-46
-62
-64
-62
-59
-47
-55
-56
-50
-45
-42
-27
-23
-23
-25
-44
-35
-35
-33
-33
-28
-23
-16
-9
-13
-8
-15
-12
-16
-22
-22
-22
-20
-22
-27
-26
-30
-26
-27
-32
-29
-32
-41
-42
-32
-28
-40
-38
-29
-34
-33
-27
-35
-34
-29
-24
-14
-26
-29
-33
-32
-34
-30
-29
-33
-44
-43
-42
-36
-33
-49
-40
-32
-35
-35
-27
-19
-11
-7
0
-15
-14
-13
-17
-6
-17
-19
-4
-7
2
-2
2
-2
0
2
-15
-7
-11
-3
-8
-2
-4
1
14
8
0
6
17
15
6
9
1
-10
2
0
-3
-3
-5
0
-1
5
2
-4
5
6
5
7
11
-7
-5
-1
3
-1
-15
-9
-16
-17
-24
-31
-30
-27
-24
-20
-24
-34
-32
-28
-20
-18
-24
-35
-28
-32
-17
-21
-25
-19
-18
1
-7
-11
-27
-30
-23
-21
-29
-35
-29
-19
-10
-22
-25
-13
-7
-3
-5
-3
2
-8
-11
-11
-9
-9
-10
-6
-18
-15
2
-9
-6
-6
-13
-11
-11
-10
-24
-14
-15
-15
-16
-17
-15
-25
-18
-35
-42
-37
-43
-46
-47
-48
-49
-44
-52
-48
-49
-56
-48
-49
-61
-49
-51
-59
-57
-73
-52
-56
-55
-67
-83
-78
-62
-67
-82
-77
-75
-73
-84
-79
-77
-71
-72
-70
-68
-73
-67
-67
-58
-47
-53
-45
-44
-40
-44
-57
-46
-47
-44
-41
-55
-54
-47
-45
-44
-40
-45
-44
-46
-43
-42
-48
-31
-38
-36
-56
-43
-44
-33
-37
-45
-33
-50
-40
-33
-38
-39
-38
-43
-28
-28
-30
-27
-32
-34
-33
-36
-42
-44
-37
-38
-50
-55
-45
-58
-57
-48
-46
-55
-59
-61
-60
-53
-57
-62
-60
-54
-62
-48
-48
-48
-55
-59
-56
-52
-41
-47
-39
-36
-37
-34
-31
-26
-32
-29
-27
-17
-18
-17
-17
-12
-10
-7
-4
-11
0
-6
-3
10
-9
1
-1
-5
3
-4
2
-4
-2
-1
5
3
-1
8
2
-4
-2
4
10
2
0
-3
-18
-25
-25
-18
-6
-14
-21
-20
-18
-19
-24
-18
-31
-41
-38
-36
-40
-39
-34
-34
-33
-21
-30
-21
-21
-23
-22
-31
-31
-31
-29
-21
-22
-12
-2
-1
-2
-2
-2
2
5
-13
-6
-5
-1
12
24
18
22
14
10
22
36
44
42
33
49
54
47
52
41
51
46
36
36
40
33
42
42
33
33
26
27
31
20
11
22
17
14
10
8
13
13
4
6
10
23
17
10
11
15
12
6
12
3
-21
-14
-25
-20
-21
-25
-27
-21
-17
-17
-20
-20
-18
-20
-21
-20
-18
-18
-10
-9
-8
1
1
-13
-4
1
13
-4
1
2
-3
4
4
1
-6
5
6
7
12
7
10
11
16
15
3
5
3
4
1
7
-3
9
8
19
25
11
10
4
6
10
8
1
2
-13
-3
-12
-9
-15
-31
-21
-38
-38
-42
-40
-35
-40
-32
-28
-25
-35
-39
-45
-35
-31
-31
-43
-52
-49
-45
-41
-45
-44
-57
-61
-53
-40
-43
-43
-44
-47
-25
-32
-37
-37
-36
-33
-38
-31
-42
-39
-43
-50
-37
-36
-43
-39
-40
-45
-42
-41
-40
-40
-50
-49
-47
-44
-37
-41
-40
-42
-34
-24
-32
-35
-37
-38
-28
-28
-32
-34
-34
-32
-41
-40
-43
-41
-43
-56
-44
-57
-46
-51
-64
-55
-68
-60
-64
-58
-60
-44
-45
-47
-60
-59
-46
-48
-42
-51
-37
-29
-20
-13
-10
-7
-10
-10
-9
-25
-23
-12
-11
-13
-21
-15
-20
-17
-4
-3
6
2
-5
4
12
23
17
11
13
20
32
34
28
29
41
46
46
40
42
35
33
33
24
22
33
33
30
31
26
22
15
29
34
38
40
29
31
26
23
28
25
23
17
20
11
10
16
1
-1
-6
1
-4
-8
-15
-15
-13
-23
-21
-22
-19
-20
-21
-20
-23
-21
-29
-32
-35
-34
-41
-38
-36
-43
-48
-53
-63
-57
-62
-78
-93
-108
-106
-110
-122
-140
-166
-174
-185
-197
-225
-229
-246
-276
-275
-259
-209
-165
-169
-198
-197
-157
-100
-81
-101
-113
-85
-39
-15
4
30
52
53
74
106
142
178
189
212
237
254
267
263
259
265
291
298
286
287
302
316
318
303
289
276
262
266
268
269
249
234
236
242
241
221
207
199
197
194
182
179
175
179
166
145
133
117
96
70
65
56
32
25
8
-7
-30
-46
-57
-76
-93
-108
-113
-133
-140
-159
-182
-199
-229
-246
-253
-271
-291
-311
-334
-353
-388
-421
-463
-512
-548
-598
-652
-687
-741
-711
-599
-418
-366
-507
-628
-546
-264
-105
-191
-322
-267
-79
44
29
46
101
124
58
49
184
305
292
184
215
351
425
327
203
228
334
345
230
152
174
229
218
169
122
93
35
27
78
138
98
29
27
103
161
120
77
85
115
119
100
117
159
184
171
133
154
176
194
198
214
186
153
175
207
218
172
136
143
134
114
101
95
103
81
37
16
40
60
29
-8
-38
1
14
-11
-48
-50
-26
1
-23
-71
-72
-54
-37
-31
-34
-53
-51
-40
-24
-12
-19
-45
-59
-48
-59
-68
-87
-95
-131
-179
-214
-251
-270
-297
-337
-393
-429
-448
-464
-519
-585
-625
-618
-555
-454
-369
-388
-442
-448
-342
-186
-127
-178
-191
-113
-20
37
70
122
158
141
134
210
304
346
317
317
381
445
438
377
353
372
403
377
336
309
298
312
322
285
235
167
159
180
205
193
139
118
157
199
177
154
157
166
159
142
141
161
187
184
180
193
197
192
186
175
168
184
187
172
160
153
168
177
159
126
118
113
113
112
85
64
59
71
74
47
40
42
46
50
36
24
13
8
19
14
7
-14
-19
-11
-26
-33
-45
-65
-82
-99
-132
-169
-193
-222
-290
-345
-400
-448
-500
-536
-600
-658
-717
-724
-778
-730
-637
-470
-422
-513
-592
-503
-247
-98
-123
-193
-144
-11
103
114
181
266
285
200
208
346
505
507
387
380
467
546
455
340
327
392
385
286
214
222
244
229
187
157
125
78
87
118
170
152
109
105
162
194
166
169
198
213
212
204
257
318
360
332
306
324
381
403
366
333
342
352
344
298
268
268
245
234
183
159
143
147
151
135
122
102
119
139
157
151
145
157
159
151
150
157
167
161
128
91
76
73
59
29
-3
-31
-65
-89
-126
-165
-233
-271
-323
-364
-416
-491
-595
-651
-705
-772
-852
-919
-936
-977
-1031
-1099
-1085
-1055
-1015
-976
-920
-803
-665
-542
-483
-430
-349
-193
-43
124
234
327
304
320
367
510
603
555
430
383
467
515
484
410
385
352
257
166
192
233
200
67
-4
43
91
37
-76
-83
-9
38
-13
-60
-15
77
129
137
133
150
175
195
234
264
259
222
221
256
273
262
207
205
213
182
147
138
178
177
178
172
211
199
166
136
159
175
180
161
186
219
224
248
271
297
294
299
325
386
415
441
426
429
445
435
433
389
356
317
289
243
204
167
139
99
33
-41
-106
-156
-197
-225
-298
-343
-389
-427
-484
-533
-587
-632
-683
-746
-782
-816
-866
-909
-936
-985
-1042
-1074
-1040
-952
-874
-767
-695
-545
-422
-255
-147
5
105
293
461
599
578
487
485
586
672
550
391
352
424
377
255
188
302
338
167
-51
-35
168
210
7
-195
-131
24
30
-118
-163
-38
90
94
83
138
237
306
313
329
318
301
260
286
306
265
182
143
189
223
182
128
125
144
132
82
54
69
71
71
46
58
111
171
226
256
309
355
419
469
495
501
519
547
547
537
509
515
524
515
507
497
501
499
509
505
481
421
383
336
290
221
173
118
72
12
-41
-96
-121
-160
-182
-214
-269
-315
-351
-381
-423
-479
-526
-556
-599
-658
-769
-811
-871
-908
-1005
-1083
-1145
-1153
-1162
-1135
-1047
-928
-760
-639
-495
-362
-173
5
238
404
557
601
589
507
508
530
521
397
250
188
198
165
87
60
119
138
-2
-155
-138
11
45
-113
-245
-185
-39
-9
-68
-45
106
228
270
277
344
429
447
393
336
310
252
178
140
160
159
107
87
101
130
125
78
45
14
-32
-82
-129
-146
-154
-136
-115
-68
10
91
231
358
490
585
648
664
666
644
606
547
504
457
421
394
390
393
411
430
413
389
364
352
323
276
208
160
109
74
44
25
24
37
42
33
30
13
-12
-61
-128
-197
-282
-349
-417
-472
-504
-507
-493
-484
-531
-573
-634
-685
-777
-877
-1024
-1138
-1250
-1322
-1358
-1307
-1152
-1009
-789
-592
-355
-163
22
163
370
542
682
685
627
537
485
512
511
437
317
267
272
285
160
58
66
124
-6
-251
-352
-218
-61
-111
-229
-189
41
175
164
154
274
431
423
312
292
372
402
287
178
179
226
228
182
164
231
264
222
153
78
41
44
20
-67
-125
-133
-71
11
41
53
114
210
282
320
331
459
588
726
750
786
823
815
815
721
664
564
546
481
429
339
301
310
328
306
249
235
290
334
315
280
270
260
234
194
153
138
122
126
68
45
24
8
-61
-175
-264
-348
-380
-472
-519
-582
-587
-577
-642
-701
-819
-853
-1010
-1122
-1347
-1371
-1424
-1353
-1313
-1158
-943
-697
-458
-296
-74
40
225
351
569
710
737
656
554
537
554
540
382
232
185
228
154
-47
-198
-117
-5
-128
-392
-459
-191
43
13
-116
-5
290
424
308
230
380
587
555
350
289
441
553
469
275
225
285
324
243
129
97
135
147
75
-41
-81
-15
18
-2
-72
-51
62
134
126
121
175
285
353
344
360
515
692
776
719
650
662
679
612
461
338
321
326
300
221
210
288
363
358
276
241
243
297
241
154
120
157
215
205
200
204
242
235
178
85
58
40
-2
-125
-250
-322
-360
-372
-435
-493
-527
-492
-525
-568
-693
-769
-873
-966
-1127
-1256
-1358
-1388
-1390
-1356
-1218
-1002
-721
-525
-320
-198
-17
33
146
280
518
723
677
588
469
582
587
469
189
59
48
12
-163
-390
-364
-138
-25
-227
-417
-317
35
145
-2
-132
58
336
376
221
200
440
638
545
317
293
446
495
302
110
83
170
155
67
-15
55
141
115
-4
-83
-37
14
11
-85
-128
-37
99
144
127
165
292
407
423
422
467
584
722
735
716
675
715
676
620
501
460
430
390
332
284
265
282
289
284
290
342
382
359
363
322
332
320
303
258
244
263
262
234
171
113
61
2
-79
-167
-278
-324
-386
-418
-489
-507
-526
-507
-541
-628
-754
-893
-959
-1056
-1123
-1267
-1316
-1355
-1280
-1144
-963
-720
-500
-303
-198
-121
-62
-19
178
461
764
822
682
568
632
737
570
251
-40
-32
39
-62
-322
-371
-90
175
77
-235
-340
-65
194
106
-110
-45
304
523
439
328
477
721
696
423
234
309
413
307
81
33
189
283
213
56
20
97
137
1
-164
-174
-24
84
50
-1
40
205
269
215
139
192
343
395
392
418
611
785
823
705
627
645
635
512
356
290
388
450
417
321
307
392
439
373
254
260
350
392
330
300
349
408
434
355
292
265
278
243
139
63
46
10
-53
-146
-218
-294
-399
-497
-570
-638
-658
-667
-688
-737
-792
-853
-978
-1112
-1205
-1267
-1351
-1365
-1367
-1235
-1047
-758
-521
-304
-167
-30
0
46
234
558
802
736
533
505
666
678
375
54
17
171
145
-148
-432
-298
60
170
-144
-411
-276
50
99
-91
-149
126
421
430
275
282
496
597
427
197
218
365
341
134
10
86
196
159
14
-120
-78
12
-11
-133
-207
-99
41
64
-1
-12
60
139
124
76
63
150
249
310
434
577
672
665
566
514
507
488
385
286
290
358
406
369
302
277
339
328
228
125
137
256
307
310
308
350
332
292
256
214
217
217
198
155
147
144
92
-1
-73
-94
-170
-262
-349
-417
-484
-520
-547
-566
-549
-539
-573
-711
-834
-944
-1055
-1191
-1282
-1346
-1340
-1262
-1093
-887
-702
-498
-323
-204
-143
6
315
659
800
681
537
615
746
653
302
102
223
369
239
-81
-226
-59
130
3
-319
-438
-238
-19
-55
-201
-116
183
362
305
219
307
453
432
260
224
378
499
407
224
175
247
280
175
23
-11
59
125
76
-1
25
118
157
93
3
0
67
105
94
103
159
219
239
256
317
389
460
553
638
685
664
613
580
538
475
409
375
378
398
376
338
269
257
264
246
227
194
224
285
294
267
241
220
230
230
221
202
188
184
170
120
77
45
-27
-109
-217
-292
-352
-408
-462
-503
-499
-489
-485
-543
-620
-677
-771
-896
-1028
-1146
-1206
-1225
-1180
-1081
-932
-781
-625
-463
-313
-215
-151
9
383
742
800
599
509
674
809
610
247
145
361
520
352
8
-97
77
185
-67
-410
-443
-178
8
-109
-241
-114
158
250
131
72
196
320
274
175
230
409
483
372
238
217
248
230
136
40
64
129
163
127
76
88
111
90
10
-21
9
51
84
112
153
182
205
198
201
223
244
272
295
326
373
424
447
441
412
400
385
375
351
345
348
350
327
305
295
277
242
188
151
145
142
110
102
109
133
130
117
93
68
55
30
-12
-64
-74
-76
-123
-192
-226
-244
-316
-416
-473
-485
-493
-527
-605
-677
-747
-827
-928
-1028
-1165
-1281
-1322
-1277
-1106
-954
-772
-656
-551
-402
-181
156
389
402
255
255
475
644
562
348
323
518
624
439
134
31
146
195
-11
-300
-332
-133
25
-36
-211
-248
-157
-82
-114
-122
5
138
158
129
191
319
358
270
175
180
225
258
239
233
242
259
259
214
172
131
135
124
95
69
80
106
101
97
87
85
55
33
50
94
132
160
204
227
264
310
332
348
328
342
367
411
413
400
389
371
370
339
306
270
247
230
213
206
172
143
104
65
70
66
54
28
34
34
34
17
-41
-74
-125
-165
-191
-215
-216
-255
-272
-280
-308
-340
-408
-460
-498
-552
-622
-709
-763
-826
-893
-986
-1038
-1013
-949
-851
-754
-635
-523
-451
-379
-248
-59
130
184
150
169
308
429
445
392
380
435
483
427
348
308
339
320
222
89
21
78
140
126
37
11
46
76
64
36
28
44
49
50
102
174
199
157
84
68
106
158
161
141
159
196
221
190
151
135
165
159
118
88
103
148
168
142
95
51
34
34
35
44
45
48
68
96
139
144
128
122
141
188
207
216
224
239
238
227
219
214
208
188
178
186
188
176
163
147
125
123
105
102
96
71
81
82
74
47
38
41
12
-27
-56
-61
-66
-81
-124
-162
-166
-180
-214
-247
-298
-331
-364
-401
-431
-437
-468
-513
-543
-552
-529
-490
-439
-412
-410
-469
-507
-504
-409
-342
-306
-301
-287
-235
-168
-102
-61
-32
-49
-79
-36
50
142
166
133
110
161
219
218
201
200
242
272
282
298
300
288
262
237
219
227
201
185
190
201
184
143
101
75
71
60
50
25
11
19
51
76
71
80
73
56
41
66
89
106
119
115
90
57
45
58
95
99
80
65
71
96
132
159
145
102
92
103
129
149
142
137
137
137
123
95
84
90
73
54
47
55
43
14
7
-1
-5
-38
-66
-79
-67
-55
-72
-111
-156
-186
-181
-182
-229
-303
-371
-385
-384
-417
-463
-518
-549
-553
-530
-510
-554
-605
-637
-600
-541
-477
-458
-469
-473
-438
-360
-268
-204
-189
-187
-128
-37
69
146
192
219
250
291
325
363
373
365
379
408
414
421
410
389
391
393
387
372
358
350
347
335
327
306
252
186
167
183
214
192
122
65
75
95
74
21
-16
-26
-33
-24
8
27
15
1
-2
18
32
26
18
23
34
47
51
54
40
25
27
28
38
39
54
72
85
91
114
130
134
128
126
142
155
155
133
132
147
149
145
139
128
123
100
92
80
80
54
36
24
1
-16
-15
-24
-42
-52
-64
-83
-125
-152
-157
-169
-203
-237
-264
-289
-296
-340
-375
-411
-431
-477
-481
-413
-333
-328
-433
-522
-501
-361
-269
-273
-351
-376
-337
-219
-102
-49
-75
-106
-96
14
148
215
214
195
214
283
327
328
314
301
314
328
338
356
343
324
310
321
315
279
256
239
261
269
238
190
130
128
142
157
121
73
55
53
68
68
43
20
-20
-19
-19
4
37
42
34
8
20
44
66
65
44
38
40
36
35
38
45
8
-18
-24
-2
36
37
33
43
66
63
60
63
60
59
39
44
59
68
69
40
34
22
13
1
-14
-39
-74
-86
-102
-116
-137
-193
-204
-221
-238
-279
-328
-355
-384
-391
-441
-487
-526
-543
-538
-525
-513
-509
-523
-568
-581
-543
-469
-432
-433
-440
-410
-359
-289
-248
-222
-218
-208
-188
-110
-21
13
33
40
88
154
190
214
226
255
283
325
366
376
366
363
367
377
375
368
367
366
358
350
336
315
291
288
291
276
243
209
203
202
188
176
148
121
100
74
77
76
67
27
-6
-13
-2
-8
-29
-53
-51
-33
-23
-23
-20
-18
-32
-25
-22
-21
-23
-32
-33
-26
-20
-16
-20
-30
-28
-24
5
10
5
13
30
53
52
33
24
29
54
64
67
52
34
29
17
13
-10
-42
-79
-95
-106
-121
-163
-227
-265
-276
-296
-333
-382
-432
-446
-442
-433
-419
-410
-423
-476
-510
-498
-402
-333
-326
-362
-363
-308
-237
-166
-130
-121
-110
-78
-25
41
105
132
105
116
154
185
215
227
257
262
290
310
349
355
348
356
366
372
367
363
375
387
383
359
334
311
305
310
288
270
246
237
224
218
217
193
163
129
108
110
113
118
96
60
44
36
30
21
12
-15
-24
-29
-35
-35
-42
-43
-48
-41
-39
-48
-29
-11
-11
-12
-12
-11
-19
-11
-5
5
14
16
14
3
12
24
40
22
22
43
44
53
45
28
13
0
-5
-7
-26
-46
-63
-68
-90
-124
-162
-218
-257
-286
-314
-347
-372
-418
-436
-472
-482
-444
-391
-381
-448
-526
-533
-445
-367
-358
-413
-438
-403
-320
-253
-203
-218
-219
-212
-144
-55
-6
11
5
21
53
98
129
139
141
139
172
202
233
240
234
251
264
269
260
265
279
290
307
297
282
261
253
247
252
239
209
186
169
161
158
161
138
112
97
100
103
86
70
53
32
21
17
13
7
-5
-29
-42
-43
-39
-42
-60
-80
-98
-107
-104
-94
-94
-86
-98
-105
-92
-88
-72
-69
-75
-66
-66
-67
-57
-45
-47
-50
-54
-60
-46
-34
-33
-41
-61
-76
-95
-98
-108
-106
-106
-128
-171
-201
-206
-228
-230
-243
-280
-318
-347
-376
-394
-423
-447
-452
-407
-354
-401
-467
-496
-427
-342
-308
-326
-345
-343
-297
-215
-159
-145
-172
-184
-132
-51
15
44
33
53
70
119
159
179
182
181
201
242
282
287
284
285
295
309
315
319
319
322
341
340
337
311
295
310
335
332
299
276
261
259
257
257
236
203
187
180
179
183
169
135
102
97
98
88
87
62
39
37
45
30
10
-2
8
3
-8
-3
-8
-8
-18
-24
-15
-22
-37
-38
-48
-42
-15
-1
-1
-26
-33
-27
-8
-6
-13
-17
-24
-19
-16
-28
-48
-66
-80
-91
-98
-87
-104
-122
-153
-166
-183
-190
-219
-247
-267
-289
-295
-312
-348
-371
-379
-360
-319
-324
-376
-429
-411
-345
-296
-304
-310
-312
-286
-222
-160
-121
-129
-135
-100
-38
25
54
64
76
92
128
159
185
182
193
204
235
263
267
275
270
277
296
301
301
295
290
308
298
300
279
268
270
274
273
260
254
239
229
216
227
228
210
184
171
169
172
159
133
105
92
81
81
80
67
56
25
27
31
30
23
0
-8
0
9
12
5
6
2
-15
3
-10
-14
-8
-33
-29
-22
-17
-23
-43
-56
-65
-48
-57
-51
-48
-66
-72
-73
-81
-111
-130
-158
-168
-166
-185
-206
-248
-284
-298
-310
-327
-348
-388
-416
-424
-433
-446
-486
-500
-457
-407
-401
-447
-493
-473
-414
-356
-348
-362
-377
-364
-293
-230
-189
-202
-213
-183
-111
-43
3
8
9
32
69
116
130
145
137
172
188
227
242
239
244
225
249
264
263
251
243
255
269
277
251
233
223
227
233
219
201
187
176
172
177
169
159
142
130
131
137
130
109
87
85
85
92
101
90
69
61
54
62
65
51
49
41
45
43
49
24
21
13
8
19
16
12
20
21
21
15
10
-2
-9
-10
-18
-16
-17
-29
-41
-44
-44
-52
-61
-71
-98
-107
-109
-108
-125
-151
-169
-191
-206
-229
-252
-273
-298
-323
-342
-362
-384
-397
-388
-352
-329
-346
-396
-399
-362
-316
-278
-280
-283
-267
-231
-170
-133
-124
-124
-112
-73
-34
22
42
56
63
74
104
142
170
175
197
212
236
255
280
281
278
276
293
306
292
293
296
292
294
286
275
257
248
261
268
259
237
234
222
224
216
200
191
172
156
150
138
136
123
97
95
97
98
95
89
84
73
67
75
77
85
85
80
77
93
108
110
93
86
105
101
89
84
75
87
94
88
80
71
64
56
52
51
57
45
25
9
-3
-18
-28
-60
-91
-106
-105
-107
-126
-148
-176
-214
-230
-247
-258
-269
-309
-333
-342
-344
-369
-398
-416
-405
-354
-347
-377
-425
-426
-378
-343
-316
-325
-319
-300
-268
-223
-178
-137
-128
-120
-88
-32
27
50
61
63
64
91
115
145
150
147
151
156
189
188
190
193
185
188
188
197
194
192
180
169
165
146
146
145
144
146
135
128
111
106
118
128
118
112
118
113
111
105
113
93
66
54
57
54
50
45
27
24
24
24
12
-6
-9
2
15
15
18
16
28
28
36
44
49
50
47
49
49
53
40
34
20
21
20
12
9
15
2
-3
-10
-29
-42
-75
-86
-101
-107
-115
-144
-162
-191
-222
-236
-263
-274
-297
-326
-343
-353
-356
-371
-396
-411
-381
-344
-342
-385
-403
-400
-358
-337
-322
-322
-317
-301
-282
-231
-199
-182
-177
-160
-110
-61
-29
-2
11
23
52
86
113
113
121
136
168
192
197
185
200
206
216
218
210
212
212
224
231
236
218
207
209
202
208
214
195
170
156
163
161
158
145
142
145
134
138
144
135
134
117
125
132
144
133
113
100
105
109
88
84
75
73
88
81
83
72
63
63
80
89
86
90
91
93
98
103
97
94
88
92
105
102
99
84
69
65
55
62
56
63
41
22
-4
-12
-16
-24
-42
-69
-91
-121
-119
-138
-157
-188
-214
-234
-244
-264
-285
-301
-311
-298
-285
-280
-302
-317
-307
-274
-242
-245
-260
-257
-235
-197
-159
-158
-154
-139
-112
-66
-34
-11
-14
-1
27
62
97
108
116
133
151
177
189
191
177
193
199
206
218
200
191
182
193
199
197
189
175
184
178
181
183
174
165
152
157
150
148
138
117
131
136
137
131
128
126
123
133
135
135
137
132
140
139
142
136
140
125
102
100
102
86
90
83
86
88
67
70
52
57
60
57
54
53
59
60
60
59
63
54
39
54
53
42
36
31
20
11
4
-4
-21
-42
-55
-66
-63
-75
-98
-109
-132
-157
-161
-182
-198
-221
-251
-268
-287
-305
-319
-328
-322
-323
-317
-322
-337
-340
-330
-316
-296
-289
-284
-273
-254
-239
-231
-209
-201
-190
-164
-124
-98
-83
-69
-48
-25
-1
7
23
36
57
79
89
119
130
127
134
153
160
153
169
170
175
166
145
153
159
146
148
146
156
158
156
153
154
151
128
135
132
136
117
120
116
109
106
87
92
92
91
96
103
101
84
86
90
96
98
89
94
85
75
73
81
85
66
61
56
54
59
60
52
50
47
48
47
48
40
47
46
58
44
45
47
29
27
11
19
8
8
1
-5
-3
-9
-11
-27
-28
-36
-38
-50
-55
-73
-97
-100
-95
-113
-139
-160
-164
-171
-185
-191
-195
-191
-192
-214
-216
-212
-192
-176
-176
-175
-161
-153
-153
-133
-117
-106
-108
-100
-90
-64
-36
-14
-14
-11
7
29
59
85
90
95
95
113
123
135
155
145
142
138
147
166
162
154
152
137
131
138
146
142
141
130
131
137
135
136
124
130
139
133
126
133
135
128
124
124
131
130
123
129
134
137
128
124
128
133
124
135
133
141
136
133
144
132
134
130
128
110
109
110
109
105
101
107
101
106
98
102
101
96
91
76
80
89
71
68
57
53
48
25
21
21
9
2
2
-2
-4
-17
-22
-31
-41
-53
-52
-62
-76
-81
-95
-104
-117
-131
-149
-157
-167
-177
-182
-196
-187
-184
-190
-202
-204
-190
-176
-173
-184
-186
-166
-157
-140
-123
-130
-117
-115
-101
-79
-53
-61
-65
-37
-16
10
34
59
61
59
50
70
114
124
126
98
97
116
126
129
124
100
79
102
121
118
117
100
95
106
115
116
109
105
101
105
116
112
110
92
90
94
104
98
65
74
75
85
86
77
72
65
82
86
94
87
71
70
75
83
75
65
53
45
48
46
38
35
26
22
26
22
15
12
5
-11
-13
-3
-3
-18
-32
-45
-47
-34
-50
-88
-84
-81
-84
-75
-80
-82
-91
-84
-91
-98
-91
-98
-104
-98
-110
-113
-120
-123
-121
-125
-134
-141
-147
-150
-159
-154
-139
-132
-114
-133
-144
-141
-121
-102
-89
-98
-89
-80
-66
-28
-11
-4
-23
-19
2
23
44
63
72
80
86
102
119
124
122
124
138
148
147
146
139
140
140
130
120
115
123
119
119
122
126
108
104
115
116
121
110
117
111
110
114
123
123
107
110
107
104
111
112
102
90
87
91
103
100
111
109
108
120
109
110
108
106
109
103
105
99
100
95
89
75
80
75
75
70
65
65
69
70
55
50
43
47
29
24
6
2
-4
-12
-12
-23
-34
-37
-44
-34
-26
-34
-32
-41
-43
-37
-39
-45
-45
-48
-43
-32
-46
-48
-53
-60
-66
-73
-78
-81
-77
-91
-86
-91
-102
-100
-105
-96
-85
-84
-77
-60
-60
-61
-57
-54
-48
-36
-31
-31
-23
-21
-3
13
30
42
31
40
52
69
76
78
85
82
87
93
94
92
88
77
74
81
82
79
73
72
72
79
87
89
83
77
84
84
87
95
95
93
94
88
92
102
94
97
101
95
91
94
97
94
92
100
93
99
92
94
103
104
103
84
71
66
65
64
51
34
29
22
17
21
11
8
14
5
-9
-21
-27
-17
-38
-52
-59
-59
-58
-63
-75
-78
-89
-87
-90
-95
-87
-93
-73
-84
-83
-69
-69
-77
-76
-68
-71
-68
-63
-72
-78
-73
-72
-68
-69
-90
-94
-92
-101
-101
-97
-89
-91
-101
-92
-95
-90
-91
-94
-87
-70
-62
-54
-47
-54
-53
-41
-25
-29
-21
-8
-3
5
4
9
7
5
9
10
12
10
13
9
6
1
-3
-8
-7
-15
-24
-15
-15
-22
-27
-12
-16
-19
-14
-15
-6
-5
1
1
7
15
7
1
1
6
4
9
12
18
17
18
13
24
24
33
46
47
53
51
59
49
56
50
51
54
55
61
52
47
52
51
45
37
39
45
44
41
27
22
29
27
16
8
1
-2
-7
-23
-21
-29
-30
-30
-35
-31
-38
-33
-26
-30
-27
-29
-34
-21
-30
-34
-22
-18
-15
-22
-29
-29
-29
-38
-27
-26
-36
-40
-47
-49
-45
-36
-43
-51
-57
-43
-26
-18
-22
-20
-4
-7
0
9
15
17
22
32
29
32
27
39
40
47
45
54
62
57
51
41
37
41
36
24
24
21
16
11
11
21
14
15
12
13
21
11
7
25
28
27
29
20
24
35
44
47
44
33
43
40
42
50
45
43
40
46
53
56
62
58
44
68
57
61
66
60
63
52
64
56
54
44
51
43
48
50
39
42
44
32
22
16
15
22
10
6
5
3
-18
-16
-22
-36
-27
-41
-38
-39
-37
-21
-27
-26
-25
-21
-30
-28
-15
-17
-15
-5
-8
-7
-12
-8
-13
-17
-20
-17
-19
-26
-21
-26
-27
-33
-29
-25
-33
-31
-18
-26
-20
-8
-11
-12
-4
-4
0
5
4
14
9
3
8
10
6
10
14
9
11
21
16
3
-7
-2
-13
-19
-21
-30
-40
-35
-39
-50
-55
-69
-60
-51
-49
-45
-52
-54
-55
-44
-49
-59
-44
-59
-50
-46
-50
-52
-51
-49
-52
-57
-60
-59
-64
-50
-52
-45
-39
-41
-41
-35
-30
-22
-14
-15
-13
-10
-12
-9
-11
-10
-5
-13
-7
-7
-14
-14
-18
-20
-17
-27
-20
-27
-36
-37
-52
-49
-61
-60
-59
-71
-81
-72
-66
-69
-78
-66
-65
-69
-71
-61
-53
-61
-58
-54
-44
-44
-39
-41
-43
-41
-33
-28
-26
-34
-37
-31
-29
-25
-21
-31
-25
-18
-22
-15
-17
-4
-4
-2
2
8
4
2
8
9
9
6
7
14
12
12
16
9
13
3
7
10
20
21
15
10
7
0
-6
-5
-11
-18
-20
-16
-20
-21
-21
-20
-18
-13
-18
-22
-12
-9
-7
-8
-9
-8
-4
0
-8
-5
7
7
6
3
5
-3
5
9
10
19
18
23
29
21
23
27
21
28
33
25
29
33
24
32
28
23
21
25
24
14
18
23
10
9
15
2
1
6
1
0
-13
-21
-22
-28
-27
-32
-24
-34
-39
-33
-36
-32
-23
-26
-19
-16
-11
-14
1
12
9
17
4
14
14
20
18
15
26
25
22
28
34
29
34
29
27
32
30
29
30
35
27
24
22
30
27
24
28
24
30
30
28
26
25
15
8
11
13
8
16
5
-6
-7
-10
-11
-21
-21
-25
-19
-30
-30
-39
-44
-39
-45
-41
-42
-44
-45
-37
-47
-53
-43
-36
-32
-35
-39
-42
-39
-40
-46
-41
-42
-42
-38
-29
-32
-33
-36
-41
-42
-24
-22
-27
-18
-28
-33
-26
-27
-36
-38
-33
-42
-43
-34
-31
-49
-42
-43
-48
-42
-52
-38
-31
-38
-38
-41
-38
-43
-44
-52
-62
-74
-72
-67
-72
-65
-70
-75
-64
-67
-59
-59
-57
-49
-49
-43
-44
-35
-29
-20
-38
-27
-20
-21
-25
-23
-19
-15
-9
-12
-6
-5
-2
-14
-15
-9
-4
-7
-8
-4
-4
-11
-13
-6
-7
-9
-12
-9
-4
-12
-19
-25
-18
-19
-23
-27
-31
-16
-29
-36
-33
-39
-42
-45
-52
-53
-42
-38
-52
-52
-39
-46
-48
-45
-42
-47
-35
-27
-40
-42
-47
-45
-38
-42
-34
-42
-51
-38
-38
-39
-31
-32
-26
-31
-31
-33
-29
-25
-41
-28
-33
-29
-23
-24
-17
-14
-15
-19
-21
-16
-15
-18
-13
-20
-17
-23
-23
-20
-12
-13
-19
-24
-19
-19
-26
-24
-32
-32
-28
-27
-38
-38
-44
-43
-31
-29
-28
-30
-22
-24
-20
-13
-14
-7
-4
5
8
11
22
29
27
31
32
43
37
41
44
40
37
31
34
35
25
20
27
20
22
23
21
19
23
27
20
19
15
14
11
15
9
9
0
0
10
6
12
9
3
1
-3
-14
-8
-7
-7
-5
-13
-16
-7
-18
-14
-14
-17
-6
-20
-11
-9
-9
-5
2
-8
5
-12
-12
-1
0
0
0
0
-5
-6
-15
-3
0
-5
-5
-2
-6
-6
-2
-7
-23
-23
-23
-12
-16
-11
-15
-15
-9
-11
-13
-14
-9
-11
-7
-3
-11
1
4
5
6
-4
6
-1
-2
2
-15
-5
-2
-4
-2
3
-5
-8
-2
-15
-16
-9
-11
2
8
8
7
15
16
23
23
23
31
37
38
35
36
43
42
40
38
32
22
27
23
13
16
9
14
11
-1
0
-1
3
-4
-6
1
2
2
-5
-8
0
-1
-9
-20
-7
-6
-12
-14
-13
-15
-14
-16
-22
-18
-19
-18
-25
-26
-36
-35
-32
-25
-29
-32
-26
-29
-35
-29
-27
-35
-43
-35
-37
-28
-30
-34
-23
-31
-40
-40
-45
-43
-36
-30
-38
-45
-43
-51
-51
-50
-48
-58
-45
-43
-46
-37
-33
-31
-38
-46
-37
-28
-36
-28
-19
-24
-22
-15
-12
-11
-7
-8
-3
-13
-8
-9
-6
-2
-6
-7
-3
1
5
8
8
0
0
4
5
12
9
3
2
13
16
10
13
23
27
28
26
24
28
31
39
38
38
53
44
43
51
44
49
50
40
39
44
48
29
31
34
34
40
37
34
32
43
44
52
56
49
58
53
49
61
58
54
54
48
40
44
47
47
47
44
32
42
35
33
31
30
39
29
20
36
42
24
30
31
35
25
21
18
20
25
8
20
26
19
20
11
6
2
4
0
-2
5
-5
5
4
5
-3
1
12
-4
4
19
20
21
19
23
32
24
29
37
37
43
49
36
46
53
63
54
60
71
57
56
68
61
67
63
61
67
68
71
68
61
61
70
57
68
64
64
67
63
68
63
65
58
69
63
63
66
62
71
64
75
71
68
76
67
62
64
58
65
64
57
55
56
59
63
64
60
66
70
65
64
66
69
71
71
75
67
55
65
71
65
70
63
56
61
64
51
52
56
42
43
39
44
39
26
27
27
23
16
14
11
15
9
8
4
-8
-11
-12
-14
-15
-25
-20
-21
-22
-29
-40
-32
-34
-31
-26
-30
-37
-37
-28
-33
-33
-27
-19
-19
-16
-10
-13
-2
1
-4
-5
-3
2
2
1
13
12
14
16
16
21
19
17
14
21
18
23
23
18
3
10
15
9
12
2
-7
-1
-1
-7
-3
-7
-4
-14
-3
-10
-20
-15
-12
-12
-5
3
-3
7
-5
-6
0
9
10
12
-3
-3
23
11
12
12
18
13
10
26
18
15
18
18
26
30
27
23
27
26
29
30
28
30
31
22
19
18
14
10
14
8
0
0
-8
11
14
-2
2
3
5
7
-7
5
-3
-10
-9
-6
-8
-16
-15
-16
-10
-22
-30
-16
-16
-13
-8
-24
-19
-17
-26
-22
-17
-18
-4
-16
-15
-9
-11
-3
-5
-4
-4
6
-7
12
13
19
24
31
29
22
20
32
39
43
38
37
52
42
39
42
40
40
44
34
38
35
36
45
36
40
34
36
35
29
39
34
33
26
32
41
32
39
37
30
31
46
41
38
41
38
47
47
45
50
56
47
57
54
66
64
60
73
73
75
73
86
89
87
90
89
89
84
89
86
85
95
89
84
80
85
80
73
63
57
55
48
46
45
41
35
29
30
27
24
22
16
18
17
11
15
19
14
7
10
9
6
3
4
10
5
8
4
6
9
8
3
12
8
8
4
7
10
11
17
22
11
22
17
15
25
24
40
34
40
40
47
43
49
56
52
63
60
60
52
66
63
59
64
55
53
50
56
49
49
47
41
45
43
37
37
39
35
35
32
27
27
26
33
21
20
26
13
9
17
20
27
20
18
24
26
24
24
15
22
28
20
34
25
21
17
21
22
32
33
27
32
29
37
23
33
26
30
30
31
33
22
18
18
17
10
14
-4
-6
-6
-4
-4
-20
-23
-31
-34
-35
-30
-39
-39
-36
-28
-27
-29
-27
-24
-32
-25
-24
-37
-25
-31
-29
-31
-27
-26
-24
-14
-20
-19
-17
-12
-5
-15
-10
-9
-8
1
-3
-9
-3
-3
2
1
3
11
4
3
15
13
11
11
20
17
20
23
17
29
24
27
18
32
30
26
25
3
11
15
14
21
17
23
15
17
12
22
29
17
27
27
28
31
29
33
31
33
44
44
37
42
49
42
53
62
61
74
83
79
75
69
80
85
75
85
84
77
85
86
96
95
82
86
86
89
89
95
99
98
91
85
91
95
92
81
83
75
81
68
66
69
66
58
55
61
51
44
34
39
30
28
39
29
25
30
38
30
34
32
37
40
30
32
38
45
38
44
50
54
56
52
53
55
61
56
58
62
56
63
64
67
70
65
71
72
66
67
66
69
69
74
79
67
80
69
73
74
72
69
72
75
73
69
71
83
78
80
66
69
62
72
62
62
67
63
70
61
67
61
59
61
56
64
59
62
64
58
53
59
61
71
62
67
71
64
67
74
80
70
72
70
78
71
68
71
70
71
73
69
63
73
74
71
72
71
74
70
70
76
77
62
68
72
56
66
54
55
58
52
47
40
40
28
21
27
19
33
6
13
16
4
11
0
-9
-8
-7
1
-1
-1
-2
-3
-5
1
-4
-1
-9
-10
-4
-6
4
1
-1
-1
-2
6
6
11
12
-3
13
10
9
15
20
16
15
12
19
16
24
15
11
10
6
12
14
4
9
9
10
2
4
6
3
10
-5
2
-2
-3
1
-1
-4
-3
-7
-11
-15
-12
-9
-18
-8
-10
-15
-4
-11
-9
-7
-13
-10
-1
-2
-6
0
9
0
4
11
2
10
12
11
17
18
21
15
15
18
23
26
15
28
24
24
8
4
26
25
25
21
26
29
29
29
36
27
25
24
18
15
12
10
2
7
-2
-10
2
-7
-12
-7
-9
-9
-13
-14
-22
-20
-26
-22
-24
-22
-23
-23
-19
-20
-18
-19
-15
-19
-14
-6
-11
-7
-4
1
7
9
16
19
22
30
22
25
30
31
35
37
42
41
46
47
41
38
49
48
51
53
52
62
49
49
50
50
59
48
46
54
54
49
54
39
42
41
45
40
40
41
40
47
44
43
34
39
33
36
43
46
51
42
44
59
54
47
60
54
