SAMPLES:	11208
BITSPERSAMPLE:	16
CHANNELS:	1
SAMPLERATE:	16000
NORMALIZED:	FALSE
156
163
167
170
169
173
177
181
183
185
194
202
195
194
207
207
199
202
198
194
188
179
177
166
155
140
146
139
141
139
139
141
146
150
155
158
163
167
159
176
181
178
185
181
169
171
166
170
172
166
154
146
155
145
149
151
146
149
144
148
147
148
148
150
147
146
162
152
158
152
152
148
143
143
137
129
123
126
127
123
114
109
104
97
91
90
88
96
96
101
101
110
115
121
120
126
133
131
123
106
119
114
110
106
92
94
86
80
82
94
85
72
79
59
63
67
69
67
69
66
62
57
50
51
40
36
32
27
30
19
5
-4
-6
-9
-24
-15
-21
-19
-15
-18
-26
-35
-18
-21
-23
-20
-28
-34
-31
-31
-27
-38
-26
-25
-27
-22
-26
-33
-33
-35
-51
-57
-62
-52
-61
-74
-66
-74
-74
-79
-90
-93
-105
-105
-90
-79
-83
-84
-83
-83
-82
-86
-78
-82
-72
-71
-82
-72
-66
-60
-67
-69
-63
-67
-68
-67
-71
-75
-79
-79
-85
-99
-98
-113
-112
-117
-123
-121
-118
-128
-136
-130
-125
-122
-136
-135
-144
-138
-140
-141
-138
-141
-149
-143
-150
-150
-147
-149
-145
-152
-154
-150
-150
-162
-156
-154
-151
-147
-149
-137
-134
-128
-135
-127
-109
-123
-119
-103
-108
-108
-98
-99
-97
-110
-100
-101
-99
-92
-90
-91
-93
-84
-91
-91
-92
-95
-92
-90
-96
-99
-102
-95
-91
-90
-91
-77
-64
-54
-46
-43
-36
-45
-41
-37
-32
-30
-20
-9
-6
-1
-9
-1
-10
-12
-11
-15
-1
-14
-18
-18
-2
-12
-11
-10
-22
-20
-1
2
5
5
12
24
21
33
26
31
29
31
27
22
23
7
6
15
1
-8
3
-8
-2
-7
-9
2
1
5
12
4
3
2
1
1
7
1
2
5
13
20
3
10
12
16
18
7
9
6
18
11
3
11
3
3
-13
-5
-2
-5
-6
-9
-14
-19
-7
-18
-26
-28
-27
-29
-27
-32
-36
-32
-39
-50
-63
-75
-87
-93
-94
-97
-98
-109
-109
-114
-116
-120
-134
-133
-145
-144
-136
-150
-146
-136
-129
-128
-118
-123
-123
-108
-114
-101
-102
-102
-101
-95
-91
-93
-90
-96
-96
-104
-106
-104
-127
-132
-140
-141
-147
-147
-139
-147
-147
-141
-148
-141
-147
-140
-126
-128
-129
-133
-131
-129
-130
-130
-136
-142
-160
-166
-164
-167
-165
-190
-189
-196
-204
-213
-208
-215
-212
-200
-196
-194
-200
-188
-173
-174
-167
-158
-163
-150
-137
-143
-145
-145
-143
-153
-160
-159
-159
-156
-169
-176
-174
-187
-199
-198
-216
-218
-231
-235
-247
-246
-246
-241
-234
-240
-232
-221
-220
-204
-195
-181
-173
-169
-163
-172
-152
-148
-156
-145
-139
-144
-146
-154
-147
-149
-146
-138
-141
-123
-107
-120
-113
-101
-100
-95
-88
-88
-97
-86
-87
-90
-75
-76
-73
-71
-62
-61
-53
-45
-40
-29
-32
-37
-38
-31
-46
-50
-42
-43
-30
-33
-26
-23
-28
-20
-12
-9
-10
-1
3
8
25
13
7
13
5
4
13
13
9
14
15
19
17
13
14
29
31
36
39
41
41
38
53
54
52
53
45
45
50
51
65
53
56
65
69
68
57
56
44
45
35
44
37
32
43
38
28
32
30
22
18
9
22
20
18
25
38
44
41
55
48
50
52
62
67
67
63
56
51
55
42
41
45
52
43
36
36
48
52
43
63
58
66
64
67
71
75
76
75
75
68
65
55
62
56
55
36
30
44
20
9
6
5
-1
-5
-14
-10
-8
-18
-12
12
9
5
11
16
25
39
47
57
67
71
80
74
72
78
70
64
50
39
28
24
5
-10
-16
-21
-26
-36
-45
-44
-43
-51
-55
-67
-68
-57
-60
-55
-55
-54
-71
-86
-93
-89
-97
-108
-104
-124
-123
-142
-143
-147
-164
-166
-169
-167
-174
-174
-173
-178
-187
-182
-174
-171
-179
-167
-174
-167
-175
-196
-188
-184
-179
-183
-172
-176
-183
-191
-195
-198
-202
-201
-209
-213
-211
-219
-217
-217
-216
-199
-206
-206
-201
-196
-203
-199
-188
-184
-182
-185
-181
-176
-175
-179
-169
-161
-172
-172
-163
-165
-168
-160
-161
-157
-167
-175
-174
-180
-182
-183
-172
-174
-171
-160
-160
-162
-156
-162
-158
-155
-162
-164
-161
-167
-169
-163
-170
-161
-161
-155
-152
-151
-159
-153
-170
-177
-162
-164
-159
-164
-152
-154
-161
-155
-149
-143
-143
-144
-123
-121
-126
-124
-117
-113
-116
-111
-112
-112
-117
-106
-110
-118
-115
-116
-103
-95
-86
-90
-85
-79
-67
-54
-56
-49
-40
-32
-31
-21
-24
-22
-9
-3
6
-3
4
9
2
4
2
-2
15
17
21
13
18
25
14
7
-1
12
14
13
18
23
26
37
53
47
50
66
73
75
79
84
85
94
99
103
111
112
112
123
112
110
124
123
136
133
132
137
145
143
138
142
148
151
147
153
155
159
171
170
170
160
168
166
172
174
177
185
179
194
194
190
197
197
187
192
190
190
198
184
186
199
195
200
187
201
190
192
187
200
192
184
193
187
197
186
192
188
194
188
179
176
172
164
147
152
140
129
120
119
113
105
108
109
103
111
118
114
127
129
134
137
147
143
136
138
149
140
137
133
136
132
113
122
108
96
94
88
95
108
101
109
116
121
128
137
129
135
133
144
147
142
143
144
147
145
153
159
156
168
170
162
174
179
183
194
203
194
200
207
202
217
217
213
222
226
223
222
214
201
209
215
209
204
211
214
209
200
213
204
208
214
205
210
212
214
211
210
216
202
208
219
225
238
237
242
254
254
266
273
276
283
285
299
290
293
305
314
321
325
306
311
320
308
321
327
329
332
344
357
369
381
376
388
393
392
398
410
408
407
413
425
423
418
409
423
428
432
428
428
426
427
438
440
455
447
457
450
447
457
463
469
473
473
480
483
490
504
496
499
500
508
504
510
509
513
530
542
536
524
526
530
519
525
535
524
517
521
527
516
515
511
512
509
501
507
515
508
499
495
503
489
475
482
487
472
463
480
467
459
448
451
445
425
426
434
424
414
412
402
402
395
394
400
387
372
374
368
360
353
346
349
338
346
342
344
336
344
343
337
341
339
338
338
326
318
323
304
320
314
309
311
316
323
323
323
333
336
335
340
340
352
354
349
350
354
367
373
358
368
367
359
363
369
367
375
378
375
387
370
374
371
368
381
372
380
374
375
380
389
384
385
396
387
401
403
397
395
402
399
398
406
400
388
391
394
398
405
404
411
408
415
411
410
418
418
414
431
430
427
430
441
425
414
428
427
417
422
427
409
405
404
407
408
401
420
422
422
417
415
414
415
407
397
397
392
395
383
389
389
388
391
392
389
388
382
366
358
356
349
350
352
362
377
377
376
386
382
386
406
398
396
385
394
395
382
372
372
386
371
371
355
362
361
363
360
364
356
350
356
364
354
348
367
364
371
365
370
365
355
354
359
365
362
357
358
370
372
370
377
376
385
382
389
390
385
391
391
393
393
404
395
391
397
404
408
410
418
417
419
424
434
440
436
432
441
449
448
448
444
442
442
450
440
445
443
445
443
442
434
421
427
413
407
416
404
408
414
404
407
413
409
401
405
409
405
401
403
407
405
398
388
392
397
394
391
395
388
392
393
387
393
391
406
408
400
401
392
398
394
391
385
393
385
393
397
391
392
389
395
390
390
383
379
378
382
398
389
386
383
366
371
370
369
363
370
375
375
375
372
365
382
378
376
378
365
369
371
371
372
371
383
391
387
389
391
390
388
396
390
390
382
379
374
371
368
353
355
348
351
356
352
351
352
351
335
346
344
349
355
340
344
346
362
372
365
370
376
398
404
387
389
393
386
381
382
379
381
375
368
378
377
368
383
388
375
372
379
372
387
385
392
399
393
392
371
389
381
390
384
398
406
396
405
416
414
406
411
409
405
395
410
413
406
400
401
395
392
391
398
400
405
428
421
428
433
433
434
453
451
456
455
447
449
452
458
446
455
463
451
455
460
449
440
443
450
446
442
444
453
458
454
454
462
458
457
459
465
472
473
478
482
484
489
486
488
500
490
482
480
481
485
484
481
488
482
465
471
469
465
457
449
445
441
435
445
441
435
448
449
447
447
449
442
434
424
426
423
420
414
423
404
395
397
390
389
371
373
373
358
351
361
357
342
336
349
342
326
327
319
306
301
293
284
283
258
264
263
259
259
260
265
263
262
267
259
255
252
245
240
226
225
224
228
232
226
216
218
220
232
220
225
222
232
232
225
226
221
225
210
216
211
215
215
196
195
191
185
189
186
183
177
188
179
178
187
182
176
182
188
184
174
178
181
183
186
179
176
170
180
181
179
179
170
170
167
170
159
157
160
163
165
169
160
141
147
155
153
141
155
156
143
152
142
139
143
130
125
125
122
120
109
116
111
103
95
102
85
75
83
69
74
80
83
67
75
82
76
76
75
73
75
61
53
58
55
55
57
51
63
47
56
55
39
29
25
27
18
16
10
2
-11
-21
-20
-14
-31
-32
-43
-39
-35
-39
-28
-30
-25
-23
-23
-28
-25
-29
-21
-21
-23
-13
-10
-24
-28
-27
-27
-27
-28
-20
-33
-43
-30
-43
-38
-48
-50
-49
-49
-39
-65
-56
-58
-52
-40
-47
-33
-33
-43
-47
-37
-33
-35
-36
-26
-19
-15
-14
-12
-12
-5
-4
-7
3
5
12
14
11
10
22
6
10
8
12
8
2
9
5
26
11
12
9
14
23
19
18
31
36
28
17
27
22
9
7
9
14
13
9
20
30
17
18
15
26
22
15
24
30
18
21
11
13
11
-1
12
7
2
-13
-6
2
1
-5
-6
-4
-3
4
5
7
21
20
28
33
45
47
48
63
65
68
68
64
64
64
62
56
66
55
53
46
43
47
46
46
41
41
29
40
45
38
35
42
28
39
43
39
46
48
58
61
51
47
67
62
73
66
69
73
85
84
83
84
80
94
90
89
91
94
106
115
107
108
111
99
108
125
117
111
110
117
117
115
112
104
102
97
96
93
82
71
77
68
62
60
50
54
42
41
32
24
28
38
47
33
22
21
30
34
39
41
48
36
47
52
45
43
42
34
22
26
21
11
-5
5
2
-14
-21
-22
-33
-45
-42
-27
-43
-60
-52
-56
-81
-94
-85
-97
-120
-116
-109
-114
-114
-118
-125
-135
-140
-145
-159
-166
-158
-167
-160
-164
-182
-181
-174
-182
-183
-164
-166
-174
-163
-163
-166
-159
-162
-178
-166
-152
-169
-174
-177
-188
-199
-177
-182
-195
-204
-201
-194
-223
-222
-214
-210
-209
-232
-223
-216
-227
-220
-215
-223
-225
-220
-212
-209
-224
-209
-207
-228
-239
-233
-221
-224
-219
-206
-219
-237
-238
-236
-253
-237
-241
-254
-237
-247
-241
-234
-220
-220
-219
-204
-208
-211
-199
-179
-175
-185
-167
-150
-155
-155
-147
-144
-139
-126
-133
-132
-129
-138
-111
-107
-114
-101
-96
-87
-92
-86
-81
-88
-89
-79
-59
-68
-70
-52
-44
-32
-51
-47
-21
-25
-26
-24
-18
-9
-11
-10
-2
-17
-7
2
-29
-37
-37
-53
-57
-59
-64
-58
-38
-39
-42
-38
-35
-51
-50
-27
-36
-24
-38
-40
-28
-19
-10
-6
-28
-29
-21
-29
-39
-46
-29
-37
-67
-41
-32
-36
-41
-45
-25
-40
-33
-30
-26
-13
-9
4
11
14
13
23
19
14
32
48
41
40
48
61
79
106
84
76
98
120
112
124
131
105
111
130
140
129
136
135
147
131
156
161
129
104
142
153
120
127
127
134
131
135
114
139
108
137
146
137
132
133
169
125
130
133
136
154
162
156
132
116
126
144
150
155
158
154
135
153
157
151
172
168
137
124
165
156
151
183
139
135
166
177
155
133
136
137
155
124
124
127
132
88
124
131
99
120
83
109
107
81
95
97
130
122
102
97
98
149
116
92
95
164
133
99
126
117
122
119
143
112
113
136
128
119
126
126
119
122
98
109
127
125
114
83
120
119
90
71
105
119
68
90
74
56
32
54
91
67
57
84
88
69
81
95
104
95
151
120
70
92
120
129
132
152
143
148
161
121
142
154
137
133
173
173
110
169
188
159
128
159
177
87
111
161
132
88
112
148
114
79
111
154
119
96
134
159
122
87
127
136
102
136
129
90
111
120
111
112
86
110
125
88
59
69
88
79
84
63
49
70
62
70
55
52
20
42
37
22
37
25
-11
6
32
-49
12
42
5
-20
-18
21
-20
5
34
-14
-3
27
-2
-2
-19
-12
-19
-34
-25
-30
-24
-34
-57
-55
-53
-8
-21
-60
-11
-24
-60
-103
-34
-29
-39
3
-11
-19
-64
-42
-59
-52
16
-60
-62
-9
-44
-92
-61
-41
-113
-43
-84
-95
-93
-96
-72
-168
-104
-171
-89
-110
-200
-111
-157
-150
-173
-135
-169
-224
-196
-134
-160
-251
-154
-186
-241
-201
-201
-194
-260
-217
-195
-237
-221
-251
-208
-193
-245
-222
-224
-206
-221
-257
-231
-224
-212
-227
-214
-247
-226
-167
-183
-195
-208
-213
-235
-196
-242
-250
-227
-237
-204
-256
-229
-175
-238
-290
-245
-198
-268
-206
-189
-284
-222
-264
-270
-229
-196
-226
-250
-194
-235
-235
-245
-221
-270
-225
-250
-259
-200
-216
-233
-226
-197
-144
-210
-212
-132
-236
-180
-175
-199
-192
-163
-143
-149
-137
-157
-96
-179
-155
-79
-138
-141
-137
-124
-165
-146
-128
-121
-132
-136
-140
-144
-146
-220
-132
-54
-102
-149
-159
-92
-164
-146
-93
-178
-105
-105
-136
-146
-102
-89
-109
-132
-120
-76
-79
-74
-152
-66
-75
-118
-59
-90
-98
-48
-79
-113
-13
-88
-50
-87
-75
-76
-63
-47
-139
-38
-103
-69
-43
-39
-28
-69
-51
-69
-49
-122
-64
-71
-99
-89
-118
-44
-44
-82
-112
-74
-63
-83
-45
-53
-98
-95
-95
-50
-106
-95
-109
-132
-63
-134
-84
-96
-48
-118
-121
-34
-117
-45
-98
-74
-31
-30
-68
-112
36
-88
-107
-19
-59
-81
-84
-45
-42
-18
-89
-51
-89
-93
-27
-70
-99
-86
-30
-41
-22
-40
-62
-99
-14
-64
-132
-14
-72
-64
-86
-67
-21
-8
29
20
24
-29
31
4
-54
22
38
-47
-32
50
32
-5
-23
4
-41
24
-36
-70
-7
-16
-47
-35
52
5
31
56
-44
-12
66
-26
64
104
0
41
5
72
-30
38
138
12
57
23
126
25
4
47
54
57
2
145
31
106
74
102
65
30
81
48
172
24
84
148
110
104
24
189
130
54
228
79
129
97
156
-64
203
298
19
50
179
281
-58
160
220
141
77
163
134
104
168
195
118
95
274
52
104
252
133
119
200
257
96
104
215
143
192
116
112
96
181
131
117
174
97
241
144
127
217
211
49
267
176
104
240
163
186
309
443
149
212
155
284
225
230
112
332
211
199
234
145
259
113
127
278
125
228
254
73
260
114
315
247
314
107
199
260
89
252
142
282
132
155
211
95
195
64
175
115
144
245
106
105
181
70
21
138
45
128
7
78
-8
69
123
-44
102
29
118
-38
122
77
-25
122
44
124
-42
114
-16
17
174
47
-5
83
227
53
42
159
121
61
-13
143
152
-7
42
124
114
96
182
71
70
33
105
73
8
142
167
243
59
121
224
83
60
242
134
151
187
149
79
46
145
102
82
83
173
-16
132
116
230
-109
7
204
9
91
41
106
4
181
127
79
91
80
85
133
127
105
169
74
204
122
185
35
194
66
-73
147
4
173
-42
182
152
63
-105
323
123
32
158
149
192
36
304
283
-57
258
246
86
176
160
403
7
401
45
138
270
98
290
54
348
118
334
239
73
332
279
232
193
320
268
344
290
210
248
246
401
219
241
295
367
188
347
99
419
280
150
320
106
392
45
306
164
391
177
267
216
167
396
71
525
80
338
209
372
246
85
242
200
407
161
323
6
302
271
283
108
255
263
200
148
120
294
43
239
252
83
126
370
228
171
131
300
98
295
298
171
292
180
401
258
180
323
388
157
270
260
305
217
314
408
197
254
473
249
179
415
475
222
286
457
212
301
417
364
168
302
517
228
152
382
273
231
84
244
341
98
176
145
205
397
281
257
318
245
292
526
31
294
218
247
208
275
322
308
280
240
168
268
421
174
240
348
516
142
17
437
372
204
226
327
161
341
359
136
352
168
393
230
284
505
227
169
153
297
536
164
358
256
215
155
321
221
217
438
111
295
346
113
134
162
358
77
90
280
278
407
63
195
171
235
-27
257
72
192
213
240
386
19
331
168
373
122
196
307
187
57
93
299
-119
305
239
242
239
77
343
50
331
37
268
247
146
52
16
358
-54
289
297
251
-20
43
195
221
271
127
225
-61
243
123
210
271
-129
392
135
115
147
223
-98
129
-18
-49
279
-39
262
-61
78
32
173
15
-93
320
17
143
-26
190
51
48
266
132
20
88
372
-240
19
154
176
-62
149
110
11
123
-17
32
-121
12
85
70
-243
9
79
-132
168
245
-140
123
138
-116
-171
96
382
6
-21
186
39
-127
20
445
-207
-135
376
-19
-122
-151
376
-106
243
231
100
15
210
271
-418
63
342
18
-194
321
85
-90
1
19
-41
-247
164
230
-267
51
126
101
98
-109
61
20
-17
-128
84
200
-202
84
140
-20
-156
177
-71
-106
110
229
234
-163
258
202
225
157
-93
-68
398
190
-385
195
215
-98
2
365
217
-217
-238
344
62
-57
398
164
354
-225
97
198
-146
131
107
163
-38
195
153
-8
-87
1
228
2
71
211
-67
215
-2
-26
-168
12
332
-25
74
-166
17
-309
-81
160
-161
38
20
18
-178
-204
228
246
-209
-19
49
-143
152
103
-216
143
35
-2
-115
-329
-69
21
6
-128
-144
327
88
-223
95
146
-3
119
-336
69
144
-157
-130
-96
208
-197
-8
-12
-36
-153
-126
76
-60
-306
-89
191
-113
-146
-139
22
-271
-134
9
253
29
-78
199
-22
-202
-191
133
-169
14
-29
-114
-64
-182
-248
69
303
-64
218
40
-173
-179
-1
-117
-29
-73
115
116
-237
-63
101
17
-97
147
-239
-69
177
182
-152
-386
67
278
2
-44
-150
138
-123
-182
14
74
141
51
363
206
195
31
44
-34
-26
194
-6
-22
129
211
161
-55
-242
19
5
82
-67
-152
-24
251
92
-16
330
125
-85
-31
373
-101
91
243
44
1
-83
243
-275
37
414
16
-382
34
348
-19
-136
11
39
-309
-122
58
-163
-33
-160
-286
-65
-4
-182
-177
53
145
-107
-127
209
52
-113
-65
-62
-313
-93
66
91
31
-228
-220
-257
20
106
-118
-491
-19
254
-245
-213
-16
-197
-566
-62
120
-220
-96
-39
-248
-356
-89
-76
-246
-24
-171
-77
-297
-140
117
-197
-108
-51
271
-182
-181
-153
-179
-164
-41
-115
-481
-251
83
-76
-182
99
196
-117
-367
-171
-278
-266
-246
-238
-123
-40
-218
-291
-219
-379
-175
175
104
142
-25
-92
-242
-282
-343
-218
-118
-208
-390
-216
-117
-78
20
-157
-321
-221
-283
-73
271
-228
-158
-328
-137
-310
-83
24
-450
-311
-55
-209
-308
-98
0
-95
-246
-99
-301
-212
-159
-304
-520
-417
-232
-257
-340
-229
-269
-477
-267
-177
-167
-348
-320
-266
-455
-428
-190
-190
-313
-269
-176
-382
-239
-175
-136
7
-322
-238
-110
-72
-252
-398
-109
-247
-483
-437
-213
-208
-339
-318
-315
-397
-371
-349
-520
-412
-274
-370
-326
-347
-435
-304
-277
-287
-204
-83
-135
-268
-215
-259
-336
-423
-243
-240
-177
-111
-334
-472
-470
-221
-360
-262
-311
-279
-436
-523
-372
-357
-310
-368
-464
-508
-481
-424
-255
-311
-305
-332
-251
-324
-399
-367
-301
-392
-460
-394
-368
-301
-270
-273
-223
-219
-225
-159
-152
-120
-161
-156
-227
-243
-240
-114
-139
-257
-152
-52
-9
39
187
173
175
222
361
317
263
221
136
285
328
239
323
317
280
309
317
317
251
220
187
234
183
75
160
402
353
220
31
-120
-303
-95
-155
-344
-70
-176
-260
-353
-421
-487
-446
-358
-531
-558
-613
-552
-747
-802
-686
-892
-1016
-1085
-963
-1150
-1149
-1198
-1326
-1503
-1415
-1000
-976
-988
-874
-686
-511
-75
335
318
273
541
771
745
694
741
714
729
540
346
258
333
451
315
38
-92
72
130
77
-52
-70
-89
-181
-362
-444
-459
-476
-552
-560
-660
-546
-262
-157
-157
-118
142
327
461
613
825
905
897
859
735
671
690
705
507
333
240
217
337
292
208
224
116
-6
79
113
25
-141
-321
-545
-664
-603
-725
-898
-701
-691
-885
-961
-829
-982
-1284
-1269
-1445
-1699
-1904
-1920
-1884
-1746
-1562
-1497
-1415
-1154
-602
-83
216
352
564
838
1026
1123
1055
954
878
779
544
331
278
313
307
154
20
17
197
297
182
-51
-168
-244
-343
-515
-734
-840
-958
-1026
-1156
-1154
-979
-722
-537
-512
-381
-103
208
378
539
631
668
747
777
792
814
862
807
696
613
655
717
709
617
539
471
376
306
147
55
-80
-144
-258
-401
-469
-399
-420
-555
-603
-607
-575
-681
-765
-869
-1026
-1196
-1273
-1396
-1650
-1801
-1979
-2269
-2409
-2130
-1809
-1702
-1582
-1316
-881
-296
271
580
652
881
1262
1401
1283
1160
1169
1074
788
500
324
324
380
343
54
-140
-2
227
188
-93
-234
-307
-442
-671
-880
-1031
-1098
-1123
-1284
-1385
-1264
-929
-666
-602
-458
-160
181
405
559
735
898
982
1042
1023
1000
1105
1152
1035
870
853
942
923
821
718
619
546
482
382
215
82
-23
-192
-376
-479
-429
-439
-560
-661
-622
-585
-644
-676
-710
-874
-1087
-1188
-1399
-1744
-1975
-2186
-2500
-2544
-2174
-1926
-1933
-1770
-1270
-625
57
560
726
893
1378
1752
1701
1461
1371
1445
1248
793
441
422
536
512
218
-45
-7
343
455
113
-160
-205
-187
-449
-835
-1078
-1164
-1231
-1464
-1692
-1660
-1347
-994
-855
-843
-542
23
424
571
665
928
1154
1226
1205
1220
1262
1343
1353
1217
1104
1216
1393
1306
1094
1028
1024
872
654
449
199
-41
-194
-403
-614
-680
-664
-712
-840
-859
-769
-706
-779
-828
-892
-1041
-1235
-1443
-1751
-2141
-2405
-2609
-2501
-2131
-1971
-1895
-1612
-1012
-119
642
1014
1118
1487
2099
2297
2095
1875
1798
1735
1403
844
497
577
702
490
63
-123
173
551
433
5
-210
-163
-232
-593
-998
-1240
-1274
-1376
-1669
-1851
-1615
-1122
-809
-772
-610
-99
521
862
930
1061
1362
1634
1632
1507
1540
1677
1727
1585
1439
1492
1667
1778
1581
1382
1328
1305
1127
804
507
191
-49
-320
-568
-729
-807
-816
-892
-913
-873
-689
-590
-671
-740
-848
-994
-1254
-1572
-2038
-2452
-2691
-2739
-2431
-2144
-2082
-1886
-1338
-419
521
1119
1354
1542
2176
2568
2417
2096
1912
1838
1472
834
341
323
545
426
-6
-290
-67
464
570
137
-228
-219
-227
-605
-1132
-1464
-1575
-1667
-2016
-2266
-2072
-1535
-1070
-929
-797
-273
507
1016
1085
1136
1369
1549
1564
1443
1342
1359
1407
1301
1186
1288
1568
1747
1715
1560
1536
1605
1502
1211
811
421
60
-255
-552
-836
-998
-1081
-1178
-1167
-1026
-780
-630
-611
-612
-639
-684
-866
-1159
-1585
-2143
-2588
-2864
-2807
-2428
-2147
-2126
-1878
-1131
27
1066
1611
1796
2067
2701
2976
2723
2325
2105
1916
1397
646
245
361
580
347
-152
-276
194
726
676
164
-172
-119
-254
-744
-1262
-1547
-1651
-1841
-2210
-2274
-1825
-1139
-734
-637
-319
385
1164
1518
1533
1556
1697
1716
1573
1446
1362
1316
1265
1143
1127
1393
1752
1890
1777
1682
1753
1735
1537
1161
721
235
-248
-593
-859
-1105
-1277
-1351
-1387
-1270
-1010
-721
-543
-552
-547
-556
-651
-892
-1227
-1726
-2391
-2893
-3077
-2833
-2490
-2296
-2206
-1786
-867
363
1319
1745
1884
2282
2802
2801
2431
2092
1848
1415
726
93
-98
68
143
-217
-580
-479
100
451
192
-264
-462
-538
-870
-1391
-1760
-1990
-2185
-2461
-2651
-2434
-1839
-1211
-876
-638
-143
669
1260
1492
1511
1542
1541
1415
1282
1178
1069
935
807
751
892
1202
1440
1450
1355
1333
1368
1270
1011
630
186
-328
-736
-967
-1146
-1320
-1466
-1514
-1436
-1220
-927
-719
-681
-748
-798
-899
-1163
-1522
-2027
-2594
-3097
-3183
-2780
-2490
-2432
-2172
-1472
-428
655
1395
1739
2019
2568
2908
2666
2244
2028
1889
1325
466
17
106
251
87
-286
-468
-147
355
398
-60
-428
-466
-672
-1249
-1793
-2043
-2109
-2332
-2653
-2623
-2134
-1438
-904
-616
-231
481
1226
1603
1651
1720
1808
1680
1342
1108
1127
1149
954
700
740
1054
1446
1661
1668
1608
1648
1708
1539
1157
762
350
-155
-634
-943
-1040
-1145
-1278
-1292
-1115
-849
-519
-232
-136
-181
-249
-331
-542
-912
-1373
-2007
-2665
-3101
-3102
-2661
-2311
-2191
-1952
-1259
-152
960
1716
1973
2056
2414
2686
2476
2055
1740
1437
916
260
-35
132
377
319
30
-112
196
644
713
234
-303
-567
-847
-1320
-1810
-2062
-2216
-2398
-2577
-2386
-1794
-1032
-464
-132
224
796
1435
1749
1733
1645
1528
1336
1119
1017
1096
1142
1023
946
1188
1590
1921
2102
2068
1855
1729
1602
1322
904
402
-97
-631
-955
-1056
-1040
-1062
-1128
-1021
-799
-494
-267
-117
-156
-374
-608
-844
-1162
-1596
-2178
-2824
-3272
-3179
-2502
-1987
-1873
-1661
-845
382
1428
2020
2163
2298
2653
2755
2402
1891
1675
1517
956
215
-64
342
703
527
139
21
370
701
550
-7
-574
-851
-1239
-1804
-2247
-2350
-2309
-2452
-2551
-2200
-1423
-639
-111
232
605
1129
1625
1834
1757
1633
1484
1227
1012
1034
1211
1275
1172
1150
1423
1810
2075
2140
1980
1718
1452
1179
832
403
-50
-577
-1024
-1230
-1169
-1036
-1009
-975
-819
-587
-347
-183
-137
-300
-658
-986
-1321
-1705
-2191
-2737
-3267
-3548
-3099
-2318
-1909
-1782
-1306
-259
881
1680
1958
1919
2175
2422
2233
1699
1272
1292
1124
492
-71
44
634
810
515
167
199
518
515
18
-695
-1101
-1386
-1899
-2452
-2693
-2560
-2452
-2523
-2399
-1775
-929
-306
47
326
702
1140
1349
1333
1257
1182
995
700
626
880
1214
1288
1199
1358
1739
2039
2152
2061
1765
1390
1065
696
320
-74
-461
-872
-1158
-1131
-872
-687
-636
-516
-327
-191
-111
-43
-117
-437
-892
-1274
-1605
-1936
-2315
-2840
-3322
-3467
-2951
-2072
-1612
-1499
-1195
-357
666
1398
1709
1540
1530
1736
1683
1336
976
1004
974
530
89
128
655
888
590
170
-86
4
40
-335
-1052
-1624
-1939
-2293
-2615
-2738
-2540
-2372
-2353
-2169
-1650
-919
-371
-58
161
297
508
706
783
812
764
665
552
699
1132
1444
1464
1412
1552
1716
1755
1674
1421
1028
611
177
-175
-443
-593
-781
-1097
-1221
-1011
-669
-514
-522
-485
-453
-510
-561
-687
-940
-1345
-1729
-2154
-2571
-2937
-3242
-3503
-3446
-2689
-1975
-1738
-1622
-1021
182
1159
1453
1271
1213
1714
1934
1577
999
779
1067
965
387
55
443
989
830
227
-155
2
165
-260
-1075
-1703
-1891
-2122
-2526
-2877
-2837
-2470
-2320
-2258
-1903
-1198
-523
-195
-53
160
472
691
714
718
789
772
679
671
957
1401
1611
1514
1477
1668
1849
1822
1565
1214
778
369
2
-284
-476
-661
-922
-1103
-980
-666
-393
-323
-305
-213
-195
-263
-363
-473
-738
-1151
-1536
-1812
-2048
-2301
-2685
-3141
-3364
-2928
-2014
-1544
-1564
-1492
-857
190
911
1187
1008
980
1363
1447
1233
933
969
1150
843
338
225
600
935
633
41
-371
-393
-344
-622
-1238
-1776
-2006
-2244
-2411
-2502
-2330
-2039
-1967
-1847
-1486
-959
-457
-175
5
98
184
349
534
771
892
857
875
1148
1476
1699
1761
1721
1715
1675
1548
1296
1010
737
337
-125
-468
-547
-504
-608
-799
-808
-601
-399
-269
-251
-316
-438
-570
-724
-967
-1222
-1519
-1835
-2289
-2722
-3087
-3354
-3412
-2852
-1952
-1664
-1709
-1442
-410
899
1504
1417
1072
1278
1872
1853
1425
982
1061
1262
779
258
341
941
1110
446
-261
-478
-205
-231
-923
-1771
-2239
-2275
-2415
-2601
-2629
-2372
-2039
-1998
-1741
-1174
-517
-54
-1
100
226
368
515
612
770
756
623
633
1032
1643
1909
1780
1587
1684
1826
1711
1434
978
563
164
-305
-557
-601
-526
-616
-899
-845
-478
-67
123
38
-38
-130
-189
-275
-443
-693
-1031
-1380
-1742
-2010
-2186
-2479
-2925
-3262
-2785
-1822
-1386
-1415
-1325
-593
463
1082
1205
1006
1153
1606
1533
1103
824
1056
1354
900
273
238
700
977
590
-5
-393
-459
-521
-913
-1515
-1937
-2080
-2291
-2484
-2488
-2205
-1812
-1716
-1553
-1204
-818
-447
-228
-32
24
-90
-56
124
431
639
619
730
1049
1390
1642
1677
1639
1623
1478
1190
778
477
308
-16
-482
-821
-826
-630
-605
-652
-616
-514
-374
-285
-289
-427
-627
-799
-1004
-1302
-1562
-1757
-2006
-2388
-2842
-3280
-3613
-3636
-2857
-1952
-1746
-1917
-1771
-669
712
1411
1385
949
1125
1730
1829
1526
1067
1187
1372
808
251
248
800
1034
374
-492
-950
-848
-756
-1213
-2033
-2643
-2817
-2832
-2808
-2756
-2472
-2124
-2055
-1798
-1370
-819
-369
-214
-58
-95
-182
-47
237
613
663
442
455
883
1499
1780
1624
1365
1326
1301
1124
771
354
99
-267
-726
-984
-1000
-735
-689
-883
-904
-793
-475
-301
-295
-389
-669
-843
-916
-983
-1131
-1383
-1678
-2006
-2335
-2637
-3048
-3606
-3841
-3108
-2191
-1969
-2207
-2159
-1121
268
1055
1030
529
774
1491
1595
1183
609
811
1172
679
135
4
507
891
417
-315
-916
-941
-770
-1131
-1883
-2547
-2786
-2768
-2734
-2663
-2434
-2169
-2022
-1690
-1291
-952
-667
-510
-249
-283
-500
-512
-275
246
495
420
536
860
1382
1737
1650
1477
1333
1244
994
487
155
19
-230
-582
-893
-850
-588
-496
-451
-488
-559
-476
-386
-411
-625
-929
-1113
-1273
-1471
-1617
-1779
-2012
-2383
-2807
-3255
-3742
-4003
-3391
-2393
-2015
-2210
-2299
-1403
140
1273
1501
985
921
1580
1962
1751
1157
1055
1393
1078
458
181
533
1058
770
-43
-892
-1160
-948
-1066
-1695
-2521
-3024
-3061
-2900
-2687
-2389
-2115
-1971
-1699
-1264
-867
-547
-355
-79
-18
-294
-432
-271
294
735
677
540
644
1157
1719
1808
1539
1173
979
915
632
241
-18
-205
-424
-694
-829
-637
-437
-290
-271
-476
-596
-521
-263
-201
-538
-867
-1019
-1007
-968
-1054
-1291
-1629
-1989
-2282
-2829
-3579
-4048
-3740
-2747
-2198
-2302
-2438
-1865
-368
1109
1638
1152
703
1270
1927
1851
1226
783
1122
1212
849
493
534
1123
1282
761
-212
-954
-889
-834
-1290
-2154
-2893
-3053
-2881
-2510
-2138
-1931
-1786
-1514
-1003
-650
-539
-479
-328
-153
-327
-602
-656
-240
515
916
934
860
1125
1785
2178
2053
1539
1099
946
756
501
196
-56
-152
-232
-263
-232
-160
10
132
-4
-374
-645
-602
-501
-554
-875
-1192
-1281
-1168
-967
-1058
-1418
-1824
-2141
-2545
-3287
-3959
-4102
-3321
-2307
-1960
-2136
-2124
-1039
740
1921
1871
1067
949
1611
1952
1673
1029
934
1265
1248
965
671
933
1409
1286
424
-782
-1373
-1360
-1438
-1911
-2761
-3345
-3382
-2912
-2194
-1747
-1596
-1566
-1276
-800
-593
-632
-704
-577
-410
-526
-734
-643
109
1041
1477
1370
1089
1314
1927
2215
1853
1046
493
386
427
355
62
-101
-69
44
93
-42
-99
26
105
-164
-725
-1023
-926
-632
-532
-779
-1069
-1174
-929
-631
-753
-1251
-1809
-2184
-2583
-3243
-3952
-4280
-3582
-2306
-1549
-1620
-1846
-1091
622
2055
2104
1061
471
911
1534
1555
957
703
1113
1519
1489
1117
1053
1368
1427
740
-575
-1604
-1903
-1820
-1844
-2355
-2984
-3205
-2750
-1837
-1170
-1062
-1339
-1400
-1067
-820
-924
-1210
-1222
-863
-555
-510
-479
86
1118
1950
2112
1650
1323
1565
2011
1982
1276
510
228
416
699
681
487
375
448
545
359
-18
-250
-243
-318
-716
-1166
-1312
-1046
-627
-429
-593
-935
-1024
-795
-679
-991
-1597
-2120
-2473
-2831
-3296
-3794
-3797
-2809
-1426
-672
-846
-1139
-500
998
2166
2016
931
248
582
1324
1643
1362
1144
1435
1811
1801
1429
1111
1055
894
182
-940
-1882
-2243
-2064
-1786
-1830
-2183
-2449
-2189
-1466
-797
-683
-1135
-1592
-1610
-1312
-1091
-1153
-1194
-823
-238
213
439
756
1325
1952
2237
1892
1304
1070
1331
1624
1506
1055
665
659
978
1292
1272
949
574
344
193
-60
-355
-576
-671
-724
-758
-779
-793
-651
-387
-236
-445
-880
-1177
-1221
-1173
-1288
-1610
-2049
-2398
-2598
-2766
-2961
-2816
-1897
-775
-299
-600
-970
-480
787
1852
1862
979
403
733
1527
2027
1847
1505
1417
1462
1400
1120
750
428
173
-177
-727
-1347
-1756
-1683
-1356
-1153
-1359
-1857
-2099
-1824
-1275
-1002
-1314
-1799
-1894
-1524
-1022
-756
-643
-392
36
476
746
867
1047
1382
1742
1830
1565
1291
1313
1524
1719
1707
1473
1169
976
966
968
772
422
47
-266
-474
-594
-668
-746
-834
-866
-876
-974
-1058
-1043
-950
-907
-943
-1073
-1223
-1271
-1187
-1031
-1067
-1367
-1826
-2273
-2626
-2822
-2493
-1579
-768
-532
-815
-970
-338
867
1793
1676
827
290
447
921
1182
1059
888
860
843
787
724
624
533
347
-14
-474
-1010
-1424
-1571
-1523
-1366
-1407
-1716
-1993
-1958
-1543
-1156
-1144
-1389
-1540
-1422
-1124
-858
-678
-425
-134
220
570
808
1041
1305
1563
1724
1727
1660
1564
1415
1418
1590
1707
1530
1088
755
703
742
618
207
-344
-721
-828
-843
-963
-1170
-1254
-1152
-1052
-989
-965
-931
-840
-704
-587
-622
-830
-992
-1017
-983
-1059
-1369
-1842
-2341
-2682
-2751
-2241
-1288
-542
-368
-686
-901
-401
568
1263
1045
284
-152
-21
436
788
854
870
935
971
989
878
678
448
165
-144
-537
-1047
-1514
-1757
-1667
-1365
-1213
-1372
-1628
-1675
-1389
-1083
-1082
-1240
-1372
-1329
-1128
-943
-732
-478
-138
292
657
851
925
1065
1299
1544
1674
1615
1422
1180
1150
1374
1529
1419
1024
600
329
167
49
-220
-635
-1012
-1169
-1189
-1186
-1165
-1110
-986
-844
-724
-650
-673
-681
-605
-544
-533
-694
-904
-1040
-1083
-1086
-1181
-1479
-1981
-2505
-2886
-2890
-2280
-1424
-921
-1012
-1418
-1453
-788
186
715
438
-135
-362
-134
349
693
807
864
847
821
766
605
394
173
-64
-314
-641
-1061
-1434
-1609
-1470
-1136
-979
-1106
-1363
-1510
-1397
-1191
-1098
-1165
-1321
-1379
-1272
-1017
-693
-375
-72
256
570
776
885
962
1112
1320
1454
1444
1230
977
908
1055
1199
1068
693
298
54
-27
-54
-225
-506
-743
-786
-713
-642
-597
-542
-433
-338
-269
-257
-325
-426
-470
-411
-340
-401
-563
-766
-910
-954
-1037
-1291
-1754
-2325
-2782
-3041
-2901
-2215
-1434
-1006
-1052
-1296
-1099
-383
420
761
409
-89
-304
-140
280
636
811
877
856
852
901
845
692
447
190
-4
-282
-657
-967
-1067
-907
-639
-535
-635
-886
-1093
-1130
-1039
-936
-944
-1111
-1261
-1214
-946
-536
-209
35
284
537
704
735
709
783
964
1111
1107
934
738
738
937
1143
1170
1016
755
486
338
298
263
109
-92
-230
-270
-238
-186
-145
-139
-120
-99
-148
-291
-471
-560
-558
-549
-580
-679
-810
-948
-1031
-1061
-1157
-1429
-1880
-2353
-2734
-2973
-2768
-2048
-1291
-859
-925
-1162
-1037
-466
273
580
280
-160
-375
-188
288
711
981
1115
1153
1234
1307
1252
1085
785
514
367
163
-133
-437
-625
-559
-348
-163
-169
-415
-745
-947
-1002
-955
-934
-1033
-1146
-1166
-1005
-682
-326
-28
213
410
538
631
675
753
885
1056
1243
1314
1270
1245
1343
1535
1668
1602
1345
1022
765
619
514
390
247
105
15
-43
-45
-63
-129
-215
-260
-304
-372
-491
-599
-624
-563
-453
-380
-457
-617
-764
-851
-928
-1132
-1503
-1988
-2450
-2846
-3091
-2956
-2302
-1487
-932
-851
-1032
-1021
-641
-42
349
325
120
-17
120
548
1068
1514
1759
1813
1859
1881
1777
1459
1004
654
523
455
261
-32
-321
-449
-391
-256
-159
-282
-627
-1036
-1308
-1301
-1162
-1066
-1051
-1007
-851
-567
-253
12
228
412
556
670
715
741
856
1034
1293
1543
1686
1722
1658
1611
1589
1537
1377
1071
760
519
390
325
259
195
183
210
249
252
162
22
-84
-153
-188
-188
-199
-260
-336
-346
-314
-286
-346
-519
-744
-965
-1171
-1411
-1665
-1954
-2226
-2454
-2660
-2683
-2283
-1464
-661
-250
-276
-380
-221
168
660
951
993
971
986
1199
1571
1912
2088
2017
1887
1828
1755
1537
1115
631
311
247
326
402
385
255
64
-76
-89
-50
-98
-342
-692
-955
-981
-854
-713
-565
-445
-274
-41
192
384
452
437
435
488
608
745
901
1033
1134
1260
1399
1539
1587
1566
1496
1376
1240
1069
907
789
722
715
722
686
607
478
345
245
126
18
-106
-256
-396
-484
-515
-500
-498
-528
-582
-664
-738
-810
-901
-1011
-1120
-1188
-1263
-1327
-1381
-1456
-1509
-1584
-1638
-1488
-1000
-386
113
273
208
112
107
276
483
625
688
709
792
1003
1254
1417
1438
1415
1496
1615
1644
1474
1127
729
450
362
407
544
593
480
255
63
-15
-85
-245
-496
-756
-916
-970
-961
-899
-828
-771
-680
-497
-195
93
265
286
251
276
380
583
784
989
1169
1269
1363
1382
1359
1317
1235
1153
1060
985
910
801
646
524
426
353
290
193
93
-10
-140
-259
-350
-428
-460
-479
-455
-388
-301
-236
-233
-247
-259
-222
-182
-184
-252
-318
-374
-431
-509
-614
-722
-853
-1004
-1156
-1261
-1229
-930
-470
-52
196
268
285
296
332
375
425
473
534
634
817
1051
1231
1308
1248
1181
1147
1150
1123
976
728
445
197
70
67
122
152
131
80
32
-3
-98
-238
-421
-576
-640
-596
-482
-372
-276
-204
-110
0
60
102
124
137
123
113
141
212
340
468
569
662
755
830
860
816
709
601
528
491
443
429
430
433
441
447
440
414
370
285
159
50
-32
-119
-206
-237
-243
-219
-142
-85
-63
-76
-55
-47
-29
15
22
30
33
23
62
106
119
122
79
4
-69
-128
-190
-271
-363
-450
-449
-355
-201
-88
-76
-100
-151
-197
-233
-253
-262
-236
-177
-52
120
284
402
432
435
368
282
198
143
112
94
70
78
132
188
207
197
178
127
55
-10
-91
-191
-245
-258
-218
-156
-109
-80
-77
-64
-18
40
86
100
111
117
129
174
213
267
278
262
206
163
155
144
122
85
47
25
17
47
71
99
139
150
157
133
108
99
103
99
74
55
71
101
143
161
150
125
111
87
59
35
11
-28
-41
-55
-45
-53
-77
-81
-119
-141
-173
-204
-203
-238
-285
-361
-442
-494
-526
-513
-544
-572
-616
-634
-645
-645
-621
-597
-589
-604
-617
-622
-554
-483
-416
-373
-336
-314
-314
-335
-349
-321
-290
-248
-226
-194
-169
-105
-27
67
118
112
91
56
32
17
-3
-38
-60
-64
-33
6
65
142
209
280
326
327
339
343
365
367
329
293
276
287
291
305
310
317
303
282
257
224
205
182
144
112
97
93
96
101
102
97
101
92
66
40
53
61
36
11
10
37
46
53
45
29
19
-14
-68
-127
-168
-219
-268
-299
-326
-339
-360
-405
-447
-459
-469
-495
-532
-571
-572
-554
-538
-548
-574
-568
-537
-483
-407
-329
-268
-206
-154
-106
-58
-34
-42
-74
-107
-158
-196
-216
-194
-171
-128
-106
-69
-7
62
139
193
256
274
274
257
232
222
242
267
276
287
294
328
355
356
361
361
350
334
314
286
272
269
269
273
296
326
371
392
404
395
361
343
293
261
223
168
101
44
5
-11
-32
-59
-74
-91
-107
-136
-157
-183
-193
-164
-155
-153
-123
-71
-28
-2
29
55
82
83
49
14
-4
-3
-10
-8
-3
13
38
61
81
85
68
1
-87
-165
-225
-287
-317
-320
-293
-251
-223
-189
-134
-54
19
48
36
3
12
53
109
170
207
237
250
266
297
316
313
271
213
147
101
103
109
138
176
188
218
286
370
448
505
548
592
625
653
672
687
745
788
800
783
734
691
662
611
537
449
363
276
203
147
92
63
55
26
-7
-23
-43
-52
-68
-58
-60
-76
-82
-62
-6
63
102
136
150
195
245
278
314
294
273
257
248
223
225
236
208
174
114
77
60
64
78
58
28
12
9
21
31
18
9
14
35
56
60
57
29
34
26
30
39
41
31
3
-24
-59
-71
-102
-116
-119
-91
-69
-36
1
57
116
160
209
252
282
297
311
315
318
335
373
400
418
430
451
432
419
401
363
325
278
235
190
164
178
177
137
97
60
23
-15
-54
-83
-108
-130
-137
-121
-95
-60
-7
66
135
173
184
176
178
197
189
161
132
106
129
171
228
259
267
270
264
247
228
203
160
119
90
66
48
44
58
58
61
76
68
53
23
-36
-106
-189
-229
-251
-261
-260
-275
-271
-237
-182
-125
-67
-26
15
45
58
61
85
119
140
150
143
149
155
171
173
163
138
86
63
55
53
50
20
-38
-69
-59
-42
-30
-21
-39
-83
-117
-134
-147
-152
-144
-148
-154
-182
-196
-192
-183
-163
-140
-125
-127
-122
-119
-94
-47
1
46
79
93
127
191
263
321
363
376
361
373
373
355
347
326
305
300
287
293
296
285
263
228
194
142
98
42
-15
-79
-161
-236
-295
-313
-311
-306
-315
-329
-318
-302
-268
-232
-197
-169
-140
-100
-63
-7
23
45
58
46
61
79
88
98
118
112
84
82
89
100
87
77
66
42
15
-33
-72
-78
-81
-82
-102
-126
-139
-164
-171
-196
-234
-279
-342
-392
-442
-487
-502
-510
-513
-522
-502
-486
-469
-423
-399
-355
-316
-269
-230
-173
-111
-63
-45
-21
-5
10
30
57
77
87
85
76
51
44
68
78
63
16
-39
-78
-124
-168
-211
-261
-279
-311
-328
-326
-317
-289
-270
-278
-296
-308
-314
-329
-351
-354
-344
-354
-352
-344
-340
-306
-275
-248
-244
-250
-273
-287
-283
-275
-261
-243
-244
-269
-287
-277
-255
-223
-209
-207
-213
-223
-216
-168
-123
-92
-88
-105
-128
-153
-160
-200
-247
-315
-373
-406
-420
-429
-418
-391
-355
-310
-282
-278
-302
-281
-276
-283
-290
-294
-272
-258
-232
-208
-181
-163
-120
-94
-99
-110
-120
-113
-111
-117
-135
-152
-163
-175
-187
-197
-200
-204
-220
-235
-271
-288
-274
-261
-241
-217
-206
-184
-174
-180
-169
-175
-178
-178
-188
-192
-201
-201
-191
-159
-127
-128
-145
-156
-173
-161
-162
-181
-205
-232
-249
-264
-243
-215
-179
-166
-146
-127
-100
-71
-78
-109
-152
-177
-191
-212
-256
-288
-295
-309
-315
-315
-308
-313
-300
-301
-295
-266
-272
-258
-239
-224
-226
-230
-220
-200
-168
-161
-173
-190
-186
-184
-181
-163
-171
-190
-206
-209
-213
-226
-225
-227
-240
-251
-258
-273
-282
-289
-277
-263
-273
-258
-261
-252
-225
-191
-172
-176
-193
-211
-221
-245
-243
-260
-261
-263
-269
-247
-228
-219
-204
-198
-210
-221
-229
-238
-258
-262
-278
-284
-281
-267
-222
-166
-120
-102
-72
-24
14
14
1
-21
-51
-62
-82
-111
-146
-166
-174
-176
-191
-215
-222
-231
-223
-229
-233
-260
-268
-263
-252
-206
-194
-171
-146
-111
-89
-79
-69
-70
-56
-61
-84
-98
-92
-92
-121
-152
-158
-150
-162
-165
-180
-182
-180
-181
-171
-186
-192
-169
-153
-136
-134
-137
-127
-123
-128
-136
-149
-171
-182
-196
-207
-219
-232
-258
-277
-288
-303
-312
-321
-331
-346
-362
-398
-400
-382
-381
-387
-407
-400
-374
-343
-309
-296
-280
-265
-232
-204
-173
-153
-147
-130
-139
-141
-155
-151
-155
-154
-148
-160
-185
-223
-223
-220
-232
-255
-313
-356
-372
-395
-394
-394
-399
-406
-405
-400
-378
-342
-322
-315
-338
-337
-318
-293
-295
-294
-307
-309
-310
-322
-344
-359
-342
-344
-361
-378
-370
-342
-306
-281
-264
-245
-215
-196
-178
-164
-174
-185
-201
-227
-243
-261
-271
-263
-260
-258
-281
-313
-329
-352
-393
-449
-510
-553
-597
-624
-648
-668
-665
-646
-630
-618
-596
-591
-575
-570
-553
-540
-513
-472
-440
-398
-360
-324
-289
-267
-241
-212
-212
-204
-220
-222
-208
-204
-207
-213
-219
-239
-248
-271
-275
-279
-282
-305
-196
-73
-50
-97
-151
-219
-330
-319
-277
-200
-164
-150
-188
-299
-371
-421
-425
-398
-343
-286
-241
-203
-207
-211
-199
-159
-102
-62
-23
-22
-42
-70
-94
-100
-91
-74
-59
-50
-56
-63
-72
-103
-154
-190
-230
-250
-261
-280
-306
-335
-381
-392
-395
-422
-430
-475
-498
-526
-566
-575
-579
-560
-527
-482
-441
-411
-379
-321
-259
-233
-206
-209
-178
-161
-159
-161
-150
-130
-136
-145
-147
-161
-203
-246
-276
-308
-318
-287
-288
-283
-306
-319
-329
-340
-308
-302
-318
-342
-343
-366
-424
-430
-438
-459
-446
-430
-480
-476
-473
-501
-544
-572
-531
-491
-452
-410
-388
-412
-404
-387
-356
-318
-281
-297
-314
-298
-347
-327
-272
-278
-295
-271
-283
-344
-359
-352
-383
-440
-442
-467
-528
-577
-626
-667
-704
-723
-711
-756
-794
-734
-767
-744
-666
-645
-655
-609
-542
-531
-533
-485
-428
-423
-373
-376
-394
-395
-403
-367
-388
-383
-381
-377
-412
-399
-410
-439
-443
-437
-402
-414
-408
-413
-381
-385
-380
-360
-337
-340
-352
-392
-419
-383
-414
-441
-479
-504
-505
-502
-495
-452
-418
-463
-446
-393
-335
-331
-303
-268
-300
-297
-261
-240
-244
-224
-206
-204
-190
-181
-182
-168
-159
-187
-230
-222
-203
-208
-249
-278
-317
-376
-388
-382
-401
-428
-444
-466
-487
-502
-490
-456
-456
-418
-367
-331
-291
-249
-231
-209
-175
-163
-136
-140
-149
-153
-157
-181
-188
-210
-229
-206
-207
-205
-235
-277
-316
-338
-328
-321
-313
-306
-301
-308
-296
-266
-259
-226
-214
-224
-224
-249
-307
-341
-344
-362
-381
-382
-370
-378
-394
-363
-354
-342
-308
-293
-287
-290
-293
-289
-282
-282
-279
-274
-257
-256
-243
-228
-230
-240
-220
-210
-231
-225
-196
-174
-192
-231
-262
-298
-332
-358
-403
-442
-487
-519
-551
-568
-571
-573
-542
-538
-513
-486
-470
-452
-428
-397
-393
-369
-335
-321
-300
-258
-228
-223
-216
-212
-216
-247
-245
-252
-290
-292
-293
-314
-342
-351
-372
-365
-379
-376
-374
-351
-345
-345
-333
-343
-335
-363
-380
-389
-394
-416
-435
-443
-465
-459
-419
-398
-388
-379
-359
-334
-316
-308
-281
-278
-290
-291
-267
-276
-292
-301
-300
-307
-323
-322
-330
-331
-335
-335
-338
-338
-322
-318
-327
-325
-326
-343
-357
-367
-380
-408
-417
-404
-392
-391
-376
-370
-370
-332
-325
-335
-329
-329
-333
-361
-387
-402
-382
-377
-373
-362
-366
-362
-362
-384
-386
-389
-390
-391
-390
-388
-398
-396
-377
-347
-324
-295
-289
-280
-264
-252
-262
-296
-312
-312
-319
-352
-365
-393
-411
-418
-433
-432
-439
-421
-406
-403
-391
-364
-347
-336
-303
-273
-262
-270
-257
-274
-300
-273
-242
-245
-275
-272
-287
-297
-286
-280
-270
-279
-309
-361
-395
-433
-451
-452
-460
-487
-513
-525
-519
-527
-500
-457
-426
-404
-389
-374
-366
-358
-344
-341
-337
-325
-336
-332
-340
-340
-368
-393
-406
-398
-396
-388
-374
-408
-419
-435
-450
-464
-486
-485
-492
-509
-503
-512
-498
-476
-447
-429
-433
-424
-420
-427
-448
-487
-501
-511
-502
-469
-468
-486
-498
-507
-485
-455
-412
-370
-355
-349
-338
-331
-331
-302
-283
-261
-265
-299
-344
-350
-367
-373
-368
-367
-391
-424
-421
-430
-422
-426
-436
-460
-474
-485
-529
-530
-534
-555
-544
-528
-498
-456
-416
-382
-339
-304
-271
-252
-247
-227
-231
-235
-241
-274
-277
-271
-270
-259
-275
-289
-303
-315
-314
-316
-323
-335
-348
-373
-385
-390
-391
-388
-375
-372
-392
-408
-413
-416
-422
-407
-381
-378
-406
-436
-448
-459
-453
-441
-451
-455
-456
-465
-478
-481
-457
-439
-422
-396
-387
-397
-399
-407
-390
-365
-357
-340
-361
-382
-373
-388
-409
-409
-407
-414
-417
-435
-441
-461
-483
-514
-546
-558
-582
-594
-625
-640
-652
-649
-660
-646
-610
-573
-535
-515
-497
-464
-440
-429
-431
-427
-418
-408
-393
-390
-393
-384
-360
-352
-334
-324
-315
-319
-348
-360
-371
-381
-375
-382
-396
-404
-407
-417
-435
-434
-445
-464
-485
-512
-552
-584
-585
-612
-640
-652
-641
-629
-630
-630
-629
-620
-597
-542
-534
-521
-498
-469
-436
-431
-407
-388
-364
-348
-340
-351
-374
-372
-386
-395
-404
-426
-444
-457
-464
-486
-497
-517
-534
-556
-572
-612
-633
-624
-631
-625
-635
-620
-614
-597
-569
-552
-517
-497
-470
-460
-449
-439
-436
-422
-424
-415
-428
-440
-447
-453
-462
-454
-465
-461
-455
-443
-417
-417
-398
-376
-354
-340
-336
-330
-305
-284
-275
-271
-277
-281
-296
-307
-324
-335
-358
-377
-411
-441
-461
-498
-517
-516
-521
-524
-527
-532
-537
-526
-497
-483
-468
-459
-447
-435
-408
-384
-383
-372
-358
-355
-348
-345
-354
-356
-374
-389
-393
-401
-405
-412
-416
-428
-442
-451
-470
-487
-513
-526
-538
-558
-568
-563
-536
-528
-504
-470
-429
-407
-396
-391
-369
-352
-361
-345
-346
-362
-371
-382
-376
-369
-372
-362
-345
-331
-318
-312
-302
-298
-301
-284
-269
-258
-253
-249
-236
-231
-203
-179
-173
-162
-175
-181
-195
-208
-226
-248
-267
-290
-302
-299
-300
-303
-308
-303
-296
-293
-287
-288
-265
-257
-257
-257
-252
-237
-233
-230
-212
-203
-179
-190
-196
-187
-184
-188
-198
-201
-222
-226
-235
-239
-248
-257
-263
-276
-292
-293
-291
-300
-299
-306
-295
-283
-270
-242
-220
-198
-186
-184
-171
-166
-167
-163
-172
-174
-201
-199
-197
-210
-206
-220
-227
-231
-228
-208
-192
-185
-176
-155
-117
-92
-70
-37
-25
-11
3
21
9
3
13
15
32
16
11
7
3
-5
-22
-28
-39
-52
-64
-78
-96
-94
-94
-93
-87
-87
-84
-79
-72
-63
-54
-42
-39
-35
-32
-53
-34
-26
-18
-12
-9
-18
-35
-44
-59
-68
-96
-110
-136
-145
-149
-163
-162
-152
-137
-138
-118
-107
-84
-69
-41
-22
-27
-13
-30
-17
-19
-16
-25
-38
-29
-58
-57
-83
-105
-120
-140
-144
-164
-170
-184
-186
-192
-203
-196
-186
-180
-166
-162
-148
-132
-108
-87
-80
-68
-49
-30
-23
-8
5
18
15
8
1
-8
-10
-7
-18
-27
-56
-74
-95
-111
-107
-111
-120
-140
-143
-166
-148
-129
-126
-118
-138
-145
-150
-152
-151
-145
-139
-141
-153
-159
-168
-180
-191
-202
-214
-245
-279
-298
-295
-304
-296
-289
-284
-281
-260
-228
-201
-179
-169
-158
-165
-158
-161
-148
-131
-129
-124
-121
-122
-124
-132
-142
-137
-162
-175
-183
-191
-223
-248
-256
-267
-264
-274
-286
-281
-278
-288
-283
-302
-305
-315
-319
-330
-335
-343
-341
-325
-309
-290
-273
-259
-256
-246
-249
-248
-252
-262
-276
-294
-301
-307
-316
-320
-320
-321
-335
-349
-356
-354
-356
-354
-356
-358
-358
-350
-357
-346
-338
-345
-345
-354
-360
-360
-367
-379
-376
-391
-400
-379
-371
-363
-364
-351
-342
-321
-315
-320
-304
-298
-286
-279
-253
-249
-239
-230
-220
-204
-193
-181
-174
-173
-198
-208
-207
-203
-200
-205
-190
-183
-178
-179
-177
-185
-192
-196
-216
-216
-207
-208
-217
-218
-220
-229
-216
-211
-184
-175
-171
-145
-140
-123
-124
-111
-102
-97
-112
-125
-129
-127
-132
-139
-122
-114
-121
-122
-114
-115
-110
-121
-120
-122
-116
-99
-96
-91
-95
-94
-79
-67
-70
-76
-81
-92
-98
-107
-110
-89
-73
-60
-50
-42
-22
-1
22
32
36
18
0
-7
0
-1
-6
10
8
16
27
41
49
48
46
31
26
25
22
29
34
31
32
38
57
64
72
67
42
36
25
18
-3
-18
-29
-32
-45
-39
-43
-45
-10
-2
3
-2
2
3
10
17
14
21
26
24
40
46
37
47
53
42
50
45
43
39
39
31
19
28
12
21
1
-13
-20
-31
-39
-54
-57
-58
-47
-29
-17
8
28
56
83
100
117
114
135
151
151
148
155
163
164
173
180
191
190
196
193
177
170
154
148
131
124
113
100
95
87
103
115
125
126
131
144
142
141
125
110
103
95
78
81
73
77
81
74
80
79
87
94
117
103
83
78
64
63
53
52
52
42
46
45
50
46
45
45
47
53
48
59
65
67
70
67
62
71
66
53
33
11
-3
-17
-20
-33
-39
-51
-54
-44
-34
-31
-17
6
23
37
57
74
80
84
95
109
124
140
150
172
187
189
199
196
199
189
179
163
138
132
118
96
82
74
79
87
74
89
98
101
116
106
106
113
101
112
122
117
132
141
147
162
166
180
190
201
195
205
204
189
173
161
147
118
107
108
107
86
85
94
103
115
109
116
108
103
97
88
103
100
93
84
73
62
45
28
22
10
-8
-14
-16
-15
-15
-24
-27
-36
-35
-22
-21
-20
-11
-6
3
23
37
54
87
117
128
159
177
196
207
209
205
202
201
187
174
160
140
130
119
122
123
112
97
84
90
84
55
54
52
48
50
43
57
67
78
79
83
87
97
98
103
115
118
127
140
138
131
139
139
146
129
130
134
136
135
131
143
143
153
161
180
187
189
201
202
207
203
200
199
204
202
195
190
182
184
180
160
156
146
140
130
119
109
99
91
86
86
92
91
114
136
145
178
192
217
240
247
258
269
279
276
267
273
265
269
266
273
274
270
273
262
260
255
247
230
223
221
209
216
217
224
225
236
240
247
242
244
254
249
259
244
243
249
239
238
237
218
212
212
211
214
209
204
205
210
208
222
232
241
257
267
279
282
288
300
304
306
301
293
292
291
293
284
286
285
285
291
278
270
260
248
233
226
211
209
207
194
208
227
234
252
261
270
292
303
308
300
303
304
297
297
290
274
271
279
261
254
236
234
221
209
196
180
175
176
169
159
172
172
170
184
192
198
201
209
202
208
206
203
212
212
200
182
178
164
156
141
124
120
109
119
115
114
116
127
134
133
137
137
135
135
138
134
120
129
148
142
156
169
175
181
187
175
183
187
174
164
141
126
113
120
120
118
112
107
120
133
135
146
162
180
183
183
197
207
218
214
212
218
207
199
203
189
178
168
174
166
165
170
176
156
169
171
157
162
159
161
158
161
158
177
185
198
209
209
219
224
236
246
229
230
234
222
216
199
192
185
164
156
143
129
122
109
96
85
80
74
74
63
55
54
50
54
57
59
53
56
64
52
59
55
42
52
55
57
55
52
30
14
15
14
17
19
25
31
15
23
41
49
46
46
44
49
52
42
44
43
43
28
22
30
14
7
10
3
-6
-6
-8
4
5
13
18
24
45
56
71
83
83
78
80
82
83
67
69
74
88
86
78
93
83
88
82
63
50
39
27
32
20
10
18
25
38
36
34
28
33
26
18
9
-18
-24
-41
-37
-36
-42
-43
-57
-55
-61
-53
-38
-37
-53
-56
-62
-56
-44
-38
-32
-28
-25
-9
7
18
28
38
42
48
60
64
68
80
80
79
81
68
61
49
23
13
-12
-28
-30
-50
-62
-73
-64
-69
-52
-59
-47
-30
-37
-12
6
18
10
23
31
50
62
58
63
72
72
64
50
41
36
24
31
39
30
36
34
19
14
11
4
2
-11
-12
-1
-17
-7
-7
-16
-17
-16
-9
-16
-17
-33
-37
-42
-52
-50
-51
-49
-43
-39
-58
-46
-49
-45
-33
-23
-24
-31
-18
-10
3
18
31
41
44
63
71
61
64
59
60
75
64
58
66
56
47
24
14
-16
-31
-36
-58
-62
-65
-78
-72
-67
-53
-45
-43
-24
-21
-21
-28
-26
-9
-6
3
2
8
24
11
32
35
41
44
45
43
36
42
35
37
41
37
43
44
39
44
43
47
52
45
59
56
58
61
53
50
56
47
29
22
19
11
11
12
11
12
13
13
10
16
23
31
47
63
71
78
86
106
114
139
158
163
194
208
220
237
244
255
257
265
267
260
258
242
232
217
196
189
181
166
154
158
152
156
155
154
162
149
148
155
159
154
146
140
150
145
136
132
138
150
141
159
172
174
180
187
194
192
205
197
218
231
236
233
234
239
244
261
254
258
243
242
238
236
230
216
211
209
201
201
203
201
200
190
182
178
184
171
175
166
172
166
172
179
191
197
199
224
224
238
237
256
270
267
283
283
293
313
314
326
323
332
352
336
338
326
326
330
327
331
344
360
370
381
376
389
395
401
399
391
392
393
382
360
368
368
366
378
375
370
362
370
370
368
361
370
369
377
377
376
377
390
392
391
399
395
405
408
408
417
416
402
400
405
402
399
385
378
374
366
342
337
321
317
330
314
319
330
338
329
326
343
350
361
355
366
377
377
379
392
408
410
439
455
459
460
458
461
462
466
449
449
449
436
429
425
424
423
424
441
439
438
451
467
475
475
467
469
465
460
450
433
425
404
395
391
399
388
369
369
367
357
354
341
319
317
308
309
311
308
302
294
304
298
295
305
290
291
292
285
275
253
254
262
256
258
252
233
226
221
219
221
212
197
196
191
175
165
156
152
136
138
142
135
134
136
145
147
143
150
161
155
152
165
174
183
190
191
197
204
212
211
216
211
211
213
236
246
238
255
262
284
291
292
298
306
296
287
293
281
275
273
271
267
258
273
279
274
264
263
243
237
233
226
221
214
207
190
197
201
224
230
220
218
225
232
237
256
243
234
231
237
233
234
243
228
234
241
237
250
254
249
261
267
274
283
283
285
293
284
283
277
270
271
268
266
272
263
257
262
256
249
241
239
239
233
224
207
193
195
198
197
208
208
213
212
226
228
235
247
246
267
276
301
298
294
291
285
292
283
288
288
291
279
284
287
279
283
286
293
285
278
284
269
257
255
247
242
245
235
232
245
243
239
247
237
222
222
217
223
209
210
207
202
207
202
215
209
212
214
217
211
217
227
227
231
223
221
232
247
257
255
261
259
246
251
256
256
253
256
249
254
250
242
240
229
227
232
231
238
243
253
271
267
296
306
319
333
340
340
350
348
348
347
357
362
354
363
369
368
387
386
387
394
385
385
394
393
385
382
382
377
377
385
384
388
395
388
390
389
390
389
395
389
403
398
394
399
387
376
386
387
380
396
392
393
386
388
390
390
385
390
395
400
414
401
408
413
414
420
417
415
412
411
413
416
414
409
425
417
408
416
414
405
393
386
387
390
393
376
374
389
385
400
404
399
392
385
391
405
388
391
404
393
412
415
426
429
424
414
419
433
421
425
423
421
430
430
420
420
425
415
399
390
398
376
364
376
371
363
364
373
375
372
351
339
356
348
336
334
335
332
330
331
320
323
313
325
320
305
319
314
319
333
322
320
331
340
357
347
359
367
373
369
367
373
375
380
369
365
360
365
370
375
382
372
386
388
378
381
382
382
368
369
367
359
355
363
343
337
350
337
330
332
330
326
323
318
326
335
331
329
334
325
320
326
303
311
310
296
295
299
285
277
278
268
261
251
230
232
226
211
212
218
206
197
198
192
186
179
169
163
169
154
142
139
142
133
142
139
133
120
113
113
112
107
91
91
95
101
93
102
101
90
88
78
84
73
65
55
59
67
68
79
75
85
99
93
115
124
131
126
125
129
124
129
129
123
127
134
131
122
113
135
129
123
130
131
127
124
125
120
119
116
122
125
128
120
115
117
113
126
128
122
134
138
143
133
141
131
130
132
114
138
150
145
146
151
165
163
156
164
167
164
167
174
182
186
