SAMPLES:	6995
BITSPERSAMPLE:	16
CHANNELS:	1
SAMPLERATE:	16000
NORMALIZED:	FALSE
41
32
32
31
32
27
38
44
37
37
39
49
51
38
60
71
73
68
86
99
83
84
89
97
94
95
109
117
137
141
134
146
152
143
149
153
154
162
156
158
162
158
163
181
184
176
189
189
193
204
212
189
185
200
199
201
199
207
207
211
205
205
215
208
208
207
200
205
208
215
215
214
222
222
217
218
219
217
216
227
223
222
224
220
223
229
222
220
224
223
230
235
238
241
236
239
240
238
235
240
241
239
249
242
243
246
257
257
257
262
258
267
271
273
276
268
269
275
279
277
281
272
267
261
248
244
244
242
245
238
236
232
223
216
208
207
202
201
187
178
184
176
167
184
189
198
196
195
198
200
193
208
218
212
220
222
224
234
228
223
240
236
229
227
230
224
220
215
216
214
219
220
228
216
219
235
232
237
227
232
231
227
221
224
231
232
238
247
253
253
248
255
261
261
254
268
271
270
283
291
282
280
284
277
282
274
285
289
289
285
288
290
286
300
288
286
296
300
306
289
288
301
301
299
300
299
302
304
302
307
303
302
308
307
312
312
313
324
322
323
327
325
326
325
322
324
321
310
317
324
325
321
322
321
329
343
329
337
345
342
340
335
329
339
323
319
324
322
338
346
344
338
338
327
329
316
312
325
321
319
317
314
315
318
308
302
305
287
290
283
281
270
266
271
262
269
261
265
260
255
248
244
248
250
252
246
243
230
225
232
229
228
213
226
240
245
243
228
227
218
232
235
228
228
224
225
213
214
225
236
247
244
250
236
240
239
244
251
253
272
273
273
276
275
272
277
282
289
280
270
271
267
277
281
267
259
263
263
257
236
237
236
228
228
229
247
234
232
232
223
213
210
211
198
200
202
196
196
179
185
183
174
176
171
174
171
157
154
152
148
133
129
116
106
108
90
85
66
74
70
61
57
49
39
33
34
23
23
18
13
6
6
3
-3
-2
-10
-9
-4
-4
3
2
-9
-8
-19
-6
-17
-23
-24
-37
-34
-45
-46
-53
-46
-54
-57
-64
-61
-65
-71
-64
-70
-64
-75
-75
-67
-78
-82
-87
-91
-90
-91
-94
-98
-102
-110
-110
-112
-106
-104
-99
-108
-104
-93
-91
-81
-79
-85
-88
-88
-88
-94
-108
-105
-113
-113
-121
-117
-118
-106
-97
-112
-98
-95
-102
-109
-116
-120
-127
-129
-131
-131
-133
-138
-130
-133
-141
-149
-147
-142
-154
-160
-152
-152
-152
-155
-158
-162
-164
-177
-180
-179
-179
-173
-177
-178
-184
-187
-170
-171
-182
-175
-186
-186
-182
-187
-165
-159
-155
-159
-162
-158
-158
-162
-161
-167
-164
-164
-156
-142
-154
-149
-149
-155
-149
-138
-132
-130
-121
-122
-121
-119
-110
-100
-103
-103
-98
-91
-87
-87
-82
-82
-74
-70
-79
-77
-78
-90
-87
-83
-79
-86
-97
-97
-99
-104
-109
-104
-105
-104
-116
-115
-109
-117
-113
-128
-120
-116
-123
-124
-116
-128
-134
-122
-141
-149
-144
-146
-139
-146
-134
-136
-144
-132
-137
-141
-137
-130
-129
-127
-127
-141
-133
-139
-149
-145
-144
-134
-130
-136
-138
-132
-125
-133
-136
-128
-146
-146
-147
-155
-146
-156
-152
-148
-152
-150
-152
-162
-159
-167
-162
-175
-195
-197
-210
-214
-217
-231
-236
-248
-252
-243
-241
-247
-253
-255
-255
-250
-254
-254
-265
-274
-270
-264
-274
-274
-288
-290
-283
-289
-294
-298
-292
-288
-294
-295
-286
-299
-294
-277
-288
-298
-298
-299
-304
-299
-306
-307
-310
-311
-316
-321
-324
-317
-319
-336
-337
-335
-338
-348
-335
-333
-339
-342
-358
-357
-370
-374
-377
-377
-386
-390
-370
-382
-374
-378
-379
-376
-371
-376
-376
-372
-377
-380
-392
-381
-384
-388
-393
-397
-397
-395
-389
-393
-383
-385
-384
-375
-365
-366
-362
-359
-374
-367
-375
-382
-383
-380
-380
-375
-378
-380
-377
-384
-386
-401
-400
-399
-398
-388
-392
-393
-386
-389
-388
-396
-398
-389
-382
-375
-385
-382
-380
-378
-374
-373
-370
-378
-375
-358
-357
-361
-346
-338
-346
-350
-343
-335
-343
-339
-347
-356
-358
-359
-356
-367
-369
-371
-371
-370
-363
-368
-372
-362
-362
-351
-337
-341
-334
-324
-313
-314
-317
-311
-306
-308
-313
-299
-301
-296
-300
-294
-286
-294
-287
-293
-299
-296
-290
-296
-287
-287
-277
-281
-272
-259
-267
-266
-263
-266
-263
-265
-271
-267
-272
-280
-290
-295
-285
-284
-284
-277
-276
-263
-262
-260
-251
-251
-241
-240
-237
-231
-239
-231
-237
-232
-238
-238
-233
-234
-232
-232
-228
-228
-235
-226
-218
-219
-221
-213
-205
-201
-203
-207
-205
-207
-212
-217
-223
-219
-227
-220
-218
-223
-220
-223
-215
-210
-208
-215
-210
-213
-214
-215
-221
-230
-234
-237
-249
-246
-272
-271
-270
-262
-269
-274
-265
-265
-262
-277
-281
-286
-289
-286
-300
-305
-306
-315
-326
-330
-344
-347
-353
-357
-355
-365
-369
-380
-374
-369
-378
-374
-380
-384
-381
-375
-385
-384
-386
-395
-401
-395
-389
-387
-396
-402
-394
-402
-400
-404
-408
-409
-414
-416
-413
-413
-408
-402
-395
-390
-390
-397
-406
-400
-411
-405
-412
-416
-419
-423
-422
-432
-435
-434
-431
-447
-439
-448
-446
-447
-447
-458
-453
-446
-458
-458
-454
-454
-449
-450
-446
-442
-443
-443
-433
-432
-433
-427
-420
-406
-406
-406
-392
-397
-386
-385
-385
-377
-372
-362
-362
-365
-363
-364
-356
-356
-352
-355
-364
-360
-361
-360
-359
-357
-366
-364
-368
-382
-390
-392
-399
-403
-395
-399
-397
-406
-421
-416
-415
-404
-394
-393
-389
-396
-397
-383
-391
-377
-371
-376
-379
-388
-388
-388
-382
-394
-383
-388
-386
-381
-390
-387
-380
-384
-389
-393
-403
-402
-394
-399
-410
-394
-409
-423
-417
-414
-416
-407
-403
-399
-396
-395
-394
-392
-385
-372
-385
-387
-389
-387
-400
-407
-407
-411
-400
-410
-405
-409
-421
-411
-412
-410
-410
-416
-403
-406
-410
-415
-389
-398
-403
-390
-390
-389
-393
-385
-388
-407
-413
-398
-392
-398
-403
-394
-391
-389
-387
-387
-384
-386
-381
-381
-382
-391
-381
-373
-380
-370
-363
-359
-359
-350
-355
-352
-346
-364
-361
-349
-359
-368
-358
-356
-353
-366
-370
-354
-366
-366
-375
-371
-372
-371
-375
-381
-375
-369
-372
-369
-365
-368
-344
-340
-336
-332
-320
-327
-329
-313
-316
-319
-320
-322
-317
-314
-312
-313
-317
-329
-328
-325
-324
-326
-329
-328
-325
-324
-324
-326
-317
-314
-320
-314
-314
-305
-308
-298
-300
-308
-309
-309
-297
-300
-298
-302
-316
-310
-303
-298
-302
-302
-291
-289
-296
-302
-301
-307
-310
-329
-323
-318
-328
-314
-324
-332
-333
-339
-342
-345
-357
-352
-360
-367
-365
-369
-371
-371
-370
-377
-374
-374
-372
-376
-372
-368
-374
-372
-359
-359
-350
-350
-346
-341
-344
-339
-339
-336
-338
-351
-360
-350
-362
-373
-362
-367
-375
-369
-376
-377
-373
-379
-394
-394
-389
-391
-397
-395
-384
-381
-390
-392
-387
-396
-404
-402
-410
-414
-416
-413
-412
-429
-422
-416
-416
-421
-416
-413
-418
-418
-426
-420
-419
-403
-412
-413
-409
-415
-399
-394
-398
-404
-393
-381
-372
-377
-295
-132
-143
-395
-450
-117
-90
-536
-716
-338
-137
-523
-694
-303
-196
-546
-655
-268
-179
-497
-562
-250
-210
-463
-465
-263
-256
-394
-301
-50
-107
-370
-290
46
149
-105
-389
-244
-44
-212
-357
-285
-256
-388
-391
-347
-364
-432
-429
-294
-225
-218
-246
-201
-263
-274
-226
-151
-238
-324
-172
-163
-289
-239
-8
-116
-324
-5
160
-330
-260
181
25
-397
-211
222
54
-361
-245
66
-2
-234
-138
-32
-148
-290
-138
-56
-225
-222
-182
-155
-93
-132
-146
-199
74
44
-215
-145
27
-71
-130
-77
-44
-162
-110
-13
-174
-177
-47
-26
-151
-36
-27
-204
-97
28
-103
-297
-99
165
-109
-308
31
138
-104
-199
2
334
-67
-116
49
217
108
-273
124
304
56
-328
149
195
-54
-49
256
-118
-169
234
-33
-202
-10
309
-212
-164
153
160
-267
-62
262
73
-177
23
330
-11
-227
127
483
-199
-359
290
460
-255
-322
466
386
-221
-232
200
290
-26
-244
88
356
-143
-205
159
259
-192
-92
286
29
-197
157
167
-179
-119
213
107
-227
-11
156
-41
-89
82
-198
-13
362
-39
-146
178
290
-314
99
133
-180
-194
363
-81
-412
151
25
-134
-300
180
-1
-236
56
80
-142
10
135
-233
-138
286
-29
-446
214
381
-250
-269
300
125
-192
-117
235
123
-107
-34
208
261
-46
-84
152
203
-115
-197
418
69
-285
54
273
-110
-142
202
103
-251
39
373
-109
-193
85
447
-214
-118
302
190
-143
-52
463
55
-224
273
516
-179
-187
430
429
-198
-34
489
2
4
275
182
-65
242
125
-5
119
213
-39
34
169
83
40
97
11
18
118
87
0
-39
167
3
107
-107
180
87
-58
41
100
188
-188
54
201
131
-196
57
291
63
-157
102
236
-16
60
31
76
83
305
191
-7
6
250
225
-22
75
217
124
12
191
67
87
118
122
61
170
285
182
171
163
202
258
154
118
114
223
292
110
92
265
312
53
116
293
225
115
253
309
189
122
248
284
145
133
238
327
260
176
172
260
311
264
110
163
348
343
158
157
251
339
188
180
251
326
215
220
284
341
224
225
359
291
199
212
335
286
244
218
346
255
281
251
251
299
326
254
195
337
327
306
163
273
357
325
182
271
325
260
309
340
269
224
366
341
223
223
317
324
214
207
372
194
153
337
279
85
202
387
158
98
324
425
220
0
288
339
207
64
167
267
131
141
92
139
134
197
60
83
163
235
98
121
157
231
183
129
62
188
252
99
135
135
189
202
130
132
179
139
200
96
181
226
69
110
166
250
125
53
180
194
164
92
165
191
187
110
239
172
24
168
300
125
-26
228
250
132
14
160
167
154
109
124
116
242
155
176
111
134
218
167
71
133
164
140
147
121
64
133
172
167
48
108
144
110
44
230
249
-89
29
329
272
-81
58
315
137
40
224
250
9
110
315
237
-41
228
291
113
127
260
158
128
349
252
166
123
329
263
204
199
280
337
206
305
215
306
323
267
202
445
356
181
222
448
362
171
334
365
330
263
412
354
164
290
592
333
55
411
586
336
129
436
434
374
337
376
377
349
444
434
475
313
365
574
460
262
451
656
358
272
638
523
220
453
617
413
248
508
625
304
238
586
519
244
388
594
237
288
663
552
118
474
677
343
261
518
599
376
419
507
373
418
566
358
238
567
532
276
321
490
425
408
431
353
386
492
463
369
294
423
581
467
333
262
573
483
314
434
481
322
425
495
398
351
350
665
322
218
382
773
393
14
477
650
414
265
416
472
464
540
328
304
542
504
355
301
542
506
269
422
488
390
240
460
514
372
185
386
466
356
316
347
398
246
308
483
243
251
433
407
200
242
641
407
108
267
639
384
28
416
700
349
-9
532
675
199
201
545
463
296
400
461
357
310
594
397
262
345
558
548
295
289
449
657
369
198
447
667
442
210
565
518
297
456
531
425
366
431
415
560
546
230
294
668
513
100
387
669
409
224
292
437
384
453
292
163
332
574
313
108
265
492
225
243
190
303
414
289
220
85
277
266
412
12
101
378
476
142
109
442
378
259
343
497
344
483
689
584
455
608
782
775
672
723
830
796
793
819
911
810
716
802
803
823
871
815
699
708
696
791
693
732
469
757
701
531
463
739
641
322
494
707
583
303
767
560
203
222
730
480
89
415
499
108
122
493
241
3
187
309
-9
105
308
141
-223
-247
61
303
315
356
353
124
69
335
599
501
381
536
590
623
702
819
694
556
648
647
763
914
897
764
670
689
651
684
671
628
661
597
627
816
854
590
453
612
838
863
885
738
700
785
754
675
757
855
696
781
774
709
746
877
690
525
481
691
738
633
512
425
494
490
225
164
403
451
147
-106
176
251
33
-247
-120
-253
-381
-473
-272
70
59
132
-146
-513
-309
141
279
106
79
196
318
366
432
497
542
435
387
464
810
964
779
592
533
597
578
642
646
547
554
555
584
594
608
449
211
288
531
512
537
532
449
239
273
464
552
557
428
495
599
684
682
706
639
490
590
842
789
660
654
688
484
516
624
537
590
509
514
393
407
301
364
271
45
6
202
213
-212
-174
-247
-403
-520
-549
-555
-139
218
231
-216
-755
-554
-73
190
31
-19
22
157
269
378
423
315
183
194
313
679
970
823
549
380
420
425
537
583
519
510
435
411
462
411
205
-59
-27
200
386
454
248
61
-87
-15
55
108
240
275
190
152
326
446
383
305
336
418
474
607
678
564
429
300
319
359
426
408
381
303
180
230
272
-2
-96
100
149
-81
-302
-260
-210
-384
-735
-853
-683
-705
-541
-43
-50
-492
-920
-845
-554
-332
-130
-122
-183
-229
-95
28
120
123
10
-8
118
443
812
799
509
250
260
400
515
591
593
493
372
327
358
342
183
-67
-107
123
325
360
230
7
-170
-174
-52
89
211
167
101
159
225
207
242
317
299
389
554
686
611
494
401
402
343
377
409
533
442
289
215
275
325
31
-47
-23
315
141
-136
-349
-340
-404
-557
-702
-887
-683
-164
28
-407
-731
-912
-836
-564
-219
-168
-270
-245
-192
-99
-14
57
32
-61
43
342
551
783
708
429
250
312
537
691
832
755
640
519
464
521
452
370
231
191
363
484
438
215
-5
-147
-82
84
225
257
185
74
22
101
151
179
208
311
473
602
649
637
502
306
346
575
673
611
546
527
386
313
353
319
87
197
440
324
108
-35
-230
-326
-292
-440
-604
-518
-374
-207
-101
-328
-515
-816
-788
-486
-54
133
-80
-264
-247
-141
-88
52
221
196
231
425
608
710
640
464
337
516
760
942
967
814
647
573
565
579
602
564
462
449
452
450
319
137
-23
-70
36
141
199
139
54
-88
-116
-11
136
212
339
409
457
497
438
434
457
484
530
620
614
578
507
408
343
244
242
247
292
328
206
-13
-159
-74
-166
-448
-636
-534
-470
-484
-406
-258
-377
-678
-782
-813
-579
-243
-97
-245
-413
-442
-413
-231
-1
79
6
23
176
290
415
453
328
254
375
581
738
738
650
491
399
435
489
546
532
424
309
313
320
235
86
-27
-64
-56
-45
-13
-8
-128
-285
-312
-194
-42
-14
33
70
202
351
381
338
325
364
404
525
584
552
427
308
284
293
280
217
184
221
164
60
33
-90
-241
-294
-421
-531
-548
-512
-505
-482
-397
-425
-664
-830
-791
-529
-288
-199
-326
-497
-533
-459
-239
-45
-34
-80
-74
82
252
366
327
205
233
381
575
670
638
521
419
409
462
519
542
440
291
271
310
251
147
50
-24
-76
-111
-56
-47
-112
-263
-338
-296
-183
-99
-36
49
42
32
32
100
206
271
257
229
252
247
190
205
193
117
37
51
73
21
-72
-197
-244
-340
-449
-545
-605
-737
-776
-633
-477
-367
-517
-915
-1194
-916
-405
-206
-369
-611
-797
-726
-456
-204
-133
-226
-389
-359
-21
244
150
-108
-118
42
238
350
344
225
97
38
152
366
408
257
61
12
64
132
69
-16
-62
-101
-152
-174
-99
-154
-375
-482
-443
-329
-244
-260
-336
-336
-288
-216
-78
19
-2
-101
-85
20
74
54
-6
-62
-70
-107
-120
-138
-205
-316
-357
-339
-403
-502
-632
-734
-767
-912
-988
-761
-453
-475
-766
-1123
-1249
-908
-402
-257
-529
-756
-826
-783
-542
-237
-164
-343
-474
-363
-80
65
-66
-273
-281
-52
162
218
164
63
-86
-121
-30
184
296
157
-48
-101
-36
-12
-52
-106
-110
-144
-208
-256
-227
-236
-360
-500
-492
-394
-319
-316
-372
-397
-417
-366
-252
-132
-92
-179
-265
-236
-147
-117
-134
-162
-235
-309
-332
-341
-377
-455
-548
-624
-665
-719
-872
-979
-1099
-1165
-980
-562
-471
-893
-1401
-1479
-1046
-505
-291
-576
-953
-1007
-844
-662
-452
-308
-387
-569
-525
-203
-10
-205
-420
-360
-43
158
105
-23
-68
-125
-180
-93
112
238
51
-195
-202
-67
-36
-146
-192
-149
-173
-321
-375
-288
-262
-368
-454
-385
-309
-358
-432
-429
-345
-272
-258
-192
-89
-106
-238
-271
-182
-109
-120
-143
-152
-183
-365
-513
-506
-441
-457
-592
-692
-759
-911
-1116
-1196
-1229
-1187
-994
-722
-723
-1167
-1651
-1539
-913
-435
-504
-882
-1105
-990
-799
-612
-438
-342
-445
-626
-519
-185
-101
-320
-476
-261
80
135
-117
-260
-194
-201
-245
-126
122
90
-253
-519
-426
-254
-265
-343
-301
-252
-434
-663
-654
-464
-402
-543
-595
-445
-371
-511
-628
-573
-387
-370
-343
-172
-79
-234
-439
-392
-148
16
-84
-201
-214
-299
-463
-546
-461
-414
-554
-746
-882
-943
-1078
-1257
-1355
-1272
-1119
-956
-924
-1168
-1625
-1833
-1386
-638
-402
-803
-1247
-1300
-1001
-740
-537
-371
-308
-452
-589
-459
-198
-167
-334
-313
22
264
86
-204
-225
-105
-97
-102
113
277
71
-344
-472
-229
-40
-123
-228
-191
-252
-521
-674
-476
-207
-278
-510
-559
-429
-395
-479
-448
-250
-130
-215
-255
-129
-28
-137
-267
-133
102
140
2
-85
-102
-191
-345
-308
-146
-160
-439
-726
-823
-836
-991
-1155
-1133
-815
-584
-778
-1223
-1642
-1497
-913
-380
-429
-862
-1157
-1083
-755
-482
-316
-228
-239
-371
-427
-200
20
26
-64
26
250
290
58
-122
7
187
200
174
269
305
-15
-342
-296
74
268
64
-191
-263
-322
-512
-531
-265
-70
-251
-554
-617
-457
-439
-517
-503
-206
-39
-192
-358
-288
-157
-132
-62
61
152
13
-198
-216
-71
8
-128
-201
-187
-296
-571
-728
-718
-699
-885
-1091
-1062
-717
-632
-1025
-1544
-1646
-1152
-559
-377
-796
-1250
-1378
-1117
-768
-453
-276
-287
-480
-708
-660
-283
20
47
-18
85
123
19
-162
-81
212
332
197
129
268
207
-141
-295
-23
339
336
-22
-285
-283
-292
-369
-255
31
60
-337
-689
-620
-341
-237
-288
-283
-196
-225
-427
-434
-220
-50
-43
-31
44
9
-171
-302
-183
36
61
-94
-211
-264
-412
-597
-615
-584
-644
-848
-941
-653
-517
-804
-1381
-1516
-936
-291
-299
-854
-1236
-1155
-789
-609
-486
-300
-217
-439
-760
-662
-206
120
58
-71
-8
44
-96
-224
73
441
452
173
65
241
244
-10
-96
237
562
397
-70
-268
-138
-119
-179
-41
228
130
-388
-737
-529
-146
-93
-232
-249
-210
-339
-552
-445
-79
53
-112
-232
-137
-91
-210
-265
-70
86
-28
-296
-393
-303
-343
-522
-583
-524
-638
-941
-1059
-659
-429
-724
-1351
-1534
-961
-324
-375
-955
-1243
-1069
-709
-600
-569
-435
-307
-429
-699
-642
-173
119
2
-182
-111
34
-22
-177
4
339
428
146
-19
185
298
109
-25
189
485
393
-31
-208
8
130
1
-56
131
172
-191
-533
-385
6
100
-145
-281
-134
-102
-296
-316
-18
204
98
-148
-177
-43
7
-38
27
166
73
-220
-337
-173
-76
-211
-420
-495
-568
-776
-959
-718
-321
-429
-997
-1518
-1246
-608
-262
-635
-1076
-1099
-774
-627
-634
-483
-267
-242
-556
-761
-431
79
211
-25
-134
-15
70
-96
-94
201
504
410
42
15
239
256
84
124
410
504
190
-164
-88
164
175
7
51
230
50
-339
-445
-119
177
82
-214
-248
-127
-199
-325
-153
189
235
-72
-293
-149
79
108
27
52
129
-36
-254
-263
-63
-49
-216
-389
-414
-500
-728
-841
-538
-205
-413
-953
-1328
-1031
-474
-197
-565
-949
-973
-722
-628
-582
-359
-114
-139
-525
-755
-418
138
287
41
-105
22
111
-30
-31
263
594
435
27
-12
271
338
141
140
392
502
170
-212
-150
165
196
-24
-32
124
-32
-416
-516
-163
171
26
-321
-389
-195
-235
-353
-233
114
131
-195
-418
-248
50
110
-34
-77
-7
-135
-335
-331
-100
-62
-268
-485
-573
-600
-761
-856
-719
-366
-472
-950
-1427
-1316
-769
-323
-427
-882
-1095
-983
-775
-684
-458
-254
-188
-485
-835
-741
-152
272
118
-128
-145
12
-36
-110
93
471
574
213
-70
82
341
266
174
318
531
368
-74
-223
85
397
261
48
54
94
-205
-427
-186
233
248
-137
-420
-322
-116
-158
-154
24
185
-67
-373
-318
50
268
143
-52
-56
-49
-190
-215
-27
142
-25
-391
-552
-466
-388
-524
-702
-652
-440
-482
-838
-1122
-1101
-708
-376
-361
-765
-1029
-978
-683
-512
-419
-315
-248
-374
-703
-749
-282
253
263
-109
-299
-146
-7
-70
1
350
621
299
-207
-228
240
478
343
250
361
306
-91
-326
18
508
467
-23
-289
-162
-128
-292
-259
51
196
-193
-654
-584
-157
-16
-232
-293
-146
-118
-419
-499
-186
175
79
-279
-381
-212
-144
-276
-258
-100
-89
-424
-691
-587
-338
-406
-719
-881
-796
-703
-766
-819
-860
-946
-1093
-1000
-727
-590
-845
-1080
-967
-665
-607
-729
-689
-461
-435
-729
-816
-428
-24
-160
-528
-547
-202
-79
-287
-310
-7
141
-183
-463
-200
267
231
-166
-251
60
182
-129
-330
-69
201
2
-411
-426
-120
-94
-385
-479
-248
-118
-412
-709
-533
-206
-212
-523
-569
-366
-278
-456
-533
-327
-105
-228
-503
-499
-277
-186
-348
-427
-303
-267
-489
-674
-585
-365
-412
-664
-848
-813
-801
-877
-862
-691
-657
-936
-1236
-1159
-766
-514
-700
-1046
-1069
-855
-746
-822
-763
-538
-478
-760
-975
-754
-328
-213
-479
-642
-512
-354
-456
-517
-288
22
-92
-491
-586
-255
46
-62
-279
-233
-72
-208
-496
-481
-121
69
-219
-563
-534
-353
-390
-522
-444
-234
-314
-661
-828
-552
-254
-328
-547
-559
-413
-440
-611
-590
-324
-168
-365
-589
-556
-385
-377
-471
-422
-296
-348
-578
-710
-584
-407
-434
-598
-679
-674
-743
-871
-880
-711
-617
-686
-935
-1006
-956
-793
-709
-643
-737
-901
-992
-898
-680
-566
-538
-599
-645
-752
-791
-651
-351
-199
-354
-537
-561
-426
-357
-296
-187
-42
-142
-414
-541
-326
-20
-28
-212
-286
-251
-332
-433
-373
-122
-46
-316
-613
-590
-376
-332
-411
-400
-301
-403
-649
-723
-464
-186
-256
-508
-583
-474
-422
-470
-427
-269
-251
-420
-627
-566
-334
-254
-382
-448
-407
-444
-565
-623
-462
-335
-435
-680
-772
-702
-636
-748
-811
-765
-718
-827
-975
-951
-901
-867
-974
-926
-832
-753
-947
-1104
-1021
-760
-651
-818
-906
-794
-659
-754
-828
-708
-428
-382
-613
-724
-545
-306
-360
-494
-449
-238
-293
-509
-548
-296
-117
-297
-529
-499
-297
-281
-475
-546
-359
-274
-480
-663
-541
-319
-362
-599
-644
-491
-425
-545
-610
-444
-316
-453
-663
-603
-371
-284
-391
-468
-386
-325
-423
-505
-389
-188
-205
-400
-481
-395
-325
-395
-449
-384
-337
-438
-605
-646
-524
-447
-560
-683
-705
-679
-740
-800
-807
-662
-669
-837
-1021
-998
-763
-622
-720
-972
-1023
-867
-689
-768
-809
-715
-609
-697
-873
-794
-487
-300
-500
-722
-636
-394
-399
-545
-501
-261
-197
-462
-660
-501
-155
-165
-390
-440
-273
-271
-503
-571
-318
-67
-246
-550
-608
-350
-273
-441
-501
-324
-264
-467
-637
-505
-211
-193
-398
-493
-350
-244
-306
-351
-223
-119
-182
-328
-341
-182
-86
-160
-253
-206
-167
-254
-328
-283
-182
-205
-344
-446
-430
-375
-410
-501
-551
-563
-623
-701
-755
-704
-674
-643
-772
-908
-942
-851
-743
-661
-713
-887
-906
-826
-718
-726
-671
-560
-530
-641
-734
-605
-357
-268
-450
-545
-438
-298
-342
-407
-303
-108
-133
-413
-519
-294
-43
-140
-319
-283
-162
-232
-435
-426
-185
-74
-276
-519
-476
-289
-290
-413
-417
-282
-290
-475
-566
-408
-218
-249
-391
-448
-352
-315
-357
-342
-209
-134
-219
-343
-342
-227
-141
-185
-232
-222
-216
-265
-308
-286
-243
-262
-360
-438
-461
-441
-446
-514
-582
-672
-728
-768
-817
-852
-804
-782
-796
-940
-1015
-1052
-958
-816
-712
-806
-975
-968
-843
-716
-712
-658
-572
-551
-656
-734
-592
-318
-250
-433
-525
-433
-294
-328
-354
-201
-54
-148
-403
-453
-247
-84
-185
-323
-316
-287
-374
-523
-467
-277
-249
-447
-573
-525
-436
-495
-551
-467
-364
-426
-574
-590
-422
-272
-315
-418
-427
-379
-322
-290
-212
-153
-144
-244
-338
-338
-197
-102
-128
-212
-313
-370
-402
-418
-419
-387
-391
-511
-643
-710
-673
-648
-696
-800
-902
-932
-957
-1044
-1033
-954
-848
-903
-1133
-1233
-1161
-915
-761
-815
-987
-1006
-878
-765
-767
-681
-485
-411
-559
-707
-567
-244
-107
-284
-404
-268
-169
-261
-401
-261
-21
-63
-407
-553
-370
-164
-256
-435
-383
-292
-392
-622
-584
-300
-139
-362
-629
-593
-394
-339
-395
-355
-278
-323
-476
-494
-329
-133
-162
-328
-407
-350
-274
-259
-246
-225
-233
-310
-380
-397
-328
-273
-322
-400
-443
-447
-438
-477
-529
-537
-537
-579
-668
-716
-692
-688
-755
-846
-887
-868
-897
-983
-1035
-975
-923
-846
-882
-989
-1065
-1002
-797
-641
-626
-807
-884
-770
-605
-570
-532
-383
-345
-511
-690
-596
-247
-90
-289
-515
-485
-349
-353
-452
-317
-122
-173
-474
-612
-378
-100
-135
-315
-267
-175
-238
-393
-370
-121
19
-119
-332
-331
-214
-178
-254
-213
-129
-141
-275
-426
-417
-271
-174
-220
-311
-428
-445
-426
-426
-416
-365
-364
-502
-677
-677
-534
-449
-493
-599
-645
-644
-674
-708
-650
-554
-560
-717
-815
-766
-657
-658
-740
-782
-739
-781
-887
-947
-874
-829
-715
-788
-965
-1136
-1112
-917
-675
-682
-981
-1123
-984
-781
-848
-831
-620
-483
-689
-1003
-902
-446
-191
-407
-606
-479
-292
-360
-478
-245
60
10
-348
-498
-227
53
-15
-207
-161
-48
-134
-347
-372
-167
0
-94
-339
-446
-401
-336
-384
-391
-362
-369
-486
-671
-736
-566
-393
-467
-679
-768
-653
-588
-615
-603
-514
-473
-581
-715
-672
-456
-340
-433
-536
-533
-482
-500
-528
-473
-412
-443
-568
-642
-644
-612
-664
-753
-811
-830
-906
-1039
-1122
-1114
-1124
-1185
-1227
-1172
-1226
-1355
-1431
-1306
-1062
-956
-1105
-1326
-1280
-1035
-850
-843
-765
-674
-719
-836
-822
-553
-279
-256
-433
-538
-452
-380
-366
-316
-228
-223
-345
-476
-500
-404
-317
-366
-462
-523
-588
-658
-692
-670
-652
-682
-769
-902
-961
-926
-860
-873
-919
-950
-962
-959
-973
-959
-885
-828
-822
-844
-849
-814
-751
-723
-715
-689
-642
-652
-701
-707
-641
-617
-655
-721
-764
-737
-715
-739
-803
-825
-853
-957
-1026
-1000
-983
-1061
-1104
-1173
-1187
-1265
-1289
-1287
-1296
-1320
-1290
-1309
-1244
-1208
-1230
-1264
-1223
-1077
-980
-958
-1037
-1017
-916
-799
-798
-754
-648
-606
-664
-686
-592
-441
-400
-480
-541
-515
-497
-510
-525
-485
-464
-527
-596
-653
-665
-622
-611
-655
-670
-663
-681
-723
-786
-766
-700
-655
-707
-800
-812
-750
-740
-753
-737
-709
-701
-743
-776
-733
-656
-648
-708
-744
-710
-711
-728
-709
-675
-671
-702
-749
-736
-705
-692
-719
-741
-732
-738
-747
-752
-769
-790
-802
-818
-848
-870
-872
-915
-962
-1000
-985
-1010
-1114
-1166
-1169
-1132
-1174
-1190
-1246
-1247
-1247
-1271
-1254
-1195
-1122
-1165
-1158
-1125
-1075
-1058
-998
-890
-808
-793
-801
-792
-683
-590
-548
-525
-467
-439
-464
-461
-409
-329
-294
-321
-371
-372
-352
-365
-380
-352
-328
-380
-461
-520
-518
-499
-511
-595
-626
-638
-665
-724
-743
-713
-707
-736
-770
-759
-730
-720
-758
-743
-691
-662
-664
-656
-624
-605
-593
-595
-596
-587
-580
-580
-594
-590
-585
-590
-599
-630
-657
-639
-625
-674
-731
-780
-809
-828
-877
-911
-943
-970
-1032
-1108
-1150
-1137
-1154
-1203
-1284
-1290
-1289
-1264
-1260
-1265
-1235
-1256
-1231
-1137
-1024
-1021
-1005
-966
-895
-840
-751
-649
-594
-553
-531
-519
-452
-371
-303
-292
-287
-294
-285
-249
-222
-228
-252
-241
-239
-262
-293
-293
-256
-221
-275
-344
-357
-354
-346
-353
-348
-331
-335
-383
-422
-428
-379
-347
-381
-386
-384
-399
-411
-410
-394
-356
-353
-379
-403
-393
-372
-382
-400
-396
-392
-411
-419
-430
-432
-436
-482
-500
-491
-496
-521
-556
-571
-589
-608
-609
-605
-593
-634
-670
-663
-638
-617
-641
-659
-688
-698
-702
-682
-671
-667
-688
-722
-711
-703
-708
-708
-684
-677
-670
-662
-653
-616
-578
-546
-546
-526
-458
-395
-327
-304
-297
-277
-216
-151
-110
-63
-36
-13
7
18
54
107
132
88
65
92
131
126
92
74
82
71
23
-17
-16
-1
-26
-82
-109
-118
-141
-171
-202
-218
-215
-221
-255
-276
-282
-281
-286
-284
-280
-262
-248
-239
-249
-263
-242
-213
-191
-186
-189
-173
-162
-184
-192
-145
-104
-137
-200
-212
-188
-172
-186
-228
-241
-240
-260
-312
-333
-293
-292
-334
-379
-396
-372
-371
-400
-437
-424
-394
-407
-424
-397
-365
-376
-398
-365
-315
-278
-293
-311
-285
-212
-193
-205
-177
-122
-110
-100
-70
-37
-12
-3
16
37
62
66
67
73
86
96
110
85
56
74
100
87
50
45
54
36
8
0
19
-6
-41
-73
-69
-47
-78
-96
-100
-98
-117
-122
-91
-73
-70
-96
-113
-104
-103
-104
-98
-81
-63
-80
-106
-104
-92
-90
-87
-88
-88
-85
-96
-105
-114
-109
-101
-104
-109
-106
-115
-130
-133
-122
-137
-149
-158
-174
-179
-172
-174
-179
-188
-203
-194
-200
-208
-204
-184
-185
-187
-193
-198
-197
-212
-211
-211
-199
-191
-190
-208
-203
-185
-211
-232
-197
-144
-151
-176
-183
-135
-111
-135
-162
-109
-50
-46
-101
-109
-57
-51
-80
-74
-25
-8
-30
-69
-66
-43
-34
-30
-47
-67
-52
-27
-48
-62
-16
5
-22
-56
-30
13
12
15
25
62
72
73
58
56
103
130
145
148
147
128
114
106
136
162
167
147
132
136
137
118
97
96
118
129
114
89
88
103
89
78
83
107
96
71
74
91
94
88
87
106
123
117
106
134
161
174
173
170
190
178
186
198
206
240
253
234
212
222
216
201
205
235
256
207
146
122
147
164
155
116
107
85
54
67
119
124
71
55
68
85
76
99
96
85
114
123
117
118
145
162
164
160
178
194
196
194
196
239
280
253
251
271
284
296
315
308
316
332
326
328
355
379
362
337
325
336
348
363
351
335
345
328
296
303
322
318
301
291
283
295
298
280
276
296
297
274
281
312
321
284
267
275
294
282
269
272
284
296
281
262
238
247
270
255
230
211
207
196
172
159
161
140
118
110
111
105
100
115
97
67
51
71
83
98
84
52
73
102
95
80
110
133
133
114
115
153
165
133
129
166
169
144
134
161
163
142
132
135
143
148
139
138
146
130
116
130
161
152
138
144
171
192
207
212
214
231
253
274
296
318
347
366
376
363
367
411
449
437
409
429
469
446
406
446
477
422
358
377
400
376
328
348
356
309
268
252
257
262
229
209
203
183
155
164
175
156
139
136
128
107
110
132
137
124
107
106
127
130
122
131
137
130
135
132
132
147
145
124
149
160
148
133
143
156
155
134
131
162
169
138
110
128
153
163
140
114
114
123
129
129
135
132
129
126
127
153
172
173
149
135
153
195
215
212
211
237
236
231
232
266
290
284
291
294
297
285
295
328
352
325
291
293
306
316
300
288
298
293
259
242
270
277
286
255
229
213
225
238
208
202
215
198
163
158
156
147
142
145
150
145
143
132
114
115
108
115
132
124
103
98
97
97
107
129
150
142
126
132
146
154
170
177
163
138
143
185
189
163
161
176
171
153
165
184
182
163
143
147
162
151
131
145
149
152
138
130
140
142
150
158
162
167
175
173
179
203
250
258
238
230
248
281
297
290
278
298
300
271
286
324
345
334
303
302
311
296
274
268
278
273
246
228
210
212
204
208
213
202
192
163
148
174
193
182
177
177
178
182
191
218
251
255
239
259
282
319
327
334
333
337
343
346
357
358
377
365
356
354
363
359
346
338
322
315
287
273
253
249
261
250
227
209
211
213
214
224
234
208
190
188
187
210
219
213
207
200
199
216
225
230
239
206
217
237
227
243
243
241
236
233
225
234
251
240
232
212
215
195
172
169
163
152
142
142
121
105
95
98
105
102
78
64
74
76
83
87
89
95
105
111
119
142
161
173
184
180
189
201
214
218
230
235
236
249
271
279
281
297
301
299
295
304
313
304
284
274
272
263
252
247
248
244
232
200
175
190
204
213
210
215
208
198
197
208
222
226
226
231
236
223
225
244
274
276
275
264
278
290
287
283
304
308
296
299
302
301
294
299
298
293
278
243
253
275
283
265
237
240
247
256
254
242
247
234
225
214
212
233
221
189
176
169
161
169
173
172
172
156
134
139
151
177
189
175
168
166
158
172
195
201
212
201
203
198
187
182
204
219
205
200
192
197
186
186
184
192
193
177
162
156
169
184
187
171
173
169
171
163
166
189
200
172
158
161
178
187
171
185
197
206
189
184
192
210
206
187
202
235
263
252
244
258
274
282
271
278
298
302
292
285
291
301
293
279
285
294
277
248
238
245
234
231
224
222
208
187
179
192
200
206
190
190
201
215
229
225
243
244
244
240
252
260
268
258
261
278
272
268
266
271
271
279
262
264
273
271
261
250
239
248
253
232
245
247
233
223
202
206
229
221
199
185
183
184
171
167
193
202
184
169
175
206
200
184
184
195
195
182
179
173
197
196
166
156
164
150
141
122
118
140
131
105
86
90
81
52
41
50
57
43
25
-2
-6
6
6
3
11
12
-3
4
1
22
48
53
40
42
62
87
78
63
77
95
98
88
94
101
115
97
86
95
108
94
92
96
98
86
66
71
77
86
66
62
59
54
35
19
34
48
51
24
11
24
34
29
27
36
36
13
2
1
17
34
10
7
19
6
-5
-12
0
-8
-37
-58
-60
-55
-49
-81
-102
-95
-81
-90
-108
-103
-88
-95
-109
-115
-99
-90
-109
-123
-102
-79
-79
-108
-116
-121
-111
-113
-118
-104
-117
-122
-146
-134
-126
-120
-113
-108
-92
-84
-76
-82
-57
-43
-45
-37
-40
-25
-13
10
16
25
30
11
37
54
76
83
82
85
86
75
68
86
94
99
65
45
42
64
61
49
49
53
52
26
50
68
58
37
30
35
54
46
34
41
60
65
58
54
55
69
57
62
58
72
86
71
64
65
66
80
73
62
67
70
73
75
72
69
82
82
76
73
77
89
72
57
51
71
60
36
35
48
41
45
35
38
58
60
52
43
57
83
80
91
107
116
137
131
145
160
170
175
174
177
175
185
190
202
210
205
200
188
185
189
176
167
174
167
160
142
141
149
153
157
150
146
143
141
136
145
162
157
152
147
162
171
179
173
172
172
181
187
198
205
199
207
194
193
198
219
205
189
198
198
199
189
168
168
172
171
153
153
142
123
118
112
130
121
114
107
95
86
96
104
100
93
100
103
107
123
128
141
159
165
166
188
212
217
222
228
249
252
258
264
281
301
287
283
285
288
292
282
283
285
278
264
268
261
259
256
237
228
227
227
218
212
202
207
210
203
202
204
191
179
181
179
189
180
172
174
160
170
177
169
162
152
155
156
158
164
177
177
177
177
171
176
179
184
202
200
203
205
215
225
247
249
241
238
216
228
234
231
240
232
210
201
204
222
224
216
206
198
194
182
173
166
177
173
171
162
150
157
157
163
159
165
162
162
165
178
196
198
205
211
216
217
237
253
260
257
250
242
248
252
245
237
229
225
225
216
210
211
207
194
176
159
149
155
150
154
165
155
147
137
141
165
182
174
179
170
177
177
176
196
197
203
199
184
183
197
199
191
190
202
190
175
189
181
179
168
146
135
122
112
102
89
87
86
58
39
17
14
17
11
11
12
5
5
1
-7
0
7
8
1
-3
14
17
24
29
45
56
54
68
74
83
109
111
111
123
120
115
139
134
137
139
124
128
118
128
115
112
103
81
63
71
83
79
60
53
56
50
38
35
49
52
42
37
39
44
47
45
56
73
83
84
86
103
135
145
134
130
127
141
146
152
150
160
154
130
134
143
146
143
140
135
129
116
104
89
93
103
95
82
78
77
75
66
68
65
76
86
74
80
89
100
102
100
106
121
129
128
118
139
155
166
166
176
193
201
207
213
212
207
214
212
207
213
233
231
222
211
224
244
242
229
229
231
218
212
216
226
242
244
227
225
237
232
228
220
231
224
225
230
220
230
234
224
218
224
236
244
237
230
246
256
248
252
260
260
259
254
246
237
243
240
248
244
241
234
231
223
212
209
211
203
181
190
152
151
144
147
151
139
138
132
129
113
124
133
128
