SAMPLES:	7269
BITSPERSAMPLE:	16
CHANNELS:	1
SAMPLERATE:	16000
NORMALIZED:	FALSE
-79
-75
-80
-74
-64
-61
-65
-71
-70
-72
-78
-94
-90
-89
-106
-105
-101
-95
-100
-122
-138
-133
-141
-150
-161
-169
-162
-157
-165
-175
-173
-188
-180
-176
-197
-193
-191
-202
-204
-209
-200
-200
-212
-219
-223
-220
-216
-219
-221
-204
-218
-213
-204
-203
-192
-185
-194
-196
-194
-198
-201
-202
-195
-196
-200
-202
-190
-205
-196
-198
-210
-200
-194
-194
-208
-203
-198
-196
-204
-209
-201
-198
-197
-191
-193
-192
-185
-188
-190
-203
-192
-195
-202
-195
-201
-195
-193
-204
-204
-192
-199
-197
-191
-191
-191
-187
-191
-186
-181
-178
-155
-160
-152
-145
-139
-123
-128
-124
-122
-116
-108
-109
-117
-118
-110
-107
-100
-95
-91
-83
-83
-77
-71
-68
-76
-79
-71
-70
-66
-67
-70
-82
-71
-69
-77
-75
-82
-68
-81
-80
-75
-77
-73
-74
-76
-78
-82
-77
-71
-70
-72
-58
-68
-75
-68
-71
-69
-68
-60
-65
-59
-66
-76
-70
-74
-71
-68
-64
-67
-68
-68
-69
-69
-59
-57
-61
-61
-62
-71
-70
-72
-68
-75
-79
-76
-76
-81
-95
-91
-89
-90
-92
-85
-93
-85
-95
-88
-83
-92
-94
-105
-104
-97
-92
-101
-100
-92
-90
-90
-90
-84
-84
-93
-92
-73
-83
-92
-72
-69
-76
-74
-73
-74
-72
-66
-65
-61
-42
-47
-39
-31
-25
-32
-35
-22
-8
-5
-6
-2
-5
3
6
3
-2
5
0
-2
-6
-14
-10
-13
-4
-2
1
13
9
20
28
35
40
54
68
67
64
66
74
83
87
80
85
90
100
108
95
102
115
107
101
103
90
98
103
96
100
93
98
99
82
85
90
91
91
83
100
92
91
98
93
94
98
103
119
123
120
119
123
119
124
123
112
119
115
114
135
131
132
144
144
144
140
145
145
149
142
156
155
142
155
149
156
142
136
138
130
130
135
137
138
147
143
148
163
153
153
149
155
161
154
154
153
157
168
181
179
196
199
203
218
219
231
234
239
244
248
250
252
269
272
279
273
272
268
268
264
273
286
275
273
279
275
279
280
271
277
275
285
279
277
270
265
274
271
285
275
287
279
272
283
293
286
294
300
291
296
300
305
301
297
300
290
269
271
259
270
271
269
275
284
286
282
277
270
271
275
276
269
274
265
259
259
259
260
262
264
261
253
250
249
253
248
251
235
228
231
217
221
205
208
203
196
206
201
210
204
198
193
208
205
206
210
215
204
195
202
204
203
196
201
206
200
204
210
217
227
228
221
232
224
222
227
228
236
234
237
237
228
220
225
224
224
223
231
220
215
207
212
224
222
220
223
204
208
217
215
218
219
217
217
214
215
212
218
221
210
217
203
203
203
196
193
179
185
188
193
185
187
190
186
188
188
194
190
184
178
167
164
169
154
154
156
140
137
142
146
140
132
136
149
134
130
132
132
123
131
147
127
130
128
131
122
125
122
117
112
107
107
101
100
106
112
100
99
94
97
102
83
83
80
70
66
61
48
41
41
37
53
27
39
34
40
38
31
46
37
39
41
44
48
49
49
54
48
46
47
52
57
59
56
60
61
66
69
62
60
56
55
60
60
60
61
50
57
58
64
75
74
75
76
90
86
83
88
88
90
102
100
100
101
108
117
111
117
120
122
129
140
140
153
144
149
166
162
158
158
169
169
166
183
185
176
174
170
174
176
178
180
168
162
179
184
183
186
197
203
207
213
217
222
221
207
218
216
201
205
202
206
207
207
190
187
192
190
190
186
177
178
178
164
165
164
163
158
161
169
165
167
175
178
176
174
179
183
187
178
174
186
182
186
192
179
176
176
187
188
178
180
178
166
167
164
167
157
160
163
168
163
165
165
169
173
171
173
176
196
197
193
198
205
197
213
216
213
225
232
232
228
226
231
233
226
229
221
236
237
240
240
233
232
227
220
211
220
223
223
228
218
212
221
219
215
210
222
218
220
231
239
235
228
228
229
239
242
239
243
234
223
220
220
229
237
234
240
240
241
246
251
251
247
251
237
235
234
245
250
251
254
253
248
246
249
257
249
243
247
246
250
242
245
249
253
257
264
260
252
261
259
257
264
265
264
269
272
276
288
279
281
278
278
281
280
293
292
290
295
294
294
294
287
304
304
294
293
295
301
311
306
291
301
311
307
297
298
309
314
304
306
313
309
298
284
296
295
293
293
281
280
278
269
268
267
264
257
246
241
244
237
232
232
237
255
251
251
252
254
258
256
254
251
255
261
254
254
245
252
247
234
236
231
219
213
201
213
219
217
212
212
210
201
197
181
170
177
182
187
196
197
210
210
205
209
215
218
221
233
228
239
243
237
233
242
243
249
265
257
254
257
254
261
246
248
258
253
249
245
242
241
236
224
233
229
229
234
232
241
240
241
247
254
251
262
267
267
263
259
274
266
271
273
268
273
275
265
277
286
277
281
292
289
299
296
307
313
304
302
294
307
307
317
312
305
315
309
302
303
299
295
292
292
288
294
291
287
283
288
291
284
283
277
271
266
266
267
279
277
279
277
277
278
269
282
264
267
273
272
283
274
271
269
268
259
253
259
258
257
255
255
243
251
251
245
252
259
266
261
268
261
254
254
266
274
276
266
275
278
275
279
275
273
270
266
249
251
243
237
228
227
238
228
224
222
219
222
225
210
197
198
208
213
207
211
202
201
206
206
203
205
215
215
213
221
215
207
209
212
216
215
212
193
196
198
201
190
189
175
168
184
178
193
205
204
209
212
214
201
201
206
202
194
190
181
185
183
172
173
177
183
186
184
191
188
185
192
194
190
188
188
181
177
187
196
182
183
194
198
196
201
198
207
209
211
215
207
210
208
222
222
222
229
227
225
221
239
235
250
261
264
267
263
262
263
270
270
266
259
251
260
252
255
254
246
267
277
283
276
271
269
271
262
257
255
252
250
246
240
234
238
232
230
224
218
212
218
211
217
221
221
216
214
222
214
222
228
226
226
225
227
237
229
234
226
239
230
229
226
214
217
218
221
219
212
224
220
220
220
205
217
212
211
216
211
205
210
216
206
220
217
213
223
227
211
206
213
220
232
229
226
222
224
230
229
234
231
239
254
249
255
260
275
272
256
272
279
277
275
290
289
290
288
281
285
280
288
272
266
275
276
278
276
269
259
253
266
267
257
260
261
260
264
261
272
263
274
275
284
280
281
278
274
284
278
278
275
281
270
257
263
252
248
248
242
235
234
231
231
240
235
237
238
241
231
227
216
224
218
207
207
202
200
199
204
211
220
224
235
231
239
262
384
417
291
235
221
141
147
269
311
222
171
143
96
149
237
270
233
223
184
159
195
233
227
236
239
216
207
238
269
243
233
234
217
206
244
261
259
242
203
173
185
183
209
240
237
213
204
240
243
279
285
357
390
265
160
86
114
180
282
257
159
94
73
93
171
238
262
208
184
177
188
211
218
192
236
265
217
214
277
279
216
194
210
280
262
270
220
246
176
126
212
252
209
167
181
182
146
172
148
173
294
179
110
147
191
149
198
235
121
102
234
262
129
183
185
123
202
322
190
140
299
403
371
343
331
214
130
258
328
263
188
150
117
109
104
143
193
131
139
141
140
55
131
127
55
162
316
266
157
249
204
17
155
386
250
132
79
92
65
202
118
-36
-12
81
88
-73
88
52
0
-93
-82
-99
309
711
373
87
497
628
129
-5
659
852
601
347
-18
-178
104
524
299
5
-103
-61
159
162
-73
-401
-189
30
33
48
-17
-199
-321
-188
45
150
347
302
61
-80
-34
260
657
412
-197
-55
488
619
82
-59
125
169
222
285
161
225
239
-226
-254
186
287
-83
94
259
-123
-99
113
59
110
336
96
-189
-9
246
205
-28
40
221
114
54
160
177
357
516
382
-13
16
333
408
572
380
-19
-116
217
320
190
81
-60
70
245
308
-40
-192
94
337
109
15
278
647
343
47
268
494
69
10
646
655
108
19
292
162
153
280
45
-100
440
526
85
-245
21
295
254
251
130
90
265
276
254
140
210
201
301
351
365
262
298
234
133
298
473
230
-48
217
505
416
141
115
-19
247
497
398
161
173
139
252
500
343
128
117
390
374
256
376
242
160
357
329
244
439
282
312
285
526
479
274
346
453
567
431
383
270
431
663
550
201
256
434
435
510
487
263
140
477
524
319
529
326
95
458
737
158
125
663
255
-16
663
721
-19
210
659
391
174
367
438
303
421
598
443
260
357
220
450
678
340
191
429
493
411
403
401
121
360
787
364
151
553
273
112
409
249
284
450
429
261
211
514
216
5
525
468
155
278
569
515
152
210
356
202
454
732
155
66
591
487
61
327
270
178
264
756
429
-97
221
769
371
-94
296
559
602
463
582
-191
269
980
585
-131
208
566
761
530
390
306
233
576
557
299
408
617
592
436
436
521
257
410
703
395
352
429
514
706
505
290
54
282
775
726
431
562
166
279
724
381
297
642
492
433
433
457
488
612
597
275
46
661
927
389
279
621
716
436
253
326
451
694
805
558
207
223
388
664
698
244
130
466
659
868
406
53
241
757
815
96
232
800
705
461
559
366
433
565
841
468
211
797
689
345
529
1007
356
83
637
732
562
491
853
443
543
710
326
294
583
852
792
487
709
579
167
677
768
606
559
692
505
519
984
670
113
308
884
673
415
513
768
740
562
6
165
896
711
657
550
338
302
497
470
378
426
432
401
480
687
592
422
285
254
311
423
692
653
624
170
171
389
684
577
123
118
845
711
190
335
580
36
322
801
56
-6
915
765
123
550
485
-94
339
1071
697
105
216
800
473
437
392
27
59
910
1007
152
192
488
387
147
349
443
407
514
846
240
-112
443
434
287
323
507
319
146
444
605
108
13
440
594
35
216
692
333
-89
-89
509
289
194
279
429
113
164
352
64
-128
585
539
-103
71
276
499
359
-10
59
358
160
292
139
401
494
30
204
308
53
31
233
524
417
-172
-32
472
293
138
131
-13
33
404
385
278
189
102
205
448
73
97
301
700
481
91
185
337
241
270
510
436
-81
225
780
355
146
197
150
85
93
323
369
123
245
282
-36
148
324
-44
131
324
224
234
173
183
248
213
268
300
66
4
322
428
242
3
253
307
156
475
287
60
-73
268
464
227
148
121
89
264
303
52
63
-269
219
387
80
139
288
210
-102
-73
175
438
93
142
409
133
161
208
-141
-187
70
230
368
-155
-27
223
-29
-68
-146
-156
27
142
160
45
38
-30
-184
-234
-8
-96
117
388
50
-97
-199
-229
1
138
100
12
27
106
237
15
-366
-16
-107
-292
-113
352
285
-198
-342
-225
71
-18
4
120
137
-326
-127
155
62
-27
67
-115
-98
-21
127
-12
-51
190
24
-184
-249
78
153
-8
-168
-69
-141
-192
263
135
-392
-235
126
-84
-109
36
199
-149
-106
-110
-280
-292
71
84
-133
-243
-212
-67
-145
-34
-167
-467
-291
218
263
-161
-213
-19
-188
-319
20
51
-134
154
87
-216
-472
-193
91
-195
-387
-100
57
-223
-190
30
-119
-540
-232
-36
-226
-80
92
-1
-337
-205
-47
-318
-502
-100
150
-52
-302
-60
-297
-329
-34
-112
-358
-301
16
140
-46
-340
-284
-126
-239
-423
-174
-32
-91
-3
13
-462
-535
-265
-94
-67
11
-304
-429
-176
-153
-282
-286
-306
-244
-168
-292
-65
-31
-132
-316
-287
-324
-389
-104
252
-75
-309
-278
-301
-331
-163
104
-67
-281
-223
-169
-279
-149
181
-85
-426
-148
96
-187
-154
283
29
-418
-196
1
-53
-37
77
-137
-226
-8
134
-134
-225
-15
180
-133
-296
-39
148
34
-83
22
-225
-331
-22
178
-184
-196
-93
-121
-211
-124
-181
-256
-97
-111
-246
-343
-124
-117
-145
-61
-448
-632
-357
6
12
-408
-584
-450
-393
-272
-322
-403
-403
-355
-264
-344
-333
-264
-335
-389
-296
-204
-266
-222
14
-137
-365
-237
-93
-189
-145
121
31
-204
-137
-15
38
14
-109
-129
-70
191
144
-77
-20
90
-19
-205
-7
154
-33
-113
195
146
-240
-255
21
-10
-197
-183
5
-64
-103
-205
-312
-249
-124
-121
-330
-392
-156
-7
-247
-395
-441
-353
-227
-362
-387
-316
-353
-446
-461
-425
-516
-582
-532
-606
-604
-525
-420
-668
-841
-848
-817
-998
-1038
-696
-380
-225
-249
-583
-826
-770
-429
52
349
317
131
101
231
386
481
486
504
656
864
1061
1072
902
726
636
777
922
953
957
1007
942
689
465
392
477
544
539
446
233
171
327
247
-17
-64
57
144
27
71
265
6
-143
-105
-79
-137
-105
34
74
-174
-203
-251
-446
-527
-501
-308
-419
-626
-766
-875
-1011
-984
-1095
-1030
-494
16
-113
-746
-1365
-1167
-430
209
490
313
-144
-325
62
554
693
494
268
446
899
1217
1259
880
524
388
525
886
1090
971
700
549
341
143
184
335
378
295
192
137
75
109
214
22
-153
-34
150
263
403
476
247
58
88
308
443
479
483
493
237
243
400
262
76
64
327
191
-180
-80
107
-70
-197
-87
-179
-479
-441
-291
-48
-161
-466
-559
-488
-520
-446
-586
-619
-518
-258
-79
-279
-812
-971
-692
-359
-140
-94
-161
-337
-401
-318
-119
42
29
-74
-64
105
311
398
357
268
136
135
277
479
620
588
361
160
162
286
343
322
217
101
107
215
335
364
251
49
-65
39
224
317
354
319
128
-17
87
284
330
218
166
189
230
239
228
241
218
204
217
296
408
336
171
224
282
240
194
269
271
153
99
81
37
37
-2
-70
-149
-235
-280
-386
-356
-255
-282
-365
-507
-547
-514
-510
-462
-342
-271
-328
-423
-469
-352
-191
-124
-144
-147
-131
-51
60
79
104
90
57
108
217
314
358
325
244
217
206
271
353
368
317
290
257
315
369
331
289
292
341
331
341
384
453
406
336
335
393
453
460
439
415
405
403
443
468
502
468
406
411
434
438
419
396
384
348
308
271
249
243
214
155
123
75
40
36
-16
-106
-171
-168
-147
-117
-135
-198
-279
-285
-247
-245
-241
-202
-188
-198
-206
-191
-125
-70
-54
-110
-119
-56
18
59
82
90
72
59
77
114
162
229
229
200
222
296
335
341
342
327
374
419
450
519
522
467
439
495
563
557
580
601
580
599
656
871
1172
1011
417
112
531
1063
976
331
-90
126
335
138
-148
215
979
810
10
-167
416
638
285
87
235
370
162
-136
-220
-507
-697
-654
-260
189
-17
-459
-949
-1279
-998
-481
-184
-108
-374
-682
-806
-592
-557
-510
-229
-77
-173
-189
106
550
316
-245
-395
103
872
1032
709
531
556
306
47
377
916
1058
728
241
309
569
452
96
-48
152
273
272
362
273
-73
-439
-406
22
404
322
193
331
100
-106
11
582
759
305
311
722
896
540
255
353
688
824
572
410
823
899
133
-242
389
997
63
-785
-348
211
-500
-1362
-1202
-4
170
-826
-1502
-1695
-1249
-651
-508
-724
-593
-510
-857
-1135
-889
-428
113
98
-138
-151
159
462
259
-64
222
676
987
1084
942
679
599
517
484
876
1211
1211
938
458
276
480
572
540
369
409
542
351
70
-80
-85
21
178
143
80
251
200
-15
-1
141
429
684
525
411
630
891
693
444
652
1021
964
796
725
692
678
468
220
454
611
137
-241
-326
-545
-910
-1023
-693
257
230
-1104
-2133
-2187
-1150
-55
-117
-439
-663
-1046
-1286
-1044
-527
168
548
115
-208
-25
300
541
301
103
638
1233
1515
1190
646
497
622
669
1034
1563
1613
1070
266
-145
328
827
756
541
372
265
-16
-427
-469
-185
56
171
57
-236
-383
-391
-294
1
160
499
716
218
-144
53
498
724
508
432
677
646
236
-3
63
176
74
-195
-163
-269
-1026
-1605
-1553
-1202
83
244
-1255
-2489
-2873
-1841
-204
73
-647
-1127
-1475
-1666
-1469
-834
92
599
-112
-677
-626
-21
545
118
-227
544
1224
1326
803
126
102
592
755
980
1451
1393
674
-262
-422
443
981
850
429
77
59
-182
-574
-489
-24
140
133
-115
-473
-488
-378
-264
27
359
747
537
-98
-380
-8
651
837
473
262
239
15
-287
-210
-57
-99
-517
-831
-1151
-1426
-1546
-960
49
-569
-1941
-2863
-2323
-630
126
-610
-1253
-1387
-1305
-1276
-920
-217
488
311
-411
-677
-269
634
722
197
353
930
1255
928
164
146
801
1128
900
868
994
866
173
-323
251
1071
1088
384
-128
-23
-4
-265
-326
113
447
321
-133
-568
-489
-67
345
451
313
379
329
-11
-142
226
823
930
414
-46
-66
59
-7
-138
-85
-121
-689
-1075
-1373
-1472
-1502
-671
102
-967
-2387
-3169
-2318
-413
206
-778
-1625
-1666
-1500
-1385
-843
-40
552
165
-607
-950
-376
766
751
278
539
1011
1156
615
-41
315
1348
1583
987
751
888
743
149
117
887
1395
1004
12
-354
59
260
7
-54
343
344
-87
-546
-745
-335
351
627
225
27
111
-11
-50
184
716
1095
699
-14
-272
58
321
246
102
119
-435
-1005
-1218
-1124
-1087
-444
335
-847
-2180
-3041
-2297
-345
522
-597
-1764
-2025
-1665
-1429
-892
-203
353
-64
-863
-1385
-889
519
711
118
203
660
728
219
-350
176
1381
1722
905
314
486
628
297
440
1202
1539
995
-137
-418
281
819
545
203
263
310
-97
-436
-431
-55
583
622
-46
-244
-119
-89
-18
227
660
761
187
-500
-477
107
515
282
-108
-186
-736
-1097
-1065
-805
-762
-445
128
-1061
-2149
-2839
-1893
-113
660
-630
-2031
-2304
-1721
-1173
-625
-119
113
-492
-1317
-1769
-1055
509
696
-42
-363
2
103
-178
-445
257
1411
1469
365
-375
55
668
642
783
1223
1235
512
-493
-368
744
1410
878
151
-9
202
49
-21
118
370
678
424
-385
-371
124
355
324
264
323
337
-80
-467
-214
419
534
13
-499
-496
-716
-768
-721
-566
-784
-495
-33
-1164
-1926
-2370
-1165
368
707
-956
-2155
-1953
-933
-411
-150
87
0
-682
-1232
-1265
-185
1209
881
-236
-554
-9
265
153
-6
737
1447
1049
-263
-699
319
1160
966
723
782
627
38
-504
142
1387
1559
422
-499
-244
511
698
559
355
314
489
141
-173
270
776
749
323
87
203
399
268
151
247
596
306
-345
-542
-229
-286
-416
-684
-831
-1119
-897
-71
-790
-1523
-2305
-1542
-154
442
-998
-2086
-1763
-737
-283
-393
-345
-276
-557
-892
-903
-28
1138
753
-362
-527
274
767
563
130
636
1310
1129
45
-298
692
1440
1024
576
650
757
414
-53
337
1418
1431
292
-662
-205
769
948
594
190
78
173
282
113
475
849
635
109
60
417
721
538
211
184
431
451
7
-189
32
-23
-355
-561
-662
-757
-894
82
-263
-1207
-2208
-1945
-472
536
-278
-1913
-2062
-1213
-440
-610
-465
-314
-480
-990
-1147
-647
636
817
-219
-768
-124
532
449
-64
295
1034
1151
264
-445
283
1369
1224
583
558
798
630
92
236
1169
1596
747
-396
-358
651
1060
728
281
61
132
196
33
285
654
586
6
-293
43
432
445
221
23
67
197
-69
-269
-92
21
-289
-528
-749
-873
-1040
-610
249
-677
-1627
-2402
-1411
-39
463
-981
-1997
-1802
-894
-518
-589
-316
-334
-704
-1137
-1138
-304
750
416
-491
-597
29
367
93
-68
550
968
659
-247
-307
767
1370
821
399
501
695
399
168
757
1465
1382
304
-416
153
1058
1094
805
434
315
229
129
296
772
971
519
-178
-211
351
711
644
289
81
88
96
-10
155
257
89
-329
-542
-641
-615
-703
-277
379
-646
-1619
-2325
-1140
199
569
-845
-1872
-1881
-877
-422
-363
-179
-317
-786
-1256
-1160
-186
832
506
-394
-700
-261
227
134
226
734
906
453
-421
-335
737
1390
967
459
369
479
321
268
955
1516
1179
153
-409
221
1028
1155
853
459
218
85
60
537
1062
1019
370
-310
-150
539
910
797
415
120
51
-27
187
487
504
3
-509
-651
-358
-475
-520
-715
80
-349
-1384
-2229
-1662
-229
385
-414
-1932
-2134
-1471
-504
-589
-378
-482
-803
-1423
-1438
-696
467
641
-317
-1119
-891
-85
238
131
279
404
186
-434
-678
177
1206
1070
217
-289
-64
242
253
462
893
969
185
-659
-474
530
1020
747
119
-272
-309
-120
227
620
708
185
-547
-615
58
671
732
348
-151
-352
-279
0
338
486
63
-622
-864
-540
-254
-504
-691
-846
-174
-806
-1476
-1955
-1172
-212
25
-946
-1939
-1890
-1158
-395
-536
-506
-825
-1105
-1346
-1044
-370
402
205
-690
-1246
-808
115
383
167
63
64
-41
-350
-293
561
1202
705
-164
-391
225
650
555
515
595
650
77
-429
-37
856
1076
520
-165
-365
-91
210
487
559
458
-23
-590
-423
325
788
633
39
-360
-330
-32
300
502
349
-120
-732
-610
-212
90
-329
-627
-929
-360
-380
-1010
-1367
-1306
-479
-190
-392
-1421
-1627
-1321
-373
-433
-493
-669
-816
-920
-901
-654
6
316
-241
-887
-863
-14
398
112
-112
-46
210
110
-201
104
814
863
201
-214
231
765
647
393
441
684
536
15
9
693
947
526
-15
-58
291
347
299
333
384
227
-234
-295
275
676
443
-14
-300
-175
2
163
214
157
-86
-550
-736
-290
-30
-195
-767
-917
-981
-449
-324
-766
-1170
-1393
-813
-395
-216
-1031
-1430
-1263
-377
-391
-559
-738
-702
-667
-762
-723
-222
305
-90
-819
-895
-82
358
56
-210
-39
280
66
-400
-148
788
984
181
-382
42
663
523
224
333
704
513
-227
-328
474
931
459
-189
-219
163
208
33
12
333
306
-220
-485
-52
382
276
-135
-297
-139
-69
-131
-142
-23
-62
-459
-654
-408
-139
-454
-784
-967
-799
-900
-634
-429
-873
-1372
-1857
-1185
-329
-45
-1144
-1775
-1506
-621
-605
-835
-753
-539
-636
-1096
-1177
-387
378
-70
-858
-916
-126
214
-199
-356
90
495
106
-573
-354
599
769
113
-293
67
438
108
-216
70
553
374
-478
-692
100
518
34
-481
-515
-196
-139
-182
-145
-34
-171
-604
-664
-112
245
-50
-420
-522
-352
-244
-215
-175
-143
-333
-717
-852
-474
-287
-477
-812
-949
-1008
-1129
-1266
-1028
-375
-862
-1620
-2253
-1465
-542
-335
-1163
-1745
-1646
-1107
-930
-1003
-680
-550
-850
-1411
-1346
-589
140
-63
-711
-975
-504
-59
-138
-147
65
223
-58
-485
-381
333
729
372
-213
-320
11
57
1
113
280
82
-514
-833
-309
317
241
-275
-740
-675
-521
-299
-88
-52
-294
-735
-965
-597
-51
42
-238
-587
-701
-686
-470
-199
-62
-257
-671
-958
-755
-403
-341
-580
-763
-927
-1022
-1215
-1065
-855
-511
-692
-1508
-1843
-1692
-933
-539
-539
-1333
-1785
-1786
-1106
-701
-562
-716
-1053
-1267
-1224
-914
-384
54
-243
-806
-1022
-573
-85
-8
-45
-59
-57
-270
-534
-347
325
581
52
-518
-504
-140
-35
-100
-79
8
-207
-828
-970
-330
197
-112
-711
-973
-805
-584
-454
-390
-368
-478
-929
-1169
-714
-146
-128
-516
-891
-937
-713
-444
-305
-317
-496
-854
-1051
-775
-383
-409
-645
-958
-1079
-1140
-1123
-998
-953
-977
-1323
-1264
-1518
-1526
-1742
-1398
-934
-832
-1464
-2097
-1872
-1101
-605
-947
-1187
-1236
-1082
-1174
-1133
-628
-57
-217
-943
-1235
-717
2
-14
-330
-385
-239
-345
-660
-533
83
337
-219
-829
-784
-231
-89
-382
-442
-253
-332
-860
-1070
-536
7
-272
-860
-1022
-670
-525
-664
-627
-430
-368
-714
-1008
-752
-260
-204
-516
-702
-628
-509
-568
-464
-247
-214
-542
-892
-736
-319
-235
-540
-797
-843
-826
-856
-859
-830
-837
-1188
-1380
-1334
-815
-820
-1328
-1635
-1510
-999
-801
-952
-1356
-1292
-1100
-846
-897
-798
-695
-765
-864
-857
-632
-345
-253
-562
-732
-595
-275
-223
-396
-435
-378
-301
-410
-532
-387
-139
-280
-585
-632
-398
-254
-431
-572
-483
-326
-462
-787
-712
-317
-205
-514
-715
-600
-447
-470
-558
-438
-290
-329
-636
-732
-403
-170
-288
-482
-525
-455
-454
-474
-425
-309
-340
-587
-720
-542
-334
-394
-529
-585
-564
-655
-709
-659
-500
-553
-831
-1017
-817
-651
-717
-680
-868
-984
-1191
-971
-603
-382
-779
-1227
-1279
-751
-425
-610
-757
-745
-687
-829
-885
-616
-159
-205
-668
-937
-607
-175
-239
-430
-369
-182
-279
-575
-573
-82
192
-113
-523
-466
-100
-102
-297
-237
23
-14
-436
-678
-316
98
-46
-451
-458
-277
-402
-569
-477
-152
-94
-429
-842
-710
-318
-211
-430
-498
-440
-530
-650
-528
-210
-103
-333
-650
-580
-229
-101
-246
-315
-241
-320
-468
-458
-279
-169
-362
-667
-743
-572
-595
-732
-841
-546
-696
-1077
-1367
-1167
-671
-510
-884
-1407
-1368
-1076
-827
-924
-839
-807
-904
-1089
-1120
-775
-292
-284
-721
-942
-674
-275
-210
-288
-223
-99
-141
-388
-388
55
380
148
-221
-263
-35
14
-145
-105
29
30
-343
-648
-471
-99
-119
-410
-565
-575
-563
-637
-543
-359
-306
-574
-867
-754
-346
-192
-371
-502
-509
-401
-340
-257
-116
-70
-225
-426
-316
-26
34
-166
-282
-257
-234
-305
-384
-324
-323
-503
-750
-756
-691
-699
-905
-939
-952
-760
-954
-1276
-1425
-1269
-839
-747
-948
-1381
-1412
-1190
-792
-770
-753
-765
-806
-886
-849
-551
-113
-11
-339
-599
-421
-4
107
-56
-57
86
75
-209
-341
-16
343
170
-262
-380
-172
-91
-323
-328
-77
-35
-445
-808
-627
-158
-126
-464
-627
-489
-401
-535
-565
-296
-132
-337
-656
-582
-205
-61
-243
-374
-289
-219
-291
-312
-111
14
-162
-448
-424
-132
-38
-214
-340
-315
-311
-455
-549
-408
-294
-446
-751
-831
-676
-619
-810
-904
-882
-865
-1083
-1180
-744
-682
-920
-1503
-1312
-660
-241
-759
-1284
-1151
-599
-460
-752
-684
-370
-287
-689
-880
-406
214
35
-572
-633
-81
240
-126
-408
-74
311
97
-469
-397
203
408
-118
-444
-187
131
-118
-457
-249
121
25
-520
-724
-314
-24
-228
-505
-473
-342
-452
-645
-472
-146
-153
-547
-766
-464
-132
-166
-337
-358
-317
-370
-447
-302
-44
-59
-357
-532
-350
-162
-252
-381
-299
-233
-332
-552
-552
-352
-284
-492
-665
-627
-533
-620
-767
-727
-639
-704
-1007
-1062
-1033
-483
-588
-924
-1357
-1294
-776
-329
-405
-924
-1055
-846
-512
-542
-361
-179
-162
-488
-746
-468
262
453
-35
-418
-171
172
62
-141
88
344
224
-317
-480
14
375
39
-321
-228
-18
-220
-522
-343
66
77
-437
-791
-501
-83
-176
-395
-359
-221
-337
-593
-445
-26
119
-185
-520
-387
-82
-61
-143
-72
-13
-163
-362
-265
62
121
-159
-413
-279
-76
-180
-364
-299
-199
-322
-543
-597
-359
-245
-446
-676
-611
-424
-481
-685
-679
-519
-466
-659
-774
-698
-535
-686
-671
-471
-360
-611
-1001
-850
-328
16
-314
-756
-817
-425
-313
-345
-253
-91
-208
-550
-657
-224
218
127
-304
-433
-170
-13
-123
-121
72
135
-67
-287
-156
126
159
-4
-56
66
70
-98
-100
102
250
134
-95
-153
25
95
32
9
47
7
-127
-183
-85
15
-33
-182
-239
-187
-150
-141
-114
-101
-192
-301
-278
-111
-18
-84
-236
-275
-176
-119
-116
-115
-118
-168
-256
-255
-180
-164
-224
-349
-370
-348
-371
-453
-486
-453
-487
-604
-697
-682
-664
-686
-779
-819
-776
-736
-688
-817
-867
-896
-751
-590
-527
-623
-695
-674
-592
-485
-384
-306
-305
-365
-380
-312
-141
-50
-71
-103
-53
-30
-45
-33
66
155
106
-15
-73
14
90
61
-1
-25
-44
-132
-174
-119
-54
-89
-219
-296
-247
-202
-216
-236
-206
-190
-253
-314
-277
-181
-124
-181
-243
-245
-229
-217
-202
-159
-142
-198
-285
-317
-272
-228
-260
-307
-297
-290
-348
-400
-400
-355
-351
-403
-425
-446
-463
-467
-448
-437
-446
-476
-516
-508
-465
-471
-508
-550
-555
-520
-514
-554
-572
-586
-591
-619
-632
-657
-566
-540
-598
-677
-709
-596
-458
-423
-492
-527
-516
-421
-375
-324
-266
-229
-219
-233
-196
-67
-3
-4
-11
36
104
107
88
133
170
178
116
67
99
110
91
42
10
-27
-77
-127
-124
-149
-182
-239
-309
-341
-325
-307
-310
-367
-424
-423
-376
-339
-338
-350
-338
-317
-297
-270
-233
-197
-189
-196
-203
-177
-138
-122
-154
-191
-181
-143
-146
-215
-255
-239
-230
-276
-335
-405
-407
-415
-452
-499
-529
-567
-589
-622
-623
-619
-653
-683
-692
-629
-609
-616
-655
-651
-586
-513
-497
-521
-524
-519
-469
-421
-385
-374
-391
-378
-374
-344
-320
-294
-308
-313
-345
-361
-343
-305
-325
-354
-338
-318
-306
-327
-341
-312
-244
-212
-234
-276
-230
-170
-144
-129
-127
-94
-103
-126
-126
-72
-16
-37
-87
-108
-65
-63
-69
-75
-90
-86
-128
-166
-165
-133
-139
-174
-224
-237
-238
-224
-239
-261
-254
-246
-272
-297
-277
-248
-253
-308
-328
-279
-237
-245
-271
-291
-296
-275
-258
-252
-265
-281
-295
-307
-309
-324
-340
-350
-389
-412
-424
-443
-479
-475
-453
-466
-544
-589
-562
-536
-527
-543
-515
-522
-560
-558
-489
-415
-406
-448
-444
-421
-352
-345
-340
-325
-305
-286
-288
-268
-237
-230
-259
-246
-181
-148
-189
-229
-195
-135
-121
-171
-206
-196
-164
-154
-167
-163
-159
-175
-207
-193
-153
-126
-151
-189
-169
-121
-95
-90
-97
-102
-102
-101
-74
-40
-40
-77
-106
-91
-77
-105
-127
-148
-167
-169
-187
-220
-264
-265
-247
-253
-299
-323
-306
-309
-325
-328
-298
-281
-303
-326
-313
-245
-207
-219
-240
-253
-230
-194
-181
-184
-198
-204
-212
-229
-223
-184
-186
-206
-269
-269
-254
-242
-263
-263
-250
-287
-310
-322
-283
-258
-289
-319
-327
-330
-326
-297
-275
-274
-289
-333
-324
-305
-273
-264
-268
-288
-302
-272
-244
-223
-236
-232
-280
-286
-268
-240
-244
-272
-310
-348
-341
-351
-362
-376
-403
-421
-425
-413
-440
-468
-451
-415
-414
-419
-439
-440
-399
-364
-328
-346
-373
-379
-347
-291
-250
-245
-267
-311
-301
-257
-203
-207
-228
-218
-221
-262
-253
-204
-222
-285
-330
-283
-246
-292
-352
-357
-350
-347
-358
-368
-351
-374
-395
-398
-379
-348
-346
-378
-413
-373
-298
-284
-353
-379
-332
-268
-280
-321
-314
-278
-274
-313
-342
-342
-332
-382
-416
-396
-382
-399
-437
-467
-488
-500
-498
-488
-512
-536
-544
-542
-526
-526
-524
-518
-530
-530
-518
-498
-502
-510
-508
-503
-497
-459
-441
-454
-456
-436
-382
-380
-392
-383
-346
-381
-394
-349
-288
-323
-407
-396
-325
-320
-376
-379
-335
-326
-365
-386
-383
-362
-359
-361
-370
-384
-406
-383
-360
-330
-315
-318
-314
-319
-292
-264
-218
-186
-194
-238
-261
-227
-184
-160
-156
-198
-224
-234
-214
-181
-176
-212
-246
-254
-260
-254
-244
-273
-299
-289
-273
-293
-313
-328
-330
-339
-358
-372
-377
-372
-397
-435
-435
-404
-405
-430
-444
-395
-389
-423
-443
-393
-359
-374
-403
-369
-346
-393
-421
-367
-302
-351
-443
-460
-427
-402
-423
-442
-450
-452
-460
-518
-524
-476
-428
-488
-549
-550
-515
-506
-519
-490
-488
-494
-507
-510
-498
-460
-432
-419
-429
-443
-436
-427
-400
-343
-297
-315
-370
-383
-322
-269
-249
-269
-292
-253
-237
-266
-279
-227
-190
-212
-255
-274
-268
-271
-288
-306
-303
-305
-341
-386
-400
-366
-354
-382
-415
-458
-431
-412
-421
-472
-497
-482
-478
-480
-519
-533
-492
-508
-548
-560
-528
-501
-564
-608
-575
-544
-552
-562
-537
-536
-569
-603
-564
-524
-513
-520
-508
-498
-517
-511
-485
-468
-480
-472
-472
-472
-490
-478
-452
-444
-467
-468
-449
-453
-472
-456
-410
-421
-424
-455
-439
-407
-399
-372
-381
-381
-382
-370
-338
-328
-308
-303
-303
-348
-345
-279
-249
-222
-252
-260
-243
-242
-236
-248
-228
-223
-237
-246
-267
-272
-266
-273
-303
-330
-329
-332
-366
-406
-426
-409
-399
-421
-460
-487
-493
-479
-482
-512
-509
-506
-503
-497
-491
-502
-504
-505
-497
-479
-447
-436
-442
-472
-476
-448
-393
-367
-393
-408
-409
-369
-347
-362
-377
-364
-336
-333
-343
-376
-377
-363
-341
-356
-413
-432
-400
-383
-425
-451
-418
-366
-403
-460
-453
-387
-342
-369
-397
-385
-366
-342
-328
-300
-280
-282
-301
-317
-309
-289
-260
-272
-292
-309
-308
-319
-339
-316
-312
-339
-391
-439
-401
-385
-423
-473
-485
-487
-519
-545
-554
-510
-525
-565
-575
-563
-552
-554
-556
-553
-539
-529
-527
-521
-484
-459
-457
-471
-473
-450
-431
-401
-388
-377
-361
-377
-368
-370
-359
-357
-380
-384
-361
-351
-376
-371
-365
-356
-366
-377
-348
-311
-312
-344
-362
-366
-342
-332
-336
-354
-355
-358
-364
-380
-392
-341
-318
-369
-420
-427
-388
-390
-409
-417
-412
-405
-426
-424
-424
-401
-419
-433
-449
-451
-440
-443
-437
-434
-433
-469
-488
-471
-437
-426
-458
-475
-459
-427
-450
-463
-441
-411
-402
-431
-461
-443
-410
-398
-405
-410
-415
-423
-422
-409
-389
-380
-405
-433
-428
-397
-377
-377
-380
-378
-383
-367
-333
-330
-343
-348
-352
-328
-303
-307
-309
-296
-294
-299
-281
-266
-259
-271
-272
-274
-277
-266
-280
-293
-309
-321
-332
-328
-337
-356
-377
-389
-381
-384
-396
-424
-429
-411
-398
-420
-425
-430
-434
-433
-446
-437
-424
-437
-454
-441
-417
-404
-415
-414
-390
-358
-362
-356
-338
-339
-338
-334
-314
-294
-296
-321
-320
-318
-315
-310
-318
-314
-307
-295
-299
-313
-318
-291
-283
-293
-280
-292
-302
-292
-266
-258
-267
-272
-277
-259
-264
-268
-258
-258
-292
-314
-293
-269
-278
-309
-320
-302
-294
-297
-290
-321
-316
-334
-317
-277
-280
-298
-322
-323
-313
-306
-299
-307
-309
-323
-328
-311
-309
-304
-303
-299
-302
-305
-306
-303
-303
-290
-265
-265
-279
-279
-263
-248
-237
-229
-238
-240
-245
-254
-235
-210
-197
-212
-213
-219
-208
-178
-166
-154
-171
-169
-175
-159
-136
-127
-107
-118
-135
-127
-121
-121
-122
-123
-119
-108
-98
-117
-139
-141
-149
-161
-169
-180
-196
-196
-200
-206
-212
-211
-220
-220
-228
-229
-229
-230
-229
-224
-213
-223
-213
-200
-213
-217
-208
-187
-175
-188
-202
-200
-175
-152
-161
-169
-172
-185
-193
-196
-168
-150
-160
-199
-228
-215
-182
-184
-190
-181
-190
-200
-206
-204
-178
-160
-167
-172
-172
-175
-171
-171
-144
-126
-118
-123
-130
-112
-103
-93
-94
-90
-87
-84
-77
-78
-69
-92
-103
-114
-111
-89
-120
-136
-167
-168
-169
-183
-187
-193
-198
-224
-251
-262
-260
-263
-280
-281
-284
-298
-314
-324
-311
-294
-292
-297
-294
-271
-263
-260
-255
-238
-221
-224
-231
-206
-178
-163
-176
-183
-171
-176
-170
-173
-157
-158
-179
-179
-169
-152
-174
-173
-173
-167
-172
-186
-188
-166
-160
-172
-175
-156
-144
-152
-158
-149
-116
-110
-130
-146
-136
-134
-125
-131
-119
-120
-134
-150
-141
-118
-111
-122
-142
-138
-145
-151
-155
-163
-175
-193
-214
-212
-223
-229
-243
-266
-268
-266
-275
-284
-278
-293
-290
-294
-294
-290
-287
-290
-287
-276
-275
-260
-235
-232
-240
-251
-236
-210
-198
-193
-199
-187
-183
-190
-190
-180
-152
-152
-166
-155
-152
-154
-154
-150
-130
-128
-138
-141
-150
-133
-133
-130
-132
-121
-135
-136
-128
-142
-124
-130
-152
-153
-159
-167
-170
-178
-176
-171
-173
-187
-202
-188
-182
-198
-218
-222
-223
-221
-221
-230
-232
-249
-258
-262
-268
-262
-269
-271
-265
-259
-263
-278
-280
-255
-250
-256
-265
-267
-261
-278
-281
-280
-281
-282
-286
-285
-270
-270
-278
-301
-300
-299
-298
-273
-270
-272
-290
-291
-281
-275
-278
-262
-264
-264
-277
-284
-263
-253
-246
-261
-263
-260
-260
-252
-248
-242
-261
-263
-264
-255
-243
-235
-223
-228
-238
-245
-249
-223
-204
-218
-225
-247
-237
-222
-218
-237
-254
-249
-266
-274
-264
-261
-257
-260
-280
-274
-266
-261
-267
-273
-270
-260
-263
-253
-246
-244
-236
-246
-241
-231
-199
-189
-201
-203
-184
-178
-165
-145
-131
-121
-136
-139
-136
-119
-108
-101
-97
-92
-96
-99
-85
-78
-86
-98
-97
-95
-104
-122
-132
-117
-118
-154
-169
-159
-146
-139
-166
-165
-160
-150
-144
-143
-129
-124
-130
-146
-140
-127
-111
-108
-106
-101
-93
-85
-87
-84
-74
-80
-87
-93
-86
-64
-67
-79
-82
-77
-75
-90
-83
-79
-81
-92
-99
-98
-93
-69
-78
-93
-109
-96
-78
-85
-70
-88
-89
-83
-89
-85
-75
-71
-68
-54
-57
-46
-42
-41
-16
-2
7
15
3
1
5
2
11
21
24
22
7
4
8
21
8
2
-6
-16
-11
-33
-42
-54
-50
-33
-47
-73
-87
-98
-95
-61
-53
-76
-93
-100
-77
-63
-50
-46
-60
-52
-64
-61
-29
-17
-10
-21
-19
-15
-8
2
24
31
33
39
31
28
33
44
41
44
52
41
35
36
44
44
32
18
0
-4
-2
1
16
28
21
12
6
22
29
19
16
19
29
31
22
16
37
43
35
32
36
39
30
13
19
36
27
7
-11
-11
-13
-29
-46
-45
-24
-38
-57
-70
-66
-65
-74
-76
-75
-60
-81
-103
-98
-75
-67
-76
-93
-87
-89
-103
-101
-88
-54
-37
-75
-93
-75
-53
-37
-46
-35
-20
-3
6
16
29
47
61
56
59
83
90
98
89
85
102
122
119
107
111
109
95
90
89
88
105
97
81
78
80
82
92
88
93
97
87
66
63
82
91
92
79
85
93
99
95
102
89
86
91
85
102
103
106
110
117
111
121
130
132
140
144
137
133
131
120
124
137
126
132
114
104
112
132
139
133
120
115
131
136
125
133
150
159
161
148
147
153
176
175
181
184
200
211
212
208
209
223
227
231
229
228
219
215
222
213
219
216
200
213
225
210
187
184
183
183
163
161
151
145
129
127
123
110
101
89
93
87
76
75
68
75
68
57
46
45
55
52
49
51
56
57
55
61
74
69
75
72
82
98
104
99
119
125
122
107
94
118
126
135
132
136
129
127
141
141
149
152
139
135
135
146
152
137
139
136
135
127
120
123
131
131
132
131
125
122
126
125
122
132
133
126
116
114
124
129
126
118
121
137
142
145
144
147
147
138
142
157
147
126
115
126
136
135
132
126
114
112
120
123
122
116
97
89
97
104
115
102
94
107
119
105
107
118
145
153
152
140
153
175
175
179
171
159
141
137
149
170
160
148
132
134
143
146
151
152
153
146
143
131
152
155
151
127
119
