SAMPLES:	5665
BITSPERSAMPLE:	16
CHANNELS:	1
SAMPLERATE:	16000
NORMALIZED:	FALSE
-129
-130
-117
-125
-130
-130
-121
-130
-139
-136
-129
-130
-131
-133
-123
-139
-129
-122
-126
-121
-116
-111
-104
-118
-122
-121
-107
-107
-109
-103
-119
-93
-105
-108
-118
-119
-106
-121
-124
-124
-117
-119
-131
-134
-129
-117
-120
-138
-130
-113
-105
-98
-117
-106
-100
-95
-104
-109
-101
-108
-100
-106
-102
-95
-89
-92
-96
-89
-87
-87
-93
-107
-89
-96
-76
-95
-104
-95
-94
-90
-99
-111
-106
-96
-112
-91
-97
-87
-94
-96
-98
-101
-96
-82
-77
-84
-87
-97
-95
-92
-85
-91
-91
-78
-83
-89
-92
-80
-84
-93
-98
-87
-93
-104
-113
-105
-95
-104
-90
-82
-65
-63
-67
-72
-69
-66
-49
-50
-52
-57
-54
-43
-54
-41
-32
-31
-48
-44
-25
-27
-22
-28
-17
-17
-9
-7
-12
-8
-8
0
10
19
17
15
31
36
39
51
46
32
44
55
72
66
52
64
51
58
59
63
50
63
70
77
98
67
73
68
84
75
87
94
95
96
82
75
69
76
84
66
84
96
83
97
82
99
121
115
103
106
120
125
125
128
149
155
161
150
155
168
180
177
191
180
191
207
196
202
189
215
208
222
213
212
212
220
226
229
232
241
238
234
231
223
224
226
233
211
238
233
236
216
248
243
240
239
240
231
215
221
214
215
207
211
204
217
223
234
255
233
222
219
250
263
258
257
294
297
297
302
297
312
286
315
292
315
303
300
308
302
322
315
312
308
318
324
293
305
304
318
299
292
303
304
309
295
292
294
302
297
293
292
294
301
299
308
314
313
295
308
307
292
289
314
315
313
291
304
298
303
289
293
282
264
280
248
274
260
278
265
249
272
250
248
237
251
261
248
269
259
279
260
276
279
292
288
279
265
266
264
259
263
261
298
271
270
262
285
279
277
284
275
283
278
285
304
305
304
279
286
284
285
261
260
281
267
263
247
269
264
262
256
242
246
232
260
243
247
246
236
253
238
243
230
246
238
250
231
226
226
235
215
195
211
203
182
174
194
204
208
173
175
186
204
192
179
177
177
186
178
167
193
188
201
181
186
208
199
223
183
208
217
234
202
207
217
250
218
204
224
231
241
205
221
202
220
202
220
218
212
240
203
220
209
207
205
218
216
208
225
214
212
199
208
210
228
206
212
218
223
183
189
214
220
219
223
243
235
242
235
237
250
245
239
228
217
240
222
206
201
246
262
240
234
215
235
212
219
203
212
233
250
204
191
209
230
241
222
216
205
211
204
221
226
244
240
230
242
249
234
239
250
245
258
259
248
240
240
281
251
255
260
256
261
239
241
211
244
223
231
189
205
256
247
233
174
194
237
217
202
204
220
220
223
228
238
255
233
223
214
231
254
252
207
228
248
272
249
237
280
280
293
254
252
261
254
285
225
229
210
279
268
221
233
222
294
236
236
230
281
303
247
223
271
273
281
246
247
270
265
272
263
258
287
298
284
259
276
309
307
280
266
292
299
325
367
311
322
308
352
323
331
335
328
341
305
360
326
340
325
326
331
316
333
320
305
311
317
304
327
299
345
305
340
353
329
312
266
375
349
355
293
326
342
322
312
296
313
320
288
277
317
306
343
274
333
332
336
332
262
349
333
378
299
310
345
372
341
307
344
362
402
329
335
350
408
394
379
365
367
390
363
369
410
418
408
376
423
428
413
403
412
431
411
402
418
449
500
466
451
400
443
430
423
477
457
420
370
424
420
471
443
400
342
374
429
435
402
345
383
406
446
396
368
404
383
419
395
404
400
417
423
394
388
404
436
445
430
425
424
441
480
455
470
456
478
424
418
459
478
473
423
434
454
487
476
440
406
390
473
449
404
359
439
487
424
367
373
486
448
419
355
378
415
448
416
407
371
459
410
378
340
415
510
388
373
338
400
409
416
420
364
399
430
399
348
377
456
446
386
355
406
447
409
395
413
452
408
378
416
446
447
396
416
396
469
405
424
379
426
422
404
424
428
479
380
361
388
452
407
336
323
401
432
373
342
319
394
384
418
345
349
381
372
342
315
439
405
394
362
361
404
394
425
340
376
401
427
352
346
372
380
415
389
372
352
404
380
335
344
389
392
304
308
364
419
339
305
315
331
368
324
304
269
305
335
347
302
276
294
271
292
265
282
258
261
238
263
311
299
280
228
281
248
200
215
291
243
191
239
248
269
202
250
249
286
206
181
191
250
269
197
238
217
292
223
299
272
291
234
241
327
255
336
243
278
181
263
292
268
249
171
261
247
300
234
243
251
270
278
259
295
273
257
249
245
269
294
285
271
273
296
328
290
284
278
266
247
270
301
288
248
235
245
285
283
251
255
212
253
232
254
262
273
269
248
276
267
298
271
308
275
297
311
305
314
340
409
419
385
313
295
319
314
278
296
305
301
251
228
266
277
282
242
237
243
255
241
229
242
241
277
247
248
244
243
263
267
281
281
291
295
297
293
299
302
296
282
254
238
290
300
302
284
281
294
255
280
283
298
292
293
296
308
311
285
279
269
275
275
288
252
253
271
285
296
278
280
294
290
279
247
274
284
276
262
257
282
276
283
251
263
272
260
257
247
283
259
246
228
236
285
293
284
254
268
281
264
258
250
275
273
260
259
275
279
252
240
234
212
224
228
239
251
235
263
277
286
267
257
262
274
272
265
266
268
281
279
283
279
266
275
281
303
295
266
255
256
260
255
242
222
203
192
191
177
185
172
167
164
166
184
169
163
157
160
164
166
166
153
150
149
155
140
116
123
130
147
153
149
156
172
182
173
146
157
164
170
165
157
153
152
160
161
171
183
198
184
182
184
194
196
187
179
175
171
162
160
143
149
164
159
151
152
167
176
173
170
173
192
205
217
216
229
239
253
259
270
272
272
275
270
264
250
243
251
243
236
245
240
241
231
231
231
220
218
206
194
188
161
134
121
114
96
60
31
32
19
9
13
7
-11
-29
-45
-58
-49
-48
-68
-88
-120
-132
-129
-146
-168
-215
-233
-258
-258
-274
-311
-328
-337
-381
-407
-382
-292
-156
-53
17
94
211
423
592
712
748
723
734
757
803
792
742
691
633
566
517
474
431
377
267
158
82
42
28
-21
-39
-21
41
133
229
316
405
520
633
695
765
841
907
916
897
863
857
867
805
711
590
521
461
377
292
212
188
142
114
75
58
65
52
25
-27
-34
-30
-30
-61
-65
-72
-78
-114
-175
-213
-275
-307
-436
-566
-712
-845
-998
-1145
-1201
-1184
-773
-292
197
249
205
544
1116
1647
1406
991
775
989
1118
888
706
746
958
795
433
219
317
404
61
-426
-778
-650
-478
-513
-667
-661
-372
-120
-50
-72
69
334
458
341
251
434
749
885
785
688
808
996
1045
847
650
616
585
480
275
191
277
337
277
143
141
220
286
202
50
-17
18
91
96
80
120
209
243
203
157
133
157
89
-41
-162
-184
-135
-135
-222
-328
-374
-403
-477
-602
-759
-888
-1077
-1323
-1683
-1938
-1954
-1488
-661
-107
74
-184
226
1084
1919
1902
1257
978
1106
1363
1150
964
1119
1331
1110
421
42
121
282
-167
-970
-1491
-1417
-1072
-1054
-1183
-1159
-800
-501
-476
-469
-183
246
454
295
216
558
1115
1431
1310
1109
1143
1272
1228
922
626
516
426
174
-115
-219
-20
119
38
-181
-256
-112
39
24
-100
-126
-36
101
194
273
378
481
462
322
205
164
188
115
-64
-198
-242
-163
-142
-201
-319
-433
-528
-670
-798
-913
-1027
-1204
-1498
-1846
-2065
-1861
-1104
-169
337
129
-163
341
1482
2258
1930
1133
914
1243
1429
1168
1022
1269
1358
746
-154
-476
-153
-48
-708
-1619
-1934
-1518
-1057
-1052
-1156
-973
-556
-346
-432
-299
251
839
920
624
651
1199
1814
1883
1438
1073
1037
1070
818
412
213
198
67
-280
-532
-382
-53
10
-254
-493
-384
-62
143
152
131
263
407
470
495
577
667
612
363
95
40
100
114
-68
-312
-413
-387
-358
-428
-555
-645
-752
-853
-977
-973
-928
-941
-1185
-1549
-1842
-1867
-1367
-591
233
376
225
137
873
1834
2141
1620
871
750
869
890
684
652
798
510
-218
-883
-874
-646
-815
-1552
-2140
-2040
-1524
-1144
-1119
-1009
-697
-397
-337
-285
93
687
1001
844
660
880
1411
1640
1338
832
532
442
237
-83
-337
-355
-419
-648
-921
-887
-580
-369
-447
-659
-611
-354
-51
73
158
284
383
387
307
345
417
358
108
-187
-286
-195
-152
-290
-458
-544
-528
-552
-632
-709
-708
-706
-833
-921
-965
-852
-859
-1050
-1383
-1743
-1934
-1814
-1343
-603
38
170
161
120
796
1366
1536
1069
459
383
464
614
569
588
580
229
-389
-876
-933
-888
-1070
-1598
-1809
-1618
-1131
-766
-660
-486
-322
-203
-169
-76
331
813
979
947
874
1119
1424
1356
1022
530
249
47
-187
-309
-341
-258
-338
-578
-701
-597
-390
-345
-472
-509
-320
-3
221
372
518
586
516
332
211
253
290
130
-112
-270
-160
-30
-96
-274
-449
-488
-517
-593
-628
-559
-469
-467
-593
-661
-673
-663
-833
-1209
-1632
-1949
-1967
-1494
-903
-251
9
151
315
429
825
884
1016
772
468
330
395
763
894
720
286
-170
-551
-800
-1025
-1152
-1211
-1276
-1192
-1108
-789
-495
-371
-355
-461
-405
-128
213
602
855
1001
1112
1079
1082
965
741
468
92
-136
-293
-294
-184
-190
-309
-544
-733
-744
-690
-590
-539
-449
-197
68
327
507
592
613
478
259
115
110
221
225
71
-71
-163
-139
-219
-429
-655
-808
-818
-782
-747
-637
-562
-530
-620
-797
-894
-979
-1068
-1304
-1601
-1878
-1889
-1362
-746
-118
0
45
242
313
561
577
890
1022
775
436
283
641
837
503
-156
-660
-851
-960
-1215
-1375
-1281
-1161
-1154
-1308
-1214
-881
-643
-614
-704
-576
-92
360
700
879
942
1057
891
701
524
402
310
5
-266
-410
-396
-334
-483
-758
-975
-1108
-1032
-924
-720
-448
-224
-37
76
258
437
512
433
298
212
236
273
292
266
100
-135
-439
-626
-685
-738
-827
-981
-982
-866
-742
-688
-743
-815
-900
-993
-1073
-1124
-1154
-1203
-1374
-1623
-1896
-1609
-1018
-438
-112
-198
143
232
467
546
794
1213
979
530
154
411
812
682
79
-448
-701
-821
-1086
-1332
-1261
-1182
-1216
-1389
-1386
-1002
-670
-593
-632
-592
-205
241
559
829
897
988
859
637
583
506
462
158
-244
-427
-464
-372
-493
-769
-993
-1051
-946
-824
-678
-486
-268
-148
-70
45
251
396
366
268
225
280
331
268
179
26
-186
-444
-676
-739
-697
-729
-858
-980
-958
-830
-765
-793
-860
-905
-894
-913
-949
-956
-1024
-1151
-1495
-1898
-1912
-1348
-561
231
236
150
-203
-54
466
863
1220
859
590
409
506
704
687
485
22
-672
-1166
-1227
-985
-731
-898
-1182
-1280
-1220
-1032
-932
-819
-587
-461
-322
-29
427
1042
1197
992
688
495
652
656
576
365
107
-19
-191
-308
-364
-512
-630
-780
-829
-657
-480
-252
-109
-89
-42
-21
113
301
420
491
427
358
354
311
255
72
-202
-457
-691
-768
-753
-737
-744
-888
-1001
-994
-933
-862
-891
-969
-958
-972
-902
-920
-928
-1088
-1381
-1816
-1813
-1273
32
1096
940
-104
-1065
-234
1010
1616
912
199
423
650
348
-86
198
658
47
-1443
-2130
-1381
-331
-405
-1335
-1675
-1275
-954
-1174
-1322
-754
-91
-141
-539
-389
586
1386
1158
526
250
622
856
622
345
226
169
-193
-656
-732
-472
-395
-683
-1094
-1069
-711
-434
-353
-409
-260
-155
-167
-191
-15
330
405
165
-85
8
207
172
-216
-578
-722
-812
-956
-1079
-994
-890
-988
-1255
-1361
-1220
-1038
-1137
-1310
-1354
-1199
-1106
-1281
-1537
-1705
-1891
-2158
-1960
-500
1215
1436
-512
-2021
-1007
1308
2162
615
-372
338
1115
314
-747
3
1379
815
-1535
-2699
-1356
241
-220
-1827
-2138
-1190
-853
-1664
-2013
-951
133
-216
-1232
-1048
464
1457
999
166
285
1084
1250
734
390
616
737
153
-489
-501
-81
-110
-761
-1339
-1201
-771
-651
-795
-819
-547
-473
-667
-778
-411
113
184
-174
-317
45
437
345
-133
-391
-380
-427
-700
-857
-695
-581
-860
-1326
-1487
-1270
-1087
-1194
-1352
-1284
-1138
-1233
-1551
-1686
-1776
-1913
-2425
-2045
-160
1597
1516
-1118
-2224
-695
1831
2144
253
-263
866
1349
-21
-976
378
1936
726
-1904
-2502
-653
670
-569
-2152
-1866
-701
-812
-2061
-2155
-650
212
-621
-1663
-1032
821
1440
691
20
575
1537
1424
821
734
1141
1205
473
-67
210
508
160
-782
-1250
-885
-504
-591
-886
-828
-509
-544
-915
-922
-421
124
48
-370
-309
191
578
351
-63
-75
103
12
-320
-465
-276
-270
-716
-1231
-1315
-1099
-1049
-1329
-1426
-1323
-1258
-1652
-2063
-2227
-2099
-2332
-1979
-299
1271
1309
-1421
-2383
-652
2282
2795
630
-156
933
1557
283
-713
615
2218
950
-1698
-2261
-375
857
-721
-2570
-2233
-901
-797
-2052
-2341
-1127
-570
-1416
-2206
-1350
549
1033
226
-339
323
1352
1312
889
966
1452
1401
739
429
973
1267
512
-656
-1169
-628
-217
-445
-884
-1025
-901
-1092
-1473
-1270
-626
-257
-512
-965
-662
45
402
102
-303
-126
262
288
67
11
152
-5
-589
-999
-831
-562
-692
-1340
-1673
-1560
-1394
-1676
-2084
-2376
-2367
-2709
-2196
-452
970
711
-2132
-2745
-738
2318
2745
760
155
1174
1475
194
-290
1386
2888
1320
-1278
-1487
267
1069
-643
-2202
-1624
-608
-881
-1990
-2004
-1017
-1104
-2254
-2691
-1472
211
321
-450
-687
57
770
715
751
1318
1878
1609
1034
1141
1828
1918
1043
157
0
466
543
86
-356
-565
-826
-1284
-1537
-1126
-567
-639
-1192
-1550
-1110
-413
-179
-390
-451
-172
168
176
137
337
498
337
-77
-158
111
193
-233
-852
-1077
-1035
-1033
-1458
-1743
-2054
-2170
-2746
-2360
-729
383
-113
-2837
-3063
-907
2000
2166
230
-243
877
1391
408
258
1916
3215
1669
-700
-598
1154
1719
9
-1491
-836
154
-212
-1406
-1637
-986
-1180
-2170
-2414
-1303
-31
-328
-1185
-1445
-660
150
284
437
868
1304
1159
976
1308
2016
2136
1439
962
1043
1549
1592
1016
471
149
-76
-281
-423
-270
-226
-701
-1331
-1593
-1123
-494
-341
-707
-915
-725
-397
-200
-179
-32
130
127
61
195
469
546
103
-358
-381
-44
108
-270
-834
-1192
-1346
-1591
-2033
-1711
-99
597
-86
-2691
-2892
-661
1792
1948
-13
-443
674
1305
520
450
1886
3038
1708
-340
-18
1832
2254
538
-1002
-193
1027
749
-582
-1029
-486
-574
-1485
-1730
-697
408
-43
-1224
-1587
-804
226
411
327
455
857
841
856
1163
1728
2063
1511
1280
1505
2033
2188
1561
890
776
853
870
680
437
310
-166
-731
-912
-550
-67
-69
-655
-1060
-878
-468
-299
-447
-442
-215
-48
-47
-52
183
279
111
-198
-52
497
688
265
-418
-627
-532
-573
-1106
-1502
-1312
92
577
-103
-2067
-2516
-747
1075
1583
218
-227
336
689
128
162
1469
2584
1678
-8
-25
1333
1684
510
-489
209
1162
760
-348
-724
-316
-469
-1253
-1234
-182
638
-13
-1302
-1515
-688
198
245
151
282
588
495
334
730
1226
1527
1187
1083
1469
1794
1592
1012
727
912
1223
1152
935
622
368
10
-282
-198
97
211
-90
-540
-759
-639
-509
-477
-474
-324
-179
-242
-351
-329
-151
-62
-90
67
327
454
241
-70
-154
-95
-73
-345
-556
-860
-1027
-1242
-323
485
360
-1106
-2392
-1024
918
2019
748
-452
-214
618
640
508
1360
2346
1847
109
-449
876
1943
1309
32
-25
917
952
-10
-835
-574
-157
-382
-550
-128
468
119
-1060
-1499
-799
392
774
436
72
73
198
160
419
915
1400
1350
880
810
1016
1219
1035
816
988
1307
1361
1001
610
453
427
233
107
283
513
304
-357
-881
-764
-416
-241
-454
-654
-585
-616
-781
-838
-558
-163
-181
-405
-415
-83
126
-66
-389
-346
-131
-203
-668
-1025
-992
-805
-933
-371
195
143
-1004
-2300
-1231
594
1815
773
-524
-538
191
385
259
911
1703
1383
31
-365
695
1369
648
-352
-203
737
653
-171
-683
-365
-152
-599
-744
-134
454
10
-1044
-1238
-482
306
236
-188
-238
-75
-99
-259
8
562
790
391
42
272
806
846
497
374
891
1369
1116
526
183
467
688
555
277
262
363
66
-527
-866
-557
-164
-286
-795
-1101
-939
-759
-908
-1018
-743
-278
-228
-653
-810
-499
-97
-161
-516
-572
-321
-206
-571
-1044
-1076
-987
-872
-1119
-490
89
-132
-1256
-2224
-894
840
1581
277
-843
-616
202
458
396
1065
1726
1130
-303
-723
422
1305
814
-38
2
725
503
-322
-811
-458
31
-63
-58
219
285
-439
-1385
-1278
-313
583
478
-189
-629
-809
-802
-672
-70
538
670
219
-246
-57
342
618
576
677
1080
1258
994
487
330
550
806
831
647
481
264
-152
-558
-697
-401
-160
-310
-727
-977
-833
-666
-692
-815
-650
-313
-253
-562
-794
-569
-197
-146
-379
-514
-417
-416
-767
-1042
-1017
-694
-788
-1079
-1396
-843
-28
-264
-1076
-2130
-1039
526
1296
416
-649
-415
275
437
125
676
1521
1345
-43
-760
180
1291
986
-12
-186
655
831
37
-590
-341
217
33
-340
-240
37
-241
-1100
-1297
-717
-26
-125
-723
-941
-817
-638
-620
-342
144
307
47
-273
-38
484
660
610
573
939
1161
912
437
334
637
839
689
355
225
114
-161
-447
-454
-77
135
-148
-612
-806
-602
-453
-411
-313
-87
-72
-410
-761
-737
-365
-149
-223
-364
-386
-412
-599
-847
-795
-633
-555
-819
-1001
-1219
-1134
-1206
-490
137
91
-733
-1759
-682
638
1454
435
-416
-146
571
627
331
939
1642
1396
144
-200
950
1855
1328
326
312
1035
907
122
-235
194
495
-132
-662
-453
18
-257
-1113
-1285
-599
156
-22
-634
-858
-632
-374
-294
33
451
586
133
-206
11
560
874
726
647
713
764
482
210
240
583
705
524
342
325
292
-1
-226
-110
353
578
350
-147
-382
-250
-74
-39
-11
59
1
-249
-520
-524
-330
-236
-331
-430
-447
-446
-621
-811
-810
-684
-603
-713
-764
-807
-973
-1023
-1130
-225
245
17
-1047
-1645
-299
1029
1487
324
-179
215
776
643
624
1662
2319
1559
5
-145
1206
1944
1216
209
363
865
416
-422
-499
179
397
-318
-668
-232
278
-146
-948
-925
-192
394
112
-284
-302
-145
-171
-212
175
651
577
-30
-369
34
590
691
413
331
591
653
464
364
671
1065
1050
784
691
866
906
686
567
739
962
856
515
297
348
345
210
80
147
229
3
-385
-582
-423
-245
-306
-460
-441
-391
-501
-715
-694
-393
-213
-371
-697
-812
-718
-578
-709
-659
-641
73
553
385
-360
-1155
-115
1216
2085
1272
410
385
726
703
522
1358
2147
1711
34
-834
170
1273
1228
405
357
823
511
-361
-557
294
950
479
-221
-145
408
350
-315
-530
-98
479
345
-84
-275
-282
-425
-607
-322
255
489
74
-484
-455
6
340
474
556
774
829
616
505
738
1210
1396
1292
1101
1092
1163
1048
911
805
891
903
701
427
195
165
118
53
5
38
19
-170
-423
-530
-452
-299
-230
-214
-294
-419
-552
-538
-304
-52
75
-21
-180
-253
-203
-128
2
31
140
-18
403
609
586
-179
-851
-149
778
1307
440
-184
-163
187
112
168
1058
1699
1172
-270
-607
536
1461
1347
719
904
1086
493
-235
98
1216
1534
670
-122
62
492
249
-323
-270
237
397
-136
-533
-391
-149
-293
-500
-120
488
618
75
-361
-92
440
711
779
994
1215
1074
549
433
864
1438
1509
1211
965
892
762
514
541
852
1135
913
411
117
128
263
228
200
265
304
116
-139
-177
49
245
185
133
205
284
223
72
101
290
420
409
310
197
-5
-330
-441
-318
-88
-195
-533
-879
-332
140
188
-639
-1248
-412
704
1132
293
-117
266
721
306
68
994
2154
1924
339
-290
625
1554
1384
735
997
1286
640
-454
-329
806
1330
513
-372
-212
276
105
-394
-193
518
700
31
-470
-155
372
245
-117
53
688
847
262
-255
29
513
537
256
365
770
791
289
-25
342
923
1014
722
581
752
769
562
513
834
1180
1043
678
497
661
791
717
675
835
947
726
412
333
539
609
381
175
179
156
-60
-342
-316
-61
41
-135
-342
-378
-319
-327
-376
-200
-35
52
-151
-349
-478
-325
215
586
693
-40
-348
9
856
1082
683
463
566
610
155
205
919
1503
999
-51
-161
517
1021
817
700
1011
1024
367
-128
342
1123
1288
720
434
602
687
356
134
356
703
644
188
-77
-2
115
26
-112
-51
133
198
16
-77
16
160
202
201
435
739
825
663
485
644
935
1160
1192
1203
1254
1224
1083
949
1035
1187
1188
965
712
573
521
426
355
412
423
261
-74
-247
-150
40
77
13
9
4
-51
-190
-167
25
231
242
148
114
144
198
140
134
163
243
221
53
-148
-290
-352
-297
1
177
168
-368
-582
-377
161
373
270
305
441
415
77
155
801
1464
1324
692
475
726
929
815
886
1183
1166
589
36
142
547
653
328
164
214
201
-105
-247
-15
328
358
87
-56
102
304
283
192
292
555
607
453
443
719
942
776
435
414
772
942
766
511
539
725
604
335
243
516
699
615
346
283
442
504
393
297
375
498
433
255
243
423
553
447
243
175
279
376
323
276
246
196
50
-69
-43
88
107
-8
-91
-73
-20
-80
-131
-52
104
110
8
-53
63
82
-27
-148
55
436
496
145
-246
-125
198
374
205
126
281
370
48
-240
-48
448
584
211
-46
157
451
396
192
343
654
695
355
207
453
750
679
500
541
695
656
393
345
559
764
586
252
118
247
333
206
18
22
158
133
-61
-163
7
167
56
-142
-183
19
128
55
-31
54
182
158
51
42
204
283
251
150
171
244
210
81
-17
33
107
90
-12
-41
-17
-46
-103
-112
-26
64
68
56
104
147
164
125
127
163
177
194
200
163
52
-83
-173
-176
-167
-222
-272
-336
-434
-569
-668
-684
-706
-739
-845
-786
-617
-470
-462
-603
-583
-519
-311
-270
-125
33
225
200
2
-69
79
331
409
400
365
323
177
5
46
221
323
155
34
60
196
152
28
17
80
117
-2
20
148
294
193
-5
-81
-3
81
49
40
65
85
-47
-243
-311
-229
-119
-195
-326
-387
-344
-350
-444
-504
-426
-265
-227
-290
-326
-243
-99
-25
5
84
190
248
212
216
318
394
386
278
252
303
330
265
162
109
89
30
-54
-78
-117
-235
-389
-427
-339
-291
-344
-400
-360
-325
-383
-418
-294
-100
-37
-144
-207
-112
-25
-55
-100
-41
65
33
-159
-294
-335
-273
-296
-354
-365
-351
-358
-429
-498
-487
-395
-322
-267
-235
-189
-143
-109
-28
81
179
182
109
121
200
298
327
269
250
227
174
97
49
93
77
-35
-167
-189
-131
-95
-165
-237
-237
-210
-242
-278
-225
-98
-50
-113
-167
-108
-2
31
-54
-136
-114
-53
-37
-69
-69
-12
15
-78
-178
-195
-87
-33
-116
-244
-246
-114
-86
-199
-296
-236
-92
-67
-123
-130
-46
-9
-99
-140
-56
64
47
-60
-87
-44
-13
-54
-74
-53
-94
-227
-333
-299
-208
-224
-339
-431
-432
-441
-492
-489
-388
-298
-350
-470
-486
-338
-204
-234
-326
-335
-268
-225
-257
-258
-177
-128
-200
-312
-314
-258
-248
-306
-323
-262
-240
-286
-322
-229
-101
-116
-180
-176
-41
79
106
99
170
260
235
126
81
158
251
249
161
97
88
43
-70
-163
-129
-26
-19
-162
-319
-375
-335
-330
-377
-360
-284
-235
-298
-358
-326
-248
-191
-134
-41
16
-38
-120
-52
126
218
151
44
61
124
83
-17
-15
62
71
-64
-194
-185
-117
-179
-324
-328
-168
-98
-227
-388
-374
-214
-125
-144
-196
-150
-128
-155
-167
-94
2
1
-110
-201
-239
-243
-278
-302
-270
-270
-343
-441
-446
-364
-333
-410
-445
-362
-261
-286
-387
-369
-211
-100
-160
-259
-221
-112
-77
-134
-141
-48
9
-71
-174
-166
-48
6
-40
-97
-93
-77
-105
-146
-176
-138
-142
-170
-169
-101
-45
-97
-194
-207
-108
-28
-37
-74
-14
80
97
17
1
76
109
54
30
133
196
96
-91
-149
-59
-33
-119
-217
-165
-95
-189
-350
-412
-298
-184
-171
-206
-179
-143
-186
-250
-213
-73
9
6
-10
32
45
-37
-112
-93
22
84
45
-10
-22
-26
-95
-144
-111
27
137
95
1
-68
-48
21
107
136
106
83
53
26
-10
-26
15
88
94
-5
-78
-64
-12
-17
-54
-55
-21
-24
-123
-200
-171
-108
-111
-185
-204
-140
-111
-186
-273
-237
-132
-85
-103
-105
-49
-21
-48
-67
18
140
177
150
144
202
229
196
202
275
305
221
129
159
282
303
172
55
67
120
102
2
-90
-73
-99
-163
-177
-138
-107
-175
-269
-301
-250
-209
-249
-322
-322
-281
-217
-171
-164
-156
-201
-268
-230
-110
74
127
46
0
17
78
117
157
223
283
250
164
139
201
240
179
91
76
105
112
59
-5
-45
-82
-124
-142
-96
-69
-134
-267
-324
-256
-188
-184
-249
-305
-299
-267
-287
-339
-355
-298
-216
-220
-280
-329
-295
-235
-217
-211
-208
-183
-171
-193
-223
-244
-244
-237
-203
-166
-175
-207
-221
-174
-123
-132
-149
-174
-193
-206
-212
-169
-125
-136
-194
-255
-284
-291
-311
-334
-307
-266
-294
-369
-434
-441
-430
-429
-434
-380
-308
-286
-306
-336
-317
-286
-251
-199
-123
-59
-67
-142
-167
-116
-27
5
-30
-61
-62
-65
-112
-155
-148
-116
-97
-119
-145
-180
-206
-237
-238
-224
-199
-189
-188
-190
-247
-310
-306
-236
-192
-220
-294
-360
-365
-360
-365
-349
-325
-325
-395
-447
-430
-367
-308
-317
-359
-405
-422
-410
-383
-329
-314
-314
-347
-377
-381
-354
-327
-318
-307
-324
-342
-360
-368
-350
-363
-391
-412
-387
-397
-469
-549
-580
-513
-448
-460
-553
-634
-642
-629
-589
-534
-485
-463
-484
-521
-524
-464
-391
-367
-375
-382
-348
-317
-314
-318
-307
-294
-269
-263
-271
-240
-240
-276
-312
-317
-276
-252
-258
-303
-354
-374
-371
-316
-281
-294
-354
-413
-426
-381
-335
-305
-294
-355
-424
-454
-431
-394
-398
-426
-433
-414
-454
-512
-545
-517
-466
-484
-509
-480
-447
-467
-506
-539
-501
-408
-378
-376
-398
-421
-431
-417
-388
-363
-333
-362
-429
-473
-452
-430
-433
-470
-551
-596
-634
-648
-653
-641
-658
-729
-820
-826
-760
-704
-696
-719
-710
-685
-675
-686
-647
-583
-543
-545
-563
-545
-510
-507
-519
-533
-537
-527
-529
-551
-577
-611
-621
-644
-663
-666
-664
-680
-690
-675
-654
-612
-597
-576
-571
-569
-556
-532
-486
-465
-474
-523
-521
-487
-477
-517
-570
-577
-572
-599
-650
-687
-678
-690
-730
-777
-763
-712
-725
-778
-806
-782
-735
-701
-681
-630
-582
-553
-574
-593
-560
-465
-403
-411
-456
-448
-422
-449
-508
-531
-500
-488
-544
-623
-651
-650
-698
-786
-828
-792
-763
-785
-855
-844
-799
-793
-803
-810
-730
-660
-638
-685
-724
-675
-575
-531
-546
-566
-562
-551
-583
-634
-621
-600
-600
-666
-741
-743
-726
-743
-780
-808
-759
-688
-685
-741
-751
-658
-595
-581
-609
-577
-521
-487
-515
-528
-470
-433
-451
-516
-534
-514
-520
-574
-634
-659
-640
-609
-633
-667
-711
-759
-793
-764
-711
-700
-703
-711
-681
-619
-597
-610
-608
-572
-534
-502
-476
-459
-464
-472
-479
-497
-489
-457
-421
-433
-484
-549
-561
-562
-550
-534
-526
-541
-585
-633
-655
-598
-550
-531
-548
-549
-529
-497
-471
-465
-455
-426
-385
-355
-335
-346
-364
-379
-396
-394
-397
-411
-436
-469
-498
-529
-549
-557
-567
-560
-562
-570
-571
-567
-549
-521
-506
-503
-497
-475
-459
-456
-481
-491
-484
-463
-452
-496
-535
-569
-556
-544
-557
-589
-593
-596
-615
-627
-615
-606
-639
-661
-664
-595
-537
-520
-536
-527
-482
-475
-479
-478
-406
-345
-352
-396
-459
-465
-488
-505
-520
-526
-508
-561
-620
-675
-674
-647
-658
-678
-686
-680
-688
-695
-674
-600
-565
-565
-582
-560
-493
-459
-472
-467
-394
-371
-389
-426
-421
-387
-409
-441
-471
-468
-499
-555
-608
-591
-530
-537
-589
-633
-621
-571
-535
-495
-443
-430
-465
-475
-405
-318
-309
-337
-343
-283
-268
-314
-388
-428
-416
-466
-517
-567
-539
-555
-643
-757
-794
-734
-707
-747
-818
-816
-776
-745
-737
-700
-633
-577
-576
-574
-532
-451
-372
-366
-391
-386
-344
-317
-329
-383
-415
-423
-431
-459
-514
-552
-592
-631
-699
-737
-715
-681
-690
-723
-759
-768
-739
-654
-564
-523
-536
-541
-492
-423
-401
-392
-355
-315
-319
-367
-388
-357
-352
-429
-509
-534
-525
-560
-630
-655
-660
-671
-709
-716
-652
-586
-577
-593
-548
-470
-404
-424
-417
-355
-269
-257
-289
-274
-222
-217
-275
-317
-291
-263
-306
-380
-429
-447
-487
-523
-568
-564
-585
-613
-648
-661
-658
-637
-605
-586
-554
-547
-522
-476
-423
-405
-386
-364
-313
-286
-315
-320
-322
-333
-363
-386
-383
-359
-368
-440
-505
-534
-562
-594
-579
-536
-524
-564
-604
-563
-495
-446
-419
-391
-343
-314
-309
-309
-240
-175
-145
-169
-189
-193
-202
-235
-270
-278
-284
-288
-345
-414
-457
-460
-475
-494
-463
-423
-395
-412
-448
-453
-385
-310
-274
-250
-219
-188
-209
-232
-236
-222
-213
-220
-224
-216
-220
-255
-321
-356
-376
-377
-396
-428
-460
-460
-475
-524
-551
-506
-448
-447
-480
-496
-424
-377
-342
-338
-306
-245
-223
-222
-225
-175
-179
-192
-216
-222
-233
-269
-297
-305
-292
-334
-425
-502
-513
-506
-497
-465
-447
-437
-483
-501
-460
-387
-306
-273
-250
-225
-203
-196
-203
-190
-156
-125
-112
-126
-176
-213
-258
-293
-310
-331
-330
-321
-336
-362
-396
-406
-383
-324
-285
-278
-276
-257
-206
-175
-150
-124
-67
-32
-55
-80
-109
-83
-55
-65
-108
-154
-206
-256
-277
-299
-299
-333
-357
-397
-439
-448
-460
-438
-434
-425
-424
-404
-379
-359
-337
-307
-261
-200
-148
-153
-169
-172
-131
-87
-72
-96
-118
-97
-103
-122
-174
-213
-209
-238
-275
-329
-365
-350
-344
-348
-363
-378
-373
-355
-329
-282
-206
-164
-144
-135
-131
-123
-111
-96
-60
-48
-86
-176
-243
-260
-233
-264
-322
-359
-357
-354
-427
-474
-477
-417
-388
-414
-428
-353
-250
-238
