SAMPLES:	8531
BITSPERSAMPLE:	16
CHANNELS:	1
SAMPLERATE:	16000
NORMALIZED:	FALSE
28
25
28
35
23
25
32
38
36
23
24
23
23
26
25
37
25
25
30
28
19
31
35
34
32
40
44
37
49
44
48
46
53
51
52
51
59
53
53
64
52
61
56
54
55
47
42
49
37
38
31
33
40
35
45
47
35
41
39
36
41
33
32
29
20
20
26
19
19
21
20
22
23
21
11
7
6
12
5
12
5
2
-3
9
11
9
4
5
-3
-13
-12
-15
-16
-19
-18
-25
-20
-19
-22
-17
-8
-15
-11
-17
-15
-7
-12
-17
-5
-5
-5
-10
-12
-4
-7
-1
2
2
7
8
14
13
15
16
12
16
4
2
5
-6
-3
-5
-10
-18
-22
-22
-17
-16
-23
-25
-33
-28
-29
-39
-43
-47
-34
-45
-52
-45
-48
-42
-41
-33
-29
-20
-21
-33
-18
-24
-34
-25
-33
-28
-15
-22
-23
-15
-6
-16
-17
-15
-16
-20
-14
-19
-32
-30
-34
-36
-43
-37
-41
-47
-48
-59
-63
-70
-67
-75
-90
-86
-83
-96
-102
-102
-101
-93
-101
-91
-103
-110
-97
-94
-93
-89
-80
-72
-73
-71
-71
-58
-52
-62
-63
-64
-59
-60
-61
-71
-67
-59
-58
-51
-50
-44
-43
-39
-39
-49
-42
-43
-58
-51
-51
-71
-66
-59
-60
-59
-62
-53
-56
-55
-53
-58
-56
-65
-60
-65
-61
-62
-73
-64
-55
-59
-65
-59
-59
-53
-60
-58
-50
-46
-49
-47
-38
-42
-53
-41
-42
-43
-41
-48
-45
-56
-54
-59
-65
-60
-66
-61
-64
-71
-77
-70
-74
-83
-84
-87
-79
-86
-90
-92
-97
-94
-101
-99
-91
-89
-84
-80
-85
-77
-75
-78
-70
-75
-71
-77
-72
-58
-64
-57
-51
-54
-53
-49
-50
-54
-57
-58
-68
-62
-67
-64
-65
-64
-56
-63
-63
-64
-61
-70
-64
-68
-68
-56
-61
-63
-71
-73
-69
-65
-62
-56
-55
-54
-48
-43
-43
-41
-40
-42
-46
-41
-41
-49
-48
-47
-49
-50
-49
-51
-57
-66
-56
-52
-48
-51
-59
-49
-51
-57
-64
-65
-52
-62
-63
-64
-60
-65
-72
-74
-74
-70
-75
-75
-85
-69
-70
-68
-66
-65
-64
-63
-54
-56
-52
-58
-50
-59
-55
-43
-49
-48
-43
-41
-53
-56
-60
-52
-52
-62
-58
-57
-57
-58
-60
-71
-71
-71
-79
-76
-81
-87
-79
-74
-75
-70
-79
-85
-86
-85
-82
-82
-77
-76
-72
-66
-73
-65
-59
-64
-60
-56
-53
-50
-43
-39
-37
-36
-33
-31
-20
-31
-32
-31
-37
-31
-32
-36
-41
-44
-40
-36
-51
-44
-51
-59
-62
-66
-59
-66
-62
-61
-61
-66
-70
-71
-70
-72
-72
-61
-63
-62
-57
-58
-52
-45
-50
-47
-37
-32
-34
-35
-33
-34
-37
-24
-23
-29
-18
-29
-25
-18
-16
-18
-23
-14
-23
-24
-24
-35
-28
-38
-44
-48
-55
-47
-52
-43
-41
-47
-49
-56
-47
-44
-47
-58
-55
-53
-46
-50
-53
-51
-50
-46
-50
-46
-45
-47
-52
-29
-32
-26
-33
-35
-32
-24
-22
-21
-10
-5
2
1
-1
-7
3
6
4
5
7
11
11
20
23
23
14
17
16
4
0
-2
12
5
9
5
3
3
-6
1
-6
2
5
3
1
11
17
4
1
-12
2
1
-5
7
1
-7
-1
-6
-4
0
-5
5
7
13
8
1
-3
-5
-3
-5
7
-5
-5
-6
-8
1
-12
-4
-4
-11
-7
-6
-12
-8
-12
-9
-5
0
1
2
8
9
5
8
3
1
8
7
11
16
2
2
10
14
13
17
15
15
18
19
8
7
3
13
18
25
25
26
32
29
25
24
33
23
29
29
24
17
29
26
17
31
35
28
32
38
33
32
35
35
36
40
34
36
32
15
18
26
19
16
13
13
13
16
15
7
10
8
2
3
9
-3
3
6
-6
1
0
-6
-9
-3
-17
-17
-11
-6
-7
-3
0
1
2
1
-2
10
6
-3
14
19
17
21
15
13
19
23
20
26
24
22
23
20
15
20
20
20
18
17
24
28
42
37
26
27
27
22
27
24
25
30
28
26
29
28
23
17
17
17
11
16
23
12
11
17
12
7
4
0
8
18
14
14
13
7
13
7
7
13
11
13
21
16
22
22
29
27
29
37
28
34
45
38
41
35
27
24
27
21
11
11
22
11
3
11
-2
-9
-15
-7
-19
-16
-7
-21
-15
-11
-22
-17
-24
-21
-31
-27
-27
-30
-22
-32
-30
-43
-39
-26
-30
-35
-32
-14
-19
-17
-1
-10
-6
-15
-4
15
5
11
14
15
23
31
32
32
38
38
41
45
39
33
33
34
41
36
34
38
35
26
22
10
15
10
7
10
2
1
-3
-3
-3
4
1
4
-1
-4
7
11
21
21
22
24
25
27
23
23
24
25
23
19
22
15
16
9
10
6
1
0
-6
0
-2
-4
5
11
1
-4
-13
-10
-5
-6
-8
-9
-17
-15
-6
-12
-15
-20
-12
-18
-21
-9
-21
-11
-4
-5
6
5
-2
4
-3
0
-3
-3
7
2
3
7
13
2
-4
7
8
3
8
16
9
6
13
24
18
16
24
18
24
21
8
11
17
11
7
6
6
4
2
5
6
5
-2
-2
-1
-3
-8
-14
-13
-24
-15
-11
-5
-13
-6
-4
-16
-16
-16
-4
-4
-10
-14
-7
-12
-11
-20
-23
-24
-27
-20
-17
-7
-4
-9
-17
-20
-16
-11
-5
-16
-25
-19
-20
-18
-14
-14
-11
-17
-13
-9
-12
-16
-3
1
-9
6
0
4
-3
-4
-5
-8
-6
-12
-8
-4
4
-2
-10
-3
1
2
-6
-1
-5
-3
-1
4
0
-8
0
-4
0
3
-2
-8
2
-14
-16
-18
-23
-7
-23
-28
-30
-20
-13
-17
-15
-19
-17
-17
-8
-5
-13
-5
-8
-3
-1
2
-10
-6
2
-1
0
0
7
6
-4
6
12
0
4
8
11
4
7
0
4
-4
-2
9
-1
2
6
2
-1
7
0
2
-4
-1
1
2
4
-11
-1
-1
3
-2
-11
6
6
6
16
18
21
24
15
14
18
16
18
18
21
23
15
12
21
21
16
10
5
-2
0
0
-3
6
2
-6
-8
-6
-4
-8
-2
-4
-8
-9
-8
-11
-10
-16
-8
-2
-13
-3
1
5
-4
1
11
11
15
15
14
21
33
24
27
27
25
43
35
40
41
43
47
41
47
49
46
52
46
44
47
45
44
35
29
28
20
24
21
16
23
24
19
23
19
17
17
10
23
16
11
8
12
12
5
9
8
1
10
17
13
21
28
33
33
33
30
29
24
40
38
39
54
53
51
50
60
64
57
52
59
57
57
55
54
49
57
41
39
37
29
37
40
33
27
31
39
21
22
29
25
27
12
10
16
5
-4
-3
-10
-9
-14
-21
-22
-19
-28
-20
-17
-25
-27
-26
-29
-33
-29
-20
-24
-37
-26
-29
-25
-30
-19
-19
-26
-15
-20
-9
-21
-21
-18
-4
-4
-8
-8
-18
-5
-8
-6
2
3
-1
11
10
15
11
7
17
11
10
16
22
15
22
28
24
18
36
39
30
35
30
27
34
42
37
39
44
59
50
47
65
60
53
61
74
61
67
72
64
67
71
63
66
66
55
58
50
62
47
47
57
51
38
37
38
38
23
26
24
14
21
14
0
-2
0
-7
-16
-24
-23
-29
-27
-30
-51
-60
-60
-68
-66
-70
-73
-89
-90
-84
-93
-92
-87
-93
-94
-85
-99
-116
-106
-90
-110
-112
-109
-120
-119
-118
-122
-131
-130
-126
-134
-143
-139
-154
-156
-150
-137
-130
-114
-101
-105
-98
-73
-67
-62
-42
-26
-11
8
38
57
76
90
112
112
124
139
139
160
166
166
162
174
167
166
173
173
170
155
164
166
162
169
178
161
166
178
160
159
156
153
165
157
151
156
162
158
162
152
139
152
148
134
122
129
141
109
100
117
77
54
60
55
39
43
4
-15
40
11
-53
-29
-10
-48
-76
-72
-75
-120
-77
-103
-140
-131
-134
-158
-167
-161
-187
-182
-167
-207
-228
-200
-215
-243
-248
-238
-267
-278
-262
-267
-299
-309
-326
-380
-339
-236
-209
-244
-240
-210
-189
-157
-137
-108
-49
-10
-18
-17
79
171
150
152
188
206
195
214
245
265
258
236
225
242
285
237
177
165
171
142
107
130
144
134
114
102
108
145
143
104
103
157
150
138
170
202
187
177
190
180
193
199
180
161
175
199
194
177
185
189
155
137
158
181
164
111
126
139
94
64
89
114
61
33
20
-24
8
67
-41
-71
9
-29
-113
-47
3
-93
-154
-99
-106
-146
-123
-142
-157
-149
-148
-150
-151
-162
-182
-165
-173
-205
-189
-180
-195
-229
-221
-222
-233
-257
-269
-272
-291
-320
-338
-332
-266
-195
-214
-238
-220
-199
-197
-146
-144
-128
-82
-55
-38
-8
94
132
89
97
141
139
164
197
195
217
214
187
175
197
207
148
109
118
113
75
93
129
126
124
102
94
112
156
125
119
139
149
132
135
165
134
154
155
153
144
150
158
141
140
158
156
127
139
181
138
102
139
119
112
105
109
97
71
59
22
123
148
-15
-86
85
23
-60
49
-5
-105
-65
-25
-120
-88
-51
-148
-199
-70
-121
-237
-141
-103
-205
-245
-153
-211
-231
-176
-208
-245
-223
-230
-260
-239
-226
-282
-308
-259
-290
-300
-320
-347
-388
-382
-379
-397
-345
-249
-262
-333
-276
-237
-245
-213
-181
-177
-120
-80
-72
-32
74
127
63
43
118
154
121
139
164
179
178
155
140
181
196
125
78
118
148
94
117
160
139
113
129
111
110
165
153
90
130
179
96
151
186
161
144
100
181
163
152
143
185
125
115
177
122
155
152
105
106
209
57
27
160
95
12
103
123
-33
3
120
69
-112
21
49
-69
-32
35
-65
-135
-46
-71
-31
-117
-157
-74
-82
-159
-171
-77
-100
-209
-216
-119
-142
-233
-170
-180
-251
-265
-213
-225
-282
-255
-255
-321
-294
-286
-328
-354
-345
-359
-394
-415
-427
-348
-259
-224
-299
-305
-222
-225
-230
-172
-128
-131
-98
-73
-46
33
96
75
29
64
103
78
78
131
131
112
124
114
117
148
144
92
101
125
115
118
144
149
99
134
141
148
181
161
156
134
151
151
231
157
121
267
162
116
150
184
182
145
129
176
140
80
160
179
36
163
150
14
52
135
119
-66
124
53
-28
62
10
30
30
-63
-115
-14
57
-149
-113
-4
-157
-186
-117
-105
-201
-159
-139
-229
-211
-169
-294
-243
-114
-318
-286
-191
-193
-323
-270
-249
-365
-291
-184
-356
-437
-196
-260
-447
-422
-220
-384
-466
-370
-407
-417
-308
-286
-308
-284
-303
-299
-240
-188
-224
-172
-114
-157
-122
14
13
-5
30
51
24
16
122
99
86
101
118
97
106
129
89
117
119
59
57
140
142
107
119
102
73
162
147
175
168
76
137
207
121
78
173
247
88
76
246
100
132
171
61
209
174
96
43
188
144
-12
60
184
225
-27
-140
112
317
-171
-187
325
339
-348
-133
256
-93
-204
57
82
-168
-77
-125
-97
-102
-88
-217
-134
-102
-239
-29
-123
-307
-154
-128
-320
-229
-136
-193
-279
-244
-220
-338
-339
-257
-395
-285
-363
-432
-274
-256
-444
-504
-348
-422
-463
-348
-272
-303
-319
-352
-279
-273
-253
-238
-174
-167
-184
-109
-70
-43
23
49
10
-22
-21
106
107
34
113
124
91
110
73
155
152
81
98
123
117
125
105
150
228
45
68
241
143
82
148
181
153
37
215
229
159
40
172
203
54
172
212
172
54
159
148
142
175
160
72
73
165
42
210
59
59
206
52
-12
-29
282
-30
-91
98
140
-122
26
107
-232
-37
257
-137
-368
177
123
-453
-200
183
-144
-481
50
-1
-399
-277
-171
-97
-323
-280
-280
-221
-300
-370
-352
-291
-341
-424
-357
-260
-433
-441
-419
-410
-453
-417
-313
-351
-275
-331
-362
-396
-225
-213
-277
-151
-87
-141
-195
-1
8
-50
55
54
-24
-10
154
112
47
71
172
160
18
80
207
126
68
117
158
70
105
302
91
130
214
117
114
157
214
119
242
201
148
218
168
83
165
320
111
95
172
290
156
152
87
153
126
21
255
258
61
-86
293
169
-84
3
236
194
59
-56
-22
220
-120
-221
279
114
-262
-62
118
-37
-235
16
5
-217
-185
-122
3
-142
-215
-258
-104
-301
-339
-50
-312
-549
-269
42
-474
-530
-351
-302
-523
-469
-334
-503
-596
-394
-496
-702
-402
-263
-439
-483
-274
-397
-396
-257
-208
-211
-91
-98
-180
-92
13
25
-16
83
98
17
37
158
143
111
119
112
160
115
75
156
246
148
46
164
138
121
74
193
243
82
98
250
235
-7
215
296
142
9
281
338
56
222
491
-11
-201
480
378
-48
212
543
105
40
322
248
87
88
274
197
-10
21
451
-329
277
261
-178
144
38
375
-450
97
223
-155
-183
92
-4
-42
-412
96
-452
-173
177
-249
-215
-150
-172
-532
-150
-125
-430
-500
-120
-291
-618
-337
-276
-668
-673
-310
-459
-775
-409
-561
-611
-331
-491
-503
-355
-335
-484
-448
-127
-141
-221
-59
-70
-151
-47
137
78
48
237
217
65
167
326
181
209
201
243
157
131
255
215
138
164
152
51
92
115
267
106
114
101
227
234
121
173
324
198
114
298
306
179
236
298
21
296
244
244
235
246
283
183
158
256
295
119
216
210
188
229
238
141
18
324
181
25
230
213
-30
205
231
-239
178
262
-30
-236
180
72
-244
-137
68
4
-226
-109
-127
-260
-449
-133
-356
-421
-476
-489
-439
-731
-594
-608
-1033
-1007
-745
-755
-939
-597
-570
-957
-660
-532
-674
-623
-294
-176
-294
-100
58
-16
-115
162
304
201
327
511
512
336
433
500
402
410
426
501
383
395
377
227
182
239
99
56
132
97
110
38
68
175
-27
21
204
198
191
254
219
139
155
273
316
282
341
269
301
351
342
385
477
624
385
485
610
455
426
577
659
466
502
630
479
284
496
489
259
247
532
389
73
223
271
-77
-96
187
-20
-253
-116
-32
-388
-541
-428
-455
-730
-773
-536
-705
-1064
-1294
-1058
-1216
-1539
-1544
-1516
-1745
-1669
-1137
-936
-964
-1356
-1407
-1338
-921
-90
176
27
-100
89
56
200
593
993
1223
923
910
1026
1121
1132
982
885
839
1059
989
896
740
471
202
-51
42
276
274
15
-314
-497
-521
-533
-471
-402
-349
-384
-501
-484
-393
-284
-244
-268
-9
141
232
327
370
453
493
635
868
1066
1135
1125
1031
1121
1192
1270
1318
1222
1115
1027
1005
968
913
798
623
445
415
445
256
88
104
-116
-346
-257
-206
-348
-591
-616
-584
-739
-844
-805
-784
-1028
-1109
-998
-1181
-1432
-1415
-1391
-1700
-1839
-1786
-1799
-1775
-1217
-290
-824
-1710
-2046
-1308
12
544
486
-66
81
220
332
480
882
1783
1548
1018
767
1299
1644
1090
619
780
1370
1226
953
648
453
133
-320
-242
139
445
79
-577
-919
-768
-629
-707
-685
-454
-321
-568
-704
-582
-403
-363
-357
-201
111
456
432
214
190
460
633
729
1105
1576
1563
1088
928
996
1322
1583
1586
1548
1267
1092
906
748
795
836
735
543
482
241
27
-145
-226
-241
-341
-347
-312
-455
-781
-1045
-1037
-860
-735
-828
-965
-1127
-1365
-1524
-1486
-1344
-1389
-1671
-1817
-1815
-1844
-1917
-1483
-479
-536
-1385
-2266
-1754
-163
600
385
-230
30
334
313
172
682
1772
1768
1055
599
1210
1753
1204
521
783
1528
1466
863
452
516
257
-281
-364
179
546
32
-831
-1150
-814
-630
-787
-870
-594
-437
-699
-992
-898
-519
-412
-575
-449
0
355
201
-46
27
333
573
758
1143
1487
1514
1098
862
1097
1518
1840
1788
1627
1318
1058
948
919
1011
928
751
573
391
135
-79
-195
-227
-282
-397
-492
-562
-782
-1066
-1229
-1209
-947
-924
-1233
-1441
-1508
-1610
-1729
-1623
-1559
-1727
-1935
-1957
-1883
-1967
-1263
-551
-795
-1860
-2457
-1336
210
730
-16
-452
-47
279
226
178
1215
2063
1688
735
527
1393
1786
1216
776
1292
1735
1380
557
324
579
407
-81
-81
434
398
-423
-1257
-1183
-665
-526
-748
-931
-857
-881
-1187
-1319
-980
-531
-480
-688
-682
-329
-58
-174
-298
-20
637
969
897
936
1159
1286
1173
1288
1742
2095
1993
1622
1321
1236
1325
1393
1352
1225
894
545
287
178
98
-37
-125
-272
-551
-820
-945
-1053
-1185
-1319
-1247
-1245
-1394
-1624
-1881
-1894
-1813
-1780
-1929
-1986
-1987
-1994
-2122
-2144
-1310
-709
-953
-1984
-2425
-1353
37
609
-112
-615
-354
160
258
287
1070
1722
1541
641
537
1292
1698
1272
862
1255
1668
1376
632
382
501
434
209
247
400
155
-555
-1134
-1035
-709
-515
-678
-900
-1120
-1306
-1358
-1213
-999
-861
-781
-857
-819
-662
-544
-474
-402
-115
392
687
628
633
757
1086
1257
1391
1637
1805
1797
1577
1368
1344
1456
1460
1388
1193
938
667
413
284
161
49
-51
-205
-544
-912
-1089
-1091
-1115
-1326
-1427
-1488
-1691
-1958
-2018
-1942
-1904
-2096
-2302
-2224
-2122
-2272
-2183
-1409
-773
-1130
-2443
-2768
-1419
410
823
-358
-1193
-809
110
257
347
978
1617
1252
277
313
1242
1776
1218
676
1144
1822
1469
492
177
502
709
471
405
512
198
-626
-1229
-933
-282
-144
-709
-1147
-1275
-1286
-1359
-1322
-1038
-847
-1019
-1245
-1177
-929
-795
-824
-663
-238
120
130
95
323
640
876
921
1164
1516
1639
1538
1298
1278
1425
1537
1580
1459
1185
833
578
531
532
398
169
-45
-315
-652
-918
-1040
-1064
-1169
-1392
-1597
-1751
-1987
-2258
-2388
-2342
-2246
-2338
-2525
-2722
-2311
-1726
-1452
-2066
-2862
-2421
-1033
78
-435
-1246
-1045
-214
76
-414
-50
1122
1800
933
-63
432
1564
1705
889
859
1743
1984
1042
213
572
1221
1012
439
497
756
305
-665
-942
-433
38
-231
-798
-1036
-1069
-1187
-1418
-1335
-1020
-860
-1087
-1336
-1413
-1260
-1079
-916
-745
-521
-262
-227
-288
-115
403
772
886
913
1139
1348
1387
1349
1342
1527
1661
1653
1437
1277
1116
962
881
792
703
490
287
-48
-439
-655
-662
-736
-1036
-1365
-1530
-1704
-1985
-2238
-2336
-2335
-2443
-2652
-2730
-2203
-1714
-1854
-2775
-3167
-2244
-843
-261
-949
-1543
-1264
-390
-35
-103
304
1034
1339
689
351
961
1765
1728
1177
1311
1971
2141
1301
634
880
1437
1345
933
818
759
255
-433
-479
-14
213
-246
-783
-998
-981
-1129
-1253
-1078
-952
-990
-1218
-1331
-1268
-1148
-1089
-1039
-771
-546
-398
-300
-147
-57
256
605
931
1096
1109
1280
1299
1441
1534
1677
1785
1755
1554
1284
1210
1246
1236
1000
780
588
368
129
-137
-365
-474
-588
-898
-1208
-1492
-1611
-1889
-2133
-2261
-2386
-2557
-2715
-2198
-1745
-1798
-2805
-3393
-2454
-1047
-384
-1107
-1658
-1300
-588
-341
-367
237
1090
1334
671
395
1067
1793
1728
1293
1543
2251
2299
1501
941
1143
1617
1548
1215
1102
1011
438
-258
-361
25
309
-83
-681
-979
-984
-1066
-1250
-1196
-924
-896
-1173
-1396
-1321
-1120
-1046
-1043
-776
-454
-289
-363
-190
155
301
671
851
1208
1350
1421
1484
1423
1631
1676
1860
1929
1798
1545
1304
1296
1238
1099
967
869
648
261
-98
-250
-335
-460
-705
-982
-1302
-1539
-1821
-2064
-2204
-2331
-2529
-2685
-2210
-1624
-1696
-2742
-3528
-2730
-1053
-146
-786
-1611
-1435
-593
-258
-364
205
1259
1651
826
289
984
2005
1973
1335
1513
2413
2668
1779
1002
1154
1714
1649
1273
1187
1240
710
-265
-621
-155
326
-35
-746
-1139
-1156
-1290
-1522
-1487
-1196
-1084
-1352
-1585
-1489
-1225
-1155
-1244
-1017
-524
-83
35
15
198
320
763
1132
1564
1840
1797
1758
1550
1708
1873
2117
2214
1928
1573
1290
1237
1162
981
891
802
544
124
-243
-381
-496
-653
-950
-1129
-1246
-1482
-1910
-2248
-2360
-2417
-2514
-2602
-2095
-1463
-1602
-2731
-3559
-2659
-825
90
-597
-1440
-1146
-311
-117
-309
336
1546
1960
1109
479
1126
2045
1917
1274
1553
2572
2807
1759
837
936
1470
1434
1146
1215
1268
617
-489
-902
-435
89
-132
-717
-1039
-1107
-1374
-1736
-1714
-1302
-1014
-1216
-1480
-1419
-1202
-1217
-1368
-1142
-482
37
76
172
514
718
776
787
1395
2143
2426
2241
1745
1650
1780
1974
2134
2127
1936
1528
1136
869
667
642
639
463
61
-368
-563
-743
-1060
-1384
-1406
-1245
-1380
-1888
-2438
-2625
-2611
-2577
-2378
-1938
-1302
-1441
-2385
-3171
-2609
-868
203
-33
-822
-854
-117
180
53
402
1481
2180
1639
937
1196
1959
1985
1340
1379
2284
2762
1988
917
704
1030
992
692
758
992
600
-454
-1142
-956
-492
-469
-833
-1022
-1023
-1194
-1573
-1737
-1482
-1168
-1029
-1059
-934
-800
-849
-1020
-964
-520
57
479
722
820
721
696
776
1276
1829
2174
2210
1888
1606
1430
1525
1766
1829
1700
1457
1218
907
506
255
219
241
80
-202
-472
-750
-1082
-1437
-1587
-1468
-1385
-1553
-1971
-2293
-2438
-2477
-2348
-1979
-1264
-925
-1433
-2366
-2499
-1300
61
356
-292
-623
-19
509
390
250
886
1793
1784
1179
1082
1737
2062
1435
878
1331
2189
2216
1400
825
796
731
384
276
649
786
195
-633
-954
-722
-591
-811
-937
-839
-764
-963
-1261
-1244
-1052
-975
-1021
-846
-400
-133
-295
-635
-601
-200
240
585
831
1007
995
798
752
999
1383
1648
1682
1600
1378
1179
1109
1121
1071
933
875
898
779
426
-9
-210
-224
-295
-375
-357
-433
-796
-1253
-1332
-1119
-1055
-1019
-1296
-1386
-1422
-1606
-1560
-1359
-816
-664
-865
-1145
-1274
-922
-418
88
67
-300
-291
40
315
328
370
632
837
774
610
748
1067
1133
864
605
738
1019
1054
896
749
636
474
292
265
409
474
275
6
-143
-173
-208
-286
-329
-300
-298
-370
-449
-425
-353
-357
-403
-414
-268
-94
-27
-43
-105
-109
12
201
451
545
469
375
390
553
719
808
772
672
603
571
613
627
519
326
205
201
176
86
34
-91
-149
-147
-117
-81
-194
-188
-86
-176
-214
-334
-327
-406
-280
-176
-449
-431
-336
-211
-284
-314
-391
-595
-530
-312
-166
-182
-233
-224
-221
-192
-100
29
161
197
134
89
181
288
321
276
196
179
231
299
336
303
257
185
137
136
169
245
279
238
129
51
55
107
122
115
122
95
47
15
78
147
161
155
132
138
148
148
184
215
268
256
256
280
267
270
257
280
346
388
390
337
297
298
349
373
370
365
352
285
166
126
176
275
283
183
64
29
40
36
51
119
173
106
-28
-107
-75
-11
2
-51
-28
-12
-61
-172
-274
-242
-153
-120
-123
-141
-153
-167
-199
-156
-77
-35
-49
-37
-66
-27
13
-14
-3
40
89
71
39
24
73
93
66
43
70
109
108
86
64
79
59
58
101
171
205
161
124
154
206
230
233
259
317
345
315
268
273
346
397
398
391
388
409
399
392
422
476
482
465
451
447
443
428
403
421
435
428
373
282
222
187
202
203
210
176
107
59
16
2
2
52
102
70
-4
-66
-50
-5
-2
-38
-38
-3
11
-13
-51
-67
-50
-32
-34
-14
17
14
-15
-56
-49
23
84
101
73
26
-5
-21
10
80
131
129
61
-1
-12
10
6
10
83
142
107
38
5
26
80
97
108
133
199
226
204
200
232
247
270
333
388
430
359
302
324
416
469
451
403
395
428
396
384
412
469
477
425
392
387
384
376
381
388
386
347
314
286
249
203
196
233
232
194
149
133
127
104
102
124
158
143
108
104
117
128
108
100
143
165
137
67
35
60
145
221
208
129
72
57
50
94
113
106
106
85
54
71
98
81
28
-10
-7
-10
40
83
94
24
-62
-100
-44
50
73
90
77
53
26
33
55
147
245
256
232
204
239
330
440
497
455
382
374
454
531
529
490
439
432
461
481
477
411
339
304
303
322
342
309
256
230
217
223
208
200
196
171
129
120
170
261
287
244
218
258
279
274
308
382
436
406
381
402
424
416
376
376
410
444
409
347
315
290
301
263
239
157
85
74
92
120
171
153
4
-176
-231
-150
-117
-109
-151
-187
-234
-224
-148
-70
-57
-195
-300
-265
-82
128
229
223
156
55
31
120
321
486
527
460
390
387
423
488
503
479
414
341
367
480
571
522
400
291
253
184
161
431
483
397
258
295
101
-106
319
326
105
-177
-90
147
117
350
132
14
49
260
434
251
231
216
483
602
571
449
285
450
789
686
552
483
549
564
827
754
392
709
543
369
446
248
260
467
650
141
-313
-393
85
226
-226
-611
-1053
-751
-346
36
-331
-417
-552
-654
-606
-622
-466
-408
-178
-163
-84
-156
-172
-89
131
337
377
103
-59
272
762
1062
912
509
230
300
475
808
935
756
510
254
216
415
487
397
227
41
16
136
221
159
33
-174
-178
-126
24
119
160
31
-216
-109
-56
73
-24
32
137
185
281
156
146
245
443
577
634
736
759
847
926
979
990
906
946
1044
1140
1064
872
740
668
768
723
573
475
403
399
356
91
-60
-180
-297
-353
-451
-397
-645
-729
-849
-1235
-1554
-1759
-1729
-1878
-1854
-1300
-536
26
-357
-1354
-1852
-1343
-118
627
622
377
334
574
807
1054
1282
1269
1046
896
1064
1411
1428
1145
945
932
841
487
121
83
301
292
-107
-626
-878
-792
-653
-641
-749
-874
-1026
-1119
-1061
-844
-610
-567
-621
-579
-351
-114
-46
18
207
512
583
472
466
688
988
1057
982
1009
1214
1398
1440
1369
1212
1070
998
1041
1118
1039
799
632
591
556
385
214
137
60
37
1
-70
-202
-313
-289
-288
-402
-607
-719
-689
-708
-921
-1251
-1453
-1585
-1737
-2013
-2304
-2434
-1974
-922
60
98
-949
-1755
-1244
123
1015
776
356
646
1302
1475
1230
1288
1669
1905
1705
1275
965
758
767
1024
1154
800
18
-517
-352
-5
-128
-794
-1361
-1410
-1217
-1206
-1365
-1414
-1206
-927
-909
-1120
-1170
-840
-365
-64
-22
-41
83
302
616
972
1191
1134
950
943
1165
1252
1049
909
1130
1336
1092
662
628
1034
1252
966
478
206
220
367
490
437
184
-14
45
238
186
-76
-93
154
248
-5
-265
-213
-8
4
-128
-210
-336
-569
-751
-839
-970
-1396
-1847
-2055
-2153
-2478
-2636
-1830
-533
122
-691
-1745
-1498
-166
800
586
180
522
1240
1397
1044
1144
1940
2577
2375
1590
966
857
1005
1132
1012
579
85
-274
-288
-258
-429
-810
-1110
-1242
-1461
-1842
-2140
-1865
-1226
-838
-1061
-1404
-1186
-485
47
73
11
210
546
686
709
947
1413
1769
1759
1570
1413
1304
1255
1317
1395
1198
756
474
574
787
729
480
338
236
10
-225
-240
-107
-108
-193
-195
-143
-137
-88
182
463
402
113
-14
147
232
113
74
188
208
-29
-271
-358
-512
-798
-1137
-1407
-1742
-2259
-2711
-2566
-1600
-635
-375
-1013
-1409
-734
353
800
302
123
725
1303
1009
502
1010
2199
2763
2098
1244
1121
1401
1317
878
427
112
-154
-430
-527
-629
-728
-775
-780
-992
-1538
-1944
-1838
-1350
-1127
-1297
-1497
-1277
-667
-118
92
183
516
936
1080
832
711
1083
1600
1693
1347
1148
1359
1566
1435
1202
1135
1067
743
371
252
282
197
49
-77
-234
-364
-315
-107
-55
-253
-303
-87
54
-82
-110
257
622
552
309
332
605
729
625
574
543
377
154
33
-31
-267
-539
-700
-882
-1252
-1701
-2052
-2312
-2530
-2376
-1640
-1036
-1060
-1499
-1160
-103
623
543
223
677
1166
1091
632
700
1472
2056
1981
1491
1272
1350
1476
1292
875
419
130
-85
-464
-851
-1079
-954
-891
-1021
-1246
-1408
-1355
-1219
-1011
-955
-1055
-1133
-858
-412
-193
-167
73
676
1053
1013
869
1181
1682
1741
1383
1107
1169
1225
1051
826
797
814
772
635
423
264
166
189
84
-257
-586
-626
-435
-374
-475
-446
-114
155
179
164
382
703
826
707
568
568
585
665
685
616
508
434
404
249
57
-122
-254
-514
-900
-1269
-1595
-1995
-2508
-2802
-2579
-1845
-1332
-1349
-1606
-1390
-470
267
425
198
410
906
990
669
544
1125
1762
1864
1445
1208
1392
1636
1583
1242
870
543
268
-78
-405
-699
-857
-904
-973
-1120
-1313
-1319
-1084
-747
-674
-878
-1044
-857
-495
-391
-452
-348
84
473
519
508
818
1369
1628
1461
1192
1139
1155
1088
935
781
689
595
455
262
158
252
426
408
71
-205
-180
-39
-88
-307
-305
-119
21
-15
17
281
581
760
788
800
820
867
914
885
716
535
434
390
284
99
-51
-151
-268
-466
-686
-957
-1205
-1504
-1914
-2406
-2778
-2730
-2285
-1930
-1962
-1966
-1511
-661
-19
217
467
924
1342
1386
1218
1225
1480
1726
1675
1488
1354
1396
1562
1611
1482
1232
988
793
542
170
-264
-619
-895
-1168
-1467
-1711
-1756
-1582
-1360
-1324
-1391
-1300
-951
-590
-413
-355
-240
-79
69
157
262
522
830
1049
1120
1135
1231
1441
1632
1681
1524
1348
1225
1099
921
707
596
531
368
120
-78
-77
24
29
-28
-98
-86
-71
-87
-29
41
121
173
194
283
391
458
490
502
547
543
461
344
242
138
-21
-252
-462
-611
-748
-946
-1217
-1495
-1813
-2131
-2292
-2246
-1937
-1653
-1616
-1605
-1383
-772
-108
295
578
836
1194
1407
1413
1546
1749
1942
1847
1588
1426
1345
1407
1421
1311
1047
678
418
269
100
-170
-512
-846
-1160
-1470
-1719
-1815
-1796
-1707
-1672
-1679
-1608
-1398
-987
-608
-354
-174
-6
230
453
670
912
1060
1137
1224
1339
1524
1645
1723
1823
1848
1724
1549
1477
1452
1307
1012
733
478
196
-77
-269
-401
-551
-650
-683
-657
-592
-498
-346
-255
-204
-104
27
144
217
256
301
269
227
249
278
285
242
218
199
89
-86
-238
-371
-550
-853
-1189
-1517
-1798
-2000
-1983
-1719
-1548
-1536
-1582
-1210
-453
111
379
504
862
1307
1432
1437
1478
1638
1689
1473
1240
1029
979
1002
995
898
584
320
227
211
84
-219
-536
-781
-1005
-1286
-1558
-1713
-1758
-1742
-1757
-1752
-1586
-1223
-772
-419
-177
34
319
636
897
1146
1315
1385
1415
1441
1505
1525
1532
1592
1613
1544
1437
1387
1364
1232
1011
822
603
310
-34
-317
-493
-698
-926
-1118
-1186
-1083
-927
-804
-688
-520
-266
-14
131
218
348
479
522
478
465
471
468
419
371
317
250
183
129
62
-131
-357
-579
-813
-1142
-1520
-1826
-1876
-1685
-1634
-1785
-1931
-1664
-947
-392
-171
-25
395
942
1185
1245
1351
1529
1603
1431
1227
1018
849
759
683
552
239
44
96
194
130
-109
-295
-452
-627
-843
-1043
-1192
-1350
-1452
-1516
-1549
-1481
-1278
-966
-666
-381
-103
262
633
958
1248
1445
1557
1589
1648
1680
1608
1463
1337
1199
1029
868
758
703
566
402
303
180
17
-174
-313
-407
-580
-798
-972
-1005
-950
-906
-846
-778
-645
-443
-213
26
240
480
683
805
856
881
891
854
748
650
552
406
228
50
-100
-262
-440
-611
-779
-973
-1221
-1517
-1809
-2066
-2122
-1959
-1866
-1989
-2116
-1862
-1265
-775
-517
-245
246
745
1039
1244
1483
1666
1681
1598
1481
1284
1057
929
897
708
325
66
33
70
-31
-222
-368
-491
-633
-745
-822
-921
-1047
-1127
-1166
-1216
-1233
-1136
-905
-696
-570
-395
-106
240
559
823
1024
1137
1198
1277
1387
1361
1216
1078
997
864
636
452
368
334
241
104
-7
-75
-114
-132
-162
-251
-368
-414
-407
-404
-459
-465
-388
-286
-182
-86
41
185
367
472
542
596
655
692
631
494
342
220
114
-40
-255
-448
-610
-762
-901
-1019
-1146
-1283
-1446
-1651
-1903
-2096
-2102
-1921
-1727
-1676
-1660
-1446
-949
-447
-88
230
631
1029
1309
1471
1605
1697
1706
1650
1524
1305
1032
815
689
531
244
-64
-223
-244
-297
-411
-547
-627
-679
-729
-782
-854
-932
-976
-990
-1026
-1082
-1079
-955
-780
-619
-487
-285
-47
207
473
728
893
982
1094
1184
1216
1137
1034
971
894
736
564
453
398
327
235
156
70
-6
-48
-74
-86
-176
-283
-346
-354
-357
-415
-433
-407
-320
-221
-144
-96
-8
138
253
307
289
290
295
257
163
73
7
-82
-208
-319
-413
-499
-557
-592
-624
-700
-797
-882
-941
-1004
-1105
-1214
-1309
-1329
-1294
-1235
-1145
-1018
-864
-675
-441
-180
100
375
568
744
890
981
1027
1019
954
811
649
466
279
107
-44
-169
-269
-362
-391
-371
-316
-244
-206
-197
-205
-234
-241
-240
-275
-339
-404
-443
-491
-526
-475
-351
-219
-131
-49
87
251
389
498
580
630
635
608
558
490
435
361
280
182
87
32
6
-9
-9
-7
-1
1
-19
-21
0
7
-9
-24
-40
-43
-65
-59
-25
-22
-6
25
58
83
89
101
129
138
110
67
29
9
-13
-100
-188
-257
-295
-333
-397
-426
-430
-413
-446
-492
-492
-465
-465
-502
-565
-645
-728
-827
-890
-937
-1013
-1085
-1143
-1114
-1018
-911
-797
-701
-548
-369
-201
-63
85
259
407
511
568
590
606
610
608
597
562
519
468
432
373
333
331
332
318
255
183
93
-2
-74
-162
-242
-367
-486
-564
-608
-671
-715
-709
-649
-568
-502
-420
-325
-193
-58
56
140
233
335
419
441
453
491
524
521
496
470
488
509
475
449
441
406
358
284
216
148
82
9
-76
-168
-260
-331
-410
-458
-468
-462
-459
-428
-389
-331
-275
-226
-155
-76
-24
6
36
69
113
116
76
40
19
4
-53
-119
-176
-232
-312
-416
-510
-579
-611
-659
-767
-870
-929
-983
-1022
-1008
-947
-894
-856
-802
-690
-548
-385
-211
-45
126
259
360
456
549
654
678
664
589
528
495
447
382
285
217
172
127
58
-19
-88
-141
-207
-283
-337
-367
-414
-458
-487
-509
-519
-511
-469
-394
-323
-258
-178
-60
81
227
334
426
526
602
662
676
667
652
645
603
512
414
332
293
225
125
13
-62
-113
-175
-241
-289
-307
-317
-334
-340
-326
-310
-278
-228
-166
-103
-55
-13
31
86
135
155
187
209
215
177
142
111
89
40
-48
-115
-137
-132
-171
-209
-247
-274
-315
-349
-358
-371
-389
-436
-464
-502
-504
-507
-491
-449
-422
-392
-396
-385
-341
-301
-273
-273
-244
-204
-188
-155
-114
-43
4
31
56
75
85
74
53
36
29
18
-2
-8
-18
-50
-87
-97
-80
-53
-24
13
55
84
110
145
173
184
175
142
119
88
31
2
-15
-43
-71
-108
-135
-137
-116
-95
-104
-116
-119
-113
-109
-119
-93
-79
-71
-62
-53
-23
2
35
58
85
106
136
181
273
341
353
344
345
363
348
310
231
175
111
13
-68
-120
-152
-190
-230
-256
-262
-252
-241
-216
-188
-177
-161
-148
-126
-124
-137
-138
-116
-106
-119
-131
-126
-105
-107
-126
-135
-107
-77
-72
-99
-117
-114
-136
-183
-228
-235
-226
-247
-269
-271
-272
-267
-265
-263
-239
-229
-220
-184
-131
-91
-48
-10
38
97
146
152
158
193
221
207
144
116
114
92
17
-70
-130
-171
-218
-254
-280
-316
-370
-432
-463
-459
-418
-390
-362
-329
-293
-252
-181
-103
-6
85
125
148
207
302
373
419
440
457
476
443
407
410
398
358
271
189
130
87
34
-29
-83
-128
-180
-222
-261
-279
-275
-275
-269
-282
-272
-251
-201
-149
-99
-41
4
31
49
74
117
171
192
210
205
188
174
129
78
35
-6
-52
-140
-224
-251
-270
-300
-330
-359
-350
-333
-339
-321
-280
-264
-241
-204
-168
-149
-139
-116
-67
-19
5
42
92
117
141
151
170
168
146
115
45
-39
-119
-192
-260
-341
-430
-517
-563
-586
-606
-599
-556
-537
-519
-485
-419
-337
-270
-182
-101
-20
62
138
203
271
328
374
401
414
400
354
309
260
217
154
105
43
-34
-94
-154
-204
-247
-291
-330
-345
-365
-363
-349
-311
-251
-205
-151
-80
-19
28
68
120
168
207
231
245
256
251
232
208
204
199
167
118
67
16
-40
-93
-143
-196
-238
-290
-344
-384
-416
-416
-407
-387
-354
-319
-274
-219
-165
-108
-59
-11
33
48
90
111
142
166
157
148
125
120
124
110
52
-10
-65
-123
-196
-272
-310
-359
-391
-428
-461
-455
-426
-415
-417
-388
-347
-320
-273
-227
-172
-119
-91
-46
11
65
102
137
179
196
184
177
168
159
138
75
-3
-70
-126
-187
-264
-342
-390
-424
-451
-472
-451
-397
-347
-299
-255
-203
-129
-46
35
108
162
177
186
191
199
226
213
188
162
141
108
61
37
4
-5
-25
-54
-90
-132
-174
-225
-267
-302
-314
-327
-338
-343
-332
-294
-225
-172
-131
-75
3
49
71
103
145
187
189
176
174
187
182
153
120
115
108
71
7
-34
-73
-126
-184
-225
-234
-263
-297
-348
-375
-362
-352
-333
-316
-281
-226
-171
-138
-88
-9
62
88
103
120
155
164
152
143
140
128
89
49
31
2
-57
-120
-155
-172
-204
-245
-273
-278
-286
-302
-315
-310
-285
-255
-235
-225
-172
-105
-50
-8
27
77
119
143
142
152
179
185
160
98
61
44
37
23
-8
-30
-52
-78
-100
-133
-160
-187
-211
-232
-245
-256
-257
-239
-223
-179
-139
-100
-74
-12
63
100
107
122
152
167
160
131
125
123
81
22
-10
-11
-27
-42
-53
-64
-73
-87
-108
-120
-127
-151
-178
-194
-181
-180
-174
-167
-131
-106
-64
-16
24
85
109
121
135
154
189
204
198
193
163
133
97
58
15
-27
-70
-117
-138
-166
-167
-169
-177
-168
-177
-194
-195
-198
-194
-172
-171
-167
-148
-118
-81
-53
5
69
114
130
147
189
208
182
166
160
150
126
75
48
16
-11
-47
-87
-87
-68
-57
-58
-58
-70
-59
-50
-45
-49
-61
-65
-62
-52
-38
-9
11
34
58
83
90
120
143
146
125
103
81
48
21
-5
-22
-51
-84
-118
-132
-145
-149
-159
-151
-146
-141
-119
-118
-102
-84
-45
-18
3
38
68
74
79
106
144
174
166
175
180
171
166
138
123
102
61
1
-38
-63
-76
-110
-152
-170
-199
-200
-209
-195
-174
-159
-153
-138
-105
-71
-29
17
54
80
94
102
135
177
207
208
222
226
225
216
196
166
119
77
19
-30
-77
-127
-167
-183
-171
-174
-183
-184
-172
-145
-132
-121
-96
-66
-25
-15
-12
22
79
111
135
157
181
217
218
215
215
207
190
181
152
100
59
26
-19
-60
-96
-123
-155
-194
-209
-219
-224
-236
-202
-188
-182
-166
-153
-127
-93
-73
-55
-31
-15
20
44
77
104
137
178
203
223
225
219
217
211
192
156
110
52
-13
-80
-121
-161
-188
-205
-215
-225
-221
-207
-165
-111
-70
-37
-9
15
61
95
102
122
144
170
197
204
225
247
249
234
208
188
160
128
80
37
-14
-68
-144
-206
-239
-254
-283
-312
-308
-302
-275
-252
-219
-168
-121
-78
-37
10
67
106
130
161
183
181
186
192
206
221
203
181
160
143
127
84
48
0
-28
-66
-119
-170
-200
-228
-257
-280
-274
-270
-270
-260
-238
-211
-171
-140
-90
-57
-29
-11
6
40
73
108
109
136
149
144
140
158
181
198
185
156
127
90
54
5
-43
-89
-123
-153
-192
-216
-227
-216
-196
-189
-159
-120
-77
-51
-32
2
36
68
80
106
133
139
146
140
133
121
102
90
71
49
17
-21
-48
-69
-94
-133
-143
-152
-146
-153
-146
-126
-108
-96
-81
-65
-34
3
27
44
49
62
70
81
91
97
112
104
86
92
94
82
75
75
53
48
43
20
-16
-74
-102
-111
-127
-145
-182
-203
-193
-190
-177
-167
-119
-84
-49
-17
9
49
82
111
123
128
124
120
132
122
96
89
100
101
97
78
61
54
45
10
-23
-54
-76
-93
-121
-144
-142
-146
-155
-143
-106
-49
-26
-7
9
52
91
98
103
125
129
116
86
58
55
59
45
31
35
24
12
10
18
35
41
29
27
35
33
19
13
19
10
-2
-7
-3
23
34
30
49
78
103
102
101
109
111
123
108
74
64
50
26
3
-34
-36
-38
-40
-51
-69
-71
-73
-70
-68
-65
-47
-23
-17
-25
-9
29
58
89
123
155
192
221
233
250
256
258
245
207
174
145
130
109
66
30
4
-19
-26
-43
-57
-78
-96
-111
-120
-137
-139
-142
-134
-137
-149
-122
-76
-33
13
71
118
164
189
213
248
272
276
255
235
222
212
179
163
155
148
127
92
83
82
66
43
27
8
-6
-22
-23
-37
-42
-49
-54
-44
-18
10
25
39
70
106
125
152
169
195
188
164
159
156
130
105
85
80
60
31
12
15
22
13
18
7
24
22
5
21
16
15
25
11
21
51
63
83
107
152
194
224
242
271
306
309
291
267
250
228
189
142
89
33
-2
-26
-56
-73
-83
-97
-110
-102
-93
-94
-82
-87
-103
-115
-105
-102
-78
-35
-15
-4
22
71
125
177
209
247
278
294
284
287
301
282
263
230
202
176
161
134
112
112
96
82
59
69
62
33
15
5
-19
-33
-31
-50
-57
-65
-55
-46
-21
0
22
52
82
115
140
168
180
189
196
187
195
191
178
148
119
106
101
82
75
79
83
83
73
78
90
107
109
114
111
110
105
107
100
103
112
122
124
118
120
124
132
136
136
113
94
68
40
27
15
5
-3
-21
-33
-35
-24
-25
-18
11
37
36
41
66
72
81
80
90
111
112
114
131
142
154
169
169
172
172
168
162
144
142
145
110
99
87
84
86
82
84
85
89
98
101
97
119
125
123
121
126
139
145
127
121
130
131
143
151
145
140
132
117
117
120
113
94
89
77
64
63
53
48
52
51
45
43
60
69
69
75
96
119
151
152
162
185
195
198
194
204
201
196
171
144
119
116
95
74
53
43
35
10
-2
-13
-20
-38
-49
-48
-41
-40
-24
-15
-3
4
24
49
83
109
119
147
169
203
218
224
235
238
253
249
234
220
196
168
151
130
100
85
65
44
17
-4
-2
-19
-9
-16
-25
-14
-1
19
40
65
85
110
123
149
174
209
235
242
257
263
258
263
276
257
245
236
209
184
140
114
89
69
44
18
-5
-25
-47
-48
-53
-55
-53
-57
-55
-54
-31
-24
2
24
48
70
82
110
129
165
182
201
213
233
219
203
184
184
173
145
116
94
58
34
23
9
1
-15
-8
-25
-20
-6
10
3
5
24
41
57
56
64
90
114
133
143
172
199
221
212
201
223
217
197
173
164
147
121
81
59
40
14
-9
-25
-24
-19
-24
-36
-27
-5
8
11
20
33
64
89
108
124
156
180
189
207
222
235
242
236
232
231
215
182
160
150
123
107
69
33
24
1
-22
-48
-61
-61
-70
-72
-75
-69
-49
-38
-18
-24
2
33
51
67
82
105
127
137
132
152
155
154
171
164
160
158
142
134
123
107
96
83
67
53
33
15
15
23
13
-4
3
5
33
41
41
56
64
91
97
109
127
154
164
169
170
194
206
206
201
179
162
132
115
89
78
60
52
36
36
35
36
43
43
60
68
89
99
100
109
111
129
146
149
156
186
207
214
219
234
242
241
245
233
217
204
179
150
118
88
64
50
34
16
8
7
14
16
16
29
25
44
54
58
50
66
72
89
97
108
127
143
171
164
173
193
206
206
193
183
186
177
152
125
106
95
82
54
17
22
19
2
3
-3
12
28
37
56
67
77
86
85
87
97
114
135
143
145
146
163
170
193
202
195
190
189
184
166
155
143
139
131
128
113
116
118
120
113
120
125
129
141
136
145
152
148
147
157
150
147
141
142
143
130
132
120
122
133
125
122
109
92
81
79
75
66
53
48
52
53
59
68
91
108
113
115
135
148
157
174
177
183
177
175
186
179
183
186
175
164
161
152
152
141
135
119
110
88
66
49
25
18
3
1
-16
-15
-9
6
21
51
76
91
123
151
168
177
186
189
195
193
195
199
210
218
206
194
192
201
202
195
185
168
162
131
124
113
104
108
81
78
67
85
89
96
109
111
119
140
159
171
179
177
179
182
171
162
152
141
125
118
100
89
108
108
99
99
82
92
91
79
80
72
64
55
52
59
81
85
94
101
112
124
140
155
170
186
194
188
186
183
181
166
162
157
129
112
103
96
87
90
76
75
73
59
46
41
31
26
22
6
20
27
28
35
60
79
102
121
135
173
192
197
207
210
218
220
220
208
195
195
180
179
174
164
149
130
124
127
111
97
102
87
81
78
69
57
57
64
60
76
87
111
118
116
129
148
163
155
163
169
158
151
142
132
131
133
129
133
121
121
116
101
107
111
118
101
90
81
70
69
62
63
58
57
50
38
57
72
75
100
108
98
109
100
101
106
108
105
102
97
91
89
77
80
74
68
64
58
61
60
50
35
28
24
18
16
15
22
18
9
19
45
65
62
86
96
103
120
114
120
122
126
115
106
100
93
93
94
76
82
86
80
80
78
88
93
94
82
85
80
65
63
66
58
52
53
53
51
47
42
43
53
58
60
67
67
57
63
47
43
35
34
49
29
40
42
39
48
45
51
46
52
52
38
41
26
22
25
17
7
8
-1
9
6
22
23
18
25
30
35
31
50
61
62
69
63
54
58
57
58
50
56
50
38
46
42
39
24
22
17
-5
-10
-15
-17
-17
-22
-20
-25
-23
-14
-17
-9
-9
5
11
25
37
38
48
43
63
76
76
76
87
80
77
84
74
78
81
83
79
61
62
55
54
45
25
9
-2
-9
-23
-42
-50
-50
-63
-61
-56
-61
-64
-64
-69
-52
-50
-50
-49
-48
-40
-32
-27
-12
-9
-5
-5
1
12
15
4
15
15
2
