SAMPLES:	11501
BITSPERSAMPLE:	16
CHANNELS:	1
SAMPLERATE:	16000
NORMALIZED:	FALSE
-349
-333
-347
-335
-342
-348
-345
-362
-359
-374
-377
-375
-367
-372
-371
-362
-355
-348
-358
-352
-354
-367
-371
-374
-371
-374
-369
-360
-351
-356
-345
-356
-344
-358
-351
-342
-347
-342
-351
-336
-328
-331
-339
-319
-331
-330
-323
-322
-316
-314
-312
-311
-316
-327
-314
-321
-320
-314
-315
-327
-328
-328
-328
-326
-328
-321
-328
-322
-329
-320
-318
-315
-315
-324
-329
-332
-347
-349
-359
-366
-364
-361
-360
-365
-366
-362
-375
-377
-372
-388
-383
-389
-388
-390
-378
-390
-393
-387
-384
-392
-386
-378
-382
-390
-395
-378
-377
-380
-372
-365
-363
-362
-353
-354
-357
-353
-354
-349
-353
-347
-350
-351
-360
-347
-343
-332
-323
-317
-307
-320
-303
-309
-311
-302
-305
-309
-310
-312
-307
-314
-310
-308
-314
-311
-317
-313
-322
-334
-339
-338
-340
-347
-350
-354
-354
-358
-364
-362
-366
-355
-363
-367
-384
-386
-384
-387
-382
-386
-385
-395
-392
-408
-400
-405
-417
-426
-423
-419
-422
-413
-408
-409
-407
-404
-409
-406
-396
-399
-396
-382
-393
-389
-390
-391
-396
-400
-402
-405
-409
-416
-402
-405
-405
-419
-429
-427
-433
-440
-432
-439
-437
-433
-444
-441
-451
-452
-468
-468
-470
-470
-462
-471
-473
-478
-479
-471
-481
-479
-476
-471
-470
-473
-471
-473
-458
-467
-463
-466
-455
-451
-452
-439
-446
-440
-443
-424
-426
-432
-429
-428
-418
-423
-410
-413
-410
-406
-407
-396
-380
-376
-370
-369
-377
-362
-362
-355
-341
-338
-330
-327
-321
-329
-317
-318
-313
-311
-317
-311
-302
-302
-320
-323
-330
-324
-328
-335
-335
-329
-339
-345
-342
-350
-348
-348
-359
-367
-359
-346
-343
-345
-342
-333
-341
-332
-336
-343
-331
-317
-315
-300
-287
-297
-284
-290
-290
-273
-270
-273
-263
-258
-268
-253
-251
-253
-254
-253
-255
-247
-252
-253
-241
-246
-232
-233
-222
-224
-230
-223
-230
-237
-220
-219
-221
-212
-214
-206
-207
-210
-205
-196
-196
-200
-198
-195
-201
-205
-206
-212
-213
-219
-219
-211
-212
-220
-224
-214
-220
-219
-221
-217
-215
-222
-210
-218
-196
-184
-178
-177
-175
-185
-178
-175
-189
-178
-173
-166
-169
-163
-164
-172
-170
-167
-163
-172
-165
-167
-170
-167
-170
-171
-161
-162
-159
-158
-171
-170
-164
-153
-144
-147
-148
-148
-139
-138
-135
-135
-120
-112
-117
-103
-118
-118
-104
-109
-99
-103
-113
-109
-107
-100
-98
-99
-101
-102
-101
-105
-122
-116
-117
-133
-131
-130
-130
-128
-137
-142
-132
-141
-150
-152
-158
-156
-163
-153
-166
-166
-158
-165
-151
-165
-158
-162
-169
-176
-167
-172
-165
-159
-151
-150
-167
-160
-171
-167
-157
-158
-155
-161
-151
-152
-144
-158
-144
-143
-136
-140
-132
-127
-129
-123
-135
-121
-133
-116
-111
-114
-110
-106
-112
-108
-113
-108
-98
-110
-114
-117
-128
-130
-121
-120
-108
-110
-98
-94
-81
-71
-79
-67
-77
-70
-72
-71
-66
-73
-71
-78
-76
-79
-75
-80
-64
-63
-61
-52
-49
-46
-51
-44
-52
-53
-54
-66
-61
-58
-57
-69
-56
-53
-58
-49
-57
-56
-52
-54
-51
-54
-47
-45
-53
-57
-63
-68
-64
-71
-63
-57
-58
-58
-61
-51
-57
-54
-40
-37
-37
-35
-30
-24
-15
-31
-29
-30
-23
-14
-27
-31
-26
-24
-26
-24
-15
-21
-26
-31
-22
-19
-16
-5
-4
8
-1
2
1
-3
12
10
21
21
26
17
25
33
20
27
21
24
21
13
16
19
20
24
30
33
29
28
20
20
25
21
20
20
12
20
17
9
11
2
-4
-4
-9
-13
-8
-11
-8
-17
-23
-16
-18
-25
-16
-26
-18
-11
-11
-14
-9
-4
-9
-6
-10
-7
-6
-3
-3
12
0
1
9
7
14
9
14
19
24
31
30
32
34
25
35
31
33
21
24
18
18
16
3
17
12
8
-3
9
-4
-15
-15
-14
-15
-9
-9
-12
-6
-7
5
5
8
6
-1
-2
5
7
7
6
-4
2
12
10
13
4
3
10
1
-8
-6
-14
-23
-17
-30
-18
-11
-7
-12
-13
8
2
-8
0
-2
3
8
0
4
-10
-3
-11
-10
1
-6
-1
0
-6
-6
-7
-26
-20
-30
-36
-41
-41
-32
-38
-31
-29
-24
-36
-21
-16
-10
-18
-19
-21
-21
-9
-25
-20
-28
-31
-39
-26
-29
-28
-41
-31
-29
-20
-28
-46
-31
-55
-48
-68
-37
-41
-35
-21
-33
-22
-26
-21
-26
-22
-22
-15
-6
-10
-4
-11
-11
-8
-20
-24
-36
-30
-29
-26
-38
-33
-28
-31
-23
-26
-29
-26
-25
-24
-31
-29
-34
-29
-26
-41
-34
-40
-41
-28
-33
-33
-32
-42
-42
-48
-46
-47
-51
-35
-57
-26
-34
-36
-31
-24
-15
-32
-24
-35
-23
-34
0
-43
1
-37
-3
-14
-17
7
-33
11
-38
1
-28
-19
-27
-9
-19
-19
-23
-34
-16
-27
-11
-35
-19
-40
-17
-40
-14
-55
-7
-42
-25
-22
-37
-21
-29
6
-30
-2
-28
-8
-31
-25
-13
-32
-3
-28
4
-15
-12
-11
-34
-5
-60
-20
-53
-37
-58
-57
-50
-62
-76
-75
-95
-95
-81
-113
-81
-101
-79
-95
-89
-121
-79
-134
-103
-137
-125
-134
-160
-132
-164
-143
-171
-140
-159
-147
-157
-170
-150
-163
-158
-168
-165
-170
-158
-190
-175
-172
-194
-171
-185
-159
-188
-173
-184
-199
-162
-203
-158
-192
-164
-179
-167
-168
-188
-169
-176
-150
-174
-147
-185
-152
-173
-169
-169
-162
-158
-180
-144
-176
-156
-179
-163
-173
-173
-169
-169
-169
-183
-164
-188
-154
-198
-150
-182
-143
-166
-169
-163
-184
-144
-172
-135
-167
-132
-174
-134
-165
-147
-151
-154
-143
-148
-136
-157
-149
-168
-145
-157
-138
-157
-146
-145
-125
-135
-133
-126
-142
-118
-152
-136
-139
-148
-146
-177
-145
-202
-150
-197
-161
-186
-169
-158
-192
-140
-171
-140
-162
-143
-146
-152
-155
-163
-152
-171
-158
-170
-174
-157
-181
-148
-171
-165
-184
-177
-173
-185
-197
-185
-195
-196
-190
-188
-190
-175
-188
-166
-166
-166
-166
-161
-168
-159
-156
-171
-148
-159
-159
-162
-166
-173
-176
-180
-177
-184
-192
-190
-189
-207
-186
-202
-204
-209
-211
-193
-206
-195
-211
-200
-180
-193
-175
-186
-154
-169
-158
-151
-148
-132
-155
-139
-138
-143
-139
-145
-125
-143
-131
-140
-131
-146
-153
-143
-148
-157
-153
-153
-166
-153
-155
-150
-144
-142
-134
-143
-128
-164
-133
-167
-133
-145
-135
-142
-138
-130
-136
-101
-132
-125
-125
-128
-122
-139
-113
-134
-135
-126
-147
-123
-173
-129
-140
-140
-139
-146
-140
-158
-155
-168
-150
-177
-165
-170
-178
-168
-187
-171
-200
-166
-186
-180
-179
-189
-177
-186
-181
-207
-196
-231
-219
-226
-225
-226
-229
-219
-234
-224
-222
-216
-214
-216
-199
-213
-221
-213
-212
-205
-214
-213
-219
-227
-232
-232
-226
-214
-209
-222
-205
-211
-207
-207
-212
-212
-218
-219
-214
-191
-197
-188
-188
-175
-179
-176
-170
-158
-142
-137
-136
-145
-127
-145
-135
-139
-129
-128
-123
-132
-124
-129
-132
-129
-141
-136
-145
-154
-165
-165
-163
-167
-178
-177
-181
-186
-194
-194
-192
-207
-199
-200
-204
-211
-226
-231
-220
-219
-229
-230
-239
-229
-238
-235
-236
-231
-236
-254
-242
-254
-254
-258
-253
-255
-261
-259
-268
-260
-266
-261
-266
-273
-261
-261
-273
-265
-257
-254
-270
-269
-271
-283
-261
-273
-272
-270
-279
-276
-272
-271
-272
-270
-262
-268
-262
-268
-255
-262
-261
-257
-258
-246
-246
-242
-238
-236
-249
-238
-242
-234
-240
-234
-224
-224
-216
-225
-216
-223
-225
-222
-220
-212
-201
-200
-194
-194
-195
-193
-194
-191
-196
-192
-194
-197
-198
-190
-194
-191
-185
-187
-180
-176
-177
-185
-191
-193
-193
-195
-200
-181
-192
-188
-183
-191
-189
-179
-172
-185
-165
-161
-170
-170
-170
-158
-172
-172
-180
-183
-178
-176
-169
-175
-174
-178
-163
-173
-176
-172
-165
-164
-170
-168
-165
-168
-166
-166
-182
-176
-181
-184
-180
-190
-176
-174
-173
-173
-171
-171
-169
-174
-178
-177
-167
-169
-178
-181
-180
-173
-171
-167
-165
-155
-159
-149
-157
-155
-150
-152
-144
-152
-137
-142
-139
-130
-120
-116
-116
-126
-135
-130
-121
-125
-129
-117
-125
-119
-125
-121
-121
-130
-125
-126
-117
-126
-120
-121
-121
-118
-120
-123
-119
-116
-112
-97
-106
-107
-117
-113
-110
-124
-117
-133
-141
-137
-137
-137
-137
-141
-141
-138
-150
-145
-155
-156
-157
-168
-169
-163
-171
-165
-159
-172
-171
-191
-181
-176
-188
-183
-182
-190
-190
-190
-185
-188
-186
-179
-182
-172
-164
-157
-162
-151
-160
-166
-170
-176
-175
-166
-157
-172
-172
-169
-161
-159
-151
-144
-134
-130
-140
-139
-143
-151
-155
-143
-151
-155
-152
-151
-144
-140
-131
-133
-130
-134
-127
-124
-116
-117
-111
-102
-96
-84
-76
-73
-79
-80
-73
-68
-67
-60
-68
-64
-69
-65
-63
-80
-79
-69
-73
-80
-73
-83
-81
-98
-105
-107
-104
-112
-110
-94
-102
-99
-105
-98
-106
-108
-109
-111
-112
-119
-118
-119
-112
-107
-105
-100
-89
-95
-85
-70
-72
-66
-55
-47
-51
-51
-51
-44
-38
-29
-20
-28
-26
-23
-19
-6
5
2
0
6
6
0
7
14
10
17
24
32
29
30
41
34
27
25
18
21
18
21
17
7
8
3
-4
-10
-13
-22
-20
-16
-16
-18
-16
-12
-20
-10
-9
-7
-8
-4
-1
2
9
8
15
19
25
26
21
22
24
19
20
18
16
21
29
24
29
38
34
39
33
33
29
35
40
35
36
36
43
52
58
59
56
66
74
80
78
84
92
93
102
111
114
120
118
125
128
131
139
142
150
154
152
147
139
152
161
167
175
186
189
199
197
189
185
196
198
205
216
207
201
206
211
219
217
224
231
235
239
240
243
239
239
227
224
213
201
189
184
188
192
176
165
171
174
180
178
185
187
187
190
190
193
190
195
195
198
205
199
210
211
219
217
225
211
205
205
218
214
210
220
221
229
242
244
244
239
243
238
225
229
230
241
251
249
257
254
259
262
251
257
266
251
256
255
258
268
253
260
244
253
256
245
246
247
242
242
251
243
245
245
240
249
249
253
255
247
251
236
240
238
229
231
227
232
233
237
244
242
241
238
231
246
246
242
250
255
252
246
257
254
251
258
258
265
265
266
266
283
276
286
283
281
287
272
269
276
286
297
300
305
317
321
319
322
334
331
332
341
332
331
336
335
337
323
339
343
350
351
357
361
356
353
351
357
355
368
353
355
362
372
368
368
362
359
352
354
360
357
363
358
355
345
339
340
346
341
335
337
341
341
339
332
331
332
331
315
312
319
326
337
332
339
350
333
362
353
356
358
361
356
349
360
356
359
349
358
357
357
356
349
357
353
356
354
349
342
337
344
336
337
334
332
328
337
333
343
346
342
343
339
346
347
350
339
352
347
349
341
339
351
337
338
336
347
352
351
351
351
360
355
346
343
355
354
353
355
349
350
351
336
348
352
351
354
365
359
362
363
355
359
346
341
344
356
359
372
372
365
350
364
359
357
357
361
368
354
362
371
370
366
358
360
359
349
355
338
337
344
343
348
352
347
363
361
370
377
388
398
387
395
402
408
404
408
419
411
406
390
391
391
384
390
379
376
380
388
380
387
382
384
377
379
373
372
379
363
365
360
367
354
365
368
370
373
370
378
371
373
380
388
385
388
388
386
387
385
393
380
381
382
383
380
375
371
359
364
360
357
357
360
348
341
346
338
335
336
333
333
330
332
321
328
319
310
321
308
299
297
293
283
280
276
263
265
259
262
262
250
249
248
251
231
223
224
233
223
216
213
206
210
208
198
196
184
191
189
172
177
170
174
176
171
177
173
178
173
161
161
157
141
133
130
131
140
133
128
130
127
126
128
135
138
143
133
137
142
149
143
148
141
143
149
143
135
132
139
133
140
139
122
109
107
106
96
95
96
105
101
91
92
84
86
78
69
57
49
48
48
46
32
41
35
35
29
25
32
23
19
24
25
16
24
23
29
31
15
30
24
11
14
21
22
21
30
20
12
23
15
10
16
7
10
0
8
9
2
9
16
18
16
17
26
30
28
33
37
34
18
19
30
38
38
40
45
44
46
35
47
39
34
38
45
51
48
47
45
63
68
64
75
66
61
47
51
53
42
48
37
43
40
32
23
20
20
17
1
0
-2
-11
-15
-23
-29
-35
-32
-42
-47
-40
-41
-39
-53
-55
-60
-56
-61
-65
-56
-62
-65
-76
-81
-83
-96
-93
-94
-94
-94
-84
-82
-89
-88
-91
-94
-93
-83
-84
-90
-92
-85
-90
-96
-106
-108
-107
-112
-113
-112
-123
-130
-138
-140
-135
-143
-146
-140
-145
-150
-144
-134
-136
-125
-120
-122
-106
-107
-112
-103
-106
-114
-96
-85
-87
-91
-80
-85
-87
-89
-84
-85
-77
-69
-72
-78
-91
-78
-85
-91
-94
-92
-88
-78
-82
-81
-71
-75
-64
-62
-65
-57
-46
-43
-40
-45
-56
-57
-46
-44
-42
-33
-36
-20
-21
-23
-19
-8
-7
-14
-9
-14
-2
-9
-10
-1
-5
-3
-7
-5
-9
0
11
15
15
13
11
21
18
1
2
-3
6
-1
4
8
5
4
12
15
22
23
22
32
27
33
33
47
42
39
43
40
34
37
33
34
28
28
36
25
18
19
16
7
11
13
4
4
10
13
14
7
16
15
11
14
8
6
4
14
7
4
7
-3
-5
-2
-8
-3
-5
-2
10
13
10
9
16
15
7
22
35
27
16
18
23
19
26
30
43
38
34
44
39
36
41
41
45
51
53
49
59
62
51
52
54
46
52
42
40
46
41
41
39
56
53
61
63
77
85
96
104
110
110
115
113
98
102
95
102
92
105
100
87
102
100
103
107
103
115
112
112
112
100
102
97
97
85
69
77
74
65
62
72
78
74
79
56
57
51
48
51
44
38
38
33
25
43
35
38
43
25
36
33
27
35
34
38
34
43
49
47
52
52
53
41
33
33
36
34
26
19
12
19
23
34
23
36
46
44
53
51
54
54
59
53
67
76
72
65
58
58
56
62
58
70
62
57
59
62
70
70
69
63
65
56
53
56
46
40
25
10
4
6
0
-12
-11
-24
-41
-60
-65
-78
-103
-118
-127
-131
-139
-152
-151
-163
-181
-172
-180
-177
-173
-179
-178
-184
-181
-174
-173
-165
-165
-154
-149
-139
-118
-108
-90
-74
-55
-40
-31
-10
11
15
33
50
76
95
115
130
143
156
165
178
199
204
225
223
230
243
244
260
263
259
251
258
253
252
243
250
235
222
206
188
181
158
134
105
81
43
22
7
-18
-47
-82
-115
-133
-151
-196
-230
-250
-282
-313
-342
-391
-426
-447
-486
-529
-564
-591
-613
-581
-528
-457
-420
-439
-454
-432
-370
-275
-218
-162
-133
-112
-44
73
171
227
249
230
245
323
403
463
510
512
505
524
567
597
612
587
550
540
554
581
586
572
538
502
500
512
499
471
438
413
398
411
409
400
378
339
307
290
278
252
226
198
189
172
151
114
62
7
-46
-76
-109
-161
-219
-272
-326
-377
-426
-474
-545
-624
-693
-739
-779
-838
-864
-806
-690
-589
-605
-656
-693
-627
-488
-395
-288
-228
-220
-191
-55
149
285
349
258
229
327
417
547
632
636
578
552
622
709
786
740
632
536
574
636
678
725
665
570
516
532
580
598
565
469
443
463
479
528
525
472
385
343
368
370
389
356
322
321
335
363
369
358
294
258
263
263
262
260
226
188
158
132
75
44
-29
-80
-116
-140
-161
-233
-305
-389
-441
-501
-563
-622
-702
-785
-858
-850
-751
-613
-519
-557
-636
-663
-592
-419
-310
-245
-219
-206
-141
9
234
359
374
301
261
372
515
637
684
660
618
597
671
778
822
755
634
578
615
719
758
750
697
592
538
544
581
590
532
459
451
498
544
566
552
507
459
428
464
489
481
480
475
494
534
566
546
532
506
463
489
518
519
495
487
483
471
472
440
388
332
271
231
221
184
116
51
0
-71
-136
-194
-263
-338
-425
-510
-585
-633
-681
-612
-486
-362
-366
-464
-540
-515
-337
-199
-119
-32
-30
-8
104
351
506
579
519
396
502
664
812
911
914
860
802
862
965
1058
1050
902
793
793
946
1010
1003
958
808
721
727
764
790
755
653
556
602
658
697
674
582
529
498
561
631
626
591
497
512
586
681
687
655
600
537
590
659
713
710
662
635
632
678
681
630
570
490
456
476
480
408
321
224
146
120
69
-4
-101
-217
-305
-388
-435
-524
-651
-781
-853
-747
-582
-460
-531
-670
-746
-689
-419
-252
-220
-198
-239
-181
16
315
474
495
374
271
455
654
798
828
746
686
644
778
908
979
907
713
616
666
862
900
828
746
598
569
606
668
676
591
469
388
494
558
563
528
450
397
356
413
444
440
446
400
468
551
602
603
598
595
570
615
656
673
700
722
743
750
789
756
719
716
682
678
684
651
596
551
502
422
380
301
224
140
66
-6
-111
-188
-327
-463
-556
-680
-787
-858
-834
-735
-583
-576
-693
-755
-754
-587
-429
-341
-235
-230
-210
-77
166
381
484
467
331
427
602
747
873
866
838
760
800
931
1059
1082
923
832
803
932
1015
1005
989
866
779
781
854
934
897
784
676
713
786
845
827
762
704
661
680
734
720
705
649
663
751
843
879
864
823
767
816
886
960
984
930
917
897
941
986
973
927
850
833
840
885
867
804
724
626
590
556
499
438
328
236
171
121
35
-78
-216
-380
-511
-617
-675
-755
-754
-623
-502
-443
-521
-625
-672
-544
-358
-272
-130
-97
-94
4
220
463
583
604
444
467
649
811
948
980
960
889
901
1035
1146
1228
1098
953
886
1035
1198
1182
1173
1040
934
924
924
999
972
852
692
693
779
820
828
763
692
611
576
597
592
605
548
485
535
630
673
665
660
612
613
660
684
729
753
749
775
796
821
770
751
723
713
731
735
699
645
602
547
507
464
374
315
236
156
91
4
-128
-296
-438
-558
-660
-730
-832
-841
-741
-613
-606
-685
-785
-856
-723
-551
-475
-348
-316
-311
-227
28
238
353
377
235
299
477
657
791
827
834
748
799
951
1056
1101
990
877
826
974
1060
1047
1032
896
785
791
820
858
795
685
507
548
655
700
642
526
429
344
393
450
429
429
315
267
324
459
525
518
514
447
485
548
583
643
675
709
718
792
808
772
748
710
699
719
765
728
686
657
551
475
415
324
239
144
54
-68
-165
-346
-540
-711
-816
-916
-960
-857
-759
-736
-807
-904
-942
-827
-629
-584
-518
-443
-408
-281
-34
192
300
365
269
276
521
699
818
871
858
835
872
1010
1094
1187
1131
1012
942
1053
1205
1147
1104
1030
907
905
910
939
912
813
645
578
648
699
693
604
519
468
414
466
462
456
422
360
374
468
535
576
586
572
560
604
660
709
772
815
837
882
927
920
905
885
874
862
886
877
832
819
753
657
570
474
361
267
195
59
-71
-245
-444
-623
-762
-871
-963
-897
-800
-746
-839
-970
-1012
-952
-730
-634
-596
-517
-509
-402
-183
88
225
293
227
177
413
633
795
866
824
811
809
956
1064
1162
1156
1014
938
1011
1193
1165
1078
998
846
835
832
874
870
759
574
469
549
591
578
498
416
374
335
366
342
320
303
236
293
390
440
438
430
467
505
601
606
607
632
686
804
858
942
903
838
829
823
874
891
874
795
762
763
695
655
519
370
255
172
112
9
-120
-363
-592
-720
-837
-864
-776
-718
-716
-847
-959
-985
-876
-674
-635
-607
-553
-516
-386
-178
89
182
250
182
186
461
660
802
816
801
803
823
969
1063
1154
1111
987
935
1017
1190
1135
1042
972
843
830
829
859
840
733
555
452
514
539
518
431
355
322
284
315
289
292
248
188
238
326
383
359
360
404
514
622
623
616
580
606
725
851
953
931
848
777
771
852
900
893
810
736
702
713
700
550
398
249
117
83
39
-86
-318
-558
-755
-861
-836
-741
-695
-696
-850
-1018
-1004
-869
-680
-617
-631
-619
-564
-392
-162
87
198
232
193
224
520
711
822
858
818
851
910
1049
1147
1189
1174
1093
1081
1170
1317
1259
1140
1072
978
992
984
979
962
877
754
676
710
710
661
532
454
445
398
396
361
370
344
256
282
350
428
445
424
437
498
608
700
760
751
736
751
841
976
1018
996
925
851
860
917
918
898
834
744
682
637
566
462
328
175
25
-85
-180
-345
-542
-720
-870
-881
-722
-612
-630
-837
-1014
-1049
-839
-590
-537
-527
-568
-573
-439
-119
147
201
176
44
162
514
733
837
788
737
675
778
1023
1121
1105
992
882
888
1080
1203
1101
964
786
724
822
875
863
778
645
502
480
574
577
442
282
227
217
263
295
236
204
101
37
134
254
322
258
236
254
365
500
576
607
574
592
647
820
948
943
944
844
807
868
900
896
847
799
746
733
725
636
508
350
213
78
10
-124
-359
-532
-696
-804
-746
-627
-574
-678
-900
-1027
-1003
-778
-576
-549
-525
-536
-507
-319
-44
107
140
134
26
203
504
699
763
688
634
603
692
873
927
921
852
759
829
1036
1076
922
819
681
627
669
702
713
641
545
440
444
506
444
288
206
184
180
236
230
188
162
77
57
147
236
269
245
290
378
498
618
664
642
632
638
702
855
950
973
998
962
942
935
920
874
802
791
752
736
710
615
487
343
202
21
-96
-275
-495
-621
-721
-773
-655
-558
-569
-769
-935
-1017
-938
-679
-591
-558
-517
-526
-442
-228
14
47
20
-75
-56
244
470
638
670
627
557
525
703
797
762
731
666
674
850
1017
953
847
702
565
550
614
663
592
528
478
432
520
537
394
251
188
119
167
252
267
252
208
145
163
231
291
228
181
226
319
465
655
706
661
636
584
604
723
788
843
866
875
892
916
905
785
688
603
518
483
488
461
322
204
13
-172
-316
-526
-691
-781
-826
-719
-623
-574
-770
-914
-993
-944
-783
-722
-644
-635
-605
-458
-249
35
55
-19
-103
-72
148
315
491
553
526
502
510
690
751
686
585
523
564
661
831
857
798
655
564
569
601
579
482
411
392
409
480
516
444
315
222
138
128
132
117
105
111
152
177
216
237
177
138
149
228
296
420
495
556
649
654
644
624
606
631
642
708
731
740
733
681
629
573
463
290
199
160
71
3
-133
-306
-519
-739
-840
-887
-806
-764
-803
-900
-1065
-1076
-1031
-822
-743
-755
-731
-759
-636
-429
-208
-112
-179
-194
-167
39
240
337
385
377
351
350
494
644
573
491
456
504
617
683
683
631
563
466
441
543
570
470
377
368
401
411
426
389
284
220
137
140
185
156
90
55
146
194
190
208
188
164
137
207
343
443
488
480
584
687
678
635
636
705
684
677
743
804
800
677
628
652
595
401
274
250
215
10
-102
-283
-969
-1835
-1567
-466
33
-387
-677
-598
-699
-899
-928
-657
-349
-19
230
156
247
623
710
346
-6
225
573
572
414
653
1100
1058
593
400
592
434
-222
-476
-63
380
216
-80
184
612
369
-204
-340
-23
-2
-263
-111
547
870
644
508
844
1084
799
345
401
744
894
867
1113
1552
1569
1013
812
1139
1303
879
656
1063
1440
1264
1020
1051
784
113
-193
136
424
102
-141
140
304
-3
-405
-535
-759
-1276
-1581
-1531
-1686
-2327
-2952
-3069
-2379
-934
667
1163
588
-20
334
1204
1266
911
1162
2269
2676
2349
2382
2982
2117
64
-891
40
610
-239
-1115
-520
143
-245
-980
-1010
-831
-1273
-1794
-1011
465
1302
1087
762
1084
1570
1479
928
652
878
1203
1236
1606
2158
1975
879
-69
-160
244
33
-545
-628
-29
428
428
285
376
25
-637
-694
146
1209
1644
1659
2008
2404
2305
1751
1181
880
544
595
1109
1563
1196
415
-90
-296
-650
-1002
-1096
-951
-1043
-1106
-1111
-1229
-1879
-2904
-3672
-4154
-4172
-3551
-1562
960
2560
2156
1098
760
1425
1302
452
466
1921
3118
2981
2457
2383
1578
-671
-2500
-2463
-1455
-1359
-1816
-1385
8
503
-341
-1285
-1228
-997
-1213
-871
815
2549
2952
2152
1720
1939
1478
119
-849
-616
41
164
346
969
991
-127
-1521
-1939
-1483
-1242
-1400
-968
261
1278
1358
1030
841
539
-270
-641
23
1111
1835
2115
2592
2897
2116
789
-100
-313
-407
-383
297
1068
1066
333
-328
-802
-1356
-1741
-1588
-1064
-667
-583
-705
-1185
-2019
-3070
-4026
-4797
-4946
-4172
-1531
1650
3628
2987
1231
550
1040
817
-270
-132
1572
2755
2391
2001
2189
1011
-1960
-4210
-3756
-2097
-1570
-1824
-1030
657
1261
200
-823
-586
-323
-815
-622
1343
3522
3690
2145
1113
1082
358
-1475
-2554
-1948
-1043
-967
-676
456
860
-371
-2071
-2360
-1366
-735
-681
-29
1411
2463
2191
1553
1301
802
-399
-1243
-582
698
1398
1477
1841
2210
1505
297
-465
-514
-519
-415
452
1441
1572
899
55
-606
-1228
-1608
-1562
-1146
-756
-589
-886
-1468
-2326
-3427
-4746
-5815
-5898
-4705
-1234
2453
4617
3467
1456
893
1342
673
-675
-401
1503
2521
2093
2036
2054
350
-3094
-5082
-4138
-2309
-1761
-1766
-441
1701
2190
881
-69
262
163
-764
-400
2048
4184
3661
1769
833
725
-486
-2548
-3261
-2294
-1438
-1171
-313
1347
1678
168
-1376
-1357
-312
107
47
851
2326
3007
2302
1554
1182
225
-1405
-1956
-962
426
1065
1319
1793
2078
1503
556
22
-123
-158
74
1063
1951
1933
1103
120
-575
-1033
-1355
-1340
-1011
-517
-498
-960
-1534
-2420
-3717
-5272
-5943
-5581
-2451
2036
5435
5245
2676
1585
1855
1574
-288
-1254
395
2001
1963
1645
1953
1232
-1989
-4944
-4890
-2841
-1405
-1347
-557
1737
3312
2623
1144
990
979
-149
-780
952
3515
3917
2182
700
461
-153
-2065
-3401
-2886
-1656
-1113
-268
1629
2858
2000
218
-409
346
840
542
630
1812
2758
2292
1394
927
230
-1289
-2180
-1472
-51
963
1381
1968
2312
2039
1296
667
478
66
-17
567
1390
1542
832
60
-581
-1006
-1209
-1368
-1267
-954
-886
-1264
-1894
-2509
-3533
-5146
-5913
-5230
-1243
3324
6280
4984
2239
1711
2292
1485
-873
-1493
360
1421
1229
888
1239
297
-2782
-5149
-4782
-2399
-894
-879
-124
1947
3521
2967
1554
968
622
-102
-581
755
2727
3180
1548
48
-188
-597
-1787
-2843
-2528
-1420
-492
860
2326
3189
2492
911
356
786
1153
745
583
1345
1813
1496
840
335
-485
-1350
-1351
-531
541
1059
1473
1871
2109
2037
1621
1172
520
17
78
427
667
609
266
-283
-614
-576
-704
-1059
-1233
-1128
-1399
-1926
-2419
-3059
-4446
-5440
-5575
-2451
2553
6362
5835
2457
1482
2283
2218
-225
-1747
-306
1208
983
206
443
476
-2060
-4958
-5316
-2717
-472
-417
-496
1292
3428
3481
1809
923
894
240
-840
-268
1719
2760
1336
-501
-738
-589
-1335
-2611
-2583
-1388
-391
607
1957
3223
3131
1621
586
773
1303
989
487
878
1496
1367
813
320
-113
-1062
-1488
-951
182
1332
1819
2271
2239
2067
1674
1204
594
-192
-437
-128
343
447
110
-321
-741
-820
-848
-1020
-1144
-1097
-1348
-2115
-2927
-3584
-4626
-5583
-5076
-860
4351
7234
5224
2065
1638
2471
1520
-1278
-1681
406
1398
472
-317
418
-129
-3097
-5630
-4844
-1601
281
-5
348
2549
3939
2996
1239
908
849
-283
-1102
-97
1988
2356
408
-1106
-1190
-984
-1828
-2602
-1894
-696
201
1106
2376
3334
2749
1200
464
923
1321
903
698
1331
1539
986
497
477
242
-485
-595
51
1373
2233
2317
1856
1323
1052
781
546
192
-212
-332
-159
175
221
-216
-902
-1226
-973
-832
-970
-1220
-1441
-2319
-3431
-4565
-5296
-5535
-4088
464
5323
7488
4793
1858
1484
2250
914
-1645
-1445
858
1773
576
-417
-135
-1161
-3981
-6045
-4555
-1222
699
641
1420
3364
3993
2567
846
579
372
-522
-744
487
2044
1679
-263
-1519
-1699
-1760
-2361
-2380
-1336
-94
934
1828
2651
2808
1810
573
197
686
1047
1102
1311
1592
1293
723
584
638
491
158
438
1017
1828
2271
2156
1677
960
566
487
401
180
-117
-63
138
256
154
-260
-770
-990
-993
-929
-1037
-1203
-1808
-2938
-4251
-5228
-5753
-4106
610
5774
7384
4348
1508
1390
2340
909
-1591
-1328
1051
1876
640
-225
210
-914
-4048
-5901
-4195
-610
1183
1004
1902
3777
4385
2550
921
985
735
-312
-733
775
2397
1667
-615
-2110
-2087
-1904
-2323
-2092
-895
268
1044
1887
2666
2591
1289
6
-290
355
961
1111
1420
1714
1254
625
507
885
936
737
942
1482
2282
2664
2343
1422
574
288
300
332
148
-242
-314
-222
-75
-206
-609
-843
-1045
-1119
-1318
-1523
-1852
-2713
-4154
-5289
-5645
-3635
1044
5984
7256
3796
605
378
1425
450
-1458
-1022
1064
1652
415
-581
-299
-1391
-4311
-5959
-4112
-279
1729
1662
2031
3187
3586
2135
793
804
718
94
9
1376
2493
1457
-813
-2432
-2867
-2716
-2342
-1273
-3
653
1095
1813
2577
2091
491
-615
-364
453
960
1244
1592
1363
385
-264
-23
654
1020
1376
1916
2402
2659
2487
1880
1067
442
231
292
564
613
236
-293
-547
-570
-904
-1338
-1276
-941
-993
-1396
-1865
-2300
-3673
-5151
-5865
-3542
1840
6896
7616
3725
398
199
863
-192
-1485
-602
1243
1184
-183
-1067
-995
-2288
-4912
-5991
-3962
-430
1580
1968
2285
2676
2414
1227
645
1034
1138
845
1053
2201
2567
1015
-1320
-2941
-3544
-3465
-2526
-764
751
1202
1072
1216
1494
910
-284
-867
-181
885
1477
1650
1652
855
-503
-1327
-827
233
720
887
1232
1774
2286
2384
1902
1060
463
490
526
670
819
730
111
-661
-973
-1107
-1440
-1628
-1778
-1850
-2072
-2243
-2658
-3988
-5192
-5139
-1497
4035
8025
6630
2303
-183
415
870
-69
-258
1226
1902
447
-1201
-1638
-1786
-3575
-5557
-5209
-2278
834
1961
1952
1832
1429
657
287
1056
1968
2030
1811
2191
2785
2150
186
-1885
-3055
-3358
-2693
-1103
554
1213
839
559
698
740
500
251
678
1442
1916
2131
1898
1278
-60
-1163
-1330
-628
650
1702
2118
1599
916
579
415
313
571
1010
1407
1579
1580
1105
31
-878
-1450
-1535
-1363
-767
-403
-824
-2010
-3025
-3972
-4897
-5431
-4305
-47
5257
8100
5684
1599
-308
290
324
1
1056
3071
3106
811
-1239
-2128
-2941
-4710
-5712
-4251
-1364
1031
1795
1691
1157
-10
-822
-502
1095
2305
2632
2774
3046
2658
1047
-786
-2092
-2689
-2740
-1649
162
1294
858
-261
-794
-689
-559
-221
511
1563
2269
2357
2215
1727
889
-84
-482
-229
399
1101
1772
1787
1119
336
-181
-144
144
894
1290
1210
1048
779
206
-695
-1245
-1281
-1208
-1033
-889
-1089
-1986
-3113
-4409
-5161
-5364
-3159
1441
5935
6803
3188
-218
-697
824
1160
1146
2440
3984
3072
307
-1576
-2341
-3324
-4878
-4754
-2464
76
1051
452
-265
-990
-1722
-1477
328
2722
3716
3516
3313
3041
1756
-209
-1517
-1659
-1312
-776
279
1251
949
-750
-2335
-2493
-1662
-641
509
1798
2675
2589
1825
1093
408
-108
-133
555
1693
2496
2579
1724
377
-668
-878
-395
362
967
1375
1378
1027
470
-284
-982
-1306
-1038
-574
-432
-822
-1560
-2681
-3747
-4729
-4995
-4572
-2480
1573
5401
5782
1979
-1536
-1670
491
1835
2467
3690
4598
2962
-523
-2864
-3304
-3337
-3668
-3073
-914
881
823
-748
-2295
-3230
-3476
-2293
434
3161
4085
3340
2411
1654
436
-699
-764
184
941
1189
1436
1279
-68
-2199
-3373
-2851
-1543
-346
853
1794
1800
736
-420
-562
308
1416
2089
2289
2090
1687
1068
387
-283
-620
-331
297
958
1270
1057
362
-373
-611
-622
-602
-427
-109
-264
-1075
-1975
-2489
-2944
-3527
-4241
-4393
-3826
-1306
2236
4547
3099
-738
-2503
-768
2207
3707
4025
4316
3578
1081
-1767
-2620
-1993
-1565
-1825
-1596
-525
-185
-1326
-3155
-4119
-3777
-2448
-240
2133
3421
2690
971
-176
-355
-135
392
1298
1921
1681
1033
505
-213
-1474
-2528
-2178
-812
440
840
630
37
-765
-1542
-1276
270
2067
2843
2126
1018
338
346
580
683
562
518
658
582
295
-305
-792
-913
-597
46
270
-16
-558
-1294
-2188
-2922
-2907
-2518
-2627
-3590
-4248
-4156
-2320
699
2916
2300
-956
-2717
-1116
1857
3561
3593
3413
2594
594
-1416
-1567
-496
187
-192
-594
-474
-756
-1821
-3320
-4040
-3710
-2507
-561
1323
2005
897
-678
-1203
-629
356
1421
2417
2553
1503
179
-361
-522
-1015
-1490
-980
69
475
28
-561
-1011
-1487
-1646
-807
742
1869
1985
1326
461
-191
-57
720
1483
1723
1485
1043
285
-324
-585
-600
-511
-46
550
423
-516
-1339
-1685
-2010
-2278
-2018
-1745
-2179
-3427
-4168
-3935
-2003
921
2625
1473
-1553
-2482
-440
2080
3204
3098
3015
2163
401
-1147
-875
164
666
211
-256
-290
-819
-1694
-2612
-2846
-2375
-1332
223
1188
712
-823
-1746
-1373
-219
966
2125
2868
2347
898
-238
-344
-54
58
232
834
1195
579
-520
-1208
-1441
-1488
-957
308
1556
1704
718
-433
-1050
-547
711
1756
1839
1162
584
66
-378
-369
206
577
410
178
-13
-611
-1403
-1619
-1334
-1267
-1448
-1731
-2222
-3282
-4179
-4092
-2695
138
2373
2210
-661
-3031
-1971
851
2959
3349
3340
2860
1305
-621
-1032
219
1238
1214
453
74
-460
-1457
-2510
-2989
-2574
-1641
-218
871
674
-838
-2026
-1647
-245
1180
2060
2685
2227
724
-489
-231
976
1647
1614
1521
1431
695
-420
-985
-801
-247
377
1156
1749
1497
367
-866
-1332
-469
1184
2333
2175
991
-76
-430
-428
68
766
1089
832
111
-434
-886
-1215
-1137
-792
-730
-1068
-1656
-2275
-3082
-3753
-3534
-2272
319
2021
1258
-1639
-3394
-1644
1527
3387
3357
2922
1919
169
-1224
-371
1979
3204
2678
1410
433
-670
-1825
-2280
-1750
-719
-51
331
119
-977
-2638
-3206
-1873
298
1848
2212
1926
869
-592
-1053
237
2089
2881
2417
1781
1228
384
-427
-306
448
1095
1195
1011
636
14
-206
175
856
1445
1961
1815
828
-218
-398
409
1009
1351
1370
856
15
-635
-598
-430
-299
-203
-283
-1042
-1988
-2562
-2700
-2723
-2521
-1925
-831
557
670
-1102
-3596
-3136
281
3336
3348
1901
1086
473
-534
-681
1327
3203
3058
1364
177
-260
-614
-865
-504
189
528
296
-155
-967
-1822
-2078
-1071
284
981
612
-73
-537
-800
-522
820
2531
2783
1513
168
230
785
994
1203
1680
1701
832
92
19
187
335
799
1479
1558
880
59
-236
-116
508
1338
1751
1298
737
231
-186
-329
92
585
139
-842
-1465
-1423
-1480
-1760
-1961
-2195
-2538
-2629
-1946
-364
80
-981
-2739
-2096
768
2941
2195
327
-295
-103
-114
-83
1638
2922
2119
115
-433
115
284
-302
-269
131
28
-454
-596
-653
-974
-1222
-466
321
251
-420
-903
-694
-329
229
1092
1754
1209
88
-459
414
1527
1833
1708
1725
1432
595
61
454
1017
1159
1028
912
383
-80
85
778
1137
971
782
486
44
40
765
1263
990
238
-174
-615
-818
-720
-429
-649
-1356
-1968
-2375
-2879
-2969
-2325
-898
31
-659
-2355
-3161
-1079
1709
2572
1000
156
285
343
-380
278
2248
2618
780
-758
-334
129
-366
-710
121
577
-189
-1133
-1212
-1060
-1203
-929
66
182
-704
-1610
-1358
-604
-1
420
930
695
-373
-972
-206
1170
1560
1116
829
870
510
130
598
1503
1717
1037
679
663
604
538
781
1165
914
169
-424
-459
-2
994
1488
1091
-37
-579
-719
-831
-621
109
644
-38
-1215
-1972
-2174
-2667
-2840
-2390
-1011
-696
-1704
-3181
-2651
107
2130
1392
-744
-1114
-291
387
457
1992
3420
2395
-338
-1100
212
782
-109
-410
449
420
-1018
-1789
-973
-181
-534
-650
-266
-473
-1249
-1510
-629
142
344
189
60
-645
-1136
-456
1046
1672
915
131
150
260
73
374
1443
1967
996
-52
121
850
1119
1036
1037
1119
683
0
-62
229
836
1120
715
-155
-691
-356
-52
-190
-356
-163
-372
-1127
-1573
-1102
-819
-1664
-2260
-1951
-672
-509
-1778
-3135
-2627
-122
1444
423
-1565
-1497
-190
607
257
1184
2412
1503
-739
-769
1488
2136
354
-753
307
779
-758
-1781
-590
484
-439
-1346
-701
-180
-973
-1718
-794
327
102
-657
-462
-98
-167
40
1055
1483
558
-328
104
962
973
728
1169
1555
738
-93
280
1153
1185
757
812
1060
867
359
566
876
805
539
402
231
26
237
464
240
-473
-768
-645
-740
-1054
-1063
-998
-1614
-2138
-1929
-973
-478
-1223
-2173
-2244
-661
827
693
-691
-1039
-108
714
319
249
1379
1582
242
-476
1111
2209
904
-695
109
1473
574
-1301
-1017
640
522
-1013
-1002
177
76
-1401
-1470
10
424
-861
-1429
-503
108
-256
-173
701
797
-63
-262
744
1241
755
628
1329
1372
576
505
1256
1402
593
386
1076
1435
564
-1
356
788
701
399
567
536
298
80
123
-10
-229
-314
-325
-481
-724
-871
-1188
-1747
-2080
-1945
-1389
-1050
-1383
-2231
-2650
-1609
53
422
-782
-1393
-573
521
162
-260
743
1602
618
-515
499
2030
1455
-335
-195
1265
998
-1037
-1449
261
788
-801
-1435
-278
252
-1049
-1759
-485
395
-675
-1679
-806
341
-41
-809
-374
387
-53
-729
-271
809
944
412
440
803
700
442
570
859
826
706
1047
1255
870
387
575
923
667
121
72
278
373
172
-6
48
-14
-288
-549
-550
-500
-595
-1004
-1513
-1735
-1635
-1390
-1141
-1072
-1486
-2226
-2190
-1067
-91
-497
-1380
-1345
-405
-111
-518
-57
980
911
-235
-203
1121
1645
614
-54
796
1270
126
-815
14
912
96
-1005
-630
252
-306
-1504
-1383
-269
-220
-1199
-1232
-399
-179
-818
-830
109
514
-155
-583
67
632
355
-30
253
668
531
176
245
652
707
329
221
540
662
557
446
679
853
636
278
255
440
291
-43
-214
-91
-215
-446
-522
-372
-516
-1044
-1544
-1683
-1593
-1600
-1447
-1246
-1351
-1898
-2036
-1292
-370
-509
-1029
-1151
-725
-555
-776
-446
364
524
-276
-528
290
1067
744
123
322
637
142
-618
-417
359
311
-343
-560
-268
-300
-766
-870
-401
-224
-641
-925
-733
-552
-682
-729
-435
-96
-135
-294
-129
278
433
264
162
241
275
202
101
210
521
633
531
362
246
203
215
441
730
822
705
408
241
170
93
69
284
373
209
-47
-286
-452
-728
-1008
-1302
-1438
-1550
-1566
-1456
-1203
-1355
-1678
-1850
-1424
-906
-746
-674
-620
-389
-528
-702
-504
139
380
181
258
524
680
329
86
192
235
-78
-337
-115
196
11
-295
-258
-108
-298
-767
-818
-288
48
-85
-202
-157
-183
-524
-755
-441
-17
113
-12
-23
124
108
30
53
109
109
140
191
412
552
517
440
409
376
413
452
525
588
622
527
293
176
237
440
465
336
195
280
338
228
5
-180
-390
-767
-1027
-1112
-1058
-1197
-1267
-1343
-1332
-1452
-1337
-1187
-999
-794
-701
-458
-416
-503
-540
-177
119
281
517
617
503
231
160
288
478
409
135
1
-16
-146
-216
-42
99
51
-126
-254
-202
-117
-59
-38
-72
-18
49
103
117
107
119
2
-125
-87
127
341
397
326
211
111
-117
-101
250
536
581
508
551
649
606
454
481
646
630
474
430
462
363
215
201
230
281
203
55
-10
-125
-291
-469
-645
-941
-1140
-1247
-1151
-1223
-1217
-1181
-1030
-1090
-1351
-1299
-1184
-982
-960
-829
-541
-158
-85
-281
-178
55
203
184
223
364
494
393
21
-205
-122
-28
48
175
239
156
-53
-289
-353
-109
149
265
245
237
126
-61
-190
-189
-69
-10
-47
-43
35
31
-47
-84
-13
52
15
-16
160
374
432
356
307
399
520
590
560
647
659
555
441
432
429
329
203
115
110
98
60
47
19
-245
-631
-864
-918
-1000
-1153
-1316
-1127
-1006
-1029
-1278
-1259
-1133
-1069
-952
-895
-623
-545
-684
-872
-585
-194
-6
128
161
264
225
106
7
152
308
214
49
33
73
98
100
61
114
186
100
81
250
383
349
205
162
145
157
168
138
191
136
-117
-288
-157
103
287
261
240
316
307
154
89
267
431
456
466
631
870
1026
914
752
658
499
336
364
537
659
656
462
261
181
124
4
-80
-114
-242
-403
-591
-872
-1000
-1093
-1073
-1085
-1029
-898
-803
-774
-996
-927
-867
-707
-564
-416
-343
-287
-119
-25
221
231
104
10
74
128
132
291
333
179
-58
-155
-4
305
455
446
481
484
449
420
451
457
382
324
251
260
363
379
352
208
-51
-184
-102
115
205
215
240
304
286
216
191
336
495
555
613
712
789
793
751
702
705
651
595
582
546
391
260
269
344
413
350
221
113
-4
-202
-343
-401
-528
-803
-995
-1160
-1254
-1201
-1149
-992
-1016
-1010
-1181
-1020
-867
-776
-574
-432
-422
-537
-375
-267
-58
75
35
19
-57
-64
-65
149
327
294
201
121
172
400
574
586
575
548
516
538
574
614
562
464
368
292
356
374
245
134
-34
-98
60
316
394
289
150
111
206
291
418
521
627
603
498
577
759
871
827
648
579
630
661
629
634
650
586
522
504
566
631
632
533
437
353
214
59
-105
-351
-613
-859
-1056
-1233
-1049
-941
-892
-979
-1032
-1063
-1144
-946
-801
-564
-615
-799
-874
-614
-415
-424
-175
-10
61
-76
-179
-46
250
446
359
385
584
605
502
527
605
661
626
452
446
592
643
441
195
140
161
131
134
190
230
174
24
130
382
476
357
213
186
184
207
318
529
545
357
200
265
435
443
471
500
580
580
544
617
713
738
654
637
714
854
913
868
726
594
505
358
202
51
-79
-218
-497
-825
-1091
-1174
-1245
-1207
-1224
-1155
-1163
-1192
-1262
-1338
-1139
-1101
-956
-927
-982
-1053
-910
-594
-447
-166
-86
-72
-56
-25
95
343
627
610
562
650
747
712
669
559
474
485
353
228
301
341
234
126
204
265
197
197
178
215
262
190
208
286
228
64
-37
16
64
-3
-45
5
51
40
14
92
297
453
466
446
501
604
708
771
880
944
912
812
750
755
792
764
599
451
306
211
105
-34
-225
-470
-642
-826
-950
-1068
-1101
-1243
-1245
-1256
-1261
-1256
-1306
-1266
-1382
-1237
-1242
-1158
-1049
-1054
-1010
-837
-497
-368
-164
17
141
233
219
287
455
745
712
601
655
724
642
520
463
404
385
314
315
491
621
511
327
198
122
58
109
167
119
3
-199
-289
-176
-64
-167
-306
-326
-233
-187
-191
-106
70
177
159
175
379
588
623
599
608
721
775
729
714
767
769
715
626
578
533
404
280
221
242
221
146
80
26
-65
-223
-412
-635
-714
-811
-923
-1070
-1125
-1012
-1074
-1170
-1387
-1239
-1262
-1213
-1120
-938
-668
-693
-756
-692
-250
-28
77
304
501
619
475
501
617
776
758
630
637
767
788
729
754
769
690
542
412
457
568
571
412
283
294
203
48
-6
0
34
-44
-167
-123
59
87
-26
-31
117
224
214
312
426
477
431
404
521
674
652
578
613
685
711
648
615
644
674
627
585
626
728
722
612
494
480
574
576
456
349
230
39
-133
-261
-291
-394
-567
-826
-1036
-1186
-1317
-1261
-1218
-1119
-1254
-1174
-1158
-1000
-872
-870
-722
-644
-600
-559
-183
131
244
319
276
336
361
487
550
666
702
551
552
698
734
658
682
647
533
491
494
552
531
369
155
72
78
-44
-84
79
146
97
46
34
97
179
115
18
74
161
191
191
243
287
222
245
303
481
645
614
555
525
585
625
663
759
868
901
776
762
858
954
928
842
811
811
743
601
515
459
315
123
-58
-182
-286
-378
-503
-643
-788
-872
-1012
-1014
-945
-896
-895
-897
-796
-841
-715
-675
-594
-555
-574
-569
-358
51
166
269
348
355
401
436
577
707
886
844
693
730
829
826
802
796
664
559
470
387
402
395
282
122
94
139
125
172
177
75
36
42
48
161
254
170
83
75
137
221
243
322
352
339
343
408
647
790
801
762
806
862
903
960
1011
1090
1041
962
921
855
787
668
575
508
496
505
435
329
249
143
43
-4
1
33
-15
-216
-471
-634
-745
-929
-1121
-1290
-1209
-1180
-1208
-1306
-1185
-1147
-1284
-1217
-1106
-830
-690
-691
-619
-224
106
110
271
433
444
290
306
527
689
705
464
317
427
460
356
379
421
279
81
-1
69
204
226
101
6
53
53
-6
60
83
18
-2
59
175
274
291
249
259
317
371
418
493
502
429
492
678
793
844
780
712
634
651
718
715
752
737
604
440
459
530
608
659
577
501
530
560
496
445
445
329
155
64
-20
-123
-280
-409
-537
-639
-806
-1000
-1091
-1194
-1300
-1448
-1340
-1179
-1124
-1086
-1014
-917
-971
-879
-822
-666
-568
-614
-607
-404
-100
-67
51
176
163
117
126
258
344
360
226
138
256
350
322
357
409
339
256
277
422
532
487
345
289
340
345
279
355
512
487
404
354
382
416
387
331
362
437
434
366
332
397
360
340
447
519
497
440
409
416
434
487
527
513
427
313
279
322
313
270
299
302
203
92
90
143
125
66
9
-42
-76
-97
-55
-20
-102
-273
-418
-526
-663
-813
-966
-1043
-1150
-1297
-1445
-1444
-1315
-1318
-1356
-1393
-1254
-1315
-1260
-1143
-1024
-835
-831
-834
-671
-287
-86
58
275
358
369
360
499
641
804
802
683
745
847
795
757
801
777
716
748
741
759
731
643
527
503
605
597
618
636
543
487
511
552
556
562
461
350
319
314
316
317
335
255
127
93
122
229
341
317
261
289
328
313
322
366
414
404
314
331
392
402
324
262
302
314
195
40
-6
31
-12
-84
-74
-6
-68
-225
-354
-415
-479
-630
-797
-866
-882
-974
-1132
-1216
-1309
-1397
-1484
-1413
-1232
-1036
-955
-972
-892
-930
-815
-703
-523
-310
-226
-142
3
226
332
463
533
527
580
677
839
929
1046
1023
945
934
974
987
1043
1055
1008
990
970
852
739
648
507
376
339
480
570
569
440
266
211
195
181
211
321
392
390
365
361
326
233
191
201
245
286
295
295
294
199
108
114
178
192
194
246
286
299
229
174
206
300
325
318
382
432
424
315
234
224
231
202
153
183
218
209
113
33
-45
-154
-251
-362
-463
-511
-533
-567
-696
-831
-944
-1009
-1058
-1051
-935
-768
-622
-589
-560
-504
-440
-338
-191
9
206
306
411
537
679
762
840
927
964
975
947
1012
1077
1077
996
922
932
979
947
840
742
655
581
509
493
507
484
367
208
118
120
136
90
26
-18
-33
-90
-158
-157
-104
-39
-6
7
83
154
174
171
191
242
274
315
376
443
477
475
474
484
488
472
475
512
521
488
476
447
396
312
260
229
230
207
173
186
186
118
13
-37
-75
-100
-109
-105
-92
-92
-169
-284
-365
-431
-548
-604
-584
-588
-617
-689
-755
-786
-785
-807
-841
-765
-671
-575
-512
-473
-481
-461
-396
-351
-223
-149
-85
-15
31
120
241
339
344
327
320
303
298
327
365
385
397
353
331
372
398
368
327
271
226
237
263
243
222
214
196
213
243
257
278
318
323
323
370
419
430
427
408
407
419
440
448
447
445
427
411
411
409
442
457
437
432
447
440
396
366
345
325
265
187
155
182
208
174
160
167
147
138
144
165
224
287
322
344
349
322
266
189
147
121
119
77
5
-41
-74
-114
-194
-276
-297
-362
-493
-616
-617
-529
-524
-586
-627
-590
-562
-546
-534
-449
-342
-341
-341
-310
-241
-180
-154
-99
-46
51
95
130
225
312
343
345
412
473
483
488
494
590
647
639
617
634
617
585
586
615
631
629
625
629
648
687
718
777
813
798
788
790
817
797
768
766
768
746
754
773
768
761
745
784
840
827
760
734
763
725
645
591
553
515
446
415
404
345
249
201
188
169
160
153
174
129
57
45
81
117
93
85
95
97
54
11
22
22
-25
-91
-139
-169
-226
-312
-333
-357
-393
-438
-506
-536
-566
-599
-595
-513
-432
-382
-348
-332
-272
-209
-166
-117
-92
-59
-39
23
110
167
218
253
299
319
354
418
457
511
542
585
646
692
720
745
751
740
740
766
827
851
871
874
904
919
897
886
883
903
903
902
899
878
834
772
718
665
644
624
626
625
576
548
558
554
542
519
500
494
460
431
411
395
373
327
275
214
179
168
153
125
77
18
-6
-49
-104
-134
-108
-57
-18
-37
-46
-44
-38
-11
28
79
146
181
127
87
73
53
29
-8
-49
-62
-80
-101
-151
-165
-176
-240
-290
-286
-240
-196
-161
-161
-164
-163
-174
-164
-107
-66
-42
-48
-48
-35
-14
21
0
-29
9
51
87
146
205
240
233
229
260
329
418
460
503
570
629
633
606
642
704
754
788
796
798
802
744
697
689
704
684
614
557
527
510
464
391
312
266
226
189
180
189
204
189
166
153
166
203
233
255
252
266
304
329
313
281
236
188
146
115
115
156
143
108
106
91
83
63
44
38
57
82
77
70
81
56
26
-10
-49
-73
-65
-78
-95
-124
-118
-83
-115
-172
-234
-248
-246
-262
-226
-177
-129
-145
-189
-194
-145
-129
-167
-141
-100
-30
8
15
29
58
88
104
133
170
206
239
254
285
270
251
251
263
311
344
347
355
386
415
415
394
412
436
426
415
423
476
550
590
588
599
617
627
606
574
566
559
571
587
601
614
598
572
594
612
611
610
618
640
650
652
681
683
669
635
572
554
543
514
491
461
419
355
305
264
218
195
187
180
150
105
79
93
112
102
104
143
162
187
187
211
213
229
248
257
276
271
278
260
257
247
225
177
157
147
139
163
163
155
158
134
86
57
44
73
90
69
66
42
18
-27
-50
-58
-66
-55
-67
-63
-64
-82
-88
-113
-140
-145
-130
-103
-75
-50
-50
-51
-73
-35
21
65
111
134
136
142
139
165
190
208
212
190
182
199
200
198
171
108
98
123
133
136
147
149
160
137
99
91
112
123
134
178
220
216
206
201
197
209
227
244
263
265
239
219
208
199
173
138
142
138
120
114
120
129
128
132
125
117
106
125
144
165
190
201
185
155
140
144
153
150
125
103
88
48
40
52
37
1
-54
-77
-79
-81
-99
-142
-180
-198
-200
-224
-241
-255
-242
-233
-267
-286
-284
-290
-305
-351
-337
-310
-318
-330
-372
-359
-357
-366
-363
-331
-303
-284
-260
-204
-141
-144
-160
-170
-145
-97
-62
-27
19
55
39
2
11
30
15
19
30
23
10
-12
-38
-45
-53
-77
-98
-88
-62
-49
-46
-51
-46
-27
-40
-51
-26
12
28
40
61
92
74
16
-17
-15
17
50
72
70
61
19
-9
-16
10
47
64
66
65
51
36
6
-21
-39
-29
-24
-17
-13
-28
-80
-134
-164
-211
-228
-231
-211
-201
-224
-261
-272
-281
-297
-288
-277
-276
-265
-244
-217
-204
-185
-171
-143
-116
-111
-98
-81
-58
-31
-33
-54
-87
-118
-137
-144
-115
-109
-122
-178
-253
-286
-294
-298
-297
-303
-298
-292
-293
-297
-303
-279
-248
-230
-179
-135
-93
-68
-78
-79
-46
-8
11
41
53
60
61
75
88
93
93
99
113
130
130
114
98
84
83
101
116
108
88
77
56
24
-15
-41
-53
-68
-97
-114
-117
-108
-99
-103
-73
-47
-37
-53
-17
53
105
133
134
148
154
132
106
139
200
225
237
242
243
244
237
261
279
293
279
251
238
207
190
182
172
146
102
65
49
38
53
63
41
6
-33
-42
-61
-93
-129
-143
-133
-155
-210
-222
-202
-197
-210
-211
-212
-229
-248
-229
-187
-143
-117
-102
-81
-70
-55
-59
-40
-23
-4
19
31
50
76
75
44
19
16
-5
-39
-53
-74
-74
-84
-129
-151
-180
-198
-183
-154
-109
-98
-104
-127
-168
-170
-141
-142
-125
-108
-98
-96
-128
-128
-116
-85
-56
-42
-4
22
47
54
65
77
90
79
67
85
74
66
79
75
43
3
-23
-28
-34
-81
-107
-97
-85
-128
-161
-144
-150
-171
-197
-216
-235
-225
-216
-200
-177
-178
-213
-246
-250
-248
-223
-189
-170
-152
-150
-153
-146
-140
-124
-120
-108
-105
-136
-131
-134
-124
-109
-123
-127
-150
-178
-185
-179
-178
-183
-193
-203
-213
-237
-231
-211
-195
-188
-201
-196
-206
-246
-275
-272
-244
-238
-266
-270
-264
-264
-273
-279
-250
-233
-236
-243
-234
-203
-169
-159
-143
-143
-143
-140
-164
-155
-162
-171
-161
-159
-150
-164
-200
-209
-209
-222
-239
-233
-231
-247
-268
-280
-281
-291
-331
-363
-375
-378
-396
-422
-428
-442
-445
-452
-442
-447
-460
-462
-476
-479
-485
-477
-456
-430
-430
-449
-458
-460
-463
-456
-453
-447
-439
-435
-452
-453
-433
-428
-414
-387
-374
-381
-403
-407
-387
-376
-371
-377
-369
-360
-361
-367
-365
-377
-381
-390
-410
-415
-404
-378
-349
-344
-348
-337
-330
-320
-339
-333
-331
-327
-330
-343
-329
-331
-350
-370
-376
-371
-360
-377
-378
-381
-387
-388
-402
-421
-427
-423
-422
-432
-436
-415
-410
-412
-416
-419
-403
-398
-410
-421
-423
-421
-424
-426
-424
-423
-431
-435
-441
-450
-457
-438
-420
-413
-413
-426
-437
-459
-467
-468
-472
-466
-489
-512
-528
-520
-514
-520
-531
-531
-518
-525
-511
-482
-460
-433
-431
-432
-417
-409
-394
-371
-344
-330
-322
-300
-300
-280
-275
-264
-244
-217
-215
-219
-198
-202
-215
-243
-249
-246
-252
-283
-316
-326
-335
-370
-411
-434
-451
-480
-493
-500
-510
-522
-547
-562
-570
-570
-544
-524
-524
-547
-547
-548
-534
-523
-518
-509
-510
-497
-491
-476
-493
-485
-465
-449
-436
-451
-468
-468
-472
-455
-444
-433
-427
-466
-506
-527
-530
-547
-581
-595
-604
-608
-627
-652
-645
-654
-693
-719
-707
-672
-665
-668
-675
-654
-631
-626
-610
-585
-559
-548
-524
-503
-479
-470
-456
-441
-422
-419
-387
-363
-324
-306
-331
-316
-317
-324
-339
-339
-313
-309
-323
-362
-391
-400
-415
-423
-426
-393
-379
-385
-414
-442
-453
-470
-487
-481
-474
-471
-479
-501
-508
-521
-507
-503
-501
-493
-461
-432
-432
-423
-407
-394
-364
-360
-341
-312
-302
-281
-266
-247
-263
-282
-292
-297
-302
-317
-333
-355
-420
-463
-489
-502
-483
-503
-504
-518
-516
-516
-534
-526
-521
-493
-479
-462
-439
-443
-422
-411
-385
-345
-316
-281
-255
-237
-221
-222
-225
-224
-212
-190
-181
-155
-128
-144
-174
-233
-245
-235
-242
-232
-209
-191
-198
-216
-245
-254
-267
-282
-279
-276
-270
-276
-285
-298
-322
-327
-338
-336
-324
-301
-276
-247
-251
-235
-232
-236
-226
-204
-159
-119
-75
-77
-72
-76
-77
-64
-55
-39
-37
-45
-43
-71
-92
-103
-96
-100
-124
-119
-124
-108
-99
-118
-116
-130
-127
-125
-133
-122
-117
-122
-116
-116
-112
-111
-95
-85
-52
-9
-13
-36
-52
-48
-51
-51
-33
-13
-11
-40
-38
-29
-18
-14
-19
-4
8
5
-2
23
25
8
-8
-3
-16
-42
-71
-101
-108
-132
-153
-175
-193
-203
-237
-258
-265
-260
-271
-267
-253
-248
-242
-240
-227
-229
-215
-207
-204
-184
-163
-153
-155
-161
-180
-196
-220
-219
-233
-267
-274
-273
-276
-271
-279
-283
-295
-301
-311
-308
-266
-248
-231
-236
-230
-236
-250
-251
-242
-199
-173
-159
-164
-166
-163
-148
-118
-114
-112
-112
-119
-107
-115
-96
-85
-73
-66
-74
-52
-48
-65
-84
-99
-81
-65
-64
-47
-44
-72
-111
-116
-91
-97
-100
-90
-78
-81
-99
-102
-118
-121
-123
-132
-118
-101
-97
-86
-90
-88
-83
-79
-73
-61
-55
-42
-24
-11
-7
2
4
-17
-26
-44
-47
-42
-34
-45
-58
-85
-105
-113
-110
-102
-94
-90
-99
-114
-132
-146
-174
-163
-162
-164
-166
-184
-183
-202
-207
-202
-204
-199
-193
-206
-210
-201
-205
-222
-239
-232
-219
-227
-225
-202
-192
-196
-209
-213
-199
-182
-187
-201
-210
-218
-241
-251
-270
-271
-278
-307
-309
-309
-309
-337
-335
-325
-316
-323
-342
-331
-347
-351
-353
-337
-319
-328
-325
-307
-305
-304
-295
-277
-266
-272
-252
-228
-212
-192
-175
-163
-180
-188
-196
-188
-169
-168
-167
-163
-153
-139
-153
-157
-154
-157
-138
-141
-146
-156
-176
-200
-222
-247
-259
-263
-268
-287
-296
-301
-309
-324
-338
-319
-308
-291
-283
-269
-260
-242
-229
-215
-186
-158
-132
-123
-119
-109
-95
-75
-68
-82
-79
-87
-107
-114
-136
-153
-146
-149
-151
-169
-198
-209
-227
-228
-207
-200
-207
-218
-235
-231
-241
-235
-227
-230
-230
-227
-218
-215
-210
-200
-163
-140
-131
-125
-123
-105
-98
-87
-91
-79
-66
-78
-96
-103
-88
-77
-61
-71
-67
-54
-57
-59
-66
-54
-52
-50
-56
-45
-44
-60
-58
-63
-66
-62
-60
-61
-67
-83
-94
-91
-70
-56
-40
-30
-31
-40
-51
-58
-50
-37
-40
-27
-34
-31
-22
-15
0
-11
-16
-28
-27
-32
-42
-40
-51
-49
-50
-63
-71
-89
-93
-76
-79
-81
-93
-106
-124
-160
-190
-204
-204
-190
-191
-203
-210
-226
-242
-253
-254
-257
-243
-228
-229
-239
-231
-226
-212
-202
-195
-181
-172
-147
-128
-95
-72
-75
-54
-49
-60
-58
-43
-32
-38
-41
-29
-27
-53
-69
-63
-77
-78
-95
-98
-95
-99
-109
-122
-98
-83
-90
-84
-61
-47
-61
-65
-57
-41
-36
-35
-35
-31
-32
-51
-59
-58
-44
-52
-60
-61
-45
-30
-41
-55
-51
-59
-83
-94
-91
-114
-138
-167
-185
-200
-234
-250
-249
-243
-250
-264
-300
-304
-302
-300
-301
-294
-296
-304
-313
-320
-296
-298
-306
-317
-317
-315
-310
-311
-299
-297
-313
-329
-331
-333
-331
-337
-347
-343
-336
-331
-342
-348
-353
-369
-377
-372
-364
-354
-374
-366
-366
-371
-369
-386
-374
-355
-345
-344
-337
-324
-319
-327
-309
-296
-294
-291
-281
-277
-277
-271
-266
-258
-239
-246
-250
-245
-244
-232
-226
-217
-207
-206
-213
-202
-210
-213
-224
-223
-225
-240
-219
-231
-235
-231
-237
-225
-213
-210
-206
-191
-178
-184
-178
-173
-165
-161
-177
-182
-184
-172
-162
-174
-190
-219
-244
-248
-252
-250
-250
-248
-272
-277
-278
-272
-271
-274
-265
-257
-236
-236
-231
-229
-231
-229
-232
-217
-207
-215
-207
-196
-191
-185
-179
-166
-159
-168
-165
-161
-151
-153
-132
-106
-91
-72
-68
-74
-90
-91
-98
-96
-65
-47
-41
-60
-70
-68
-81
-80
-103
-108
-107
-115
-130
-138
-144
-152
-150
-155
-154
-161
-146
-149
-143
-128
-112
-119
-117
-103
-105
-101
-100
-94
-76
-71
-74
-87
-108
-110
-106
-121
-127
-117
-120
-116
-131
-151
-154
-157
-178
-185
-190
-204
-214
-223
-241
-253
-253
-266
-267
-287
-299
-297
-292
-314
-314
-295
-279
-280
-284
-275
-268
-279
-287
-272
-261
-254
-237
-221
-209
-193
-192
-185
-164
-163
-167
-163
-158
-156
-150
-160
-151
-145
-147
-156
-166
-163
-173
-186
-199
-201
-211
-219
-227
-232
-234
-238
-254
-256
-248
-251
-246
-244
-248
-251
-239
-243
-250
-250
-238
-238
-262
-263
-273
-274
-262
-262
-258
-265
-260
-251
-251
-247
-244
-243
-250
-261
-276
-285
-294
-290
-294
-319
-319
-319
-339
-350
-363
-378
-372
-369
-368
-362
-364
-381
-395
-392
-377
-367
-359
-366
-368
-369
-372
-371
-362
-348
-334
-329
-304
-288
-276
-275
-279
-277
-272
-263
-267
-275
-277
-280
-274
-271
-275
-274
-281
-279
-286
-296
-300
-300
-314
-325
-319
-323
-329
-332
-322
-305
-291
-295
-291
-278
-302
-308
-310
-305
-295
-291
-290
-284
-296
-297
-292
-290
-267
-250
-230
-217
-204
-203
-195
-185
-189
-191
-187
-198
-204
-204
-206
-220
-233
-220
-227
-245
-267
-257
-259
-257
-256
-265
-273
-290
-299
-316
-310
-311
-323
-344
-334
-326
-319
-326
-321
-324
-319
-319
-315
-307
-305
-305
-312
-298
-293
-273
-279
-278
-285
-286
-280
-272
-265
-269
-277
-280
-287
-290
-289
-297
-286
-293
-288
-313
-323
-309
-316
-336
-360
-353
-341
-353
-351
-344
-338
-329
-335
-349
-344
-346
-344
-325
-327
-306
-294
-286
-267
-265
-253
-253
-240
-236
-219
-201
-204
-195
-199
-211
-222
-221
-214
-214
-214
-220
-238
-245
-244
-250
-254
-252
-243
-247
-247
-255
-252
-244
-259
-260
-259
-258
-267
-273
-287
-292
-285
-284
-278
-288
-291
-293
-291
-288
-287
-261
-245
-229
-230
-237
-225
-217
-220
-203
-203
-196
-185
-175
-161
-167
-168
-156
-158
-166
-171
-162
-163
-175
-184
-186
-173
-177
-188
-200
-194
-199
-206
-201
-195
-184
-199
-210
-227
-224
-212
-208
-193
-206
-212
-201
-207
-203
-180
-172
-164
-162
-152
-141
-148
-149
-145
-159
-143
-160
-163
-164
-188
-188
-188
-179
-174
-160
-160
-145
-137
-143
-139
-139
-130
-119
-125
-131
-131
-129
-128
-130
-131
-134
-146
-160
-169
-166
-170
-176
-176
-178
-179
-196
-198
-203
-199
-182
-187
-193
-199
-215
-215
-210
-206
-222
-215
-203
-219
-209
-221
-234
-220
-228
-231
-222
-213
-196
-196
-200
-192
-179
-165
-146
-150
-147
-158
-168
-166
-156
-143
-149
-127
-122
-117
-127
-124
-119
-113
-112
-122
-119
-123
-129
-146
-155
-162
-168
-147
-140
-156
-160
-165
-159
-163
-170
-157
-158
-153
-158
-151
-154
-163
-159
-165
-164
-158
-159
-153
-138
-139
-142
-129
-122
-126
-126
-122
-114
-111
-110
-124
-124
-136
-146
-142
-157
-148
-141
-157
-180
-176
-179
-193
-204
-227
-230
-231
-238
-244
-241
-252
-266
-272
-281
-286
-286
-274
-267
-269
-267
-262
-260
-252
-259
-254
-249
-245
-246
-251
-256
-256
-253
-248
-241
-245
-254
-265
-267
-260
-253
-250
-243
-236
-239
-240
-237
-232
-235
-226
-228
-214
-208
-209
-193
-188
-193
-197
-196
-183
-187
-200
-191
-177
-167
-164
-161
-164
-168
-165
-159
-155
-153
-139
-140
-145
-146
-157
-160
-150
-151
-141
-136
-139
-148
-160
-161
-164
-178
-170
-172
-184
-190
-199
-209
-208
-218
-225
-237
-237
-226
-222
-219
-223
-215
-217
-214
-203
-209
-203
-212
-222
-214
-208
-198
-206
-207
-204
-212
-210
-192
-171
-163
-163
-162
-157
-157
-156
-147
-132
-121
-128
-137
-129
-127
-147
-156
-151
-145
-152
-155
-147
-142
-133
-124
-119
-114
-106
-112
-110
-105
-94
-88
-91
-70
-59
-58
-49
-44
-47
-41
-21
-20
-14
-6
-4
1
5
14
14
0
