SAMPLES:	6399
BITSPERSAMPLE:	16
CHANNELS:	1
SAMPLERATE:	16000
NORMALIZED:	FALSE
0
-6
6
2
-9
-13
-16
-13
-34
-45
-52
-55
-40
-42
-55
-55
-58
-56
-69
-71
-37
-56
-37
6
1
-92
-99
-8
-31
-69
-43
-9
-48
-51
-24
-15
-50
-46
-12
1
24
26
15
25
35
18
22
29
28
23
37
30
9
23
40
-6
-5
6
8
-14
-11
17
-6
-24
-3
0
-21
-2
16
18
9
17
15
3
-7
-12
2
5
-14
-8
-5
-23
-33
-37
-14
-26
-34
-19
-24
-28
-31
-40
-59
-58
-53
-58
-69
-68
-66
-87
-101
-97
-79
-114
-127
-110
-108
-108
-131
-140
-128
-144
-163
-150
-156
-154
-163
-179
-170
-161
-183
-180
-157
-177
-192
-199
-215
-219
-212
-202
-212
-210
-207
-210
-196
-235
-245
-228
-228
-231
-225
-232
-232
-234
-252
-243
-250
-243
-245
-245
-234
-222
-232
-230
-237
-235
-216
-226
-233
-191
-210
-242
-218
-211
-219
-228
-217
-220
-218
-230
-207
-210
-238
-232
-243
-274
-276
-247
-243
-275
-279
-240
-260
-292
-259
-257
-295
-296
-265
-281
-297
-288
-289
-303
-288
-283
-303
-292
-290
-283
-289
-279
-268
-276
-284
-272
-256
-258
-264
-262
-231
-241
-254
-231
-235
-236
-236
-220
-236
-256
-247
-210
-221
-243
-218
-219
-214
-201
-187
-210
-215
-191
-186
-188
-165
-176
-199
-201
-169
-188
-205
-175
-188
-220
-185
-176
-196
-211
-172
-192
-256
-227
-213
-235
-238
-188
-182
-197
-185
-182
-189
-191
-187
-197
-179
-159
-175
-185
-188
-174
-165
-180
-189
-198
-168
-163
-190
-158
-137
-169
-174
-141
-127
-151
-154
-133
-138
-141
-154
-153
-140
-136
-170
-164
-139
-133
-152
-153
-149
-162
-138
-125
-121
-112
-98
-120
-162
-107
-75
-132
-140
-97
-84
-135
-127
-106
-144
-139
-118
-117
-104
-111
-121
-137
-96
-80
-112
-125
-115
-110
-103
-88
-103
-119
-98
-91
-100
-75
-70
-109
-116
-93
-83
-98
-78
-84
-105
-52
-53
-109
-109
-50
-78
-106
-72
-69
-95
-89
-59
-70
-83
-75
-82
-68
-44
-69
-90
-45
-43
-89
-80
-39
-75
-75
-65
-64
-44
-48
-76
-85
-53
-60
-76
-69
-60
-73
-57
-54
-78
-70
-61
-53
-88
-74
-65
-72
-69
-68
-62
-46
-31
-62
-54
-27
-2
-28
-55
-24
-4
-28
-41
-18
-13
-31
-34
-21
-13
-54
-52
0
-14
-53
-12
4
-32
-32
-27
-37
-50
-34
-40
-74
-72
-52
-76
-84
-72
-56
-81
-86
-50
-76
-98
-98
-89
-68
-101
-99
-112
-138
-142
-126
-97
-120
-128
-148
-116
-104
-118
-141
-158
-115
-97
-153
-186
-156
-161
-174
-183
-161
-165
-201
-211
-163
-179
-209
-177
-192
-218
-221
-239
-228
-193
-190
-216
-193
-177
-220
-211
-204
-220
-253
-260
-234
-199
-220
-275
-248
-228
-269
-273
-253
-273
-327
-280
-229
-276
-312
-271
-259
-284
-309
-334
-298
-299
-342
-315
-269
-300
-302
-297
-329
-318
-283
-283
-329
-304
-268
-303
-317
-316
-270
-294
-333
-313
-280
-274
-282
-230
-280
-311
-282
-256
-275
-263
-208
-281
-275
-204
-181
-238
-207
-186
-260
-248
-178
-195
-214
-183
-219
-238
-170
-150
-227
-272
-177
-110
-203
-229
-146
-170
-241
-178
-125
-139
-134
-159
-173
-96
-54
-126
-171
-59
-86
-192
-86
19
-80
-178
-73
-40
-103
-98
-37
-71
-127
-30
-15
-82
-87
-23
-33
-51
15
-51
-88
11
18
-46
21
69
-42
-48
61
74
-16
-21
30
17
24
54
13
-43
46
73
-8
-11
21
-13
-11
61
52
-14
-25
-28
6
40
-2
13
22
51
32
-6
41
38
-3
12
60
20
3
51
80
-7
-6
103
92
-15
35
130
11
-40
147
138
-46
-4
70
34
-9
80
24
-37
81
86
-27
-29
55
22
-30
88
61
-47
19
26
-8
23
94
-14
-68
88
98
-60
-34
126
53
-33
14
70
37
18
79
29
43
21
23
64
59
44
-4
44
86
62
25
27
93
81
67
57
26
69
92
33
40
102
48
11
65
69
55
25
56
77
34
21
5
28
22
-10
-18
18
-1
-19
25
1
-15
27
27
-72
-114
-43
-18
-63
-126
-75
-55
-141
-108
-79
-120
-125
-78
-78
-99
-78
-86
-141
-78
-26
-131
-151
-38
11
-97
-121
-29
-50
-110
-32
-29
-131
-126
-49
-87
-150
-67
-86
-109
-107
-119
-115
-62
-125
-131
-70
-43
-115
-154
-3
-107
-232
-102
72
-87
-89
-46
-227
-248
-38
-38
-292
-147
48
-131
-201
-37
-73
-253
-210
-29
-92
-224
-147
-123
-140
-82
-160
-184
-115
-88
-179
-200
-40
-66
-200
-100
-10
-136
-150
-136
-97
-82
-98
-147
-120
42
-65
-178
-67
-34
-119
-79
-8
45
-24
-80
-29
-67
-39
-44
-42
-27
-14
6
-110
-51
117
12
-105
-36
3
20
25
-53
-85
25
81
-61
-47
34
-62
-64
137
124
-76
-111
29
87
12
32
-15
113
249
29
-110
10
80
-118
-120
130
-21
-203
-19
109
-80
-190
15
22
-184
-17
25
-173
-120
6
-62
-145
-98
-23
-123
-65
38
-82
-130
4
-30
-124
-41
29
-120
-160
17
41
-75
-103
-25
-37
-44
-4
-54
-72
-28
-32
-58
-35
-16
-127
-151
17
78
-126
-101
-6
-4
-162
-72
112
-50
-161
3
18
-174
-5
61
-146
-71
94
-58
-188
9
95
-153
-255
77
157
-194
-203
69
15
-212
-109
49
-47
-120
-88
-90
-101
-61
-53
-186
-104
-37
-117
-160
-30
-81
-119
-147
-134
0
42
-79
-244
-131
-7
-48
-95
-98
-88
-81
-70
-45
-23
-107
-146
-39
-156
43
22
-126
-171
-58
91
-19
-124
-10
5
-120
6
176
-28
-148
54
360
284
-94
-167
53
122
-107
-11
159
-35
-128
-29
183
209
-144
-262
37
254
94
-201
-14
135
27
-118
53
227
94
-157
-10
231
114
49
180
321
37
168
252
13
116
455
43
130
414
242
2
45
206
100
-111
229
277
22
93
100
34
-28
119
89
93
232
249
25
109
413
215
-14
123
277
164
168
239
223
122
163
243
164
251
172
202
173
144
290
375
149
18
260
217
350
208
195
314
274
137
177
353
178
-12
104
367
224
79
68
263
155
113
133
162
209
191
136
144
227
211
51
77
272
132
-26
192
219
207
52
87
151
145
152
-5
80
278
41
-133
190
309
-73
-73
90
112
116
129
69
-43
123
113
-62
131
304
85
-126
154
281
40
-51
7
22
52
142
96
-18
-15
24
-71
-6
362
127
-170
29
204
64
-29
111
-18
-25
118
101
100
105
15
-133
-76
172
158
-132
-139
50
11
-122
-10
45
-117
-149
-80
37
75
1
-40
-66
38
64
3
-34
-44
-75
-40
79
50
37
-22
-80
10
36
-37
-8
34
-4
-15
53
80
79
55
-13
29
100
102
80
83
125
107
56
159
210
87
19
80
163
165
149
107
106
70
97
158
157
55
27
78
131
122
110
68
35
33
76
95
69
44
32
4
5
86
30
-24
-39
-15
-11
-23
-10
-11
-73
-139
-83
-88
-84
-106
-142
-123
-145
-77
-59
-124
-153
-162
-230
-223
-165
-118
-104
-138
-105
-57
43
30
-53
-25
77
106
121
170
215
258
270
376
498
612
565
492
562
670
678
607
571
634
653
708
717
699
673
624
609
624
690
665
628
610
653
698
684
616
538
539
523
540
562
582
576
510
472
486
458
351
295
243
275
264
177
108
36
-60
-183
-252
-302
-378
-565
-720
-733
-793
-969
-1199
-1252
-1259
-1283
-1444
-1443
-1170
-478
645
1520
1677
721
14
345
1359
1732
1160
793
1234
2093
2328
1865
1062
408
-93
-428
-234
197
429
94
-373
-393
-142
-175
-758
-1179
-1162
-664
6
735
1315
1366
1023
723
861
1110
1210
1083
1052
1409
1896
2095
1763
1178
611
235
268
589
839
822
651
687
910
928
678
210
-4
109
498
997
1289
1304
1032
820
780
777
691
543
472
652
943
1057
896
485
33
-298
-389
-237
-194
-397
-766
-1032
-1192
-1342
-1545
-1757
-2036
-2167
-2231
-1744
-102
2087
3175
1831
-152
-295
1653
2993
2137
666
832
2583
3688
3169
1870
823
-11
-818
-1011
-417
380
277
-646
-1203
-677
-32
-449
-1551
-2048
-1549
-629
485
1504
2008
1724
1195
1053
1457
1862
1643
1110
1084
1833
2517
2439
1658
687
-118
-572
-499
-175
131
76
-109
-190
35
441
478
8
-560
-243
867
1904
2155
1825
1601
1396
1231
1119
1063
907
566
495
808
1172
1031
349
-475
-899
-755
-455
-386
-622
-707
-693
-824
-1089
-1291
-1405
-1699
-1942
-1784
-1468
-1170
-1053
-643
153
1378
2256
1820
866
518
1436
2100
1889
1287
1126
1595
1918
1774
945
99
-427
-812
-1116
-1156
-711
-537
-659
-980
-979
-785
-654
-703
-920
-837
-262
690
1486
1832
1695
1474
1413
1522
1469
1235
1050
1035
1158
1192
1038
639
75
-527
-959
-1017
-799
-489
-406
-367
-249
-65
27
114
494
823
1003
1127
1601
2243
2355
1955
1428
1168
1081
910
681
522
447
281
89
-105
-220
-441
-702
-825
-828
-551
-287
-267
-506
-705
-806
-1052
-1175
-1092
-1105
-1251
-1212
-998
-914
-606
137
872
1147
1138
1146
1146
1096
1182
1206
1182
1137
1157
1201
1184
968
392
-224
-596
-711
-747
-777
-726
-626
-497
-489
-569
-556
-451
-498
-578
-339
278
885
1214
1377
1402
1332
1212
1080
883
771
763
793
745
660
566
284
-190
-587
-726
-712
-552
-285
-60
81
184
342
390
353
372
475
706
1069
1530
1881
1851
1517
1121
842
671
450
274
233
236
199
166
84
-207
-598
-840
-858
-792
-632
-399
-310
-405
-613
-789
-1096
-1341
-1445
-1466
-1604
-1656
-1540
-1122
-306
813
1820
1741
938
-25
96
1021
1734
1425
566
546
1387
2129
1570
242
-718
-925
-834
-921
-729
-339
72
-68
-534
-716
-406
-129
-434
-900
-767
249
1412
2034
1884
1446
1108
1074
1079
1015
836
713
816
993
1092
887
437
-201
-773
-1112
-967
-480
-134
10
-34
25
161
241
235
104
217
711
1352
1853
2137
2245
1913
1305
834
717
649
437
324
345
476
425
173
-262
-633
-806
-857
-698
-489
-223
-53
-58
-284
-581
-731
-940
-1257
-1379
-1172
-1020
-1066
-1249
-1027
-351
834
1805
1557
555
-209
340
1233
1549
988
300
442
1232
1825
1293
257
-455
-628
-701
-846
-647
-185
163
-71
-476
-552
-191
72
-194
-731
-762
39
1093
1644
1516
1138
889
857
850
783
655
532
487
622
757
660
323
-137
-600
-928
-861
-471
-76
90
56
55
204
425
520
388
239
396
824
1338
1658
1809
1660
1224
759
538
517
433
303
147
161
214
211
79
-279
-655
-881
-863
-709
-503
-318
-315
-533
-835
-1006
-1174
-1374
-1646
-1752
-1788
-1678
-1182
-184
1431
2429
2098
426
-799
-255
1210
1825
808
-54
477
1894
2356
1291
-140
-894
-992
-1299
-1524
-1242
-204
589
235
-728
-1106
-488
-54
-563
-1430
-1494
-460
959
1785
1736
1279
885
602
323
129
236
475
606
614
652
785
709
260
-488
-1149
-1336
-1016
-430
-34
43
-49
-61
-3
-11
-61
-209
-253
41
703
1366
1738
1745
1424
901
327
74
63
115
78
68
102
99
69
-95
-435
-920
-1265
-1229
-930
-577
-368
-334
-537
-816
-1014
-1130
-1336
-1589
-1690
-1707
-1731
-1654
-1258
-531
406
1107
1095
401
-319
-218
437
821
547
155
310
937
1419
1157
498
-46
-334
-634
-1004
-1041
-552
89
169
-285
-699
-639
-443
-640
-1106
-1412
-1144
-457
216
603
756
827
770
467
127
109
391
637
619
590
687
841
838
573
109
-304
-467
-403
-243
-51
112
180
112
-30
-113
-157
-206
-272
-211
24
430
806
963
848
608
371
205
102
76
134
230
285
311
320
294
131
-205
-617
-894
-919
-836
-759
-834
-958
-1100
-1287
-1642
-2019
-2280
-2360
-2189
-1517
-251
951
1314
666
15
128
759
899
303
-112
361
1405
1945
1695
1245
1067
890
114
-920
-1340
-738
33
156
-268
-512
-208
24
-308
-1084
-1592
-1497
-1115
-760
-432
119
740
1012
728
241
76
271
518
501
396
407
709
1152
1326
1158
758
367
30
-204
-260
-178
0
96
51
-43
-84
-25
-77
-288
-522
-581
-364
18
353
444
418
394
331
228
125
99
118
152
190
282
399
423
264
-116
-481
-663
-723
-811
-914
-999
-1071
-1164
-1360
-1637
-1947
-2049
-1886
-1308
-504
144
290
-11
-152
76
419
375
48
-44
356
990
1231
1128
1044
1106
980
377
-280
-498
-92
311
255
-106
-227
23
109
-168
-708
-1042
-1038
-935
-871
-780
-452
-27
202
52
-199
-234
-19
183
135
-41
-66
157
497
727
767
700
651
581
407
231
185
296
393
308
165
209
363
426
255
-17
-167
-139
-82
-95
-84
48
219
218
71
26
139
225
147
25
3
170
329
265
77
-82
-149
-250
-424
-603
-663
-665
-755
-960
-1171
-1289
-1379
-1393
-1206
-733
-170
115
-18
-273
-265
-28
128
36
-126
-40
289
594
726
784
842
840
574
180
-45
10
237
315
238
139
179
246
176
-33
-280
-425
-499
-570
-551
-395
-141
41
53
-43
-122
-115
-81
-88
-158
-226
-204
-95
39
154
236
307
356
342
245
155
131
187
206
162
82
61
131
213
231
162
36
-38
-84
-94
-77
-28
17
36
62
74
127
196
202
127
38
0
-12
-34
-95
-168
-256
-303
-318
-363
-437
-539
-646
-757
-870
-999
-1100
-1180
-1145
-974
-636
-180
127
104
-186
-364
-310
-131
-37
-107
-150
-19
282
490
501
412
356
353
217
-9
-168
-88
135
239
159
43
86
208
223
52
-150
-213
-146
-117
-125
-45
156
320
331
148
2
3
83
75
-126
-289
-336
-227
-129
-68
-11
44
68
19
-94
-122
-58
-21
-26
-71
-33
131
297
369
317
239
205
178
158
134
149
251
324
350
328
348
392
299
166
45
-40
-75
-125
-189
-206
-219
-204
-277
-382
-487
-527
-513
-589
-676
-734
-808
-941
-964
-907
-771
-519
-183
8
-43
-190
-294
-318
-271
-259
-328
-348
-223
-4
102
121
129
196
202
35
-175
-270
-112
101
218
179
150
216
301
280
145
21
-35
-20
-49
-57
13
115
154
90
-18
-112
-161
-195
-301
-437
-479
-428
-354
-300
-254
-174
-84
-27
-13
-35
-33
9
32
41
60
84
171
276
337
354
350
291
202
145
139
191
210
216
272
304
286
188
111
43
-39
-105
-107
-115
-139
-136
-125
-175
-263
-343
-423
-486
-576
-621
-649
-668
-756
-861
-960
-989
-830
-476
-182
-204
-435
-589
-607
-495
-404
-461
-566
-494
-231
-50
-1
15
138
245
186
-11
-108
30
296
485
449
331
320
419
453
336
156
70
7
-68
-113
-66
56
166
147
-45
-243
-331
-284
-257
-348
-461
-459
-346
-207
-115
-25
86
153
134
50
20
90
217
251
194
173
275
388
377
263
188
198
189
114
66
143
274
286
194
91
75
104
74
-26
-112
-63
47
69
-34
-104
-130
-180
-313
-414
-452
-457
-478
-550
-633
-729
-797
-947
-1157
-1282
-1178
-820
-418
-280
-543
-828
-826
-605
-447
-489
-596
-556
-280
9
115
136
302
510
497
231
8
108
409
584
459
197
165
315
372
169
-129
-285
-317
-361
-453
-446
-284
-118
-156
-348
-507
-479
-371
-354
-472
-608
-555
-370
-216
-132
-33
108
217
200
70
-48
-17
93
139
103
80
189
297
273
157
102
103
70
7
-7
89
205
256
186
72
2
9
-10
-106
-152
-105
-39
-55
-152
-210
-245
-338
-447
-578
-700
-726
-700
-754
-943
-1093
-1211
-1356
-1514
-1471
-1033
-454
-186
-433
-806
-838
-505
-251
-364
-625
-582
-121
308
400
381
528
739
649
237
-77
82
498
658
435
175
232
455
421
29
-371
-473
-406
-425
-499
-424
-162
60
54
-212
-474
-499
-406
-381
-456
-475
-312
-29
208
307
332
415
469
351
150
83
232
446
538
493
446
500
580
488
265
110
118
231
274
285
340
445
470
348
155
71
92
98
24
2
105
203
196
21
-169
-273
-353
-482
-641
-757
-809
-885
-1014
-1230
-1483
-1686
-1681
-1258
-524
97
70
-431
-724
-390
177
270
-66
-228
210
847
1094
969
928
1085
969
365
-246
-176
479
898
606
48
-52
241
311
-211
-855
-1036
-828
-624
-582
-389
29
382
289
-141
-398
-273
3
80
4
11
271
665
861
810
640
566
506
389
296
342
517
599
500
290
210
209
171
5
-151
-149
14
222
319
316
275
240
201
126
91
134
230
263
171
136
216
271
76
-275
-543
-615
-570
-599
-780
-1048
-1258
-1492
-1769
-2081
-2236
-2157
-1579
-563
374
542
-118
-652
-410
377
627
217
-34
604
1568
1814
1276
780
820
733
-50
-913
-845
137
795
335
-561
-786
-346
-298
-1003
-1744
-1599
-843
-274
-140
30
519
867
556
-94
-336
134
741
899
815
869
1161
1227
893
332
-34
-79
-19
16
84
315
483
356
-35
-400
-528
-522
-556
-564
-285
247
726
898
720
459
270
199
237
347
540
734
849
790
613
420
200
-114
-491
-713
-658
-440
-310
-433
-775
-1203
-1539
-1833
-2041
-2257
-2319
-2140
-1661
-687
486
1327
1046
-10
-735
-344
698
1201
1001
862
1445
2095
1908
965
162
-88
-338
-880
-1141
-490
617
941
83
-991
-1275
-943
-864
-1281
-1473
-819
283
995
1101
998
931
676
186
-112
175
931
1545
1676
1465
1240
1021
651
67
-430
-521
-211
200
477
666
639
322
-196
-561
-597
-380
-148
57
371
797
1166
1179
847
380
110
133
362
667
952
1077
934
621
272
19
-130
-245
-327
-331
-196
-44
-45
-279
-696
-1177
-1509
-1648
-1677
-1705
-1705
-1560
-1256
-641
203
996
1097
304
-559
-461
708
1691
1576
948
926
1604
1778
971
-81
-402
-170
-227
-580
-493
264
720
105
-1045
-1485
-897
-323
-501
-906
-590
479
1261
1161
680
437
492
484
387
573
1073
1473
1423
1049
736
596
356
-86
-438
-347
249
759
820
480
127
-98
-261
-322
-224
79
300
419
513
722
924
759
326
-103
-30
358
758
892
752
556
333
183
-17
-153
-210
-170
-38
75
142
16
-285
-683
-1007
-1166
-1232
-1219
-1337
-1430
-1612
-1638
-1552
-1290
-768
-3
851
944
262
-326
137
1210
1533
857
248
752
1680
1612
526
-431
-381
-63
-333
-852
-729
29
298
-381
-1157
-998
-293
-155
-760
-1034
-240
931
1308
833
387
448
692
642
495
648
1007
1134
924
697
627
489
74
-401
-452
23
562
648
335
66
60
-5
-232
-316
-107
244
419
510
642
819
721
440
254
374
579
687
737
734
788
662
437
98
-25
30
49
92
159
240
106
-200
-476
-618
-627
-735
-945
-1101
-1115
-1123
-1374
-1600
-1654
-1381
-874
43
1064
1568
948
-80
-181
814
1696
1261
432
556
1709
2167
1152
-157
-476
-59
-130
-687
-686
192
812
181
-957
-1146
-339
50
-594
-1162
-471
973
1636
1044
256
241
610
580
259
406
1023
1375
1104
664
574
542
150
-512
-701
-118
678
942
587
266
212
179
-124
-359
-176
276
579
614
745
877
838
512
169
202
466
770
754
697
673
655
433
49
-129
-124
-1
43
131
194
98
-221
-550
-631
-580
-588
-788
-895
-865
-868
-1099
-1491
-1641
-1510
-1187
-503
590
1691
1620
347
-562
76
1558
1669
566
2
1129
2457
1979
294
-677
-205
168
-389
-820
-69
1017
804
-529
-1254
-522
285
-242
-1312
-1069
614
1829
1350
201
-31
483
617
139
47
765
1452
1272
696
624
871
557
-374
-848
-228
846
1207
749
264
309
413
54
-430
-362
176
550
545
547
812
856
393
-123
-33
571
848
664
452
605
798
578
60
-303
-190
33
115
131
270
334
14
-461
-644
-487
-440
-675
-908
-816
-584
-693
-1175
-1602
-1642
-1440
-1352
-1056
-72
1229
1595
371
-842
-572
987
1497
404
-365
607
2232
2021
300
-821
-280
361
-152
-766
-146
1070
1011
-361
-1144
-440
363
-221
-1449
-1272
442
1641
1028
-224
-390
306
445
-197
-375
498
1312
1064
376
415
909
621
-475
-1001
-201
953
1157
542
183
402
511
-32
-571
-356
288
561
381
399
727
715
122
-419
-194
487
773
513
248
498
766
529
-100
-447
-206
111
208
240
443
528
193
-352
-568
-393
-277
-468
-685
-563
-272
-354
-864
-1360
-1482
-1470
-1435
-1439
-946
138
1189
1140
-182
-1044
-577
746
800
-51
-236
999
2145
1472
20
-489
226
407
-306
-550
475
1391
823
-421
-624
116
223
-819
-1593
-732
707
1061
173
-463
-120
228
-146
-699
-312
644
995
570
338
850
1099
357
-606
-496
525
1155
898
569
788
1034
635
-84
-246
163
406
284
273
664
898
503
-133
-285
129
442
302
143
391
789
803
354
3
10
166
234
298
537
721
600
176
-118
-89
-27
-236
-515
-492
-134
60
-235
-770
-1066
-1057
-1123
-1319
-1347
-999
-256
539
894
369
-501
-755
-24
646
399
6
479
1598
1786
815
5
309
754
305
-229
275
1364
1409
356
-221
242
563
-190
-1151
-868
245
736
229
-246
60
318
-113
-727
-512
335
723
391
226
793
1292
855
-52
-252
380
869
733
555
854
1185
913
317
76
293
376
135
57
371
714
579
122
-121
35
227
130
-38
49
367
577
490
258
122
154
230
257
298
434
544
455
191
-15
-53
-87
-224
-358
-272
-89
-91
-385
-697
-805
-831
-983
-1184
-1190
-922
-378
230
509
129
-500
-646
-21
346
59
-260
312
1300
1342
505
79
553
872
277
-294
195
1086
1083
206
-48
453
609
-218
-1026
-669
115
294
-173
-319
102
264
-132
-517
-304
148
218
67
222
729
946
577
156
121
357
444
400
534
785
894
696
470
368
230
24
-95
64
269
278
159
125
194
185
-8
-159
-128
37
203
334
447
463
385
248
195
205
233
257
256
256
249
260
259
146
-57
-206
-182
-93
-65
-121
-181
-198
-296
-451
-549
-514
-431
-420
-365
-86
276
346
66
-237
-185
-20
-53
-94
184
629
663
265
35
299
623
429
-5
-41
322
648
549
443
482
444
196
-99
48
360
428
254
196
466
660
599
352
240
361
468
501
467
526
632
598
496
380
397
422
348
275
331
510
575
433
205
102
214
319
272
149
201
446
646
646
543
543
614
622
540
569
751
863
750
591
581
657
600
381
250
330
493
463
274
189
247
330
267
146
98
123
172
203
241
262
246
174
112
73
61
19
-31
-83
-49
59
164
154
-81
-261
-225
29
197
130
-37
-80
83
264
393
452
427
332
235
352
601
730
652
476
472
586
666
635
540
547
571
617
683
743
704
544
465
516
622
590
409
350
449
565
508
371
324
360
342
265
276
375
412
318
242
333
493
516
388
289
397
586
656
609
588
701
735
606
452
403
436
400
335
350
437
419
292
222
232
264
186
57
46
117
178
162
123
109
87
14
-52
-27
15
-19
-143
-278
-327
-340
-401
-493
-567
-545
-440
-316
-286
-437
-574
-591
-390
-221
-170
-227
-249
-105
105
286
298
208
133
102
185
303
385
381
255
170
211
356
377
202
32
17
140
190
131
68
74
90
45
9
42
59
30
-18
75
206
206
92
13
103
217
247
219
224
258
267
279
311
356
339
259
259
372
487
478
351
289
286
271
243
215
243
259
248
250
283
281
207
101
71
143
194
125
13
5
102
149
43
-115
-193
-171
-164
-226
-284
-321
-388
-478
-564
-590
-585
-632
-722
-765
-687
-531
-398
-342
-440
-517
-495
-321
-119
-43
-73
-140
-105
22
177
242
114
-56
-106
2
165
180
154
83
42
3
-18
26
-13
-97
-181
-105
52
90
32
-34
18
111
97
46
39
104
169
179
184
181
135
48
17
95
179
180
114
99
155
254
292
253
223
219
272
330
361
367
376
377
377
357
355
366
359
314
293
325
347
285
181
126
153
174
128
71
69
85
60
-13
-63
-95
-134
-203
-224
-132
-53
-91
-204
-277
-288
-323
-371
-394
-396
-337
-267
-181
-58
29
11
-153
-264
-260
-91
99
168
99
-26
-17
140
266
265
102
27
111
278
393
381
354
272
211
154
174
262
277
256
236
316
408
379
299
208
223
262
273
273
259
290
306
321
298
236
193
203
285
372
448
477
417
372
364
416
422
339
269
297
429
525
492
427
400
411
327
201
168
208
272
202
145
170
198
146
-20
-88
-29
26
-2
-85
-79
-23
9
8
-27
-92
-155
-195
-155
-87
-71
-137
-182
-162
-129
-173
-262
-322
-343
-389
-447
-451
-369
-259
-242
-261
-354
-405
-403
-322
-176
-103
-85
-100
-62
65
174
222
157
69
51
136
294
354
334
252
245
288
287
252
173
140
150
192
235
253
235
182
130
127
161
192
171
172
218
290
374
384
300
206
226
329
388
374
287
256
273
308
346
337
289
180
114
149
261
288
227
121
84
123
148
117
63
56
87
144
147
138
140
172
162
127
111
142
159
116
78
87
125
93
-4
-64
-39
-20
-53
-134
-192
-206
-216
-295
-356
-409
-444
-478
-499
-477
-432
-441
-486
-430
-317
-243
-299
-391
-390
-288
-166
-117
-118
-157
-194
-169
-62
68
102
16
-68
-36
91
152
137
62
20
23
76
159
196
188
155
157
229
277
271
266
263
299
314
330
329
309
292
234
215
197
198
177
145
129
101
75
36
28
48
47
37
67
109
123
86
52
63
109
154
168
169
190
251
265
236
186
169
162
102
44
43
115
159
86
-28
-77
-68
-103
-201
-268
-259
-177
-183
-239
-244
-186
-171
-269
-364
-370
-274
-235
-265
-304
-315
-315
-373
-471
-496
-481
-484
-518
-537
-503
-478
-464
-514
-570
-603
-555
-452
-379
-332
-312
-312
-268
-218
-110
-31
-37
-32
16
189
324
348
266
233
277
310
293
256
277
278
238
210
204
229
203
93
24
30
77
58
-32
-85
-66
28
56
27
-16
-2
65
101
127
120
143
194
228
300
341
367
336
278
261
271
256
207
160
179
209
171
113
91
61
-10
-85
-110
-56
-51
-97
-81
-19
22
-32
-136
-161
-78
8
22
-1
-17
-1
18
-7
-46
-71
-84
-92
-111
-127
-130
-146
-213
-309
-380
-378
-358
-380
-444
-477
-462
-397
-381
-384
-398
-385
-331
-278
-211
-159
-125
-100
-38
23
52
81
73
88
123
172
208
176
159
152
146
120
94
89
94
72
32
10
31
50
19
-13
12
98
134
137
156
187
210
182
172
220
281
302
258
218
246
310
312
244
184
172
181
166
133
106
117
94
25
-17
20
76
43
-46
-62
7
15
-20
-63
-48
11
-4
-59
-69
-24
-32
-89
-126
-139
-116
-121
-138
-120
-120
-156
-196
-214
-175
-149
-157
-168
-156
-142
-155
-179
-180
-166
-173
-188
-154
-93
-69
-114
-195
-241
-249
-263
-303
-371
-395
-359
-320
-326
-384
-469
-510
-500
-464
-432
-415
-389
-369
-304
-217
-155
-150
-202
-219
-123
47
152
182
196
220
268
282
264
250
251
270
274
309
343
354
326
257
234
273
293
265
241
236
291
319
289
215
171
207
230
217
200
199
238
227
182
161
147
149
95
51
63
93
99
74
36
28
29
15
-4
-12
-17
-9
3
-12
-32
-30
-17
9
14
-4
-10
8
11
-2
30
84
100
80
70
90
87
41
3
-18
-17
-21
-23
-20
-18
-45
-107
-165
-194
-238
-285
-311
-324
-331
-347
-343
-350
-388
-426
-421
-392
-390
-401
-378
-263
-179
-221
-356
-393
-303
-221
-200
-237
-221
-176
-111
-67
-59
-57
-97
-122
-91
2
71
106
117
124
144
142
164
183
172
170
201
257
279
255
212
185
170
158
126
79
67
96
133
138
102
58
23
30
44
72
96
79
42
34
70
99
76
45
51
100
125
94
72
93
145
141
85
79
122
134
91
69
89
80
-3
-77
-51
38
52
-50
-132
-111
-78
-118
-219
-275
-252
-221
-233
-261
-220
-191
-201
-238
-218
-136
-78
-77
-88
-46
26
30
-51
-103
-91
-70
-106
-144
-133
-100
-127
-226
-289
-283
-263
-305
-394
-424
-362
-335
-373
-384
-340
-328
-360
-400
-372
-278
-225
-220
-229
-218
-192
-202
-216
-187
-156
-129
-120
-76
-13
37
33
6
-7
14
64
86
98
122
132
122
126
117
107
80
70
82
96
117
113
110
101
83
57
21
4
25
51
65
56
25
28
35
52
40
8
-18
-12
10
1
-36
-70
-76
-85
-95
-114
-81
-37
-33
-63
-54
-5
46
36
-4
7
66
112
95
62
75
89
73
31
24
67
71
18
-1
37
75
61
-14
-35
-4
18
-23
-65
-56
-16
-13
-49
-62
-35
-25
-71
-129
-132
-87
-92
-151
-195
-183
-150
-156
-199
-212
-194
-189
-209
-214
-192
-173
-153
-144
-111
-73
-62
-83
-109
-89
-69
-51
-24
12
49
53
43
65
125
161
128
92
112
191
248
238
213
238
282
295
280
274
289
303
276
248
255
267
224
185
164
196
241
241
229
238
268
279
278
261
271
308
347
368
397
428
439
422
403
401
429
429
426
437
453
496
505
465
412
388
402
401
357
326
338
374
360
311
274
283
273
248
225
228
271
274
239
216
248
282
273
235
233
265
304
299
279
269
265
256
214
214
260
304
276
214
186
201
209
179
148
173
219
236
218
203
221
231
226
205
216
249
261
249
252
267
271
248
230
239
239
209
181
178
216
231
195
154
187
244
240
221
237
301
332
328
310
335
393
413
407
413
475
534
533
510
516
550
565
542
517
548
615
596
544
521
545
554
515
472
486
539
527
487
470
491
512
488
442
465
519
521
471
425
472
530
551
500
478
520
567
555
502
489
504
485
425
390
412
448
423
348
298
317
304
265
223
205
238
251
249
245
228
229
205
181
191
213
236
234
225
252
275
304
268
209
186
192
196
177
143
132
158
151
133
123
129
119
77
43
32
69
62
30
29
65
85
47
31
53
95
88
70
62
95
123
107
92
76
90
99
63
32
37
63
68
58
45
60
67
58
32
32
77
105
83
72
104
141
139
104
99
142
182
187
215
261
299
291
253
228
261
300
289
270
276
299
315
315
304
297
288
287
288
298
325
328
318
312
322
335
309
299
304
332
331
304
284
281
276
248
230
222
245
217
174
174
178
183
153
124
139
180
193
164
165
191
204
171
138
146
191
223
213
200
199
214
218
203
186
190
215
225
214
214
215
203
190
148
117
129
164
176
154
135
141
145
137
120
100
112
147
158
156
157
175
185
162
137
134
160
182
196
184
178
191
197
186
168
152
159
171
169
154
166
182
204
226
211
215
251
284
300
324
336
364
386
383
371
379
404
424
415
392
387
400
393
356
338
348
384
362
314
288
306
333
302
281
301
360
385
382
372
383
394
384
360
347
386
431
442
409
407
420
417
391
361
375
389
391
364
357
377
377
324
271
258
280
297
306
320
328
328
304
285
286
301
311
311
312
330
352
349
329
324
325
319
299
303
312
329
328
289
259
254
262
251
225
209
223
228
228
213
219
236
221
206
212
228
241
236
233
241
262
247
221
221
250
277
271
255
260
263
234
185
170
197
209
189
144
144
189
215
182
142
139
178
220
205
217
252
260
264
237
246
280
285
270
279
299
319
316
282
269
267
268
250
230
234
235
252
256
261
257
229
221
215
227
245
244
234
218
236
260
259
243
221
214
231
235
226
220
234
245
224
207
188
196
222
211
188
194
224
228
213
193
183
198
203
210
208
222
239
240
235
237
232
228
224
232
226
234
232
222
221
206
203
198
209
185
170
178
194
178
157
158
164
175
162
154
146
176
212
220
231
241
261
266
250
244
251
255
255
254
268
295
294
279
262
257
286
275
252
242
247
257
237
221
218
222
226
195
185
199
196
198
179
180
181
193
194
193
173
177
180
181
200
191
196
196
212
216
207
194
194
207
213
212
211
231
232
223
210
205
209
203
191
183
204
223
217
198
182
189
196
186
177
184
198
191
186
172
174
165
150
155
158
163
155
151
133
123
109
94
91
103
101
74
75
83
85
66
38
11
3
6
14
14
-6
-9
-10
-4
-23
-47
-49
-44
-44
-43
-30
-14
-8
-26
-47
-62
-48
-42
-60
-57
-40
-34
-46
-77
-76
-68
-79
-99
-105
-102
-79
-79
-94
-105
-105
-99
-124
-136
-132
-102
-100
-116
-138
-123
-112
-124
-150
-165
-142
-131
-132
-166
-174
-164
-172
-200
-224
-241
-234
-225
-237
-240
-235
-237
-244
-243
-249
-249
-242
-231
-237
-242
-227
-209
-187
-184
-184
-184
-202
-204
-195
-182
-188
-201
-206
-181
-181
-193
-213
-233
-236
-258
-280
-280
-270
-276
-286
-290
-271
-259
-273
-291
-288
-281
-270
-263
-252
-237
-204
-194
-216
-226
-219
-223
-224
-213
-221
-213
-201
-211
-232
-259
-265
-268
-290
-302
-295
-270
-244
-279
-301
-297
-275
-264
-289
-280
-244
-203
-219
-242
-212
-179
-177
-200
-208
-177
-128
-139
-173
-197
-180
-182
-209
-232
-241
-221
-222
-236
-238
-228
-238
-256
-264
-272
-242
-221
-245
-253
-236
-223
-205
-208
-203
-175
-172
-162
-162
-154
-142
-139
-142
-139
-122
-111
-114
-129
-143
-173
-186
-199
-211
-223
-246
-227
-208
-211
-228
-251
-257
-231
-209
-203
-189
-187
-172
-154
-138
-125
-128
-122
-139
-131
-112
-79
-71
-82
-101
-107
-102
-121
-135
-145
-147
-153
-146
-163
-153
-149
-173
-198
-209
-185
-172
-172
-178
-179
-165
-173
-189
-203
-202
-177
-162
-159
-153
-123
-107
-114
-143
-161
-142
-134
-141
-148
-151
-140
-138
-162
-189
-192
-193
-165
-157
-159
-153
-139
-126
-128
-125
-121
-110
-98
-88
-85
-72
-60
-50
-43
-36
-46
-31
-8
-8
-9
-28
-37
-40
-37
-55
-68
-86
-85
-81
-96
-96
-106
-104
-109
-129
-125
-85
-64
-67
-76
-81
-57
-52
-76
-85
-67
-53
-46
-39
-33
-31
-43
-65
-90
-77
-69
-94
-94
-64
-34
-32
-44
-61
-66
-53
-58
-48
-32
-11
12
15
0
-9
-6
-8
-18
-20
-15
2
11
-10
-8
3
