SAMPLES:	16383
BITSPERSAMPLE:	16
CHANNELS:	1
SAMPLERATE:	16000
NORMALIZED:	FALSE
160
167
178
163
172
172
175
166
166
177
170
164
161
161
160
161
153
149
147
144
148
144
140
132
139
143
131
142
142
148
147
156
155
152
154
143
137
139
135
145
146
144
140
143
149
136
141
146
149
146
147
144
150
154
152
142
153
153
156
153
151
151
153
148
146
153
155
159
148
147
153
150
143
144
141
128
134
136
136
139
139
138
140
141
137
143
151
136
134
138
148
143
148
152
150
159
167
165
165
163
165
177
159
160
173
174
180
173
172
175
182
169
171
164
159
156
160
154
146
153
157
150
147
141
147
144
143
150
146
149
146
150
143
142
149
140
139
154
145
142
144
136
140
146
142
136
130
121
131
116
113
122
114
120
115
119
115
105
100
104
113
105
103
99
107
103
103
111
106
108
111
107
106
103
89
101
97
87
90
93
96
86
79
73
74
61
61
66
59
59
60
54
59
58
53
55
59
51
49
51
44
41
44
51
44
62
44
48
52
46
56
52
56
57
61
74
72
78
76
76
85
76
84
90
84
76
73
71
75
81
76
75
75
65
79
73
64
63
56
62
54
57
57
52
56
51
45
42
46
41
40
37
27
24
19
18
12
-8
1
-7
-20
-22
-21
-28
-30
-28
-31
-38
-47
-46
-40
-46
-50
-50
-53
-51
-63
-53
-57
-67
-73
-73
-67
-69
-79
-82
-77
-74
-76
-86
-80
-92
-90
-97
-105
-97
-99
-101
-105
-106
-102
-106
-91
-105
-110
-104
-114
-105
-120
-112
-112
-112
-108
-110
-101
-102
-104
-105
-101
-107
-109
-114
-120
-124
-127
-112
-119
-123
-126
-121
-117
-118
-120
-123
-128
-130
-131
-130
-131
-134
-134
-141
-142
-154
-147
-150
-157
-157
-159
-156
-151
-159
-153
-157
-162
-162
-160
-161
-167
-171
-161
-173
-184
-183
-193
-200
-207
-213
-221
-220
-215
-224
-240
-253
-248
-248
-264
-255
-260
-264
-272
-275
-276
-274
-277
-278
-283
-286
-282
-292
-284
-289
-285
-266
-275
-282
-280
-283
-290
-281
-278
-291
-284
-297
-290
-292
-293
-291
-284
-291
-312
-302
-301
-305
-301
-296
-300
-292
-297
-287
-284
-283
-269
-276
-267
-274
-259
-255
-256
-249
-257
-258
-269
-274
-266
-266
-279
-285
-284
-278
-275
-272
-283
-275
-264
-264
-277
-276
-274
-288
-291
-296
-286
-285
-294
-285
-283
-285
-286
-293
-288
-288
-277
-279
-280
-276
-277
-280
-284
-284
-280
-289
-287
-288
-292
-291
-295
-285
-290
-297
-300
-292
-288
-295
-299
-298
-293
-293
-290
-293
-293
-299
-293
-284
-303
-295
-294
-298
-292
-306
-301
-304
-298
-301
-306
-281
-277
-277
-277
-275
-274
-276
-289
-287
-278
-287
-280
-279
-285
-279
-283
-282
-288
-284
-278
-278
-288
-283
-282
-284
-281
-284
-279
-274
-271
-271
-270
-274
-279
-265
-267
-263
-257
-261
-261
-269
-271
-268
-277
-273
-280
-276
-277
-282
-274
-275
-274
-276
-282
-281
-279
-285
-285
-289
-281
-275
-284
-268
-274
-273
-262
-270
-264
-252
-250
-245
-243
-249
-241
-244
-247
-244
-240
-246
-242
-243
-242
-234
-244
-244
-246
-234
-240
-235
-242
-238
-232
-243
-234
-233
-224
-233
-228
-229
-247
-244
-238
-248
-249
-247
-261
-265
-260
-257
-264
-269
-271
-270
-271
-268
-261
-260
-257
-263
-249
-255
-243
-245
-246
-239
-253
-260
-249
-244
-248
-240
-238
-240
-242
-227
-226
-229
-235
-239
-244
-251
-254
-252
-253
-266
-274
-281
-277
-283
-281
-279
-276
-278
-281
-268
-264
-266
-265
-259
-267
-260
-260
-270
-266
-264
-263
-261
-265
-256
-254
-253
-250
-248
-263
-261
-255
-258
-249
-255
-264
-253
-258
-262
-248
-248
-245
-247
-248
-247
-255
-258
-245
-236
-241
-238
-240
-229
-226
-236
-241
-237
-230
-230
-226
-227
-229
-222
-233
-231
-233
-228
-227
-232
-232
-237
-240
-241
-244
-246
-243
-243
-253
-243
-245
-246
-239
-236
-230
-237
-229
-224
-228
-230
-229
-219
-224
-223
-228
-221
-222
-224
-217
-216
-216
-217
-215
-216
-222
-210
-215
-212
-214
-216
-224
-205
-209
-200
-201
-207
-193
-194
-194
-183
-172
-174
-171
-187
-173
-168
-156
-158
-166
-154
-161
-163
-171
-168
-165
-170
-159
-172
-168
-166
-164
-167
-172
-169
-176
-176
-169
-175
-181
-181
-181
-179
-191
-179
-168
-180
-179
-172
-172
-172
-170
-168
-172
-169
-159
-153
-156
-157
-158
-151
-154
-153
-150
-150
-144
-144
-147
-147
-132
-134
-127
-128
-134
-128
-137
-134
-121
-125
-129
-130
-131
-137
-138
-122
-127
-142
-127
-121
-129
-130
-138
-140
-138
-141
-139
-140
-139
-144
-138
-131
-145
-144
-149
-141
-134
-119
-124
-140
-131
-132
-131
-136
-140
-138
-141
-136
-143
-133
-145
-147
-141
-143
-146
-157
-158
-164
-155
-159
-147
-152
-154
-147
-137
-137
-147
-144
-161
-158
-155
-150
-142
-147
-149
-160
-168
-166
-168
-175
-173
-187
-177
-160
-156
-150
-150
-142
-144
-138
-141
-143
-138
-148
-139
-122
-133
-133
-130
-134
-138
-137
-133
-130
-129
-132
-123
-127
-115
-111
-120
-112
-111
-113
-102
-99
-92
-91
-94
-91
-99
-102
-89
-81
-83
-92
-80
-84
-75
-73
-74
-70
-83
-66
-69
-59
-56
-55
-57
-55
-51
-51
-34
-46
-50
-45
-45
-36
-31
-32
-33
-27
-36
-29
-26
-34
-26
-40
-46
-39
-44
-46
-36
-38
-38
-31
-31
-23
-32
-34
-28
-32
-26
-38
-35
-28
-37
-32
-31
-32
-30
-26
-21
-20
-10
-12
-13
-8
-10
-11
-5
1
3
11
12
12
8
14
15
6
20
26
18
28
20
19
16
15
24
14
22
20
17
23
12
18
35
43
41
42
39
36
26
27
32
24
15
21
18
26
20
18
33
18
21
18
29
28
21
27
28
29
25
29
30
28
23
20
21
25
28
13
22
24
25
34
29
35
37
27
35
38
18
20
8
-4
7
8
13
11
11
24
18
30
33
35
40
40
48
44
38
40
35
41
41
47
47
48
43
42
48
43
46
49
43
40
48
54
50
63
68
66
79
81
72
70
69
64
61
64
69
62
70
73
64
63
62
58
67
63
58
59
55
74
71
65
75
77
69
74
85
70
58
61
66
68
79
80
80
87
73
62
54
56
56
52
57
54
49
50
52
50
50
56
66
63
63
74
73
74
76
77
69
72
82
73
76
81
94
97
91
96
100
112
114
117
124
138
123
132
145
136
142
137
143
149
147
151
148
151
161
160
159
162
158
160
161
166
179
173
174
170
185
199
195
202
210
213
209
217
210
209
216
205
205
193
207
202
199
206
199
201
197
203
204
197
191
197
193
189
188
183
188
188
180
184
184
174
170
169
161
162
165
157
155
154
155
157
154
156
160
160
158
156
155
162
156
154
148
146
138
141
147
134
134
142
138
151
151
133
144
136
135
136
143
143
151
163
155
153
158
170
162
165
176
171
159
165
167
157
165
170
166
163
154
159
157
155
159
157
161
153
145
144
146
150
165
159
157
152
157
170
164
165
168
171
168
164
162
172
173
182
183
179
187
192
193
184
186
182
182
191
191
192
185
192
186
198
192
198
197
183
195
194
192
183
198
200
200
203
196
199
184
198
205
198
190
199
205
202
193
192
195
195
200
195
200
198
192
198
201
202
205
207
201
204
198
193
196
194
199
193
194
201
194
193
185
182
182
194
183
196
193
186
194
190
194
194
197
202
196
197
211
206
193
202
196
203
202
200
206
194
202
201
203
205
210
211
217
214
212
223
224
223
229
226
224
236
235
237
221
232
227
228
228
239
248
225
231
225
227
224
229
233
236
231
224
225
235
228
234
232
224
230
230
233
242
233
232
230
236
251
237
231
236
229
235
224
216
230
229
230
233
229
234
242
242
246
246
247
248
247
255
254
248
244
241
245
234
239
233
244
244
223
233
238
225
228
232
235
232
236
246
244
232
223
235
232
227
224
228
224
218
218
222
220
220
227
219
224
218
215
218
210
209
198
195
200
203
196
197
199
198
187
200
193
177
178
177
179
174
176
176
163
150
159
153
159
158
163
165
163
171
167
172
175
182
181
169
179
184
175
180
177
183
189
181
192
190
181
190
184
191
187
185
180
190
191
185
188
182
181
175
170
174
171
174
180
178
175
170
165
169
155
161
154
145
143
139
143
137
129
131
124
131
134
120
129
134
131
128
133
124
120
110
113
109
112
103
106
114
115
110
106
112
112
102
113
104
103
113
108
106
97
104
105
87
88
90
86
92
91
95
100
102
99
96
94
94
96
94
92
113
107
118
111
107
100
96
104
96
96
95
105
106
105
103
111
110
110
101
94
98
89
97
93
96
100
97
105
107
107
112
110
114
121
127
122
116
119
115
117
123
125
119
123
122
118
123
121
120
116
111
118
126
117
120
117
122
129
128
126
114
118
117
121
121
119
126
119
136
127
134
130
123
137
140
137
145
138
136
137
133
147
148
147
147
148
159
158
157
169
159
163
168
170
171
168
177
176
185
174
170
186
187
185
172
181
179
171
176
183
176
182
179
184
180
175
185
179
174
173
176
174
184
179
180
194
179
187
195
193
199
201
206
195
196
192
193
200
200
203
210
199
206
208
211
209
209
216
200
202
195
191
187
167
177
165
155
157
154
150
154
152
150
148
138
143
135
149
147
130
138
151
147
138
127
127
133
126
128
129
133
130
131
133
133
133
132
135
137
139
146
142
139
135
134
137
136
139
147
135
136
133
149
143
134
134
129
139
130
124
122
126
120
117
114
116
117
109
106
105
98
104
109
107
113
111
120
110
106
106
111
117
123
117
119
114
112
111
101
110
105
105
110
105
106
116
118
110
115
118
117
107
113
105
106
112
114
117
121
120
116
129
120
129
119
119
116
112
115
114
118
112
116
115
104
105
106
98
97
90
94
87
81
78
76
77
74
79
77
72
68
71
67
69
65
65
57
48
46
49
44
34
35
32
23
30
32
24
26
20
21
18
6
13
11
7
17
17
13
10
9
2
10
2
1
9
12
7
12
8
-2
8
10
8
-5
-1
1
-10
-7
-8
-7
-15
-16
-12
-14
-24
-28
-35
-36
-39
-29
-43
-43
-44
-44
-35
-41
-38
-47
-40
-40
-43
-43
-45
-59
-56
-56
-53
-53
-46
-44
-59
-48
-38
-44
-46
-48
-47
-37
-47
-43
-39
-43
-44
-49
-51
-49
-38
-36
-43
-55
-62
-50
-61
-55
-60
-68
-72
-77
-76
-73
-69
-64
-66
-61
-68
-76
-77
-82
-89
-98
-88
-87
-94
-93
-99
-88
-91
-93
-86
-82
-84
-85
-85
-93
-101
-111
-105
-92
-97
-99
-95
-87
-87
-89
-87
-83
-93
-85
-87
-86
-69
-72
-66
-69
-62
-62
-56
-44
-35
-48
-49
-36
-41
-33
-40
-31
-27
-41
-41
-30
-36
-29
-29
-24
-11
-28
-12
-9
3
-9
0
4
4
5
7
20
7
13
7
23
18
25
25
21
32
24
32
32
23
29
42
37
39
43
51
39
46
48
41
44
50
53
55
62
68
77
68
63
63
70
77
73
79
82
75
88
100
95
102
108
100
108
103
100
105
101
110
110
101
120
114
106
101
105
104
99
99
103
113
95
98
85
83
78
76
81
79
71
79
75
63
64
53
47
45
52
52
57
47
55
49
52
58
71
60
49
48
43
38
35
28
35
40
39
39
37
37
37
43
30
22
24
33
22
22
27
29
28
27
35
32
46
45
53
58
58
62
57
54
57
69
63
65
65
68
68
64
64
70
67
72
83
69
66
64
65
71
62
63
58
54
59
57
54
60
59
63
63
58
58
68
69
62
60
60
61
61
59
59
52
45
53
48
46
32
33
34
33
26
26
27
24
22
19
28
25
33
21
31
27
29
39
38
41
30
33
21
22
27
17
22
31
28
32
23
30
26
31
37
37
41
39
43
38
51
47
48
62
57
59
65
63
62
64
67
76
74
78
80
77
82
74
78
83
80
75
82
89
78
100
96
85
85
97
91
94
89
90
86
81
86
89
83
81
78
66
77
63
68
64
63
62
62
71
52
60
56
55
52
56
57
55
50
62
70
50
54
44
41
39
26
40
35
24
23
18
10
9
3
8
16
4
2
2
0
-6
-14
-22
-16
-16
-8
-6
-16
-17
-18
-22
-14
-27
-25
-21
-34
-20
-25
-25
-27
-30
-35
-27
-38
-35
-32
-38
-31
-27
-28
-33
-39
-35
-24
-32
-27
-32
-39
-42
-52
-44
-46
-59
-58
-56
-65
-62
-77
-69
-66
-80
-70
-79
-78
-85
-73
-87
-83
-80
-83
-91
-94
-96
-109
-109
-113
-116
-116
-126
-126
-125
-137
-139
-148
-151
-145
-149
-146
-142
-150
-149
-153
-150
-153
-162
-158
-148
-156
-159
-148
-155
-164
-160
-161
-172
-170
-179
-187
-198
-199
-201
-209
-198
-197
-195
-218
-219
-217
-210
-216
-219
-217
-224
-223
-225
-226
-227
-219
-232
-240
-222
-228
-230
-235
-221
-224
-222
-219
-210
-201
-216
-212
-206
-196
-190
-197
-188
-176
-193
-180
-182
-188
-182
-184
-178
-183
-182
-184
-189
-182
-190
-201
-202
-214
-219
-213
-219
-231
-230
-232
-225
-233
-242
-236
-236
-242
-242
-241
-242
-243
-239
-235
-229
-232
-237
-233
-230
-225
-216
-225
-226
-216
-224
-214
-222
-217
-212
-212
-202
-212
-207
-203
-215
-228
-236
-232
-235
-232
-232
-244
-234
-228
-233
-238
-233
-234
-242
-236
-226
-214
-226
-223
-220
-233
-226
-218
-209
-204
-214
-225
-219
-216
-220
-221
-224
-219
-222
-223
-225
-230
-235
-224
-221
-226
-227
-230
-219
-218
-211
-216
-203
-210
-204
-208
-211
-207
-213
-211
-219
-231
-226
-219
-217
-225
-223
-214
-211
-204
-205
-198
-201
-208
-208
-209
-215
-221
-226
-228
-218
-221
-221
-214
-224
-221
-222
-222
-232
-230
-233
-239
-239
-241
-239
-239
-236
-235
-229
-222
-219
-221
-217
-223
-224
-218
-223
-213
-209
-211
-211
-207
-211
-209
-209
-217
-221
-224
-217
-220
-218
-214
-219
-214
-204
-203
-202
-211
-211
-206
-213
-206
-206
-202
-200
-197
-191
-191
-190
-186
-186
-191
-190
-188
-201
-199
-210
-204
-208
-222
-216
-219
-210
-217
-215
-223
-223
-232
-229
-228
-226
-223
-234
-226
-227
-224
-220
-221
-216
-227
-234
-225
-222
-215
-225
-230
-218
-222
-227
-228
-226
-228
-228
-221
-230
-225
-225
-216
-221
-222
-217
-227
-228
-215
-220
-226
-224
-222
-234
-229
-235
-241
-244
-251
-255
-250
-253
-262
-259
-263
-266
-276
-270
-272
-266
-271
-272
-282
-273
-275
-277
-280
-285
-277
-281
-279
-285
-288
-291
-294
-288
-287
-286
-280
-282
-284
-278
-270
-270
-267
-280
-271
-258
-261
-256
-271
-270
-269
-270
-262
-264
-259
-258
-256
-257
-258
-256
-251
-244
-255
-251
-252
-248
-256
-252
-255
-250
-237
-241
-237
-233
-233
-241
-237
-232
-232
-230
-222
-222
-234
-243
-239
-250
-251
-256
-263
-253
-253
-257
-249
-243
-245
-236
-240
-240
-251
-243
-240
-240
-243
-250
-252
-262
-263
-260
-257
-264
-262
-260
-267
-264
-263
-265
-272
-267
-265
-265
-273
-280
-283
-282
-282
-290
-294
-289
-291
-289
-291
-292
-296
-301
-304
-304
-297
-300
-303
-308
-314
-309
-304
-306
-304
-305
-300
-307
-300
-300
-302
-291
-287
-292
-304
-299
-283
-287
-283
-269
-279
-271
-270
-262
-278
-283
-271
-274
-267
-258
-266
-261
-255
-244
-236
-240
-229
-229
-219
-219
-212
-207
-204
-206
-213
-201
-202
-197
-186
-199
-193
-184
-171
-181
-180
-168
-165
-168
-172
-165
-166
-159
-160
-166
-166
-170
-169
-165
-170
-171
-164
-168
-173
-177
-172
-178
-187
-182
-184
-191
-188
-192
-198
-210
-225
-223
-232
-223
-220
-229
-227
-230
-225
-228
-228
-218
-225
-221
-222
-234
-229
-230
-232
-232
-230
-240
-238
-242
-253
-245
-251
-245
-264
-272
-265
-262
-264
-272
-267
-277
-282
-295
-297
-300
-301
-307
-301
-308
-306
-305
-317
-327
-332
-331
-336
-340
-350
-344
-355
-349
-357
-353
-358
-366
-358
-358
-362
-369
-363
-355
-362
-363
-361
-367
-355
-359
-358
-347
-351
-365
-363
-370
-379
-374
-366
-374
-392
-389
-388
-389
-402
-402
-392
-407
-413
-408
-419
-423
-425
-430
-432
-434
-438
-446
-445
-462
-460
-457
-458
-465
-461
-463
-465
-462
-464
-463
-467
-463
-476
-472
-478
-466
-454
-462
-470
-476
-478
-467
-473
-480
-457
-459
-458
-463
-472
-473
-474
-473
-472
-470
-472
-475
-468
-464
-476
-476
-477
-481
-477
-481
-481
-478
-466
-462
-461
-466
-462
-460
-463
-468
-464
-453
-450
-447
-448
-455
-449
-454
-457
-458
-451
-450
-455
-442
-447
-444
-449
-450
-446
-444
-444
-445
-441
-435
-437
-443
-438
-435
-440
-437
-434
-426
-435
-439
-433
-426
-427
-420
-423
-426
-427
-415
-420
-426
-417
-421
-410
-414
-407
-414
-421
-410
-413
-411
-406
-408
-416
-415
-408
-398
-401
-393
-397
-402
-392
-396
-392
-401
-397
-407
-407
-408
-409
-406
-402
-395
-408
-403
-403
-400
-400
-392
-396
-392
-376
-372
-371
-364
-363
-360
-359
-372
-360
-364
-354
-352
-344
-344
-336
-331
-327
-316
-308
-307
-304
-281
-284
-282
-280
-270
-265
-262
-262
-269
-264
-267
-270
-272
-266
-264
-264
-272
-270
-268
-261
-264
-266
-268
-273
-269
-263
-267
-281
-269
-273
-265
-265
-266
-260
-262
-265
-271
-275
-270
-268
-272
-264
-263
-253
-261
-268
-268
-269
-287
-284
-271
-281
-278
-270
-271
-271
-268
-270
-287
-281
-282
-272
-271
-276
-266
-264
-263
-258
-258
-266
-255
-267
-266
-276
-273
-255
-268
-262
-268
-260
-254
-263
-257
-248
-245
-245
-236
-232
-222
-213
-226
-234
-235
-247
-237
-248
-246
-250
-257
-266
-265
-260
-264
-264
-275
-276
-267
-258
-261
-261
-269
-263
-265
-268
-269
-270
-256
-261
-259
-255
-253
-250
-240
-228
-229
-237
-228
-221
-221
-226
-212
-223
-223
-213
-218
-220
-222
-208
-200
-204
-204
-204
-214
-211
-204
-200
-202
-212
-207
-203
-204
-194
-199
-203
-190
-190
-181
-180
-176
-166
-161
-160
-162
-159
-157
-160
-158
-158
-164
-160
-167
-174
-174
-173
-158
-164
-175
-168
-171
-175
-185
-186
-188
-186
-199
-184
-185
-197
-188
-209
-200
-208
-212
-209
-212
-219
-226
-232
-225
-226
-222
-232
-230
-223
-225
-220
-216
-211
-207
-215
-215
-216
-222
-232
-231
-226
-236
-230
-242
-245
-252
-254
-252
-261
-271
-264
-276
-273
-279
-288
-276
-279
-278
-277
-289
-301
-293
-295
-297
-302
-304
-300
-303
-299
-297
-308
-306
-313
-302
-308
-315
-322
-320
-325
-334
-325
-331
-337
-334
-335
-338
-324
-336
-339
-334
-331
-335
-334
-327
-339
-337
-339
-339
-342
-350
-354
-356
-370
-368
-366
-372
-370
-370
-371
-386
-380
-380
-389
-386
-383
-373
-372
-360
-363
-352
-356
-356
-355
-361
-356
-360
-352
-359
-355
-339
-349
-349
-340
-338
-344
-336
-336
-331
-328
-328
-322
-329
-318
-327
-319
-319
-313
-311
-312
-301
-292
-287
-290
-286
-284
-283
-270
-264
-265
-254
-263
-266
-269
-260
-261
-275
-269
-278
-273
-268
-277
-281
-281
-277
-273
-285
-277
-274
-280
-274
-270
-274
-282
-268
-268
-277
-273
-275
-269
-261
-263
-263
-272
-265
-267
-264
-259
-267
-275
-269
-267
-269
-269
-271
-263
-272
-268
-275
-278
-267
-271
-265
-271
-278
-282
-286
-285
-294
-296
-301
-304
-298
-291
-291
-289
-294
-295
-292
-292
-292
-288
-300
-299
-296
-303
-301
-294
-299
-303
-309
-309
-309
-309
-309
-310
-308
-301
-299
-307
-317
-310
-301
-307
-302
-301
-299
-313
-303
-309
-306
-305
-306
-298
-293
-298
-302
-304
-302
-294
-305
-305
-311
-313
-312
-313
-324
-325
-330
-334
-326
-332
-328
-321
-321
-330
-319
-319
-327
-321
-320
-324
-321
-327
-328
-326
-330
-326
-331
-329
-320
-324
-314
-316
-308
-300
-305
-304
-301
-293
-293
-287
-284
-294
-291
-295
-282
-294
-290
-277
-285
-277
-284
-274
-283
-280
-271
-275
-261
-261
-260
-254
-241
-237
-234
-233
-230
-225
-224
-221
-223
-216
-208
-194
-199
-194
-187
-198
-189
-183
-187
-188
-185
-189
-184
-188
-179
-173
-177
-161
-169
-172
-169
-166
-168
-174
-171
-168
-174
-169
-161
-168
-169
-174
-177
-181
-169
-171
-172
-170
-181
-170
-169
-172
-163
-161
-166
-173
-176
-184
-187
-178
-171
-173
-176
-186
-178
-167
-170
-177
-177
-181
-173
-175
-171
-176
-181
-175
-172
-167
-171
-167
-168
-157
-163
-161
-160
-160
-156
-153
-151
-141
-140
-144
-141
-140
-147
-142
-147
-150
-160
-159
-160
-159
-153
-160
-146
-142
-140
-135
-138
-136
-137
-128
-124
-127
-124
-126
-120
-130
-120
-115
-128
-126
-136
-139
-138
-128
-131
-137
-127
-126
-118
-114
-116
-118
-112
-113
-104
-99
-111
-98
-107
-109
-107
-106
-107
-105
-98
-104
-93
-89
-86
-78
-80
-88
-94
-85
-81
-83
-85
-91
-92
-87
-79
-85
-90
-93
-92
-90
-83
-76
-77
-73
-81
-80
-83
-76
-77
-74
-72
-76
-74
-87
-87
-93
-93
-91
-83
-75
-72
-72
-70
-59
-66
-72
-73
-74
-76
-85
-98
-92
-92
-100
-97
-97
-97
-97
-100
-102
-105
-107
-105
-95
-97
-106
-104
-111
-116
-106
-108
-114
-111
-110
-109
-115
-114
-108
-107
-109
-112
-112
-108
-108
-104
-106
-98
-105
-104
-103
-98
-101
-100
-101
-101
-91
-98
-103
-100
-105
-97
-96
-108
-107
-109
-105
-109
-102
-105
-105
-108
-108
-104
-99
-103
-103
-88
-102
-113
-111
-110
-111
-115
-115
-114
-117
-120
-122
-127
-133
-127
-131
-136
-131
-131
-128
-129
-132
-132
-126
-114
-117
-124
-123
-122
-124
-118
-110
-111
-109
-106
-94
-88
-82
-85
-88
-82
-80
-77
-81
-75
-74
-75
-61
-62
-67
-63
-57
-62
-62
-58
-47
-42
-42
-40
-41
-29
-37
-40
-32
-35
-29
-42
-40
-36
-37
-42
-48
-48
-45
-27
-46
-40
-47
-40
-39
-50
-49
-46
-59
-59
-52
-52
-49
-54
-47
-60
-52
-45
-44
-49
-51
-48
-69
-61
-62
-54
-63
-63
-57
-62
-65
-70
-60
-58
-73
-81
-79
-79
-80
-90
-86
-86
-95
-91
-97
-100
-102
-106
-104
-103
-101
-106
-97
-97
-104
-107
-107
-116
-112
-110
-116
-112
-110
-112
-126
-124
-121
-117
-114
-108
-104
-103
-105
-106
-108
-120
-123
-122
-128
-130
-128
-126
-117
-125
-115
-115
-111
-103
-109
-108
-110
-110
-109
-105
-106
-105
-109
-104
-104
-97
-102
-115
-111
-107
-108
-106
-101
-102
-114
-108
-96
-98
-96
-94
-87
-93
-95
-84
-89
-77
-84
-81
-79
-82
-80
-86
-77
-75
-77
-80
-70
-76
-73
-62
-64
-68
-58
-50
-59
-58
-59
-55
-59
-57
-54
-63
-61
-64
-60
-59
-64
-62
-58
-65
-65
-66
-68
-65
-67
-63
-61
-60
-61
-62
-59
-55
-49
-52
-48
-46
-53
-36
-50
-47
-40
-35
-38
-41
-34
-42
-34
-35
-33
-43
-35
-23
-33
-27
-30
-29
-36
-36
-31
-29
-35
-28
-21
-18
-21
-26
-6
-5
-2
1
1
9
7
19
20
17
25
26
28
36
32
37
45
46
45
44
41
42
33
30
40
38
42
43
42
32
30
30
31
32
33
30
21
25
19
16
18
27
29
30
33
33
45
44
48
47
57
49
47
55
56
61
60
55
54
65
43
43
55
49
57
50
56
62
51
63
52
46
67
54
57
58
56
65
70
71
84
79
80
88
77
90
80
83
83
85
89
79
79
79
79
81
74
69
74
74
70
68
69
65
74
61
60
62
56
54
54
51
50
52
58
59
52
43
40
37
44
38
42
43
41
40
44
48
39
40
48
50
49
43
50
49
51
48
55
57
64
68
63
70
63
60
65
70
63
58
69
69
65
69
64
64
58
56
65
67
54
59
65
62
60
53
53
58
52
42
47
43
29
35
32
33
23
12
19
15
14
10
16
15
16
31
27
24
18
12
17
12
10
2
6
7
5
1
-3
-2
0
4
0
7
18
25
21
23
29
20
13
18
11
17
13
8
13
15
18
5
6
5
2
2
17
13
20
19
22
26
29
21
10
9
9
10
7
10
3
12
-3
7
7
1
0
-7
4
-7
-8
-12
-9
-13
-20
0
-6
-12
-13
-5
-11
-17
-8
-7
-19
-11
-18
-5
-7
-13
-8
-16
-17
-24
-25
-27
-31
-37
-41
-46
-53
-58
-53
-62
-71
-71
-67
-73
-86
-81
-86
-84
-79
-83
-84
-89
-85
-92
-98
-94
-91
-102
-99
-103
-103
-102
-109
-121
-116
-115
-128
-120
-128
-134
-139
-143
-152
-143
-142
-140
-139
-160
-149
-155
-161
-161
-159
-166
-175
-177
-187
-179
-180
-180
-184
-199
-197
-203
-214
-218
-214
-216
-213
-214
-214
-213
-211
-208
-213
-204
-223
-226
-222
-229
-231
-222
-232
-233
-234
-245
-245
-250
-247
-253
-244
-252
-254
-255
-256
-253
-259
-257
-270
-281
-266
-262
-281
-273
-270
-266
-273
-274
-272
-273
-266
-271
-269
-259
-262
-259
-241
-233
-239
-243
-241
-240
-239
-241
-241
-237
-239
-235
-230
-236
-226
-230
-231
-237
-235
-231
-237
-235
-232
-230
-226
-233
-219
-210
-214
-215
-215
-216
-218
-217
-221
-227
-220
-226
-222
-227
-225
-231
-233
-226
-224
-224
-229
-227
-238
-231
-230
-237
-232
-237
-242
-237
-244
-243
-246
-247
-242
-243
-241
-238
-233
-249
-247
-249
-247
-241
-251
-246
-238
-234
-250
-251
-253
-254
-254
-253
-257
-247
-245
-245
-251
-253
-246
-246
-249
-249
-239
-241
-244
-237
-232
-228
-228
-233
-231
-229
-223
-226
-214
-208
-200
-210
-198
-200
-197
-196
-197
-185
-183
-187
-196
-192
-203
-206
-202
-204
-206
-206
-219
-213
-216
-214
-216
-227
-221
-229
-228
-239
-231
-233
-232
-224
-238
-234
-227
-232
-223
-226
-244
-232
-240
-238
-243
-238
-235
-241
-241
-250
-237
-245
-244
-242
-241
-237
-239
-238
-243
-222
-215
-227
-213
-212
-212
-210
-206
-195
-201
-201
-189
-184
-194
-185
-187
-175
-185
-179
-182
-174
-176
-180
-174
-167
-158
-163
-156
-160
-161
-160
-148
-158
-154
-151
-154
-139
-143
-149
-152
-146
-147
-157
-155
-146
-146
-155
-148
-149
-154
-149
-142
-143
-148
-149
-153
-153
-154
-149
-142
-146
-148
-151
-146
-145
-150
-145
-148
-139
-144
-148
-147
-151
-141
-135
-136
-131
-127
-119
-123
-118
-126
-142
-130
-126
-141
-143
-138
-137
-134
-132
-136
-125
-124
-115
-108
-122
-102
-122
-106
-115
-112
-102
-107
-111
-105
-96
-107
-91
-90
-92
-95
-93
-103
-107
-109
-109
-111
-112
-118
-110
-99
-115
-104
-106
-114
-117
-127
-123
-111
-109
-110
-118
-107
-108
-113
-105
-103
-98
-112
-104
-94
-103
-95
-96
-100
-96
-94
-97
-99
-84
-88
-86
-80
-81
-76
-72
-60
-51
-48
-46
-39
-40
-37
-43
-47
-40
-32
-27
-33
-32
-24
-25
-19
-24
-13
-15
-14
-8
-2
8
12
10
17
31
28
34
32
33
30
38
39
49
49
49
49
46
73
81
87
79
86
86
82
94
92
86
86
89
80
85
93
83
78
78
84
92
90
97
75
86
91
94
110
108
122
110
119
132
130
143
132
139
140
154
165
160
170
171
174
165
173
162
158
132
109
100
114
111
80
45
20
34
66
87
69
13
-19
-49
-4
24
-6
-4
-47
-45
-11
22
10
-50
-44
-3
39
141
127
39
-7
29
28
127
190
145
53
94
32
1
101
30
11
43
71
-64
-49
-64
-184
-41
111
-38
-64
-137
-261
-178
34
102
-30
-97
-188
-285
-89
13
-13
-132
-274
-367
-408
-283
-204
-131
-154
-278
-449
-405
-192
-104
-52
27
-30
-78
-71
12
101
245
348
249
227
180
92
172
320
345
329
224
56
-47
-26
45
82
48
-47
-197
-265
-294
-267
-157
-146
-188
-248
-281
-288
-244
-152
59
329
591
702
502
401
385
674
1214
1403
1197
689
357
322
517
920
710
298
-101
-536
-609
-457
-480
-774
-942
-1175
-1481
-1477
-1536
-1728
-1821
-1858
-2036
-1637
-115
-97
-939
-1929
-1618
-141
1244
1628
817
399
190
54
1090
2342
2294
1430
636
563
753
1076
751
575
534
200
-314
-505
-749
-1181
-1031
-718
-703
-958
-1427
-1853
-1827
-1314
-555
-293
-484
-1054
-1122
-599
-13
369
761
772
428
323
578
1041
1224
1180
1123
1072
902
650
437
547
567
561
398
-39
-479
-764
-637
-501
-517
-556
-842
-1157
-1336
-1174
-736
-471
-556
-685
-622
-489
-404
-72
551
902
869
700
659
1123
1564
1601
1648
1607
1524
1276
1353
1210
1067
1100
813
494
347
50
-327
-443
-451
-551
-736
-970
-1503
-1625
-1534
-1511
-1418
-1165
-1320
-1592
-1538
-1461
-1427
-1063
-1088
-1065
-1234
151
1246
884
-321
-1317
84
1741
2805
2105
1139
715
213
506
2025
2645
1938
322
-228
55
453
408
-48
23
-201
-724
-1143
-951
-1248
-1341
-915
-525
-574
-929
-1411
-1388
-930
-65
589
636
54
-503
-84
758
1270
1438
1583
1121
789
703
1180
1590
1453
1059
896
791
514
117
146
320
400
459
82
-113
-556
-671
-213
376
676
403
-90
-325
-154
518
1129
1222
855
450
429
614
941
1063
1086
719
394
170
164
119
-168
-467
-641
-681
-964
-1290
-1752
-1907
-2367
-2146
-2588
-1278
-33
-525
-2347
-3559
-1893
136
1714
1191
-3
-238
-364
-125
1755
3087
2908
1124
577
1011
1642
1849
1354
1474
1565
927
-38
8
-243
-518
-357
108
-181
-1077
-1989
-2191
-1745
-873
-475
-611
-1294
-2120
-1879
-811
16
99
254
8
-150
-206
413
1199
1507
1302
1128
1225
1236
912
942
1400
1779
1860
1167
795
486
446
775
1074
1344
954
106
-360
-298
302
754
710
211
-405
-451
-260
-52
100
246
-149
-511
-693
-672
-703
-767
-963
-1059
-947
-1305
-2040
-2476
-2785
-2513
159
1562
-19
-3437
-4205
-1889
1604
3296
1508
-227
-784
-1124
-98
2619
4081
2714
300
-109
714
1892
1574
963
1508
1709
401
-569
-301
-490
-701
-151
632
123
-1379
-2712
-2528
-1052
105
66
-438
-1515
-2430
-1856
-222
743
663
215
-327
-371
-126
646
1363
1662
1253
901
1100
1041
645
757
1669
2303
1932
1001
383
246
904
1424
1591
1719
989
-220
-475
279
1069
1271
911
-71
-758
-304
102
87
330
245
-475
-926
-921
-924
-739
-912
-1306
-1656
-1748
-2228
-3067
-3176
-2797
-400
998
-339
-3860
-5019
-2260
1553
3290
1411
-588
-1099
-1154
21
2672
4435
3341
484
-335
755
2412
2174
1350
1875
2153
752
-679
-466
-20
-16
18
496
82
-1529
-3046
-2761
-953
297
-154
-1033
-2167
-2824
-2193
-548
681
570
-300
-1070
-879
-323
501
1299
1677
1243
658
703
970
1006
1220
2030
2765
2319
957
36
454
1851
2667
2179
1327
499
-182
-27
971
1685
1372
460
-549
-899
-215
475
273
1
-75
-650
-1154
-1195
-1027
-996
-1056
-1485
-2277
-2522
-3214
-3742
-3425
-102
1324
-735
-4315
-5919
-2657
1729
3704
1480
-917
-1374
-1327
-76
2961
4765
3729
586
-476
815
2708
2573
1451
2057
2553
1241
-848
-649
-38
296
511
583
55
-1686
-3361
-2980
-801
801
-25
-1576
-2579
-3057
-2215
-420
767
462
-424
-1404
-1134
-267
590
1254
1657
1399
456
430
978
1192
1424
2148
2645
2373
1083
29
491
2056
3027
2276
1222
263
-282
183
1135
1735
1363
164
-915
-994
-111
615
361
-199
-549
-891
-1076
-1199
-986
-1064
-1228
-1981
-2547
-3289
-3444
-3823
-2354
841
541
-2740
-6445
-5077
-746
3183
2968
-493
-2190
-1836
-1023
1336
4127
4663
1989
-668
-185
1849
3525
2454
1777
2340
2360
317
-762
71
724
871
840
476
-926
-2568
-3237
-1772
424
739
-1131
-2683
-3394
-2965
-1315
456
547
-539
-1642
-1916
-929
183
1025
1309
1401
640
-23
409
1337
1763
1972
2378
2327
1752
947
788
1541
2960
2988
1792
947
425
303
855
1729
1632
751
-271
-1065
-804
282
714
2
-600
-979
-1333
-1365
-904
-1071
-1340
-1915
-2497
-3358
-3672
-3585
-3244
130
890
-1809
-6137
-6038
-1823
2232
3556
397
-2252
-2203
-1233
613
3670
5032
2892
-458
-454
1426
3439
3188
2081
2245
2544
1022
-731
125
1074
1155
933
758
-605
-2311
-2936
-1854
235
886
-838
-2763
-3343
-3019
-1726
212
655
-713
-1846
-2055
-1157
-37
866
1169
1208
765
-125
198
1387
1954
1946
2248
2483
1907
1395
1390
1700
2866
3331
2060
1193
1065
704
823
1703
1782
684
-115
-747
-932
-53
662
-164
-933
-947
-1368
-1579
-1131
-1183
-1651
-2073
-2521
-3533
-3719
-3324
-2955
-74
691
-2160
-6442
-5648
-950
2776
3026
-524
-2756
-2113
-446
1075
3529
4615
2232
-933
-502
1987
3775
3083
1825
2013
2420
832
-797
316
1624
1442
680
394
-945
-2518
-2634
-1142
707
645
-1671
-3481
-3346
-2438
-1275
192
252
-1456
-2679
-2305
-853
222
710
520
438
164
-358
56
1308
2054
1766
1799
1921
1733
1407
1468
1955
3119
3260
1662
944
1052
1166
1421
1935
1511
329
-387
-651
-513
419
598
-764
-1469
-1308
-1437
-1510
-1233
-1561
-2266
-2645
-2956
-4026
-3680
-3370
-2701
-298
-200
-3486
-6901
-4640
-154
2787
1995
-1531
-3217
-1942
152
1736
3812
4160
1245
-1223
98
2675
3965
3209
2031
1928
1998
491
-381
964
2148
1305
344
-143
-1592
-2508
-1945
-405
483
-306
-2661
-4005
-3194
-1926
-899
-68
-663
-2508
-3058
-1883
-481
374
611
208
-125
-245
-194
468
1793
2339
1973
1698
2024
1745
1444
1946
2660
3692
3055
1412
425
784
1821
2144
1848
837
-424
-943
-628
16
564
49
-1345
-2056
-1742
-1320
-1226
-1649
-2038
-2481
-2917
-3350
-4069
-3362
-2827
-1205
-330
-2030
-5118
-5861
-2159
1576
2739
-108
-2984
-3069
-882
1227
2767
3618
2230
-394
-897
1353
3463
3722
2481
1701
1795
1370
237
534
1933
2325
969
33
-777
-1695
-1650
-556
600
206
-1637
-3561
-3487
-1999
-878
-514
-784
-2047
-3244
-2789
-1198
-127
177
-163
-701
-884
-656
-88
917
1864
1828
1334
1400
1961
1952
2072
2458
3010
3346
2561
1596
1186
1716
2357
2186
1623
552
-379
-353
203
562
254
-777
-1762
-2010
-1544
-1242
-1637
-2261
-2814
-3313
-3553
-3746
-3641
-3164
-2215
-1202
-2130
-4197
-5341
-3100
348
2058
376
-2523
-2813
-1046
1069
2308
3063
2386
614
-327
1023
3118
3961
3016
1928
1862
1779
1024
878
1917
2504
1648
244
-601
-1161
-961
-181
449
112
-1469
-3090
-3095
-1934
-913
-701
-1125
-2099
-3103
-2746
-1330
-344
-279
-600
-976
-1035
-842
-233
749
1680
1800
1416
1307
1428
1660
2362
3199
3548
3307
1950
919
1710
3031
3122
2221
1155
139
-29
641
909
582
190
-852
-2043
-1815
-1221
-1380
-1862
-2353
-3179
-3770
-3597
-3922
-3708
-2808
-1625
-2235
-3616
-4682
-4621
-1888
794
1042
-1521
-2983
-2311
-362
1478
2395
2067
1001
263
290
1834
3367
3407
2331
1897
1981
1639
1278
1731
2360
2327
1336
46
-513
-321
14
442
435
-492
-1995
-2700
-2002
-1077
-674
-1116
-2035
-2785
-2625
-1967
-1120
-697
-917
-1336
-1461
-1174
-617
295
1380
1754
1180
327
429
1884
3326
3698
2796
1751
1443
1960
2755
3266
2869
1761
743
557
1165
1468
1065
204
-523
-751
-917
-1262
-1543
-1797
-2215
-2899
-3438
-3553
-3820
-3515
-3534
-2608
-2289
-3362
-4960
-4841
-2063
-31
165
-2058
-3264
-2368
-75
1163
1315
1329
717
110
391
2013
3142
3031
2153
1713
1954
2101
1811
1933
2427
2312
1354
663
255
62
383
1051
658
-636
-1705
-1854
-1116
-685
-781
-1261
-1717
-2437
-2606
-1739
-638
-809
-1614
-1794
-1272
-766
-346
571
779
533
59
360
1417
2697
2652
1417
1105
1923
2539
2380
2504
2067
1492
1240
1385
1395
1467
1326
360
-249
-202
-331
-811
-814
-1100
-1975
-2645
-2908
-3378
-3014
-2615
-2693
-2766
-3140
-3925
-4785
-3208
-1170
-657
-1830
-3098
-3101
-1604
79
426
270
83
16
-232
668
1855
2235
2077
1724
1613
1660
1877
1958
2270
2677
2163
1182
554
723
1010
1506
1532
385
-785
-1234
-643
-109
-2
-624
-1398
-1873
-2025
-1634
-976
-686
-1302
-1858
-1675
-1117
-472
-53
0
-77
82
373
715
1484
1778
1434
1407
1815
2036
1897
1825
1797
1807
2075
1751
1003
944
1141
905
572
306
-218
-709
-798
-1269
-1828
-1976
-2050
-2398
-2285
-1741
-2496
-3600
-4001
-3002
-1744
-1057
-1962
-3564
-3363
-1787
-586
-543
-600
-865
-946
-600
199
806
1272
1347
830
871
1433
1601
1585
1971
2270
1877
1402
1190
1161
1441
1808
1543
702
203
-123
89
403
370
-257
-801
-1082
-1390
-1059
-574
-630
-1400
-1541
-1362
-1158
-886
-759
-544
-259
13
-264
-398
289
1128
1423
1425
1076
856
1202
1801
2103
1895
1642
1231
959
1093
1204
1068
616
144
-315
-484
-872
-1327
-1812
-1594
-1640
-1561
-1426
-2418
-3531
-3879
-2096
-667
-597
-2582
-4032
-3332
-1188
-76
-713
-1180
-1621
-1491
-1041
67
684
727
336
39
282
925
1226
1203
1629
1822
1240
808
777
1170
1583
1926
1508
465
-117
69
832
1175
833
-202
-666
-780
-583
-254
118
-156
-1110
-1498
-1175
-661
-529
-641
-738
-601
-442
-543
-581
-55
639
825
569
468
576
856
1367
1827
1671
1251
993
1157
1482
1706
1517
836
472
516
443
128
-347
-959
-1373
-1204
-1104
-919
-1304
-2304
-3464
-3223
-1372
-598
-1286
-3036
-3556
-2545
-899
-540
-1161
-1543
-1414
-1183
-923
-66
190
229
90
40
245
621
870
1000
1385
1574
1112
682
905
1419
1762
1965
1296
476
226
731
1190
1075
640
-62
-340
-382
-167
-103
98
-280
-964
-1055
-808
-653
-708
-572
-530
-627
-645
-778
-595
27
528
351
31
96
258
662
1195
1450
1050
696
667
892
1330
1538
1155
582
403
432
414
205
-101
-738
-897
-701
-525
-367
-1194
-2295
-3008
-1729
-429
-515
-2141
-3430
-2976
-1549
-563
-1169
-1844
-2048
-1536
-1343
-850
-443
-254
-319
-497
-383
-101
352
537
645
898
857
472
224
746
1347
1670
1344
528
172
574
1404
1419
1036
373
135
48
242
434
378
280
-341
-722
-677
-325
-311
-512
-533
-620
-752
-810
-848
-609
-148
59
-213
-530
-361
-11
482
835
682
295
251
531
809
1089
1085
764
367
387
542
497
221
-141
-565
-420
-312
38
-29
-949
-2050
-2203
-585
330
-220
-2133
-2825
-2081
-661
-445
-1200
-1675
-1778
-1583
-1584
-997
-655
-543
-789
-1009
-948
-555
-33
195
483
542
246
-52
82
862
1341
1623
1067
298
148
792
1464
1474
1035
412
270
302
556
580
672
451
-178
-479
-333
-74
-67
-293
-482
-688
-662
-718
-719
-394
-73
-213
-602
-642
-394
19
371
472
122
26
156
392
629
902
713
361
256
399
464
339
137
-307
-532
-372
-374
-132
82
-724
-1938
-2055
-526
305
-168
-1680
-2396
-1787
-450
-197
-918
-1242
-1204
-1149
-1171
-645
-392
-344
-464
-693
-920
-646
-88
114
188
185
-154
-469
-155
532
815
986
536
-139
-160
654
1266
1035
630
269
181
270
538
556
644
539
-8
-342
-69
414
251
32
-189
-362
-341
-181
-68
-17
-4
-218
-453
-279
128
235
255
241
6
-172
45
389
537
455
152
-103
-89
163
256
16
-245
-581
-779
-638
-445
-98
32
-771
-1759
-1914
-563
459
155
-1166
-2013
-1486
-305
169
-369
-813
-842
-661
-677
-473
-186
64
-20
-426
-624
-420
52
232
167
105
-139
-472
-469
190
672
624
-42
-558
-379
334
853
688
331
63
16
98
530
817
728
430
70
-14
190
643
599
287
-13
-99
-20
69
264
198
114
-52
-195
-182
174
345
209
110
27
66
125
369
418
390
264
35
-15
217
379
97
-205
-555
-555
-648
-430
-450
-222
-173
-1103
-1993
-1795
-172
460
-122
-1680
-2242
-1458
-33
313
-534
-1012
-1084
-853
-618
-59
166
-11
-198
-444
-485
-122
512
656
481
187
-169
-214
263
920
911
620
8
-382
-198
569
1067
725
84
-417
-327
94
598
588
314
18
-333
-427
-66
603
578
62
-390
-448
-225
123
442
450
111
-316
-364
-13
687
799
431
54
-31
179
532
812
682
356
166
192
314
521
451
156
-66
-237
-381
-416
-559
-662
-759
-264
-237
-1281
-2097
-1757
-329
193
-473
-2006
-2376
-1318
26
-36
-924
-1221
-1066
-679
-458
-196
-120
-15
20
-293
-382
70
664
641
430
278
168
246
466
847
898
809
314
-73
258
938
1051
541
128
-72
88
305
527
381
71
-121
-315
-260
21
289
87
-303
-519
-367
-37
126
133
-14
-144
-154
73
480
697
463
206
218
529
851
905
799
539
389
482
666
748
697
479
213
8
-77
-39
-82
-325
-683
-840
-632
-216
-772
-1615
-1953
-1107
-268
-482
-1476
-2290
-1772
-681
-230
-922
-1436
-1373
-943
-619
-519
-419
-412
-287
-295
-413
-246
162
460
347
233
53
96
251
624
839
715
436
-2
86
622
1057
831
294
-24
61
331
481
401
88
-87
-304
-373
-312
-112
-67
-284
-634
-779
-604
-408
-248
-240
-283
-494
-551
-210
175
286
155
122
192
344
542
659
687
695
598
401
564
810
781
532
375
175
46
184
172
-296
-694
-677
-624
-533
-299
-881
-1779
-2011
-1085
-421
-646
-1434
-2165
-1983
-1058
-519
-1009
-1408
-1295
-1026
-962
-841
-681
-543
-243
-256
-615
-635
-58
400
272
182
142
106
158
543
832
784
543
234
240
669
1033
801
405
310
366
320
375
485
249
15
-175
-232
-260
-112
-52
-373
-595
-675
-579
-484
-282
-309
-486
-651
-557
-241
139
254
12
-48
128
392
590
765
716
697
713
655
654
857
1081
923
632
370
318
500
594
223
-271
-395
-483
-604
-564
-4
-434
-1533
-2103
-1375
-376
-327
-1159
-2209
-2049
-1089
-560
-1115
-1454
-1167
-965
-1046
-1082
-810
-492
-123
-202
-674
-657
-48
463
422
375
255
148
240
686
982
923
801
465
383
704
1074
943
572
406
328
373
448
478
287
192
38
-245
-303
10
170
-68
-427
-581
-473
-237
-111
-96
-197
-301
-442
-175
338
410
145
69
373
477
562
650
834
894
891
692
607
913
1216
1109
722
571
526
572
727
606
140
-146
-127
-363
-499
-334
-157
-252
-993
-1568
-1726
-788
-98
-515
-1667
-2039
-1470
-810
-554
-954
-1220
-1166
-834
-819
-835
-476
-95
-41
-340
-510
-357
212
734
683
411
144
280
524
955
1171
890
539
373
596
813
1013
854
513
245
232
401
518
579
328
77
-71
-71
23
183
305
83
-247
-343
-93
21
85
193
107
-85
-234
25
501
657
463
207
236
440
699
939
955
762
593
646
827
1071
1135
987
759
618
641
758
866
706
400
159
82
-89
-231
-328
-297
-502
-482
-420
-1023
-1601
-1491
-457
-243
-774
-1714
-1933
-1241
-302
-252
-1033
-1266
-952
-617
-504
-329
-190
-202
-57
-141
-278
-67
561
761
443
252
166
288
547
941
887
594
375
224
401
727
891
536
275
267
305
285
432
547
352
213
33
-24
174
483
511
67
-141
-77
198
341
420
320
30
3
143
454
616
498
332
391
562
561
597
830
981
843
606
576
821
1130
1119
799
518
523
679
839
863
476
100
54
137
42
-86
-126
-451
-812
-760
-602
-346
-390
-1033
-1668
-1420
-401
-209
-783
-1373
-1255
-877
-480
-589
-901
-704
-324
-405
-794
-644
-170
45
21
-161
-348
-260
157
351
248
166
139
127
194
488
546
406
331
347
461
526
578
539
553
638
603
387
423
737
840
661
399
317
437
666
760
526
309
332
394
393
522
547
346
263
307
358
397
444
516
461
493
364
269
611
995
814
381
367
575
823
892
806
497
404
596
532
481
492
471
240
99
33
-10
64
17
-312
-638
-655
-567
-557
-503
-232
-806
-1460
-1612
-651
-150
-427
-1256
-1679
-1244
-552
-375
-931
-1031
-663
-572
-815
-830
-502
-242
-54
-157
-507
-569
-128
311
292
298
126
-51
18
478
781
646
500
334
402
620
846
758
668
772
714
553
539
792
908
844
669
447
413
607
787
655
448
340
279
309
409
562
379
183
88
81
284
374
316
110
128
182
176
198
359
382
248
253
225
212
377
596
607
291
167
309
469
547
547
377
184
196
235
182
137
155
-49
-304
-370
-402
-574
-542
-488
-648
-514
-728
-1233
-1629
-832
-144
-548
-1405
-1701
-1252
-644
-384
-860
-1174
-877
-534
-726
-780
-290
-17
-105
-226
-292
-259
105
603
602
463
324
287
384
839
1211
970
666
600
762
914
1079
1087
887
856
843
686
560
869
1053
784
445
306
370
500
640
520
282
141
91
28
82
315
154
-104
-142
-73
0
-85
-26
36
165
51
-192
-120
310
523
226
73
169
427
538
509
415
396
546
554
463
459
539
452
361
375
274
219
258
239
-12
-93
-82
-195
-305
-249
-379
-589
-667
-577
-740
-588
-213
-657
-1293
-1235
-380
-185
-407
-836
-960
-700
-225
-174
-537
-322
63
-136
-341
-85
188
155
321
474
229
63
324
596
704
787
531
237
413
836
833
607
665
718
579
522
651
674
738
805
614
329
339
550
613
643
580
281
60
159
351
352
326
218
-76
-167
1
117
-68
-73
-11
-56
-156
-256
-205
-51
180
71
-198
-209
15
112
119
235
317
183
117
261
512
530
531
518
459
498
605
625
559
622
603
466
376
457
464
352
343
263
126
101
147
58
-106
-123
-202
-295
-332
-247
-431
-525
-182
-275
-678
-958
-446
-126
-246
-574
-735
-649
-343
-167
-377
-429
-204
-228
-382
-228
56
-22
-116
76
156
86
70
177
260
465
424
118
157
556
610
270
239
419
411
320
388
386
283
306
284
209
224
267
174
145
246
132
-61
-29
139
148
41
3
-102
-139
3
134
24
-95
-59
-45
-31
-5
59
61
91
61
-67
69
265
284
118
212
363
310
289
336
445
500
568
482
404
495
551
517
543
645
504
326
349
417
389
325
246
111
104
79
-46
-107
-54
-92
-284
-375
-392
-455
-444
-449
-546
-676
-654
-682
-617
-482
-600
-847
-948
-635
-396
-494
-785
-879
-683
-477
-556
-741
-679
-480
-569
-681
-556
-390
-520
-575
-371
-283
-382
-488
-383
-180
-40
-145
-311
-197
62
87
-17
79
208
199
163
270
318
328
360
404
429
467
422
351
385
477
497
385
308
287
293
307
275
160
109
128
129
83
61
31
-29
-34
-12
-32
-65
-49
-25
-96
-105
-64
3
7
-32
-61
-115
-44
97
133
-23
-73
28
132
157
84
44
31
96
142
71
25
69
79
48
46
29
-64
-70
-56
-89
-157
-161
-257
-305
-258
-274
-427
-452
-359
-466
-633
-598
-497
-651
-757
-648
-653
-814
-766
-583
-703
-947
-874
-661
-647
-729
-680
-687
-719
-610
-496
-522
-518
-375
-341
-375
-306
-219
-241
-191
-33
-10
-82
-80
-4
19
79
129
121
91
146
174
144
164
244
257
235
213
156
162
177
198
164
137
103
30
12
69
79
53
-10
-57
-103
-84
-7
6
-40
-139
-183
-177
-116
-52
-92
-139
-144
-147
-153
-151
-115
-95
-74
-86
-161
-219
-167
-84
-76
-77
-112
-137
-112
-55
-21
-18
9
38
-2
-5
53
117
117
93
90
81
115
111
98
102
141
121
46
8
26
40
16
-12
-57
-90
-93
-109
-120
-125
-143
-215
-239
-226
-209
-210
-238
-270
-303
-283
-248
-234
-218
-233
-277
-272
-216
-179
-151
-157
-165
-188
-176
-121
-70
-68
-70
-90
-92
-79
-110
-91
-64
-45
-63
-113
-123
-105
-114
-111
-129
-126
-107
-125
-155
-134
-117
-88
-86
-102
-89
-80
-34
-6
-20
-38
15
56
92
74
55
107
146
175
184
179
194
230
257
258
236
231
252
290
270
241
234
249
262
234
250
239
229
206
206
229
224
218
184
157
170
202
187
163
129
130
134
153
142
104
96
132
135
119
123
145
144
136
118
96
148
173
155
114
135
136
131
125
88
83
73
75
8
-40
-50
-98
-106
-137
-170
-256
-284
-309
-354
-357
-360
-376
-442
-472
-472
-415
-415
-445
-437
-410
-366
-374
-372
-306
-244
-218
-251
-233
-160
-100
-69
-57
-33
24
50
11
10
76
130
120
69
69
70
80
118
122
91
64
85
85
109
108
106
109
162
177
138
157
176
209
225
241
257
268
292
280
278
298
346
355
328
371
379
378
367
382
413
438
444
427
428
423
430
426
443
438
377
347
356
335
307
289
266
202
141
115
132
102
33
-17
-53
-17
-50
-98
-103
-92
-96
-137
-122
-93
-104
-111
-88
-45
-30
-49
-73
-46
10
27
33
3
-5
-16
10
53
56
36
-34
-52
-25
18
15
-19
-61
-115
-128
-95
-51
-72
-103
-127
-157
-186
-169
-123
-104
-136
-189
-210
-172
-131
-159
-151
-110
-78
-124
-169
-121
-28
5
-65
-103
-93
-31
34
39
69
59
76
64
47
143
164
160
122
128
153
131
131
121
158
200
182
122
103
166
199
194
165
161
163
171
210
220
226
219
196
219
247
244
243
265
279
271
265
284
302
283
292
287
276
267
239
224
231
228
232
220
177
132
112
144
154
112
102
78
39
45
44
36
14
0
-17
-37
-44
-37
-43
-29
-23
-44
-42
-17
-4
12
7
33
36
20
23
52
98
114
106
87
89
115
129
139
134
128
101
77
83
81
79
71
22
-21
-18
3
-30
-92
-98
-93
-90
-106
-120
-103
-111
-116
-123
-110
-57
-40
-65
-66
-19
6
51
71
73
94
115
127
127
169
218
243
213
196
209
250
281
270
248
227
216
218
219
227
235
195
163
134
138
139
129
150
138
95
21
20
49
79
93
60
41
41
60
83
118
153
136
119
136
176
202
219
235
251
282
275
279
294
293
306
321
315
279
233
236
244
236
207
140
114
103
71
36
24
16
-35
-93
-106
-99
-85
-96
-141
-145
-100
-98
-99
-101
-48
3
13
-4
9
54
102
112
102
144
166
166
149
141
171
187
169
123
104
121
135
113
57
28
18
41
25
-16
-30
-41
-28
-33
-21
-17
-26
-46
-53
-6
44
55
5
12
37
94
106
69
74
93
115
106
125
123
133
127
124
136
128
128
116
124
134
124
106
101
84
73
78
102
78
37
50
64
58
61
57
34
54
56
41
54
77
66
52
63
105
95
115
148
138
138
135
165
182
208
223
214
207
205
207
226
274
274
249
230
223
246
256
257
254
231
192
174
174
181
179
173
156
117
104
103
124
135
131
104
97
105
108
130
158
161
141
151
187
232
261
258
238
262
300
307
318
327
342
368
356
338
312
320
339
328
315
287
243
206
197
185
167
133
86
54
50
54
46
11
18
20
15
11
3
2
32
53
64
49
51
88
88
104
135
179
181
190
190
225
266
277
273
271
318
320
299
323
363
368
342
331
339
367
358
330
303
306
312
289
244
233
247
243
203
189
184
172
196
182
160
166
185
196
195
209
220
244
280
295
293
305
350
374
377
418
466
448
431
440
447
467
461
426
400
383
374
344
345
354
303
233
180
177
186
180
134
91
60
34
16
8
27
49
33
22
1
-1
47
105
150
159
127
100
143
185
263
289
277
272
254
290
352
377
356
344
350
359
346
340
363
390
373
363
325
331
343
330
344
344
334
318
291
295
316
320
303
288
291
309
297
283
301
335
343
344
337
352
390
391
397
410
461
470
472
488
480
501
504
513
514
510
515
479
486
505
493
454
442
438
419
406
380
370
357
314
294
298
292
275
248
249
248
233
232
256
267
258
233
237
260
284
305
321
336
323
320
322
355
387
395
379
363
373
389
395
420
437
433
433
432
431
442
432
441
456
459
446
425
448
457
451
450
464
455
441
436
442
461
497
480
451
457
474
476
473
502
515
515
506
532
544
569
580
581
590
590
593
593
611
617
594
579
568
591
568
553
553
526
500
471
475
470
461
448
410
398
406
407
398
420
420
392
385
400
412
437
457
451
446
469
490
498
507
527
551
568
559
539
547
566
599
611
592
572
581
592
615
622
614
610
605
590
596
611
593
592
598
590
600
594
570
583
606
614
600
603
602
614
611
610
615
631
644
635
638
650
658
650
638
646
665
656
643
623
627
626
602
588
598
596
577
551
539
550
533
514
526
533
508
486
478
475
480
480
479
463
477
471
457
464
480
499
487
512
525
486
503
554
561
559
550
536
534
548
568
579
577
571
560
554
562
568
578
573
578
581
578
568
568
590
591
589
586
581
570
588
607
598
606
591
606
617
642
665
674
689
688
699
740
765
774
753
751
770
794
810
806
808
808
796
787
800
800
800
768
743
736
735
708
687
677
680
660
633
605
580
583
585
566
552
552
534
530
522
528
534
526
525
549
572
554
552
567
593
611
612
622
633
618
629
652
683
691
668
665
679
700
699
687
668
669
668
651
650
635
632
648
636
611
582
576
600
618
592
575
579
579
582
589
602
622
625
605
610
640
687
713
720
705
714
758
765
778
804
824
815
789
804
821
818
809
798
773
758
744
726
723
724
705
663
654
647
623
593
602
599
576
554
536
535
548
575
553
547
552
544
530
550
578
577
567
580
579
585
602
634
649
636
637
627
634
646
648
652
669
668
647
641
645
650
649
632
606
591
577
569
561
536
524
503
484
460
450
450
444
423
406
408
409
408
408
428
435
435
420
436
464
492
512
525
523
521
565
593
607
590
595
605
597
596
594
594
577
565
545
538
536
498
472
454
458
449
415
407
410
397
389
355
358
368
368
379
372
374
393
411
433
454
458
482
500
503
538
565
593
613
605
610
619
646
661
668
674
663
647
636
654
660
657
634
605
592
596
604
558
525
525
517
492
475
486
479
463
419
413
413
411
410
416
443
433
434
447
459
478
478
489
491
505
507
518
544
548
551
547
537
536
565
562
537
526
512
516
529
504
492
482
477
471
449
439
435
431
416
399
409
412
406
402
394
394
392
396
384
394
392
399
416
415
431
431
448
466
470
484
517
544
548
543
558
572
594
606
610
612
609
606
604
610
617
617
590
571
554
553
563
557
522
502
496
484
496
482
489
479
476
484
475
486
496
511
526
532
532
539
551
568
590
594
591
592
582
600
629
637
624
606
593
614
626
622
620
587
581
580
584
583
552
556
545
536
533
510
506
507
508
488
477
463
469
475
469
449
449
462
464
474
475
492
484
507
529
530
560
575
592
604
615
635
656
658
669
690
706
700
710
721
713
699
684
692
684
676
652
635
635
613
593
591
568
557
549
526
523
511
513
517
525
519
515
515
526
550
557
558
556
558
565
568
568
583
593
581
575
576
562
566
565
563
554
533
511
522
523
513
496
467
456
466
462
461
450
437
437
433
431
423
428
447
458
433
434
442
450
468
481
476
474
486
497
515
527
536
543
535
537
537
554
582
585
584
586
594
600
590
578
577
577
571
551
528
536
536
528
530
515
517
504
500
515
521
513
500
497
500
515
532
506
495
494
511
536
542
537
526
529
541
535
545
554
538
536
516
527
536
533
510
499
495
476
470
455
467
449
433
426
407
419
408
395
400
405
393
364
366
367
382
387
381
374
376
391
406
422
429
445
445
464
492
503
516
544
567
563
574
577
611
630
628
633
612
617
623
605
605
623
597
588
587
577
575
572
580
575
571
570
561
570
590
572
559
546
549
563
568
565
559
555
557
560
558
559
544
545
555
552
545
544
541
540
541
546
533
511
497
520
527
519
499
490
482
458
453
440
441
438
431
411
402
400
393
399
392
376
378
368
355
348
361
372
372
365
361
364
371
379
384
389
390
388
394
408
437
420
408
439
449
463
444
431
444
454
442
440
435
434
421
408
426
432
442
445
419
417
433
453
448
443
458
463
464
469
486
499
511
509
512
507
522
527
520
519
518
512
516
507
505
534
538
511
496
501
505
502
491
477
463
457
445
452
448
444
447
438
432
424
424
433
444
439
418
414
435
454
440
428
437
433
440
435
439
461
461
469
465
473
474
472
474
466
475
470
459
455
451
447
442
431
429
432
439
408
395
397
392
400
399
380
375
370
372
377
382
394
392
390
399
420
405
416
427
429
441
449
457
455
455
451
449
450
456
455
461
452
455
452
446
450
446
445
444
429
411
418
420
419
423
413
402
395
397
385
380
385
373
362
349
359
372
374
362
359
358
371
373
372
383
385
382
379
392
388
407
397
404
425
416
403
398
403
409
392
377
378
387
394
372
349
339
348
350
334
328
305
301
306
299
310
310
296
284
285
309
293
286
290
298
297
290
298
305
310
324
330
329
330
329
335
331
338
337
325
313
318
317
307
314
300
289
297
282
265
262
263
261
251
238
234
210
202
209
189
184
188
175
162
161
170
179
171
165
176
177
172
197
209
206
207
218
239
247
247
226
240
251
257
245
214
230
235
217
207
200
184
182
183
164
141
132
124
115
119
127
116
107
86
89
97
100
102
110
135
148
149
154
172
186
194
198
214
225
218
219
240
251
255
255
246
245
247
243
231
239
238
227
213
197
193
194
185
161
158
135
126
117
94
83
79
81
70
51
32
21
36
52
53
58
48
52
77
90
98
112
113
125
150
154
158
168
193
207
207
205
204
209
225
213
208
205
194
176
169
163
158
154
127
94
83
95
76
61
51
43
38
29
20
14
30
39
23
17
28
37
61
62
49
57
75
87
102
115
126
127
117
132
142
152
147
148
155
155
171
153
144
152
150
140
126
115
117
114
99
71
71
80
66
51
35
33
41
33
16
17
25
10
-3
4
7
2
2
16
20
12
17
37
50
57
63
68
72
79
88
99
100
109
111
105
105
103
114
123
114
106
87
88
90
94
93
82
65
52
54
57
56
39
35
26
27
41
41
35
44
35
23
23
37
36
31
29
42
51
52
45
55
73
51
46
42
37
46
67
68
57
49
66
77
78
86
71
79
79
76
74
64
61
64
62
57
56
48
37
43
42
43
52
47
63
61
68
78
82
96
108
105
98
114
135
158
151
148
162
184
181
355
305
314
630
489
95
230
573
215
-32
409
620
132
33
354
409
100
302
769
567
84
138
530
529
483
628
513
167
311
586
426
174
394
476
148
97
567
594
246
391
584
175
-72
615
813
83
-189
259
346
-13
72
546
358
-77
-23
399
552
128
98
423
412
-103
87
633
346
-117
120
334
2
4
545
311
-52
12
274
162
256
388
291
194
249
211
-8
206
302
219
-118
77
357
33
-231
113
526
115
-241
216
572
26
-176
317
329
50
19
440
195
75
192
311
222
86
214
352
484
166
-72
285
525
-53
20
575
378
-383
8
554
94
-258
173
533
-319
-253
550
366
-454
9
619
-18
-527
266
667
-256
-299
205
492
-269
-350
321
511
-207
-206
255
244
-244
66
348
7
-193
266
429
-171
-31
422
164
-322
123
487
280
-34
111
49
-41
86
381
212
18
112
73
-46
214
378
138
150
133
-12
137
542
253
-196
-17
322
269
69
266
414
196
-305
55
323
255
259
258
-123
-44
331
95
168
250
-22
116
369
4
-90
623
498
-176
-75
451
500
194
137
367
378
108
39
261
434
335
156
-6
207
214
-25
255
319
-168
-190
521
264
-285
-26
479
8
-648
69
484
102
-200
5
118
-35
-291
-74
476
348
-138
-132
143
78
106
307
-80
-30
207
196
235
166
199
82
54
67
73
465
557
-6
-328
20
292
319
157
179
36
56
21
-188
117
407
207
-304
96
256
-74
-16
158
39
99
345
21
-4
528
377
-443
-226
554
376
68
391
351
-148
-165
329
174
91
262
418
40
-296
-76
318
210
-224
-209
396
312
-311
-145
293
-82
-618
-109
435
193
-159
-79
35
-306
-503
-46
418
159
-264
-56
68
-346
-372
160
237
-153
-211
143
111
-33
2
-121
-218
7
174
-60
98
373
-122
-460
0
149
-210
-21
432
46
-390
-110
195
-72
-232
130
98
-172
-71
69
103
99
-37
-149
16
78
-121
61
298
60
-167
53
232
-87
-116
125
144
99
88
122
54
-68
-21
81
123
159
8
-10
16
-29
-38
69
46
-123
-135
79
-52
-256
-95
106
6
-129
-22
-26
-144
-121
-97
4
52
-60
23
29
-152
-249
37
119
-225
-121
287
151
-378
-304
67
-13
-208
55
190
-40
-211
-80
-18
-173
-76
128
212
-47
-122
54
66
-179
-78
289
260
-39
-77
145
100
-105
-17
231
184
13
67
157
49
-1
56
90
0
31
205
164
12
9
146
121
-27
-9
159
203
-25
-28
145
88
-32
63
95
-12
51
124
26
26
136
85
-25
38
71
3
22
64
-47
-90
72
96
-27
22
101
-48
-171
-47
161
69
-119
12
116
-2
-106
20
17
-128
-16
159
139
-67
15
152
1
-154
2
293
133
-96
29
104
-44
-80
90
121
-15
75
197
19
-204
-72
167
125
-32
47
138
-13
-75
31
151
63
-11
58
3
-7
51
100
29
-106
32
145
79
-89
-68
-22
28
13
24
106
128
7
-178
-153
-9
131
100
48
37
-25
-65
-19
-1
-4
42
109
95
-22
-52
-9
6
-81
-64
29
43
30
-27
-51
-88
-105
-46
19
52
5
-22
-13
-117
-187
-103
62
95
-27
-103
-76
-94
-128
-62
13
-11
-47
-18
-66
-113
-73
5
-39
-118
-15
67
-2
-130
-114
-38
-58
-87
-20
23
3
-60
-84
-114
-133
-25
41
6
-25
-49
-31
-90
-128
-69
29
4
-74
-66
-40
-39
-74
-40
-61
-61
-34
-42
-25
-4
-45
-109
-71
-24
-56
-49
42
0
-153
-131
-37
-77
-108
-22
-16
-160
-216
-138
-127
-145
-161
-122
-113
-187
-193
-126
-120
-239
-245
-145
-141
-156
-94
-93
-198
-234
-156
-141
-147
-111
-34
-100
-207
-193
-152
-109
-76
-94
-97
-61
-84
-175
-218
-120
-1
-9
-66
-122
-137
-103
-96
-127
-112
-41
-59
-150
-163
-157
-110
-102
-149
-192
-133
-45
-118
-213
-258
-244
-218
-152
-160
-171
-170
-183
-294
-328
-231
-120
-127
-223
-215
-210
-246
-288
-239
-209
-219
-211
-195
-262
-332
-294
-205
-251
-285
-243
-218
-298
-324
-305
-287
-296
-297
-289
-363
-380
-368
-344
-395
-386
-344
-393
-413
-424
-409
-421
-413
-354
-356
-391
-373
-345
-372
-421
-366
-298
-302
-313
-339
-379
-390
-345
-347
-328
-261
-216
-276
-367
-423
-343
-276
-266
-275
-290
-308
-331
-323
-333
-374
-342
-279
-304
-347
-322
-285
-342
-422
-387
-324
-329
-336
-287
-339
-388
-355
-334
-369
-359
-301
-324
-368
-362
-341
-362
-346
-319
-318
-338
-354
-335
-321
-347
-362
-323
-298
-303
-288
-328
-370
-360
-310
-323
-342
-317
-285
-318
-350
-316
-290
-282
-354
-380
-340
-257
-274
-301
-289
-314
-355
-312
-238
-231
-239
-220
-240
-305
-281
-219
-150
-154
-192
-191
-191
-186
-194
-166
-129
-123
-160
-168
-146
-130
-123
-149
-158
-217
-178
-96
-125
-157
-156
-187
-231
-196
-125
-130
-171
-128
-166
-272
-257
-178
-159
-185
-162
-158
-172
-161
-141
-184
-179
-135
-107
-99
-95
-124
-170
-203
-170
-143
-119
-97
-66
-89
-149
-160
-156
-152
-138
-79
-73
-120
-167
-172
-174
-196
-196
-194
-191
-192
-190
-196
-197
-232
-244
-211
-142
-124
-142
-135
-159
-187
-160
-103
-91
-118
-119
-104
-77
-81
-79
-61
-48
-48
-52
-40
-23
14
5
-20
-62
-61
-44
-63
-37
-10
-39
-89
-80
-70
-75
-63
-44
-57
-70
-78
-78
-76
-110
-119
-95
-71
-88
-91
-85
-123
-163
-151
-132
-120
-75
-96
-129
-134
-142
-136
-134
-103
-87
-102
-112
-134
-138
-141
-148
-102
-93
-99
-105
-107
-138
-179
-185
-132
-98
-103
-111
-140
-142
-136
-146
-140
-131
-104
-109
-119
-118
-119
-117
-93
-80
-95
-94
-119
-129
-129
-101
-85
-62
-74
-88
-99
-73
-67
-85
-50
-23
5
-57
-73
-56
-64
-64
-65
-38
-25
-10
-28
-66
-76
-72
-73
-43
-52
-47
-50
-69
-112
-145
-95
-77
-94
-83
-50
-85
-154
-120
-74
-88
-117
-98
-87
-106
-112
-78
-47
-75
-93
-93
-80
-94
-66
-46
-66
-94
-101
-76
-109
-124
-103
-75
-100
-116
-96
-125
-133
-133
-133
-157
-151
-108
-84
-103
-112
-95
-90
-93
-106
-93
-58
-26
7
3
-31
-7
9
28
67
108
103
74
98
105
104
114
157
144
74
75
145
136
71
106
112
77
85
155
134
79
96
114
74
66
125
165
117
66
86
91
90
119
132
82
41
84
129
108
142
152
105
39
56
133
174
170
164
144
103
117
139
165
136
142
158
160
147
166
180
144
117
131
123
107
145
160
142
113
127
126
97
107
148
176
124
87
132
141
124
141
165
137
109
145
173
158
166
200
187
154
151
186
199
189
181
135
167
187
187
190
182
175
140
134
142
134
179
227
197
126
72
88
98
115
173
212
176
104
96
130
158
141
139
162
150
169
208
200
109
67
165
225
173
164
186
140
59
76
134
162
186
191
119
51
79
112
111
105
132
165
138
116
116
108
105
88
107
116
143
175
150
97
58
85
99
116
163
195
171
152
147
129
133
135
176
220
209
181
179
183
164
153
168
199
203
248
261
210
146
141
173
182
191
243
254
205
182
159
162
157
183
188
185
219
251
193
135
139
200
211
199
237
240
217
196
209
196
199
221
216
230
256
242
177
156
165
157
172
206
237
220
193
164
132
128
149
189
192
183
212
210
182
127
125
167
204
237
274
265
241
164
162
182
223
271
280
269
228
211
189
179
197
226
267
302
239
185
197
223
201
201
250
263
264
253
251
237
211
209
267
310
316
337
329
280
237
262
292
297
311
332
318
297
298
296
288
263
263
301
306
311
319
322
283
231
207
226
284
312
306
290
260
205
183
216
268
339
356
311
252
222
238
273
313
321
313
334
308
265
238
286
317
301
330
368
356
304
277
266
284
316
354
359
360
357
307
247
250
290
344
392
405
358
301
309
313
330
375
404
346
304
323
327
325
296
274
266
294
352
366
312
281
254
232
262
321
374
349
316
296
263
288
301
316
342
329
296
296
298
290
279
333
352
325
305
336
341
295
286
285
284
274
280
292
280
248
190
202
216
207
208
214
214
180
189
214
186
166
193
220
225
221
230
211
189
189
207
227
239
220
223
253
246
208
194
203
200
232
249
270
293
279
249
206
158
168
241
292
313
305
268
217
174
178
209
255
289
265
221
216
213
206
177
180
228
250
259
262
255
204
147
152
195
232
260
273
261
191
158
185
229
242
261
268
243
207
199
200
190
213
221
207
197
188
172
148
119
131
136
150
188
198
158
121
120
139
116
115
176
227
204
184
190
164
136
125
166
229
229
213
226
165
120
131
174
203
230
280
277
197
146
156
185
200
239
297
293
235
195
183
161
172
214
248
269
271
211
155
155
159
185
246
267
243
209
212
203
191
209
236
260
252
271
265
253
226
232
239
235
278
315
290
243
234
252
251
241
253
274
247
196
184
192
194
175
149
131
117
109
130
142
114
99
77
73
80
86
114
116
100
77
79
125
114
105
125
147
123
118
164
165
122
125
169
177
169
186
197
173
142
153
166
162
169
190
178
116
113
136
140
116
112
131
130
136
138
116
84
64
71
113
150
174
177
151
74
45
125
158
176
193
184
156
120
136
146
150
166
200
213
192
173
149
131
128
152
171
187
195
175
158
114
119
152
145
138
158
161
130
113
115
116
100
108
105
93
92
114
141
138
125
123
93
68
94
135
169
143
140
136
123
102
119
157
139
137
147
158
140
127
120
101
118
148
196
212
176
131
144
145
141
174
219
216
170
163
152
156
159
185
194
175
210
212
181
157
164
152
147
191
190
162
151
157
128
87
127
176
177
147
143
146
109
94
106
123
129
117
101
84
59
60
76
70
51
41
69
66
48
37
34
21
10
34
53
57
73
65
58
55
43
45
44
74
69
62
71
45
30
25
31
31
46
66
67
45
40
45
46
23
37
74
71
60
62
40
28
33
37
41
49
71
55
34
11
9
15
32
73
88
76
42
20
23
30
42
57
75
50
38
48
25
10
25
37
39
56
66
46
18
2
6
12
26
55
41
23
14
3
-9
-6
0
11
19
4
20
0
-13
-21
-18
-35
-40
-20
-6
-40
-64
-34
-49
-63
-54
-25
-44
-63
-54
-45
-43
-47
-14
-11
-34
-35
-39
-32
-26
-24
-13
-1
12
0
-24
-15
-2
-11
-32
-19
-7
-38
-41
-27
-28
-47
-47
-46
-62
-65
-71
-65
-64
-55
-54
-36
-50
-94
-103
-83
-50
-57
-23
-30
-60
-72
-79
-64
-61
-88
-78
-71
-69
-72
-84
-108
-140
-137
-119
-112
-122
-131
-125
-145
-187
-196
-179
-172
-149
-150
-172
-168
-171
-186
-199
-165
-163
-168
-150
-121
-118
-125
-134
-155
-140
-101
-66
-53
-45
-70
-97
-103
-86
-59
-53
-59
-60
-80
-89
-78
-80
-79
-87
-88
-78
-51
-68
-91
-89
-84
-82
-71
-56
-64
-77
-83
-91
-97
-82
-71
-54
-48
-69
-86
-91
-91
-59
-62
-49
-56
-53
-34
-56
-79
-75
-60
-67
-63
-51
-38
-46
-74
-87
-80
-88
-71
-44
-29
-44
-64
-79
-67
-67
-70
-52
-51
-76
-103
-94
-106
-98
-90
-87
-88
-77
-83
-105
-116
-130
-142
-127
-106
-86
-71
-68
-94
-131
-147
-117
-81
-77
-48
-39
-54
-82
-83
-83
-69
-31
-23
-6
-13
-22
-28
-47
-52
-36
3
16
-2
-27
-35
-31
-35
-52
-49
-19
3
11
-3
-18
-35
-27
-27
-31
-16
-9
-3
-14
-20
-10
-17
-14
3
-6
-14
-4
6
-12
-39
-44
-29
-32
-42
-34
-19
-17
-54
-53
-42
-61
-63
-52
-58
-79
-82
-63
-67
-75
-82
-106
-111
-89
-70
-77
-74
-83
-104
-113
-94
-91
-112
-92
-83
-86
-85
-77
-77
-105
-118
-110
-86
-58
-54
-65
-67
-68
-78
-90
-84
-82
-67
-49
-65
-79
-78
-65
-87
-115
-113
-92
-79
-84
-67
-41
-63
-89
-92
-86
-70
-44
-28
-36
-53
-57
-71
-88
-97
-84
-48
-46
-66
-64
-71
-109
-120
-101
-80
-68
-69
-51
-64
-98
-103
-91
-91
-87
-74
-62
-87
-106
-101
-104
-117
-141
-131
-116
-119
-132
-120
-133
-158
-175
-162
-135
-134
-142
-127
-142
-163
-159
-154
-154
-149
-141
-142
-140
-159
-158
-135
-134
-151
-151
-127
-114
-143
-130
-118
-140
-151
-132
-86
-90
-111
-134
-139
-146
-137
-127
-96
-92
-122
-133
-122
-126
-156
-109
-74
-82
-105
-95
-102
-129
-129
-101
-79
-92
-88
-77
-89
-131
-157
-157
-139
-118
-113
-111
-124
-146
-162
-154
-141
-151
-137
-103
-112
-146
-152
-150
-153
-152
-151
-143
-126
-113
-124
-151
-174
-178
-172
-163
-153
-153
-163
-196
-218
-238
-224
-205
-193
-170
-180
-191
-189
-187
-217
-237
-219
-177
-164
-167
-164
-189
-229
-225
-201
-152
-131
-127
-153
-177
-192
-195
-168
-162
-130
-137
-159
-135
-145
-176
-179
-161
-156
-155
-158
-161
-182
-188
-200
-212
-197
-178
-154
-173
-182
-199
-207
-209
-198
-190
-179
-167
-181
-197
-205
-184
-192
-204
-202
-178
-171
-191
-209
-208
-219
-232
-241
-225
-217
-216
-219
-214
-241
-264
-234
-242
-254
-259
-228
-221
-248
-264
-263
-257
-258
-262
-261
-262
-259
-256
-241
-237
-237
-240
-240
-238
-235
-237
-228
-237
-250
-241
-236
-228
-237
-238
-238
-241
-259
-274
-266
-246
-243
-248
-269
-275
-282
-292
-279
-260
-261
-279
-276
-285
-275
-266
-255
-263
-287
-276
-267
-256
-268
-284
-271
-267
-284
-267
-256
-269
-279
-290
-278
-286
-286
-257
-273
-303
-312
-284
-279
-285
-277
-271
-270
-291
-292
-285
-278
-276
-271
-275
-296
-288
-269
-269
-277
-291
-295
-290
-286
-274
-275
-287
-302
-307
-293
-299
-303
-304
-306
-316
-327
-299
-294
-319
-325
-316
-312
-309
-299
-290
-306
-304
-300
-300
-293
-283
-267
-271
-282
-288
-280
-270
-272
-261
-242
-238
-251
-265
-253
-252
-248
-245
-229
-222
-225
-221
-233
-258
-254
-234
-216
-196
-197
-190
-195
-204
-215
-211
-189
-180
-177
-171
-194
-209
-199
-209
-209
-203
-190
-187
-187
-187
-203
-205
-195
-193
-194
-181
-161
-160
-154
-171
-186
-168
-161
-164
-158
-151
-157
-181
-205
-200
-215
-213
-198
-210
-214
-204
-205
-222
-233
-242
-238
-232
-222
-227
-236
-239
-266
-288
-284
-263
-249
-241
-240
-266
-269
-273
-284
-276
-261
-248
-251
-240
-238
-234
-261
-276
-272
-264
-264
-255
-244
-259
-273
-293
-295
-304
-278
-263
-268
-277
-263
-264
-277
-288
-288
-277
-287
-291
-274
-293
-301
-306
-322
-314
-302
-288
-291
-298
-311
-306
-309
-315
-310
-308
-288
-302
-316
-317
-327
-331
-324
-320
-317
-309
-289
-296
-312
-316
-310
-299
-294
-302
-295
-290
-304
-310
-305
-300
-320
-317
-312
-308
-301
-290
-307
-309
-324
-316
-280
-288
-284
-292
-289
-290
-300
-300
-312
-289
-295
-279
-279
-293
-291
-308
-314
-322
-310
-307
-302
-310
-327
-337
-335
-344
-335
-357
-351
-328
-330
-344
-357
-355
-356
-351
-363
-351
-343
-346
-351
-359
-358
-355
-335
-334
-351
-349
-345
-335
-335
-339
-339
-336
-347
-356
-346
-343
-342
-350
-356
-363
-348
-356
-353
-345
-363
-359
-354
-376
-365
-369
-364
-363
-375
-370
-375
-375
-389
-390
-391
-393
-371
-384
-390
-386
-384
-388
-387
-376
-369
-368
-373
-376
-386
-377
-370
-371
-361
-357
-357
-356
-351
-353
-372
-352
-335
-340
-335
-324
-325
-344
-352
-343
-343
-347
-333
-335
-337
-347
-353
-344
-354
-342
-336
-337
-333
-343
-341
-339
-342
-358
-349
-354
-353
-365
-371
-363
-369
-364
-366
-368
-373
-373
-380
-373
-372
-370
-362
-350
-358
-356
-345
-352
-351
-339
-332
-335
-330
-324
-333
-332
-325
-321
-323
-325
-320
-325
-315
-320
-311
-310
-308
-304
-302
-288
-280
-292
-289
-288
-283
-280
-274
-265
-258
-250
-241
-245
-243
-232
-243
-226
-217
-211
-212
-211
-217
-209
-206
-206
-191
-172
-176
-185
-179
-193
-183
-184
-182
-179
-172
-179
-176
-167
-177
-187
-181
-179
-190
-178
-177
-189
-188
-172
-175
-172
-175
-168
-151
-157
-156
-163
-168
-173
-181
-168
-173
-177
-159
-160
-171
-171
-163
-161
-180
-172
-168
-167
-185
-176
-161
-173
-164
-158
-155
-156
-156
-138
-132
-137
-137
-119
-122
-134
-137
-134
-125
-127
-123
-121
-112
-123
-118
-116
-121
-123
-129
-119
-124
-139
-133
-134
-143
-140
-131
-119
-115
-120
-126
-120
-112
-116
-117
-116
-109
-119
-128
-123
-128
-125
-119
-110
-92
-87
-83
-84
-88
-91
-97
-77
-74
-79
-84
-94
-87
-93
-100
-92
-72
-84
-91
-85
-89
-99
-101
-97
-93
-92
-85
-78
-81
-92
-94
-82
-74
-59
-57
-49
-62
-63
-57
-67
-64
-50
-45
-50
-51
-59
-60
-56
-52
-57
-45
-52
-60
-50
-53
-41
-59
-47
-43
-45
-32
-29
-22
-31
-23
-27
-32
-19
-12
-19
-13
-20
-14
-6
-10
-1
-1
6
8
22
30
19
21
27
32
28
22
33
37
33
37
44
36
42
47
58
46
33
44
38
43
47
46
55
60
60
52
55
59
62
56
61
60
67
68
48
46
47
55
47
47
53
37
41
45
39
35
32
35
33
38
37
42
51
53
62
46
52
61
60
66
62
66
68
71
73
71
73
79
75
87
83
89
84
83
91
89
81
76
80
82
81
81
97
98
102
107
113
114
119
123
112
116
122
117
121
126
120
124
127
128
128
124
139
148
150
145
150
163
154
159
168
177
183
174
165
169
171
162
157
154
148
135
142
131
130
132
117
129
119
116
116
116
105
106
111
116
113
107
119
118
115
117
128
139
137
139
127
132
134
136
133
124
129
124
135
142
140
138
140
146
141
150
152
154
144
143
146
154
150
159
160
157
169
158
171
172
168
168
169
179
180
187
182
188
189
198
200
197
202
200
203
203
186
192
191
176
181
180
177
180
178
170
162
164
151
165
171
166
176
168
173
166
161
155
157
169
159
151
150
148
150
135
128
137
138
137
135
142
144
138
145
140
143
149
152
159
151
160
159
165
167
178
187
192
187
173
198
191
194
203
198
203
213
217
217
205
208
208
200
196
207
213
191
195
197
197
206
201
210
213
222
215
218
221
221
224
225
230
228
234
230
234
231
236
232
229
244
247
238
240
228
236
243
247
260
253
249
244
250
258
254
251
252
252
259
249
261
258
270
265
256
257
248
257
256
267
279
265
262
266
261
262
262
260
266
265
261
267
261
250
247
267
255
254
260
257
264
255
258
260
266
258
269
274
269
267
269
266
263
276
275
283
273
270
268
277
272
263
273
271
267
272
282
285
278
284
292
290
290
294
297
303
299
303
316
323
321
322
321
323
322
317
325
323
320
313
319
318
312
299
302
303
311
308
300
310
302
317
302
304
302
308
313
308
305
306
313
308
314
316
321
310
313
317
319
329
330
334
328
330
321
325
324
314
323
322
314
313
302
310
307
301
292
281
270
272
263
257
267
261
262
259
259
253
245
235
238
239
240
232
217
222
223
210
216
209
206
201
198
212
195
189
195
193
187
173
180
172
171
175
165
167
151
147
142
145
134
130
129
120
129
116
119
126
128
120
113
119
120
116
118
128
117
126
130
124
126
133
127
122
133
118
124
113
114
121
114
121
115
108
100
103
106
104
97
89
87
89
87
89
86
87
82
80
80
74
76
72
69
63
58
55
54
54
57
63
49
48
55
54
59
67
69
78
77
75
81
63
53
63
66
62
63
65
50
59
52
56
59
45
37
39
33
30
36
38
38
30
33
25
34
31
22
21
27
37
28
33
38
26
19
21
33
33
40
53
52
58
60
64
55
66
73
75
77
79
90
87
85
83
90
89
85
98
106
92
96
105
101
106
101
99
99
92
96
94
90
84
81
86
95
98
90
87
78
85
88
75
81
86
84
73
84
83
78
75
73
63
60
75
72
62
58
54
50
56
65
59
58
52
43
56
47
51
48
47
40
32
35
32
29
22
17
19
16
15
31
31
20
17
21
23
27
19
27
26
28
29
22
21
24
22
25
21
8
19
28
32
30
24
28
19
9
22
20
15
18
20
25
13
15
32
30
12
16
12
-1
7
15
19
6
13
12
10
6
3
13
0
0
0
12
18
7
4
13
8
9
8
13
4
-10
-12
-11
-10
-8
-3
3
-4
-6
-10
-17
-10
-24
-11
-21
-24
-9
-13
-11
-5
-9
-9
-1
-12
-8
-8
-4
-1
3
5
-3
0
1
-6
-1
2
9
3
6
11
16
9
11
17
25
18
26
42
43
32
48
44
28
38
36
38
35
38
61
56
43
58
68
72
69
72
75
68
69
71
73
72
76
69
68
63
71
72
66
70
75
74
65
79
76
76
79
82
84
80
82
85
75
81
82
91
97
97
107
105
105
107
107
113
116
116
118
127
126
121
125
123
119
120
129
135
137
143
151
148
148
148
151
153
143
158
154
141
148
146
154
150
140
147
151
158
156
156
150
152
150
151
159
150
152
163
159
159
158
157
161
162
163
155
166
168
168
178
176
162
164
160
158
159
150
146
146
132
144
149
131
126
125
120
116
111
118
112
106
106
103
96
87
90
86
86
76
74
70
63
66
65
54
62
76
66
62
62
77
76
67
68
61
67
73
72
71
75
76
74
87
87
83
91
97
98
94
101
96
99
104
93
93
87
105
96
107
109
104
103
96
106
95
99
101
110
98
106
116
101
111
110
101
102
100
106
100
99
107
109
109
117
119
118
116
117
122
106
124
125
129
121
111
135
120
130
129
128
127
128
126
113
120
122
116
115
117
110
109
106
110
106
113
117
112
120
120
126
123
140
139
128
142
136
135
126
123
140
136
130
149
153
154
154
156
161
154
162
162
172
167
166
170
165
168
163
152
152
161
157
151
151
158
162
159
161
146
152
163
157
156
163
156
159
160
161
162
158
161
157
160
158
154
158
174
176
171
171
172
171
174
174
185
180
182
182
180
183
175
180
176
175
168
165
163
157
155
149
145
160
143
142
145
136
143
137
131
130
136
130
128
127
125
126
132
135
127
139
136
136
125
135
128
133
127
127
130
127
123
114
126
121
118
113
119
116
108
106
104
97
99
106
102
90
97
105
100
94
78
88
83
70
74
72
65
63
63
69
69
61
55
50
55
55
55
49
54
50
57
47
57
63
55
67
64
59
59
63
69
77
62
63
66
63
65
54
55
53
50
41
38
37
29
30
39
42
38
41
43
39
43
41
35
38
43
38
35
36
29
31
27
22
29
24
31
32
33
29
23
25
26
26
26
32
29
23
22
33
35
35
32
22
27
26
25
28
21
19
20
18
19
30
26
17
22
18
7
23
19
22
39
29
31
31
39
37
37
50
54
62
54
57
60
60
62
60
61
59
62
61
65
64
65
66
65
67
71
73
63
66
60
69
63
58
53
60
65
61
67
57
61
58
55
62
51
48
55
57
51
48
60
52
46
52
43
51
52
50
57
65
69
60
68
74
71
76
77
73
75
75
82
73
79
75
68
74
65
80
64
56
56
47
49
54
54
52
58
43
44
43
39
34
38
41
22
29
25
24
28
28
29
25
19
6
11
8
7
11
9
-1
-1
-2
-6
-4
-11
-11
-6
-7
-16
-20
-28
-28
-29
-31
-29
-35
-43
-35
-41
-40
-29
-35
-37
-38
-38
-30
-22
-19
-26
-20
-12
-22
-18
-19
-20
-14
-14
-14
-10
-9
2
-7
-7
-3
-10
-1
-6
-1
3
-3
2
4
-3
-3
-11
-3
-7
-3
-1
-8
10
10
4
3
-7
3
7
7
2
2
7
14
19
15
28
16
23
22
24
17
23
25
20
23
23
24
18
26
28
22
28
27
24
30
18
22
15
26
28
24
39
34
35
40
36
46
45
44
37
38
38
43
43
38
53
53
49
45
47
46
50
45
42
40
46
42
44
46
45
38
47
36
46
44
35
37
24
41
44
41
31
28
33
35
45
43
51
54
52
59
55
59
64
69
66
70
74
86
91
89
95
89
85
81
85
90
94
92
90
89
90
94
90
89
96
93
89
94
88
82
75
76
70
81
79
70
65
73
71
63
67
60
62
51
62
65
63
65
63
63
57
63
63
62
65
65
71
59
56
68
68
64
59
62
64
63
72
58
55
60
67
66
63
54
43
53
40
51
37
37
38
27
27
21
29
30
38
34
23
21
22
31
26
32
32
29
27
26
21
15
24
9
15
17
19
20
19
17
15
14
12
8
3
7
2
-9
-4
-6
-6
-7
-1
0
-7
-3
-3
-4
-4
-5
-8
-1
-3
-18
-14
-11
-16
-24
-24
-26
-38
-21
-28
-23
-28
-21
-17
-20
-21
-21
-22
-30
-27
-33
-18
-36
-36
-28
-37
-31
-39
-30
-30
-35
-21
-30
-41
-45
-42
-51
-51
-50
-43
-40
-52
-50
-45
-55
-59
-56
-62
-59
-62
-58
-54
-62
-56
-68
-75
-77
-56
-51
-68
-70
-71
-62
-75
-67
-60
-60
-62
-54
-61
-58
-53
-51
-55
-52
-40
-45
-44
-45
-22
-41
-43
-32
-36
-30
-34
-27
-30
-39
-36
-32
-28
-25
-23
-20
-20
-11
-15
-6
-5
-4
5
1
10
4
17
15
13
19
20
26
24
26
25
41
52
42
45
51
66
68
68
69
71
67
77
74
74
87
70
75
71
90
90
97
94
88
101
95
98
105
117
107
109
111
116
123
128
116
117
115
115
117
108
105
96
99
92
88
88
85
93
86
93
94
87
86
96
104
102
103
97
109
110
105
117
118
115
115
115
123
118
126
124
114
115
116
128
121
116
125
128
117
124
130
131
133
138
131
142
146
144
145
148
153
144
156
150
163
163
162
160
159
152
148
150
144
145
145
151
134
134
136
127
117
121
133
133
126
132
128
125
135
131
133
115
124
117
105
109
100
100
96
109
95
90
102
93
94
98
97
91
90
89
99
99
86
95
87
84
89
95
97
105
98
104
99
108
117
120
129
118
117
109
111
104
101
103
89
94
96
90
95
98
95
93
86
77
76
70
69
73
73
81
82
84
79
66
67
68
62
74
60
60
67
61
62
63
72
62
74
83
80
77
65
79
66
78
74
78
76
81
81
75
78
67
87
83
85
67
81
88
90
97
87
87
81
77
86
86
87
90
91
93
102
119
110
117
114
125
126
133
136
140
153
145
158
150
164
156
158
166
156
175
177
182
177
180
176
177
185
195
198
188
198
204
203
193
207
214
214
219
231
230
237
230
235
232
232
232
227
233
225
244
249
255
244
246
238
254
251
258
254
263
255
250
269
251
268
252
275
248
269
260
253
254
243
260
240
262
248
261
255
244
250
260
264
255
265
250
239
239
238
232
228
222
229
224
228
221
223
226
218
212
213
225
228
217
217
219
222
226
226
232
228
233
237
236
233
237
235
238
240
235
239
242
243
249
256
248
241
249
241
236
242
238
241
242
240
251
249
252
249
251
253
246
241
245
254
229
238
227
246
246
