SAMPLES:	8513
BITSPERSAMPLE:	16
CHANNELS:	1
SAMPLERATE:	16000
NORMALIZED:	FALSE
-252
-262
-296
-306
-267
-211
-212
-231
-207
-158
-117
-107
-104
-98
-62
-20
-13
-19
-22
13
30
28
9
-6
12
20
-5
-46
-72
-89
-99
-115
-159
-203
-201
-200
-198
-220
-241
-238
-219
-222
-248
-242
-205
-178
-174
-178
-169
-110
-72
-49
-31
0
66
119
133
130
150
180
177
157
139
144
153
138
128
127
121
95
69
59
48
44
21
3
-16
-21
-11
-41
-42
-3
45
52
41
47
85
108
120
124
140
174
191
200
204
210
218
248
252
228
215
205
199
212
224
234
213
192
195
180
153
119
121
111
109
119
119
125
132
131
121
110
110
107
111
104
126
158
171
184
204
220
246
266
257
250
268
277
278
264
256
252
266
274
247
214
206
196
147
140
149
145
143
151
128
113
120
124
97
77
94
95
103
122
147
162
197
219
223
238
264
295
290
307
319
326
346
362
363
342
361
360
335
322
320
295
268
247
236
210
186
186
158
141
138
134
103
80
76
77
64
55
67
77
86
99
86
91
125
149
167
178
204
238
253
253
273
288
304
317
316
313
306
316
298
271
254
252
229
201
172
159
153
131
105
82
64
48
51
45
27
16
-1
16
32
39
59
72
73
93
124
133
129
131
153
165
169
172
201
213
206
210
195
185
185
182
180
160
154
155
160
133
106
114
92
64
53
59
68
82
92
100
100
114
126
116
117
124
147
138
147
178
191
191
187
218
245
240
242
271
271
267
275
274
264
269
247
251
231
215
210
195
180
148
144
150
136
116
122
119
119
118
124
107
106
135
142
157
154
176
172
188
211
214
199
224
252
233
233
240
221
213
238
241
212
188
194
200
189
151
157
136
134
122
108
85
58
75
80
81
65
70
89
84
104
104
108
122
118
124
128
110
98
131
135
141
140
139
137
147
148
122
94
92
90
92
85
71
57
24
51
59
27
1
-5
-3
-14
-13
-20
-28
-2
10
7
-7
-9
17
27
38
43
35
44
62
78
55
59
70
59
64
67
78
63
24
23
25
-7
-23
-33
-33
-64
-74
-80
-94
-102
-111
-125
-134
-166
-180
-149
-139
-163
-179
-172
-151
-149
-150
-124
-150
-171
-146
-108
-112
-116
-86
-58
-64
-55
-40
-42
-44
-46
-68
-102
-93
-78
-76
-72
-85
-100
-108
-114
-122
-138
-149
-140
-147
-143
-137
-144
-147
-133
-140
-153
-119
-118
-113
-88
-71
-74
-59
-48
-41
-25
-13
5
3
24
35
36
73
83
71
101
108
92
87
91
106
97
81
68
72
72
65
61
55
62
46
49
61
47
59
86
75
65
80
103
106
104
109
127
149
143
141
141
134
142
139
125
146
165
154
140
153
163
143
134
129
129
125
131
135
126
127
164
163
139
141
154
142
146
162
168
158
170
179
153
165
162
135
135
147
136
109
105
115
108
115
96
85
83
81
73
52
50
32
20
7
10
15
18
9
-10
10
17
-1
-15
-24
-42
-44
-61
-61
-57
-55
-49
-25
-29
-36
-38
-26
-16
-51
-62
-62
-71
-85
-83
-97
-125
-124
-120
-136
-142
-148
-142
-166
-181
-197
-213
-242
-262
-257
-263
-240
-245
-238
-230
-230
-223
-230
-238
-223
-229
-237
-225
-225
-224
-217
-217
-206
-214
-216
-230
-242
-239
-236
-250
-281
-274
-278
-280
-301
-301
-297
-314
-321
-320
-339
-346
-326
-337
-337
-337
-314
-310
-297
-276
-274
-269
-234
-234
-254
-242
-214
-192
-170
-151
-136
-123
-120
-106
-110
-81
-69
-71
-68
-55
-40
-32
-23
-29
-32
-32
-35
-41
-49
-63
-61
-51
-64
-64
-50
-44
-36
-44
-26
-10
-23
-14
28
60
53
66
103
111
104
122
158
158
179
182
168
184
208
228
205
194
195
174
151
161
145
123
124
118
109
85
84
77
40
40
41
9
0
9
-26
-32
-7
3
-13
6
-7
-23
-6
4
11
5
24
45
35
32
52
56
47
31
46
38
44
56
60
50
51
53
41
40
26
3
-13
-28
-54
-69
-67
-66
-74
-69
-71
-84
-91
-98
-89
-79
-100
-85
-72
-71
-76
-80
-47
-52
-56
-46
-46
-50
-37
-17
-17
-21
-18
-23
-39
-50
-67
-61
-65
-68
-100
-93
-70
-104
-133
-130
-116
-136
-125
-120
-147
-160
-157
-187
-224
-210
-204
-223
-214
-200
-212
-208
-210
-258
-265
-280
-311
-324
-336
-343
-367
-375
-395
-407
-439
-469
-475
-473
-505
-558
-554
-534
-545
-552
-521
-500
-522
-512
-497
-478
-450
-431
-408
-370
-361
-333
-287
-283
-285
-277
-271
-280
-277
-268
-295
-323
-306
-321
-365
-384
-385
-431
-455
-450
-477
-504
-508
-487
-481
-504
-499
-466
-441
-457
-453
-429
-422
-418
-397
-392
-398
-390
-349
-324
-340
-316
-291
-266
-239
-226
-225
-205
-169
-169
-160
-112
-60
-63
-56
-27
-46
-34
4
11
3
14
48
28
21
50
34
32
34
37
36
33
59
62
35
52
53
57
75
75
86
88
108
110
107
111
109
84
96
103
79
88
95
91
77
94
82
63
75
64
28
2
18
6
-11
-2
-4
-29
-1
16
-3
-4
7
-7
-15
-8
-26
-16
6
7
-10
16
25
34
47
40
51
74
56
39
76
82
61
85
104
66
40
58
56
16
-4
13
-3
-50
-33
-23
-64
-78
-44
-56
-86
-90
-79
-89
-107
-117
-95
-82
-74
-65
-56
-44
-37
-27
-15
-17
-13
6
13
34
29
47
51
48
41
39
41
12
27
47
39
38
37
9
12
17
14
33
50
32
35
29
16
16
43
82
77
80
101
84
103
138
138
127
149
166
176
184
205
222
212
241
251
246
262
266
254
254
247
248
249
246
244
200
202
191
171
163
167
178
170
163
146
149
136
145
142
157
157
153
172
175
173
183
186
206
209
219
248
237
218
225
228
203
202
217
210
200
188
174
162
169
159
132
139
121
100
120
124
96
107
120
126
91
110
156
140
128
144
153
158
174
177
178
181
191
203
217
235
245
251
251
246
258
260
245
241
255
239
252
258
242
238
220
204
212
230
210
192
186
183
173
163
178
201
189
186
214
211
200
218
213
198
192
224
248
233
224
235
250
249
228
234
252
256
238
255
274
250
220
232
245
180
195
243
246
204
205
195
180
177
184
196
185
204
229
218
198
208
219
198
217
251
233
231
251
224
185
212
238
226
198
236
247
211
197
221
200
174
175
181
152
173
188
147
132
160
169
156
174
188
175
176
208
205
223
230
246
277
285
282
327
370
338
358
397
406
398
444
470
441
440
447
440
440
429
406
392
383
375
344
336
329
298
294
299
265
217
220
225
191
182
181
167
138
123
131
115
120
161
157
156
152
151
134
119
124
118
130
105
119
134
115
108
92
73
45
61
69
35
11
3
-15
-3
17
-7
-46
-48
-27
-49
-57
-59
-51
-46
-58
-75
-87
-75
-57
-70
-80
-40
-29
-27
-24
-5
17
35
18
14
35
39
74
96
86
63
88
105
59
29
43
39
42
49
57
43
18
3
6
24
6
2
22
11
-5
1
32
25
8
36
29
16
50
64
27
45
85
111
99
78
85
109
128
75
23
35
90
88
51
42
67
55
54
47
17
11
44
28
-45
-63
-27
-26
-75
-38
-18
-32
-36
-16
-45
-70
-30
-19
-38
-12
22
21
6
16
18
-4
28
31
15
4
7
19
21
22
15
11
-6
-5
2
-5
-19
-52
-44
-51
-56
-62
-42
-24
-61
-87
-46
-47
-61
-19
-23
-30
17
4
-33
-18
20
7
0
44
49
53
86
85
52
55
78
78
39
8
37
55
50
45
37
38
12
-27
-35
-2
-14
-25
-26
-29
-14
18
-4
-55
-1
16
-48
-27
31
6
5
10
18
-7
12
35
37
5
-27
-11
8
-4
-14
23
-38
-65
-44
-18
-64
-95
-91
-118
-123
-117
-106
-101
-98
-105
-121
-140
-153
-142
-119
-150
-159
-100
-93
-159
-150
-100
-105
-109
-68
-66
-109
-85
-51
-65
-92
-82
-78
-90
-103
-89
-73
-141
-165
-108
-123
-186
-179
-169
-199
-215
-217
-243
-233
-213
-231
-255
-257
-260
-285
-298
-285
-266
-246
-229
-244
-244
-201
-175
-242
-243
-195
-169
-192
-190
-139
-163
-198
-174
-150
-182
-210
-188
-207
-259
-245
-226
-241
-263
-221
-236
-289
-290
-263
-269
-325
-321
-315
-296
-312
-305
-251
-317
-311
-274
-281
-270
-261
-229
-255
-274
-216
-223
-266
-215
-157
-172
-184
-134
-132
-217
-228
-177
-207
-242
-241
-239
-235
-230
-227
-265
-288
-246
-237
-295
-319
-314
-268
-258
-282
-242
-205
-223
-212
-186
-188
-200
-183
-132
-163
-168
-145
-180
-186
-148
-131
-117
-139
-174
-159
-191
-210
-190
-199
-199
-213
-248
-251
-231
-224
-261
-278
-258
-286
-280
-251
-276
-287
-277
-274
-272
-272
-274
-321
-326
-259
-229
-269
-296
-273
-278
-306
-298
-266
-276
-289
-288
-249
-259
-284
-267
-264
-287
-306
-319
-297
-305
-325
-340
-371
-392
-383
-385
-408
-422
-422
-421
-449
-426
-421
-440
-415
-377
-393
-408
-406
-385
-339
-362
-377
-330
-336
-335
-271
-300
-356
-293
-237
-288
-340
-336
-273
-283
-349
-336
-276
-296
-357
-323
-284
-348
-347
-283
-332
-377
-362
-319
-322
-362
-364
-324
-328
-303
-277
-311
-347
-331
-299
-301
-289
-278
-297
-317
-275
-244
-291
-254
-207
-217
-256
-287
-234
-204
-254
-297
-280
-267
-245
-225
-224
-256
-303
-277
-225
-256
-280
-282
-272
-288
-284
-274
-239
-248
-299
-257
-209
-201
-225
-262
-234
-151
-135
-263
-238
-145
-210
-195
-139
-170
-197
-126
-171
-255
-191
-116
-120
-150
-175
-200
-109
-74
-163
-142
-135
-162
-183
-153
-139
-166
-117
-114
-153
-165
-129
-115
-153
-167
-114
-79
-133
-136
-124
-164
-97
-134
-196
-121
-98
-153
-193
-121
-64
-128
-116
-51
-109
-154
-85
-88
-127
-132
-114
-106
-128
-98
-123
-170
-120
-118
-142
-175
-181
-95
-54
-210
-229
-91
-74
-90
-87
-77
-135
-95
2
-68
-137
-95
-55
-59
-103
-62
-63
-114
-89
-60
-63
-91
-140
-71
-80
-160
-75
-73
-162
-97
-19
-68
-130
-57
-36
-91
-43
-27
-93
-60
-92
-119
-94
-149
-169
-96
45
19
-12
67
28
-50
-33
5
-40
-88
-53
-17
-68
-19
9
14
-68
-117
40
0
-96
3
6
-122
-5
63
-23
-100
-30
13
-126
-92
52
-27
-66
35
27
-34
2
69
55
-58
-1
104
-23
-29
91
3
-48
24
36
22
-9
17
-1
-62
10
60
-75
-91
65
84
-112
-117
84
40
-189
-82
109
13
-143
-79
26
-84
-121
78
121
-90
-88
125
70
-82
18
138
-3
23
152
-6
-107
81
124
-5
5
41
-4
-20
-10
7
1
-32
42
-19
-133
-43
29
-147
-100
59
-71
-39
130
73
-81
-14
-36
-122
-5
115
22
-90
71
176
46
88
138
57
101
80
34
138
111
-73
35
116
33
60
138
98
68
203
123
-78
-51
-13
122
161
35
164
253
171
150
185
156
93
165
274
150
174
337
301
168
116
196
171
111
215
268
159
209
250
95
137
231
115
26
136
282
201
156
157
209
239
295
267
128
176
257
116
68
249
269
171
241
311
175
228
425
249
66
265
381
272
193
328
271
120
385
459
25
160
470
240
88
490
438
62
236
549
316
94
301
326
250
391
419
184
134
293
347
356
291
290
336
338
396
322
202
357
369
269
555
585
289
242
429
447
303
200
208
337
358
293
320
443
342
258
206
98
159
206
199
235
291
181
104
286
329
171
319
425
181
171
315
268
278
407
375
269
301
391
286
231
367
335
180
247
484
431
202
213
280
147
307
535
309
69
395
483
89
124
537
344
-27
241
571
221
90
397
187
-6
422
585
174
58
487
501
149
217
442
327
329
406
335
290
223
205
230
400
320
111
192
317
133
179
526
377
95
319
554
256
75
348
287
91
303
487
334
299
379
267
159
231
265
331
480
415
281
314
370
361
232
234
381
386
327
252
349
477
337
314
318
252
329
449
256
357
636
275
115
635
669
-23
-103
348
93
39
609
633
129
165
434
304
337
253
6
54
292
447
351
199
282
238
327
446
181
59
424
423
27
189
406
207
191
387
410
241
259
301
331
264
293
369
282
244
416
555
412
248
255
367
339
222
100
249
336
178
195
652
594
159
247
528
330
19
308
658
389
206
368
427
367
468
370
135
305
358
292
453
691
579
193
217
507
354
208
342
365
200
383
547
335
173
340
366
89
-11
239
513
566
542
486
440
298
237
340
387
273
211
415
519
448
365
241
193
145
231
329
255
298
541
612
406
292
307
176
200
393
284
152
449
570
276
150
330
411
312
311
321
275
336
433
337
301
450
493
285
248
296
148
28
261
432
253
139
281
370
262
158
208
273
111
120
300
275
111
220
323
86
94
458
366
106
251
384
135
74
335
288
211
406
443
113
92
345
339
189
132
179
196
235
163
102
182
159
152
287
351
146
87
227
187
101
185
243
231
239
235
218
118
318
423
282
204
282
282
231
197
102
123
294
425
281
199
169
98
108
96
84
201
128
-51
38
276
146
14
201
239
172
300
300
-47
-156
-84
55
200
175
76
118
263
43
-187
26
134
-15
54
222
228
163
219
187
55
82
120
20
23
114
23
21
59
59
69
199
268
110
41
110
55
70
154
118
57
194
249
93
143
303
206
-1
89
113
62
60
145
257
258
255
219
108
59
129
47
-134
5
215
262
121
93
186
146
38
-23
34
73
59
55
81
44
129
170
133
160
230
175
188
234
238
301
401
371
225
213
177
89
13
24
66
125
168
190
203
181
163
157
104
16
14
11
-68
-56
14
5
49
126
138
47
71
134
112
96
170
182
132
150
162
178
186
220
120
65
104
183
214
187
226
250
250
247
231
172
99
104
157
145
167
258
291
212
238
314
239
170
178
215
234
288
368
336
332
367
349
269
199
196
227
264
225
203
171
86
9
-23
-23
-40
-139
-168
-166
-146
-159
-214
-182
-170
-166
-214
-293
-388
-439
-462
-477
-494
-502
-457
-405
-357
-261
-155
-17
114
182
217
264
338
357
357
345
351
315
281
293
290
295
347
391
417
462
522
548
566
559
539
520
524
532
530
524
493
462
399
379
353
388
466
502
478
544
583
484
390
425
470
423
399
389
291
179
133
48
-68
-188
-206
-175
-321
-489
-561
-670
-810
-884
-957
-1043
-1063
-889
-654
-508
-424
-335
-118
239
537
665
682
693
798
875
819
664
570
580
552
444
367
425
574
672
659
603
608
689
754
695
515
397
339
284
215
144
125
104
65
80
169
284
407
513
612
734
826
939
1043
1090
1062
1010
990
1002
973
926
889
824
724
687
749
718
668
674
642
570
570
602
540
405
281
179
87
17
-53
-191
-360
-469
-592
-787
-957
-1091
-1299
-1516
-1624
-1769
-1934
-1857
-1598
-1334
-1180
-1076
-852
-402
73
350
386
368
501
662
634
423
180
82
23
-167
-406
-495
-367
-254
-308
-401
-393
-293
-176
-215
-424
-644
-805
-933
-1120
-1343
-1520
-1612
-1674
-1697
-1629
-1433
-1200
-1013
-805
-617
-427
-224
-22
115
130
87
14
-19
-78
-184
-316
-424
-481
-490
-457
-399
-348
-337
-302
-285
-298
-312
-329
-419
-554
-698
-818
-909
-987
-1058
-1173
-1328
-1449
-1557
-1715
-1875
-2015
-2140
-2325
-2487
-2536
-2492
-2305
-2053
-1805
-1629
-1372
-866
-285
151
388
532
724
998
1131
1059
847
723
695
516
233
60
59
127
48
-89
-145
-60
107
143
-5
-203
-300
-344
-506
-765
-992
-1133
-1260
-1333
-1310
-1177
-957
-721
-445
-179
121
498
911
1210
1340
1398
1454
1473
1416
1303
1136
905
716
609
534
491
499
543
573
608
713
814
828
773
658
512
317
67
-187
-473
-802
-1145
-1419
-1596
-1795
-1993
-2150
-2244
-2290
-2238
-1989
-1641
-1317
-1023
-715
-286
302
843
1192
1333
1472
1718
1900
1901
1754
1595
1567
1467
1229
1028
980
1038
969
743
567
528
583
543
306
-15
-239
-351
-491
-727
-967
-1056
-1095
-1132
-1114
-950
-665
-366
-72
235
574
946
1324
1675
1922
2055
2123
2135
2118
2090
2017
1815
1588
1454
1403
1360
1270
1221
1184
1138
1117
1119
1096
985
831
654
425
195
12
-229
-563
-857
-1104
-1321
-1569
-1840
-2117
-2341
-2455
-2466
-2258
-1890
-1475
-1124
-761
-171
577
1270
1748
1975
2204
2529
2752
2756
2582
2401
2330
2153
1771
1495
1381
1389
1273
949
730
692
745
685
373
29
-242
-380
-573
-904
-1196
-1342
-1421
-1504
-1487
-1282
-938
-589
-220
142
574
1066
1567
1956
2187
2358
2550
2624
2545
2469
2363
2157
1899
1682
1549
1443
1324
1208
1079
1000
991
996
904
786
664
530
316
66
-102
-302
-595
-904
-1143
-1353
-1589
-1858
-2171
-2459
-2625
-2570
-2254
-1833
-1440
-1117
-713
-17
857
1542
1897
2045
2354
2798
2990
2793
2534
2388
2332
2009
1477
1148
1093
1169
924
458
281
418
589
443
-8
-332
-426
-485
-756
-1172
-1391
-1408
-1453
-1543
-1529
-1246
-776
-376
-57
299
831
1475
1976
2250
2430
2637
2764
2696
2526
2401
2227
1912
1555
1330
1242
1166
1041
893
826
872
956
950
831
745
688
506
261
43
-96
-338
-696
-1020
-1286
-1509
-1799
-2183
-2504
-2691
-2589
-2199
-1750
-1372
-1009
-492
270
1139
1787
2145
2306
2552
2860
2949
2739
2459
2259
2123
1761
1321
1133
1139
1176
944
616
529
668
789
628
162
-171
-325
-476
-809
-1218
-1399
-1458
-1535
-1592
-1456
-1049
-531
-101
249
666
1233
1860
2305
2480
2536
2617
2702
2669
2492
2248
1968
1702
1505
1359
1252
1178
1075
954
901
934
993
943
784
643
501
357
190
17
-143
-377
-587
-760
-906
-1066
-1322
-1647
-2000
-2224
-2290
-2067
-1650
-1312
-1086
-859
-244
739
1491
1843
1975
2246
2679
2941
2820
2595
2413
2279
2000
1421
1160
1181
1207
935
436
309
515
668
552
147
-167
-255
-324
-557
-885
-1116
-1133
-1246
-1410
-1327
-966
-447
-89
153
519
1059
1723
2202
2417
2487
2542
2633
2607
2482
2322
2067
1714
1407
1283
1266
1155
974
824
761
792
854
855
761
616
488
329
198
116
0
-222
-500
-642
-672
-726
-932
-1187
-1528
-1841
-2055
-2075
-1749
-1343
-1081
-986
-739
38
1088
1730
1891
1942
2291
2801
2962
2699
2446
2275
2149
1741
1201
1058
1139
1137
744
254
290
586
710
485
-17
-241
-280
-389
-627
-981
-1118
-1115
-1229
-1296
-1128
-630
-100
193
443
845
1427
2028
2372
2474
2440
2438
2464
2350
2195
2026
1736
1353
1079
1065
1144
1060
860
731
725
793
829
749
586
415
248
99
-42
-64
-112
-331
-530
-606
-522
-503
-707
-976
-1358
-1674
-1905
-1912
-1569
-1222
-1053
-1034
-760
117
1174
1761
1885
1958
2415
2952
3010
2727
2497
2330
2177
1627
1079
1009
1096
1061
551
74
240
587
691
394
-101
-253
-265
-380
-671
-1004
-1034
-1032
-1200
-1267
-989
-384
163
413
669
1119
1791
2401
2636
2625
2565
2579
2551
2320
2069
1919
1692
1312
1005
1013
1169
1142
920
772
801
902
885
727
545
387
210
10
-121
-149
-162
-298
-482
-483
-347
-267
-402
-642
-996
-1322
-1659
-1856
-1623
-1261
-1088
-1193
-1064
-283
881
1595
1729
1769
2202
2835
3042
2699
2426
2314
2179
1664
937
819
969
1000
559
-46
35
467
708
460
-81
-263
-197
-308
-652
-1021
-1076
-1018
-1195
-1353
-1157
-525
125
401
572
967
1636
2317
2557
2495
2401
2405
2376
2086
1756
1576
1441
1178
840
748
924
1054
968
764
744
872
878
704
460
294
118
-154
-340
-368
-351
-398
-567
-573
-403
-255
-277
-526
-822
-1167
-1562
-1994
-2047
-1714
-1387
-1460
-1585
-1105
43
1107
1426
1459
1716
2377
2866
2646
2224
2067
2019
1707
877
404
571
762
568
-72
-323
110
538
516
41
-360
-332
-342
-621
-1093
-1322
-1214
-1273
-1538
-1578
-1078
-299
188
376
612
1173
1939
2388
2358
2152
2094
2090
1852
1435
1160
1045
906
626
442
565
817
928
809
685
747
829
716
428
154
10
-221
-508
-652
-586
-485
-541
-578
-469
-259
-124
-256
-533
-929
-1345
-1842
-2256
-2143
-1753
-1554
-1753
-1709
-830
487
1261
1418
1530
2029
2716
2845
2405
2050
1967
1838
1224
360
237
586
721
272
-293
-128
476
761
510
-18
-236
-173
-358
-848
-1312
-1359
-1243
-1437
-1690
-1481
-715
110
494
659
1034
1762
2460
2654
2402
2181
2142
2045
1624
1181
1028
1031
922
684
675
934
1238
1324
1151
1041
1096
1104
845
433
190
7
-261
-528
-595
-392
-288
-281
-238
-59
187
240
16
-386
-915
-1410
-2046
-2402
-2169
-1801
-1712
-1912
-1563
-375
955
1551
1663
1901
2504
2999
2807
2263
1979
1880
1570
730
33
196
626
666
181
-150
296
870
966
567
50
-67
-185
-634
-1234
-1615
-1559
-1513
-1792
-1884
-1389
-436
368
695
916
1372
2093
2583
2506
2132
1903
1815
1521
1013
676
690
809
727
579
732
1153
1509
1498
1240
1106
1066
877
452
-7
-252
-485
-762
-910
-825
-531
-315
-240
-146
33
215
142
-244
-825
-1459
-2132
-2731
-2798
-2443
-2072
-2115
-2011
-1201
245
1381
1761
1915
2259
2815
2888
2350
1827
1645
1426
824
-82
-310
207
630
514
57
123
734
1093
939
360
-126
-316
-726
-1365
-1914
-2059
-1872
-1907
-2063
-1816
-977
114
795
1068
1301
1769
2356
2489
2144
1701
1416
1238
842
423
346
559
759
785
876
1207
1624
1827
1664
1342
1054
765
405
-85
-530
-789
-972
-1043
-983
-681
-288
4
181
275
351
341
62
-499
-1317
-2158
-2947
-3294
-3042
-2560
-2296
-2240
-1686
-390
1108
1889
2073
2235
2624
2859
2379
1609
1228
1088
731
-82
-661
-292
478
855
572
317
743
1261
1236
646
-102
-518
-965
-1680
-2368
-2690
-2475
-2197
-2202
-2073
-1384
-222
787
1200
1348
1547
1889
2064
1757
1264
829
578
348
20
-66
241
725
1056
1145
1291
1603
1895
1853
1365
786
280
-136
-573
-992
-1248
-1351
-1280
-1114
-794
-305
113
382
440
281
110
-224
-747
-1550
-2535
-3431
-3897
-3581
-2886
-2350
-2146
-1649
-431
1167
2034
2149
2154
2367
2476
1847
923
463
471
352
-326
-957
-576
481
1179
1006
602
882
1316
1128
345
-546
-1029
-1485
-2330
-3096
-3310
-2840
-2251
-2095
-1923
-1213
-5
1003
1344
1372
1438
1556
1471
1038
552
276
116
-33
-213
-132
390
1012
1442
1565
1614
1713
1719
1501
982
312
-358
-928
-1283
-1484
-1492
-1399
-1260
-951
-519
-41
293
437
421
120
-341
-925
-1523
-2246
-3119
-3979
-4281
-3686
-2705
-1986
-1727
-1137
196
1696
2203
1949
1773
1979
1926
1017
-54
-323
46
171
-376
-829
-143
1100
1739
1346
818
1050
1273
678
-471
-1416
-1711
-2013
-2822
-3461
-3337
-2427
-1587
-1363
-1154
-361
800
1499
1409
1194
1221
1224
906
323
28
123
309
311
294
604
1349
2020
2238
2087
1950
1839
1473
911
250
-300
-809
-1309
-1567
-1431
-1070
-757
-568
-307
93
440
499
307
-13
-434
-1062
-1814
-2518
-3142
-3730
-4051
-3579
-2497
-1518
-1092
-723
290
1816
2496
2065
1463
1483
1713
1158
-55
-587
-82
562
373
-267
95
1416
2286
1838
835
681
1057
562
-815
-2073
-2345
-2185
-2663
-3388
-3328
-2273
-1071
-753
-881
-337
824
1557
1210
571
582
874
724
152
-186
247
869
1023
921
1126
1960
2655
2566
2027
1689
1607
1206
354
-411
-724
-922
-1269
-1539
-1312
-689
-233
-181
-175
91
412
312
-179
-684
-1029
-1474
-2143
-2863
-3325
-3601
-3557
-2913
-1835
-889
-523
-228
666
1919
2363
1820
1100
1049
1221
796
-155
-465
204
915
732
162
543
1749
2354
1607
384
116
388
-158
-1502
-2586
-2643
-2294
-2575
-3141
-2894
-1653
-487
-407
-772
-371
689
1205
645
-81
30
552
592
151
65
783
1621
1779
1479
1598
2398
2927
2434
1483
1032
997
636
-217
-908
-985
-890
-1058
-1247
-983
-315
64
-98
-344
-275
-52
-222
-834
-1378
-1628
-1851
-2293
-2893
-3219
-3303
-2904
-2040
-1066
-490
-322
-2
898
1861
1911
1230
745
924
1166
744
34
141
1001
1565
1125
526
1038
2102
2208
991
-246
-299
6
-640
-1956
-2741
-2406
-1875
-2200
-2739
-2319
-983
-101
-490
-1083
-613
458
775
17
-573
-88
741
911
551
682
1684
2606
2459
1933
2129
2931
3101
2108
1059
849
998
574
-302
-772
-581
-390
-601
-827
-568
5
131
-330
-764
-717
-512
-787
-1480
-1956
-2070
-2162
-2630
-3193
-3380
-2786
-1715
-793
-580
-460
115
1209
2046
1892
1342
1163
1434
1532
1066
530
819
1561
1903
1408
921
1451
2309
2199
1013
-121
-227
-66
-697
-1811
-2497
-2262
-1847
-2116
-2550
-2163
-1012
-265
-613
-1149
-770
189
551
-19
-511
-105
761
1111
946
1135
2062
2955
2884
2364
2437
3106
3308
2416
1301
936
1059
823
83
-466
-434
-279
-459
-761
-691
-305
-207
-681
-1183
-1248
-1028
-1134
-1654
-2158
-2325
-2440
-2767
-3238
-3359
-2593
-1390
-588
-545
-456
301
1629
2336
1946
1282
1260
1709
1772
1181
725
1161
1897
1983
1340
1017
1701
2385
1939
583
-402
-339
-243
-994
-2085
-2592
-2228
-1933
-2274
-2568
-2003
-891
-438
-987
-1427
-877
61
259
-373
-684
-101
802
1124
1051
1431
2445
3191
3002
2623
2919
3524
3353
2301
1338
1156
1243
884
151
-298
-260
-170
-343
-612
-595
-389
-495
-1037
-1513
-1549
-1408
-1595
-2105
-2560
-2682
-2773
-3032
-3409
-3218
-2193
-890
-327
-453
-263
815
2158
2395
1685
1200
1545
2063
1874
1157
1068
1841
2492
2094
1272
1358
2301
2577
1486
31
-444
-112
-309
-1359
-2299
-2297
-1712
-1702
-2269
-2360
-1449
-487
-614
-1428
-1564
-692
99
-97
-727
-611
333
1173
1258
1236
1903
2970
3348
2920
2709
3237
3713
3228
2139
1502
1586
1675
1259
576
246
293
301
16
-350
-398
-311
-589
-1192
-1625
-1578
-1433
-1655
-2166
-2577
-2708
-2747
-3034
-3348
-2905
-1659
-412
-237
-453
8
1457
2653
2456
1571
1366
2034
2522
2039
1306
1554
2527
2847
2004
1250
1739
2684
2451
913
-401
-412
14
-473
-1683
-2401
-2028
-1414
-1678
-2323
-2175
-1086
-405
-959
-1803
-1613
-539
83
-353
-871
-426
688
1404
1365
1422
2220
3120
3205
2693
2636
3169
3435
2833
1881
1502
1682
1809
1428
766
394
425
388
37
-424
-599
-609
-909
-1452
-1854
-1812
-1643
-1766
-2292
-2778
-2966
-2976
-3242
-3472
-2931
-1594
-512
-461
-635
-5
1570
2626
2232
1356
1351
2171
2618
1988
1319
1770
2783
2880
1862
1225
1902
2735
2211
520
-666
-474
-13
-604
-1848
-2465
-1893
-1313
-1670
-2311
-2093
-1055
-561
-1227
-2009
-1710
-642
-99
-504
-893
-322
852
1533
1501
1570
2282
2997
2917
2407
2357
2867
3106
2547
1713
1416
1730
1983
1643
936
502
493
492
111
-464
-769
-839
-1021
-1458
-1861
-1850
-1605
-1587
-2066
-2649
-2885
-2897
-3160
-3555
-3331
-2162
-844
-507
-743
-455
972
2372
2378
1423
1035
1749
2499
2122
1221
1325
2465
3098
2336
1291
1550
2612
2660
1151
-551
-832
-212
-319
-1483
-2491
-2256
-1384
-1274
-1982
-2234
-1464
-612
-889
-1867
-2153
-1336
-427
-408
-899
-747
330
1394
1700
1620
1976
2690
2977
2556
2122
2268
2677
2650
2040
1456
1508
1999
2173
1687
939
615
712
613
36
-651
-931
-906
-1044
-1465
-1792
-1673
-1334
-1374
-2000
-2605
-2809
-2841
-3191
-3601
-3226
-1886
-652
-390
-662
-240
1280
2573
2351
1281
959
1729
2396
1903
1112
1391
2580
3145
2348
1419
1755
2700
2605
1010
-655
-934
-379
-475
-1482
-2368
-2129
-1320
-1171
-1685
-1912
-1362
-759
-1057
-1904
-2218
-1598
-759
-578
-764
-509
418
1411
1870
1969
2192
2558
2622
2278
1959
2024
2322
2332
1906
1477
1513
1950
2183
1808
1080
596
510
416
-22
-634
-990
-1032
-1061
-1251
-1465
-1414
-1174
-1169
-1605
-2207
-2604
-2798
-3093
-3505
-3466
-2511
-1071
-243
-250
-237
671
2113
2639
1811
885
1002
1837
2107
1449
1074
1819
2967
3123
2198
1626
2074
2607
1930
161
-1114
-1103
-632
-804
-1667
-2164
-1738
-1035
-913
-1336
-1542
-1263
-1060
-1432
-2010
-2142
-1594
-885
-461
-232
151
884
1666
2145
2321
2262
2098
1917
1785
1805
1864
1849
1782
1723
1724
1840
1974
1899
1530
1000
533
225
-36
-325
-645
-872
-960
-975
-950
-907
-847
-881
-1096
-1466
-1882
-2273
-2682
-3118
-3485
-3459
-2661
-1251
-109
189
62
430
1501
2355
1936
871
431
959
1617
1502
1156
1581
2700
3397
2833
1909
1708
2085
1997
741
-763
-1407
-1120
-707
-883
-1341
-1419
-1016
-668
-765
-1121
-1345
-1417
-1587
-1857
-2042
-1855
-1294
-565
128
610
934
1239
1613
2051
2162
1800
1245
1004
1315
1707
1853
1761
1781
2032
2246
2275
2033
1613
1177
728
277
-142
-441
-507
-425
-351
-420
-533
-515
-373
-354
-636
-1144
-1633
-1941
-2167
-2474
-2884
-3237
-3222
-2551
-1183
174
640
332
127
708
1658
1762
881
120
331
1243
1724
1565
1661
2447
3357
3220
2133
1373
1434
1704
1177
-136
-1113
-1147
-543
-71
-205
-535
-666
-613
-625
-857
-1206
-1504
-1731
-1797
-1675
-1431
-1043
-453
308
959
1206
1054
931
1166
1550
1580
1083
607
734
1463
2236
2517
2416
2252
2227
2334
2271
1793
1102
539
283
180
46
-42
46
283
405
182
-178
-388
-341
-367
-765
-1335
-1716
-1746
-1603
-1612
-1944
-2440
-2696
-2432
-1555
-431
248
108
-406
-380
434
1305
1245
528
172
656
1432
1640
1475
1657
2305
2727
2211
1332
993
1276
1509
947
4
-534
-451
46
297
97
-325
-702
-849
-836
-858
-1016
-1296
-1475
-1351
-1066
-820
-651
-315
223
613
563
194
74
481
1047
1185
825
554
889
1633
2264
2390
2105
1775
1684
1832
1852
1528
988
618
539
567
514
380
360
434
392
99
-296
-474
-393
-336
-533
-913
-1152
-1124
-986
-980
-1342
-1981
-2571
-2878
-2765
-2082
-1018
-211
-197
-672
-748
75
1090
1130
312
-374
-198
580
1064
1213
1473
1970
2335
1968
1428
1343
1529
1561
961
142
-332
-363
12
383
423
112
-439
-906
-973
-778
-741
-1187
-1809
-2046
-1755
-1303
-1014
-847
-562
-207
-69
-185
-290
-33
470
690
467
219
399
1071
1774
2179
2178
1885
1630
1612
1692
1597
1174
657
346
324
470
563
586
571
429
172
-105
-253
-246
-319
-513
-772
-964
-994
-918
-870
-1032
-1485
-2122
-2731
-3147
-3334
-3123
-2261
-1135
-494
-683
-1147
-924
145
972
587
-495
-1098
-549
550
1188
1370
1494
1916
2270
2173
1925
1677
1500
1147
528
-6
-319
-330
-43
257
365
-2
-651
-1153
-1226
-1084
-1263
-1896
-2583
-2723
-2264
-1627
-1210
-1019
-856
-667
-531
-518
-467
-318
-105
19
65
217
560
1098
1692
2116
2156
1778
1373
1287
1430
1457
1126
668
467
617
964
1204
1198
934
527
175
-32
-126
-294
-599
-883
-1046
-1048
-977
-950
-972
-1118
-1437
-1885
-2356
-2787
-3200
-3522
-3605
-3105
-1981
-810
-295
-612
-1065
-800
124
634
206
-602
-772
33
1109
1829
2069
2149
2249
2115
1840
1527
1158
785
366
103
110
137
165
256
400
389
-144
-1027
-1746
-2013
-1962
-2000
-2267
-2434
-2241
-1736
-1152
-725
-528
-602
-861
-1114
-1109
-852
-516
-288
-121
211
754
1317
1758
2007
2118
2045
1758
1481
1347
1418
1520
1472
1369
1323
1320
1312
1171
870
444
-132
-634
-958
-1028
-948
-912
-963
-1071
-1136
-1143
-1178
-1344
-1654
-2081
-2433
-2625
-2681
-2704
-2806
-2959
-3012
-2703
-1791
-511
385
348
-440
-1101
-874
-68
446
278
-153
-140
516
1438
2215
2573
2446
1915
1232
858
811
761
454
17
-138
54
242
244
69
-127
-394
-910
-1538
-2025
-2207
-2171
-2052
-1929
-1741
-1582
-1499
-1420
-1238
-952
-777
-801
-896
-795
-390
140
672
1122
1456
1659
1747
1837
1999
2097
1999
1709
1431
1359
1444
1557
1527
1393
1137
811
485
178
-124
-467
-840
-1157
-1313
-1338
-1306
-1280
-1297
-1288
-1276
-1275
-1277
-1328
-1342
-1302
-1254
-1214
-1246
-1294
-1352
-1478
-1646
-1850
-1952
-1818
-1343
-566
218
650
524
49
-258
-138
229
411
225
-74
-150
177
738
1291
1550
1412
956
464
247
265
300
135
-168
-350
-308
-165
-64
-139
-355
-639
-940
-1124
-1172
-1125
-1082
-1069
-917
-574
-170
96
112
-8
-100
-83
36
177
285
361
483
743
1127
1487
1642
1519
1244
1003
867
801
657
463
306
250
285
371
407
314
107
-151
-365
-482
-546
-617
-689
-729
-687
-581
-476
-390
-357
-368
-365
-319
-223
-121
-63
-51
-59
-92
-158
-288
-475
-691
-907
-1076
-1217
-1321
-1386
-1386
-1219
-855
-471
-267
-409
-811
-1177
-1297
-1193
-952
-721
-525
-324
-58
207
453
628
652
548
382
265
276
414
627
833
998
1137
1209
1228
1113
849
498
189
0
-6
78
175
258
248
217
181
120
-2
-229
-535
-764
-869
-816
-648
-466
-286
-185
-151
-145
-159
-174
-230
-335
-465
-503
-387
-173
28
166
275
387
470
530
527
483
458
441
427
427
470
540
580
551
500
450
418
339
219
155
82
9
-109
-280
-449
-573
-657
-789
-862
-916
-985
-979
-938
-955
-992
-966
-931
-986
-1041
-1012
-929
-855
-770
-659
-501
-245
-11
109
117
57
5
-48
-41
42
162
320
440
521
546
542
479
302
122
1
-34
-21
-33
-46
-4
63
122
132
71
-10
-99
-210
-349
-442
-471
-429
-376
-329
-249
-132
-14
74
126
155
172
171
188
234
292
362
425
478
540
591
655
695
686
623
537
501
497
492
407
273
181
120
84
21
-52
-108
-176
-261
-323
-328
-302
-302
-362
-430
-455
-445
-427
-466
-539
-528
-481
-406
-356
-316
-249
-159
-84
-56
-64
-69
-57
-68
-97
-123
-94
-39
-17
-22
-28
-7
19
21
-25
-81
-111
-134
-149
-159
-144
-107
-103
-113
-172
-235
-282
-333
-348
-358
-332
-286
-222
-123
-18
93
168
165
154
163
204
246
252
266
297
396
518
624
679
685
675
652
602
539
451
389
350
302
254
203
178
193
199
161
96
20
-64
-137
-183
-227
-260
-279
-295
-291
-292
-240
-198
-169
-140
-155
-166
-198
-203
-194
-203
-235
-260
-265
-220
-179
-170
-173
-182
-184
-211
-243
-273
-310
-320
-303
-282
-276
-282
-273
-274
-303
-359
-449
-501
-546
-578
-594
-616
-623
-638
-605
-573
-550
-526
-516
-498
-505
-513
-498
-470
-398
-317
-235
-159
-81
0
86
124
141
118
72
61
69
86
103
98
103
96
62
22
13
15
7
-24
-75
-116
-128
-135
-167
-186
-217
-227
-228
-218
-223
-226
-225
-228
-218
-189
-186
-204
-211
-234
-249
-247
-257
-241
-191
-154
-115
-120
-131
-134
-142
-177
-236
-303
-337
-350
-341
-326
-306
-305
-350
-386
-421
-449
-509
-597
-663
-706
-706
-697
-709
-689
-658
-625
-607
-607
-600
-587
-552
-533
-518
-493
-474
-462
-427
-371
-300
-268
-276
-274
-267
-245
-250
-261
-287
-298
-299
-314
-339
-356
-342
-329
-319
-340
-381
-397
-378
-362
-385
-415
-437
-417
-365
-314
-272
-264
-238
-222
-214
-237
-260
-271
-282
-304
-335
-325
-274
-211
-161
-110
-77
-63
-63
-64
-62
-41
-53
-72
-85
-68
-22
38
64
84
112
104
84
29
-30
-95
-161
-228
-292
-331
-331
-294
-269
-267
-257
-272
-282
-291
-324
-351
-396
-430
-433
-399
-356
-318
-287
-247
-209
-201
-221
-232
-251
-277
-292
-316
-316
-293
-276
-283
-286
-317
-360
-430
-494
-534
-566
-588
-615
-595
-565
-521
-499
-480
-466
-462
-475
-526
-566
-578
-559
-548
-547
-539
-489
-410
-340
-353
-386
-402
-423
-431
-462
-489
-505
-497
-476
-455
-408
-342
-287
-235
-186
-175
-76
128
295
339
285
60
-188
-260
-210
-133
4
130
71
-44
-165
-282
-296
-193
-119
-95
-77
-161
-262
-335
-349
-285
-201
-165
-218
-295
-371
-348
-253
-144
-61
-16
-107
-292
-448
-511
-469
-479
-500
-459
-394
-402
-472
-513
-517
-504
-470
-428
-443
-472
-506
-540
-586
-550
-373
-254
-288
-354
-367
-411
-473
-456
-447
-444
-411
-404
-495
-611
-670
-695
-753
-810
-805
-798
-785
-788
-778
-759
-716
-641
-601
-609
-631
-653
-678
-709
-679
-602
-495
-381
-319
-292
-273
-241
-172
-98
-41
-33
-71
-82
-76
-48
-6
7
30
32
2
-4
-14
-12
10
-8
-41
-43
-18
7
-12
-59
-103
-122
-103
-96
-96
-91
-86
-73
-57
-50
-50
-51
-59
-102
-195
-253
-249
-229
-198
-165
-163
-171
-163
-169
-132
-55
-32
-47
-69
-155
-252
-261
-215
-203
-270
-307
-328
-361
-394
-373
-297
-277
-282
-294
-310
-308
-240
-207
-246
-284
-274
-271
-288
-284
-276
-270
-272
-268
-262
-263
-255
-263
-288
-307
-308
-332
-391
-414
-457
-457
-410
-390
-358
-330
-316
-311
-313
-333
-342
-318
-267
-263
-282
-294
-258
-184
-120
-83
-33
46
114
124
102
98
133
145
149
140
124
152
158
125
97
73
75
70
22
-27
-28
-29
-63
-123
-182
-204
-213
-246
-312
-381
-442
-446
-406
-431
-436
-294
-67
62
54
-14
-140
-237
-228
-136
-2
145
164
63
-54
-90
-42
37
118
152
126
40
-63
-124
-123
-106
-98
-159
-299
-423
-514
-550
-525
-473
-427
-450
-533
-648
-712
-671
-582
-512
-497
-516
-554
-594
-550
-425
-327
-307
-323
-319
-297
-269
-208
-94
-28
-3
22
16
-21
-23
23
71
83
51
-3
-57
-45
41
87
70
-5
-96
-137
-181
-235
-267
-236
-209
-239
-275
-292
-284
-244
-219
-231
-263
-252
-242
-206
-151
-89
-12
48
89
117
146
170
220
238
269
321
364
392
387
390
402
427
399
331
301
279
250
208
196
194
185
151
65
-37
-73
-73
-80
-146
-239
-265
-262
-249
-231
-193
-175
-204
-234
-232
-199
-191
-153
-74
-44
-49
-5
63
57
92
154
159
124
95
92
96
132
153
138
104
73
29
-15
-40
-69
-115
-138
-160
-253
-356
-382
-383
-370
-373
-415
-472
-502
-474
-457
-468
-447
-401
-378
-386
-368
-316
-257
-194
-172
-202
-203
-185
-168
-171
-133
-98
-92
-69
-51
-54
-45
-13
0
-5
-20
-38
-72
-107
-134
-134
-141
-157
-156
-159
-158
-140
-158
-202
-200
-193
-203
-223
-252
-261
-219
-160
-122
-86
-48
7
36
29
26
18
-14
-31
-54
-40
7
26
1
-45
-55
-19
-14
-43
-87
-153
-211
-258
-272
-264
-232
-244
-294
-373
-420
-437
-466
-453
-451
-476
-504
-478
-397
-329
-272
-248
-224
-202
-177
-183
-208
-192
-179
-190
-197
-160
-147
-144
-136
-159
-221
-243
-226
-247
-283
-350
-392
-397
-376
-370
-381
-370
-354
-340
-348
-387
-390
-349
-312
-309
-316
-292
-292
-278
-247
-221
-198
-166
-144
-118
-91
-47
11
51
75
84
87
98
93
89
78
51
5
-29
-69
-96
-82
-58
-67
-118
-166
-214
-231
-250
-271
-319
-371
-389
-408
-404
-359
-293
-227
-215
-207
-202
-178
-155
-164
-146
-117
-74
-39
-12
42
91
130
133
104
91
63
20
-28
-58
-106
-131
-144
-172
-208
-267
-306
-345
-381
-404
-452
-472
-491
-501
-483
-482
-458
-428
-419
-444
-445
-409
-385
-393
-388
-356
-312
-261
-234
-213
-180
-98
-20
10
-18
-54
-51
-37
-16
-11
-17
-6
-23
-49
-60
-45
-55
-106
-148
-204
-253
-296
-318
-339
-364
-357
-361
-405
-441
-457
-443
-436
-417
-381
-343
-285
-239
-204
-175
-131
-113
-111
-121
-117
-83
-30
10
42
79
116
127
114
57
-18
-33
-28
-39
-70
-104
-97
-86
-78
-79
-81
-61
-71
-103
-158
-207
-207
-196
-174
-168
-143
-131
-137
-151
-141
-99
-99
-129
-170
-173
-128
-69
-22
3
18
57
84
93
77
72
96
116
109
83
63
73
102
114
111
99
84
30
-23
-61
-89
-84
-54
-64
-75
-93
-110
-115
-106
-99
-118
-139
-168
-183
-164
-127
-85
-75
-69
-66
-60
-35
-17
-3
3
-11
-37
-50
-65
-56
-14
-5
-27
-39
-25
-7
6
17
6
4
13
7
1
-3
-9
-6
0
9
15
-10
-27
-20
-1
42
39
12
10
28
48
47
51
41
47
79
93
107
99
84
70
63
52
59
50
47
54
54
53
50
47
52
84
74
32
24
53
73
57
20
3
21
43
41
35
50
69
54
39
35
45
58
58
34
11
23
32
37
10
3
15
-5
-30
-71
-93
-97
-143
-154
-165
-150
-122
-111
-104
-101
-68
-70
-99
-132
-154
-170
-189
-180
-152
-122
-94
-74
-58
-55
-40
-9
-16
-32
-44
-46
-20
15
12
25
67
102
106
99
83
44
50
51
29
-28
-75
-85
-96
-102
-112
-147
-177
-190
-199
-213
-207
-180
-187
-180
-166
-130
-81
-57
-37
-49
-23
13
12
4
12
40
53
46
45
38
37
22
-9
-47
-76
-90
-103
-143
-185
-209
-222
-228
-253
-272
-275
-258
-243
-261
-274
-247
-217
-203
-206
-223
-224
-201
-186
-182
-170
-150
-114
-103
-100
-85
-75
-67
-51
-34
-41
-55
-49
-47
-42
-12
31
42
19
1
2
10
-18
-51
-69
-101
-136
-174
-199
-195
-187
-160
-175
-206
-203
-189
-175
-184
-149
-121
-108
-99
-98
-80
-46
-15
-18
-26
-30
12
61
81
93
108
115
135
139
122
87
50
10
-40
-70
-88
-91
-107
-125
-147
-170
-177
-181
-181
-200
-214
-228
-256
-298
-313
-276
-224
-194
-203
-221
-212
-165
-145
-136
-134
-123
-121
-145
-135
-104
-62
-25
-33
-54
-77
-75
-62
-67
-75
-74
-68
-96
-119
-142
-109
-91
-123
-174
-230
-255
-248
-231
-221
-227
-229
-215
-221
-214
-195
-160
-138
-142
-155
-142
-146
-135
-119
-99
-82
-45
-46
-66
-55
-51
-21
-15
-33
-53
-66
-98
-116
-109
-115
-153
-199
-233
-273
-280
-291
-307
-305
-320
-328
-337
-336
-342
-347
-371
-385
-379
-369
-345
-345
-344
-322
-293
-279
-276
-268
-262
-247
-257
-255
-265
-263
-250
-230
-240
-248
-253
-247
-228
-222
-220
-234
-242
-251
-241
-247
-243
-248
-258
-277
-294
-300
-296
-269
-271
-292
-303
-292
-285
-259
-246
-232
-233
-235
-233
-237
-209
-180
-147
-127
-122
-112
-74
-66
-70
-57
-57
-61
-85
-102
-107
-111
-118
-144
-180
-199
-197
-202
-202
-208
-201
-188
-186
-194
-207
-208
-198
-200
-220
-203
-190
-173
-143
-129
-113
-92
-88
-100
-110
-105
-82
-66
-79
-79
-78
-77
-84
-114
-130
-127
-144
-170
-191
-205
-199
-185
-195
-202
-213
-219
-240
-244
-249
-239
-239
-243
-219
-200
-179
-158
-144
-127
-118
-114
-99
-99
-88
-97
-86
-52
-35
-24
-17
-15
-16
-16
-12
-23
-52
-58
-71
-90
-106
-111
-129
-135
-140
-179
-197
-218
-225
-242
-242
-240
-230
-219
-220
-201
-195
-186
-204
-239
-253
-243
-208
-169
-141
-102
-72
-35
-4
8
25
37
10
-8
-6
2
10
17
18
20
37
23
-4
-56
-84
-102
-126
-156
-176
-200
-206
-200
-202
-187
-181
-179
-175
-180
-171
-168
-161
-136
-106
-70
-21
-7
-2
21
46
78
102
98
104
120
132
155
169
185
189
185
167
148
150
153
153
120
84
62
40
25
14
5
-9
-20
-41
-64
-82
-87
-84
-93
-93
-108
-121
-97
-74
-46
-23
-3
34
56
86
117
128
154
163
165
174
166
163
174
174
173
161
164
152
136
125
100
72
47
28
12
6
-16
-29
-51
-66
-73
-93
-95
-99
-105
-107
-101
-77
-42
-35
-20
-14
0
9
21
11
7
35
44
69
87
109
116
125
119
116
108
103
90
77
62
58
55
60
65
67
70
54
44
39
37
31
4
-19
-17
-14
-18
-28
-44
-60
-66
-68
-61
-32
-17
4
-1
21
55
68
96
106
107
93
91
87
89
99
113
94
94
84
93
96
87
72
42
28
7
-3
-5
1
-9
-17
-30
-34
-18
-11
8
16
34
42
57
79
93
128
135
142
149
134
141
156
167
173
176
184
192
185
181
166
159
137
116
95
73
71
68
71
80
82
80
94
78
72
65
42
31
22
24
22
25
44
46
55
75
86
94
106
96
93
89
93
105
102
112
115
124
123
125
100
75
58
46
39
38
42
51
59
48
27
31
37
30
6
-35
-47
-45
-54
-56
-66
-62
-28
-12
-15
-16
5
22
21
28
35
39
52
67
80
86
103
114
132
127
131
125
111
102
80
67
52
46
36
21
15
4
-5
3
-5
-21
-27
-36
-36
-33
-28
-43
-34
-36
-57
-37
-30
-14
-7
-8
6
29
55
74
73
79
89
83
78
74
80
92
85
57
37
38
37
27
37
29
17
6
-30
-42
-60
-67
-92
-112
-116
-114
-113
-102
-99
-108
-101
-96
-93
-97
-86
-90
-85
-83
-76
-50
-45
-41
-27
-21
-8
3
12
21
22
33
43
51
50
49
63
64
58
29
31
29
29
39
37
24
32
45
45
37
20
3
-16
-26
-38
-37
-46
-50
-46
-40
-35
-33
-1
2
14
12
8
22
45
74
86
97
93
100
107
107
116
112
92
79
88
81
91
81
68
50
22
14
-2
-20
-29
-33
-37
-41
-51
-34
-7
19
28
12
10
-8
-6
5
0
6
1
10
20
54
83
119
140
147
157
146
128
103
103
104
84
79
76
74
91
82
68
56
49
41
46
47
50
62
66
78
75
69
61
73
78
64
77
100
114
146
155
186
204
198
197
183
187
191
187
160
159
178
189
202
196
187
187
182
169
140
127
100
79
46
25
25
25
33
41
52
47
58
61
54
58
65
83
70
69
75
100
111
111
116
114
119
118
123
134
137
124
120
111
100
89
89
86
69
37
-7
-14
-29
-29
-38
-57
-61
-63
-58
-82
-98
-104
-104
-107
-114
-116
-94
-82
-60
-30
-4
22
60
85
95
103
113
123
132
140
149
151
148
153
144
141
130
114
92
66
56
20
7
2
-20
-25
-38
-52
-55
-70
-89
-101
-109
-111
-105
-93
-73
-49
-31
-26
-8
3
17
29
25
17
23
27
47
76
84
109
127
132
142
142
135
130
131
122
128
130
117
123
119
102
91
82
70
72
55
30
18
17
19
9
2
4
0
-3
-9
-30
-24
-2
22
32
56
74
103
118
