SAMPLES:	6322
BITSPERSAMPLE:	16
CHANNELS:	1
SAMPLERATE:	16000
NORMALIZED:	FALSE
183
193
189
187
185
189
188
180
196
193
200
191
188
202
206
209
194
191
195
184
178
189
182
186
178
177
175
175
173
172
175
168
175
177
176
178
181
184
193
197
204
202
198
207
209
203
210
206
221
211
219
221
209
206
198
205
200
216
202
193
199
201
206
204
209
210
208
201
198
205
209
216
217
211
222
232
230
228
237
235
228
228
227
234
239
243
242
245
262
247
250
253
252
252
249
259
250
255
243
241
243
240
236
235
229
227
237
247
237
236
245
232
235
239
235
225
234
244
239
232
237
230
234
240
233
240
247
248
245
239
238
234
235
242
231
235
229
224
233
240
248
230
234
237
242
240
234
237
234
229
229
219
218
220
210
207
210
211
212
214
215
214
217
232
225
230
222
225
235
229
225
225
230
229
232
235
230
233
233
231
232
237
230
220
217
221
220
213
214
220
212
212
215
210
212
198
200
203
201
182
188
197
179
190
191
186
183
185
194
189
179
182
188
191
190
188
186
195
192
186
183
196
204
208
210
202
195
199
197
202
206
204
200
185
187
188
188
190
185
191
178
169
175
178
178
165
168
171
171
172
170
161
156
157
162
161
160
164
160
161
161
157
160
161
150
148
146
143
148
147
141
148
146
140
141
134
139
141
147
150
141
150
152
145
152
142
135
133
123
131
127
117
126
128
126
132
126
119
124
128
130
135
128
122
124
125
135
135
117
118
124
125
121
122
117
114
112
114
105
96
94
86
102
89
90
77
79
86
74
89
82
75
76
75
80
83
75
64
58
58
62
67
57
46
48
40
35
22
32
19
18
12
14
15
17
5
1
0
-3
-4
-1
6
-10
-6
-16
-22
-17
-17
-20
-16
-20
-21
-22
-23
-31
-30
-24
-26
-20
-20
-25
-16
-18
-24
-16
-12
-4
-14
-11
-1
-12
-4
-5
-7
-3
-7
-3
4
8
10
16
14
1
11
9
14
23
17
24
26
17
22
23
22
20
21
16
12
8
-8
-13
-20
-22
-21
-24
-25
-42
-35
-41
-53
-48
-49
-44
-51
-55
-54
-51
-54
-52
-58
-57
-61
-68
-61
-59
-66
-63
-59
-59
-55
-52
-52
-63
-66
-64
-63
-58
-59
-55
-61
-78
-63
-71
-72
-67
-75
-68
-66
-64
-73
-76
-80
-74
-77
-78
-71
-60
-71
-69
-61
-65
-62
-74
-81
-80
-82
-92
-92
-95
-87
-74
-77
-82
-85
-76
-79
-78
-73
-86
-74
-85
-82
-78
-83
-84
-83
-73
-71
-72
-74
-66
-75
-71
-61
-65
-74
-64
-64
-72
-64
-54
-52
-57
-52
-46
-48
-39
-35
-29
-39
-34
-30
-32
-24
-29
-28
-31
-28
-28
-28
-35
-33
-25
-23
-33
-38
-34
-37
-43
-46
-41
-46
-42
-44
-42
-47
-43
-42
-39
-47
-57
-58
-58
-49
-58
-65
-61
-59
-62
-68
-55
-63
-57
-44
-40
-42
-49
-46
-46
-46
-49
-48
-62
-57
-54
-57
-57
-63
-59
-77
-84
-76
-77
-77
-77
-74
-74
-79
-75
-70
-79
-77
-80
-92
-93
-97
-91
-82
-87
-86
-87
-93
-105
-98
-113
-110
-111
-119
-119
-128
-126
-138
-144
-144
-142
-136
-148
-151
-152
-163
-167
-164
-162
-147
-167
-169
-159
-159
-152
-157
-156
-169
-163
-167
-166
-166
-164
-161
-171
-162
-150
-148
-148
-140
-146
-150
-144
-143
-137
-135
-143
-150
-151
-151
-155
-153
-152
-159
-171
-169
-172
-185
-177
-169
-166
-167
-161
-159
-164
-169
-160
-159
-171
-162
-157
-163
-171
-165
-160
-154
-165
-161
-161
-164
-173
-176
-179
-185
-177
-178
-183
-177
-173
-169
-158
-149
-148
-150
-149
-138
-138
-144
-153
-143
-132
-135
-120
-122
-122
-118
-114
-106
-110
-111
-97
-105
-91
-85
-82
-73
-69
-67
-74
-69
-61
-62
-68
-59
-66
-43
-45
-47
-34
-35
-29
-31
-21
-19
-10
-2
6
5
-1
12
17
28
27
35
40
31
45
46
55
53
52
58
65
69
90
92
84
98
102
115
109
104
112
112
94
88
93
98
99
89
91
79
80
96
92
94
79
92
101
98
87
86
84
89
92
85
91
80
81
65
64
62
62
77
87
74
65
58
62
55
60
60
54
63
49
57
51
63
64
58
53
46
62
53
55
55
58
55
57
58
53
43
49
51
52
50
43
49
36
50
41
36
39
30
34
24
24
26
26
18
26
33
16
16
25
4
8
12
0
-3
-1
3
1
4
0
8
5
15
15
10
10
10
13
12
5
-3
-11
-15
-21
-18
-25
-27
-27
-30
-13
-21
-29
-36
-33
-44
-37
-48
-39
-28
-42
-42
-50
-52
-52
-54
-55
-69
-72
-86
-82
-83
-87
-94
-97
-93
-98
-102
-109
-107
-112
-115
-112
-97
-101
-101
-109
-99
-88
-103
-114
-104
-85
-92
-107
-98
-100
-94
-102
-95
-90
-93
-90
-85
-83
-78
-76
-89
-88
-76
-82
-79
-73
-88
-76
-76
-90
-91
-87
-97
-90
-95
-95
-100
-94
-84
-96
-98
-93
-84
-79
-72
-64
-69
-73
-68
-68
-68
-77
-77
-73
-66
-69
-71
-60
-57
-69
-67
-69
-68
-64
-74
-77
-81
-81
-80
-77
-76
-83
-83
-88
-79
-74
-80
-71
-71
-67
-60
-54
-50
-50
-44
-42
-42
-34
-36
-42
-37
-38
-36
-34
-26
-28
-35
-16
-26
-23
-20
-23
-16
-7
-9
-4
-6
-1
4
-1
12
17
13
10
14
21
26
32
35
42
40
43
44
42
53
46
55
60
58
54
55
64
70
82
92
89
89
100
97
107
100
111
120
121
120
126
139
145
147
153
160
155
164
164
173
169
176
171
169
169
164
166
155
152
166
169
160
163
159
159
159
171
181
161
176
179
168
166
161
159
148
157
158
149
149
148
139
144
134
140
141
139
132
134
141
145
154
144
148
151
151
146
141
138
149
142
151
150
162
173
170
168
161
172
176
177
176
178
175
166
175
163
158
173
160
160
162
168
172
172
183
183
178
183
186
175
175
187
182
182
176
173
159
159
169
157
153
155
163
157
166
162
169
177
176
179
171
181
178
187
189
183
188
187
182
184
192
196
205
223
215
203
198
198
205
219
206
207
206
199
212
213
219
213
224
222
226
223
225
221
226
234
231
234
230
222
219
228
219
226
232
231
232
218
222
221
227
227
244
255
255
270
300
453
551
509
304
170
279
403
343
405
486
626
656
535
644
530
497
392
318
384
336
391
486
590
720
658
496
406
297
295
310
359
604
698
641
578
387
289
196
90
241
462
669
603
391
248
232
122
199
270
325
280
9
-62
0
78
166
133
120
157
143
108
102
95
186
277
347
474
505
447
436
445
547
629
597
677
750
734
726
726
812
865
779
754
777
708
662
622
635
686
587
476
381
262
210
108
41
20
-87
-108
-171
-312
-364
-469
-528
-662
-818
-885
-945
-1042
-1071
-1096
-1036
-1001
-1027
-959
-885
-807
-718
-613
-458
-319
-199
-100
-3
133
276
425
515
541
579
667
736
747
804
829
862
812
735
652
586
541
435
349
265
205
165
97
86
74
93
98
87
77
84
139
149
180
260
350
438
498
536
576
600
643
636
646
574
514
447
335
243
90
-132
-356
-648
-938
-1279
-1646
-1993
-2221
-2353
-2331
-1878
-1664
-1481
-1581
-1869
-1787
-1659
-1470
-1257
-1347
-1154
-913
-520
-255
-111
272
630
934
823
582
503
709
838
988
882
904
1035
1027
939
706
547
558
394
75
-376
-522
-508
-438
-487
-658
-704
-692
-764
-941
-1088
-1122
-1008
-932
-1017
-985
-786
-389
75
318
570
837
1120
1285
1362
1491
1591
1700
1673
1594
1599
1576
1588
1511
1319
1136
932
677
362
35
-245
-510
-913
-1354
-1755
-2058
-2388
-2710
-2939
-2991
-2865
-2550
-2306
-2154
-2071
-2011
-1764
-1486
-1262
-1022
-851
-549
-207
152
494
793
1205
1527
1774
1789
1778
1843
1987
2040
2033
1917
1882
1881
1753
1586
1425
1267
1114
800
422
57
-139
-309
-515
-763
-961
-1049
-1105
-1238
-1270
-1211
-1062
-852
-785
-579
-302
56
446
706
1018
1250
1453
1613
1640
1740
1695
1631
1496
1344
1270
1191
1079
897
609
352
3
-518
-1065
-1601
-1938
-2224
-2072
-2045
-1923
-1924
-2131
-1876
-1672
-1388
-1219
-1353
-1212
-1174
-923
-783
-565
-155
344
818
965
1036
1267
1648
1906
2007
1799
1801
1824
1762
1660
1595
1610
1720
1595
1385
1175
1151
1109
937
623
285
77
-102
-382
-534
-614
-490
-449
-468
-524
-319
-71
152
338
428
623
773
869
980
1059
1179
1141
1094
899
807
767
681
548
313
94
-113
-454
-863
-1322
-1690
-1985
-1925
-1799
-1766
-1711
-1991
-1867
-1593
-1358
-1168
-1322
-1239
-1137
-954
-822
-827
-498
-166
294
409
414
571
978
1290
1427
1234
1162
1225
1246
1102
973
874
939
870
735
576
594
675
633
469
159
-29
-188
-402
-567
-727
-757
-819
-825
-854
-628
-370
-112
112
268
481
622
774
890
988
989
815
670
489
426
383
291
129
-58
-236
-455
-746
-1177
-1607
-1991
-2287
-2207
-2269
-2225
-2411
-2574
-2298
-2048
-1682
-1638
-1652
-1455
-1316
-1049
-1098
-1019
-736
-325
5
-5
51
356
860
1205
1240
1105
1163
1325
1350
1167
931
904
930
827
593
385
492
598
590
359
117
49
-22
-125
-366
-534
-641
-681
-765
-780
-644
-460
-179
-9
173
339
568
829
1008
1080
958
816
640
519
396
221
45
-200
-386
-597
-825
-1105
-1429
-1690
-1805
-1707
-1769
-1815
-2128
-2263
-2053
-1912
-1677
-1830
-1854
-1660
-1440
-1181
-1268
-1090
-770
-328
-138
-301
-214
135
648
857
667
561
778
1100
1163
967
822
987
1149
993
663
518
727
874
749
310
130
239
289
171
-182
-287
-230
-230
-432
-608
-539
-283
-52
-92
-149
-67
233
541
664
571
492
536
497
383
120
-93
-210
-420
-718
-1064
-1331
-1507
-1650
-1906
-1960
-1852
-1762
-1677
-1928
-1917
-1766
-1522
-1385
-1616
-1614
-1523
-1228
-1116
-1224
-1061
-788
-319
-244
-330
-192
185
611
647
416
322
560
737
617
352
277
485
580
419
186
271
562
692
516
223
246
374
368
108
-144
-177
-93
-171
-435
-463
-319
12
145
78
114
310
646
794
759
639
644
644
504
260
-41
-223
-410
-696
-1082
-1386
-1598
-1769
-1994
-2154
-2056
-1958
-1818
-1988
-2094
-1898
-1686
-1402
-1559
-1626
-1492
-1277
-1059
-1188
-1092
-839
-411
-202
-293
-196
133
629
779
614
513
700
929
850
560
349
451
520
349
92
77
358
513
399
138
192
408
456
250
-39
-75
0
-55
-348
-451
-331
-78
72
-20
58
305
688
882
876
836
885
958
840
615
343
187
-5
-329
-755
-1082
-1310
-1516
-1786
-2042
-1986
-1912
-1756
-1900
-2050
-1845
-1670
-1391
-1557
-1671
-1577
-1396
-1194
-1356
-1322
-1124
-715
-452
-528
-407
-70
468
730
650
609
849
1142
1102
849
647
741
785
576
254
181
425
543
421
149
215
482
560
368
91
102
179
132
-222
-432
-337
-177
-116
-322
-314
-115
225
400
394
430
563
756
686
529
372
301
157
-186
-621
-954
-1179
-1437
-1745
-1933
-1832
-1723
-1623
-1764
-1728
-1430
-1166
-957
-1171
-1211
-1127
-996
-994
-1210
-1168
-991
-702
-714
-812
-626
-226
226
337
278
415
794
1047
970
764
735
900
826
492
192
226
450
436
171
-30
201
460
507
312
197
405
537
450
123
57
174
272
128
-165
-124
56
279
260
183
272
487
599
486
380
291
295
90
-300
-695
-927
-1161
-1541
-1953
-2157
-2033
-1936
-1933
-2090
-1910
-1517
-1161
-998
-1110
-945
-747
-563
-690
-901
-840
-644
-490
-700
-829
-661
-270
51
38
17
287
719
899
772
660
781
961
813
445
194
282
402
217
-114
-231
35
195
137
-52
-2
311
435
313
126
222
403
451
232
23
106
287
371
239
171
299
490
489
369
287
327
352
104
-268
-556
-708
-953
-1358
-1824
-1977
-1913
-1912
-2063
-2302
-2092
-1759
-1421
-1378
-1425
-1145
-849
-569
-707
-783
-637
-395
-298
-595
-691
-517
-157
-24
-176
-190
116
546
657
564
562
837
1061
921
597
480
681
706
432
40
-47
185
223
57
-136
-19
258
344
195
118
312
520
519
279
177
307
481
469
281
236
356
472
384
247
223
319
317
87
-224
-378
-433
-648
-1017
-1445
-1533
-1491
-1557
-1757
-2027
-1869
-1609
-1378
-1341
-1364
-1053
-749
-498
-570
-574
-346
-134
-40
-304
-411
-255
14
107
-59
-98
134
456
521
433
465
739
954
853
623
594
841
904
673
343
283
467
454
243
46
150
367
396
229
177
391
628
669
465
417
579
734
694
542
508
621
703
563
400
366
443
396
143
-109
-223
-255
-450
-801
-1178
-1327
-1267
-1351
-1496
-1685
-1699
-1451
-1327
-1218
-1189
-1026
-709
-538
-453
-509
-321
-72
80
25
-164
-89
91
236
174
59
130
326
461
363
331
464
705
749
583
491
616
812
748
509
315
380
463
319
117
54
212
310
238
96
187
437
549
526
397
484
649
736
666
590
651
716
705
533
449
458
463
314
52
-117
-178
-273
-548
-896
-1183
-1317
-1335
-1455
-1567
-1663
-1720
-1577
-1498
-1369
-1237
-1096
-867
-730
-582
-543
-376
-154
0
71
-55
-27
94
249
300
244
264
395
543
532
528
597
775
859
760
635
665
804
821
665
437
406
470
377
223
94
148
224
175
56
41
219
340
367
271
296
456
585
612
541
550
621
644
555
507
504
507
393
189
34
-44
-107
-328
-617
-909
-1108
-1156
-1252
-1369
-1468
-1597
-1550
-1480
-1409
-1265
-1190
-976
-850
-734
-690
-592
-370
-248
-132
-233
-257
-144
-18
72
13
2
113
268
318
312
401
589
734
661
550
603
742
803
690
488
422
502
424
278
126
118
197
125
0
-57
108
237
272
166
144
280
367
397
320
307
340
358
281
221
240
261
201
6
-126
-200
-229
-394
-635
-907
-1161
-1291
-1383
-1470
-1562
-1656
-1771
-1711
-1659
-1521
-1399
-1334
-1162
-1060
-917
-889
-753
-593
-448
-398
-549
-522
-440
-278
-228
-307
-267
-130
34
78
112
222
417
508
422
353
431
559
557
378
183
173
214
124
-6
-114
-53
-28
-99
-191
-141
24
108
101
2
65
173
255
239
181
187
211
209
117
110
94
88
-21
-190
-279
-326
-372
-572
-781
-1044
-1246
-1419
-1531
-1626
-1709
-1850
-1996
-1923
-1871
-1686
-1614
-1564
-1395
-1307
-1143
-1103
-963
-811
-663
-652
-779
-717
-617
-429
-362
-418
-362
-218
-56
37
117
235
417
498
425
389
462
581
562
389
196
162
147
77
-26
-134
-114
-137
-173
-246
-169
-20
56
85
29
118
204
289
305
267
271
295
298
245
263
249
247
156
44
-30
-67
-119
-280
-448
-674
-855
-1091
-1207
-1277
-1374
-1456
-1680
-1681
-1624
-1491
-1385
-1432
-1322
-1241
-1077
-1007
-956
-802
-696
-581
-690
-714
-606
-421
-275
-331
-346
-242
4
143
202
282
454
608
597
546
566
732
773
647
402
300
355
336
241
50
16
12
-5
-72
-97
32
101
127
64
64
172
284
320
272
236
240
255
229
205
171
160
115
19
-26
-58
-66
-159
-302
-474
-661
-828
-1047
-1104
-1179
-1240
-1351
-1580
-1510
-1430
-1264
-1238
-1299
-1181
-1098
-912
-911
-853
-719
-618
-553
-689
-677
-542
-358
-280
-354
-355
-199
19
136
163
247
417
541
537
491
597
749
759
606
417
400
474
430
304
143
124
108
68
17
-6
105
116
131
92
131
279
359
402
351
327
358
390
374
330
275
219
144
68
11
-19
-39
-150
-255
-389
-510
-638
-821
-972
-1057
-1148
-1267
-1388
-1529
-1478
-1414
-1346
-1363
-1389
-1261
-1126
-959
-925
-831
-692
-573
-493
-540
-462
-343
-216
-189
-242
-189
-6
162
248
288
370
519
651
679
675
777
883
876
763
652
658
697
591
481
335
310
301
240
203
167
241
252
264
262
311
413
437
438
423
426
453
457
413
389
336
292
227
169
140
94
70
-29
-94
-186
-286
-401
-593
-770
-855
-910
-1012
-1091
-1258
-1264
-1219
-1175
-1118
-1140
-1030
-899
-753
-695
-622
-468
-336
-225
-248
-243
-149
-45
50
42
30
143
264
354
382
453
591
741
792
776
848
959
1023
958
838
785
812
756
645
509
445
453
413
356
303
367
424
463
449
463
543
607
633
597
571
556
565
504
424
367
325
289
222
162
141
132
109
56
-24
-92
-178
-313
-495
-689
-865
-940
-1057
-1169
-1313
-1411
-1355
-1276
-1177
-1161
-1057
-891
-730
-559
-489
-361
-228
-117
-79
-118
-91
-11
67
61
46
92
221
360
434
484
605
740
829
851
880
951
1004
961
844
741
696
655
534
421
327
303
265
213
181
223
302
339
353
373
430
469
502
488
460
439
416
364
307
268
232
187
127
81
61
50
36
-4
-37
-79
-140
-241
-375
-530
-728
-942
-1138
-1238
-1338
-1390
-1487
-1527
-1435
-1317
-1169
-1079
-956
-772
-596
-467
-403
-298
-193
-101
-72
-129
-114
-28
62
106
98
167
308
450
550
623
728
856
935
936
930
974
1017
1001
900
797
771
746
682
584
510
501
469
441
404
406
430
457
455
428
457
464
478
463
415
374
351
329
285
245
200
148
115
81
65
80
64
62
31
-6
-44
-87
-169
-302
-458
-628
-781
-902
-968
-1012
-1036
-1068
-1077
-1000
-904
-774
-681
-585
-469
-362
-265
-196
-106
-34
20
33
25
56
132
200
227
236
298
389
479
558
621
712
805
870
893
932
985
1025
1004
922
838
772
719
634
542
438
357
305
241
226
223
242
235
237
271
291
339
356
358
341
297
267
241
245
233
178
136
94
105
124
121
128
130
141
121
85
50
11
-35
-118
-269
-424
-555
-671
-774
-850
-923
-958
-973
-995
-914
-814
-695
-626
-564
-449
-327
-199
-139
-64
-1
68
119
119
167
244
323
357
371
444
546
664
751
808
865
934
1004
1016
1028
1036
1023
952
843
755
702
647
544
441
347
290
267
255
253
253
241
246
260
269
298
321
321
302
265
247
230
221
211
187
141
115
134
160
195
223
241
261
273
266
248
214
174
89
-13
-132
-262
-390
-528
-648
-744
-786
-811
-811
-820
-754
-640
-532
-416
-358
-244
-125
-10
77
102
173
219
274
276
266
300
342
386
403
426
492
573
652
677
709
767
805
826
795
783
787
770
699
621
546
484
408
322
253
199
159
110
83
59
77
90
106
118
147
180
214
238
248
274
279
272
266
255
237
223
212
196
209
219
239
239
251
267
275
267
220
185
137
71
-19
-126
-223
-313
-397
-502
-583
-605
-602
-561
-556
-541
-447
-343
-245
-188
-142
-43
36
79
69
90
116
159
141
80
70
105
159
176
164
192
267
341
386
420
475
533
575
565
543
552
544
522
457
387
332
295
228
155
94
72
67
41
46
52
81
88
109
117
139
159
145
146
139
125
91
59
24
2
-21
-62
-65
-66
-50
-32
-28
17
48
78
113
136
155
150
129
86
32
-22
-84
-163
-241
-320
-404
-469
-533
-546
-557
-551
-556
-560
-525
-471
-407
-375
-341
-318
-291
-267
-272
-244
-232
-216
-214
-237
-203
-138
-83
-59
-21
52
128
206
235
283
350
393
408
383
389
416
407
372
300
258
229
197
128
68
48
21
3
-20
-38
-16
22
22
9
7
20
24
13
-8
-11
4
5
6
-3
20
30
57
80
113
146
176
210
229
270
286
300
298
273
244
186
142
81
22
-51
-140
-209
-293
-376
-456
-513
-578
-626
-637
-653
-650
-648
-645
-608
-566
-534
-501
-472
-433
-394
-366
-347
-318
-285
-243
-218
-215
-182
-136
-82
-60
-32
9
72
137
148
171
210
244
261
234
236
242
224
204
135
111
90
73
47
23
10
14
19
10
11
17
43
42
44
49
63
72
71
75
69
74
65
51
31
47
55
63
67
66
79
96
90
75
73
74
62
33
12
-27
-62
-83
-110
-146
-165
-197
-217
-227
-256
-278
-284
-295
-316
-340
-387
-410
-412
-433
-433
-476
-490
-483
-473
-453
-456
-429
-399
-374
-349
-332
-283
-244
-184
-168
-163
-111
-57
-4
27
50
96
153
204
227
260
300
337
342
330
338
351
366
344
298
266
249
223
181
133
95
60
34
-11
-54
-73
-96
-116
-145
-167
-155
-142
-135
-124
-109
-79
-36
-5
-7
13
39
62
59
51
56
80
95
72
57
44
58
51
23
-6
-41
-56
-73
-131
-193
-224
-256
-292
-361
-423
-464
-492
-526
-576
-606
-632
-643
-656
-688
-691
-670
-648
-635
-608
-576
-520
-467
-418
-375
-335
-268
-213
-175
-138
-110
-78
-32
-11
-3
28
55
73
78
79
77
88
73
53
21
-7
-36
-60
-95
-127
-149
-160
-173
-195
-203
-206
-197
-200
-221
-235
-227
-220
-214
-234
-231
-237
-236
-232
-240
-218
-206
-180
-170
-174
-159
-147
-133
-138
-154
-167
-176
-199
-228
-255
-275
-293
-327
-350
-396
-415
-411
-419
-434
-437
-434
-428
-420
-421
-407
-383
-366
-374
-382
-383
-357
-355
-346
-349
-355
-342
-333
-343
-368
-378
-386
-388
-396
-408
-413
-416
-411
-414
-417
-412
-397
-376
-357
-337
-309
-274
-257
-242
-223
-212
-183
-180
-181
-180
-160
-154
-167
-165
-173
-151
-141
-145
-145
-147
-126
-96
-94
-108
-107
-111
-114
-145
-183
-223
-244
-243
-268
-279
-284
-277
-253
-245
-242
-243
-225
-203
-202
-202
-207
-194
-181
-195
-214
-221
-223
-217
-236
-256
-258
-246
-235
-233
-242
-259
-233
-236
-247
-259
-260
-251
-261
-280
-299
-314
-314
-331
-360
-381
-374
-381
-400
-402
-400
-399
-407
-408
-414
-430
-437
-445
-466
-483
-506
-523
-530
-555
-549
-559
-560
-547
-535
-521
-500
-466
-444
-421
-414
-395
-374
-353
-340
-327
-315
-287
-259
-229
-205
-184
-145
-116
-108
-99
-79
-61
-63
-78
-82
-77
-66
-80
-108
-110
-119
-126
-146
-159
-165
-182
-186
-209
-231
-238
-232
-238
-242
-245
-245
-224
-220
-213
-213
-203
-190
-211
-214
-216
-220
-234
-243
-264
-280
-301
-318
-326
-339
-338
-334
-345
-353
-354
-357
-356
-361
-368
-367
-361
-361
-383
-384
-388
-398
-412
-436
-447
-478
-487
-500
-511
-517
-516
-499
-478
-474
-448
-400
-368
-341
-323
-299
-285
-259
-227
-204
-190
-175
-158
-143
-139
-137
-110
-97
-87
-90
-75
-52
-27
-18
-17
7
15
32
37
36
48
60
65
55
49
47
48
38
7
-24
-49
-61
-82
-112
-140
-154
-166
-184
-202
-208
-208
-206
-214
-238
-243
-231
-223
-218
-220
-220
-213
-195
-199
-222
-225
-219
-231
-254
-279
-287
-282
-276
-277
-284
-274
-260
-237
-206
-203
-197
-166
-156
-145
-146
-150
-134
-138
-168
-185
-201
-199
-198
-220
-220
-211
-207
-194
-183
-174
-143
-116
-107
-95
-66
-28
7
24
37
55
70
79
74
80
78
73
58
38
23
9
-13
-42
-78
-105
-120
-138
-160
-188
-205
-205
-207
-206
-204
-203
-185
-186
-172
-150
-143
-118
-115
-101
-93
-96
-79
-81
-73
-50
-34
-15
-12
0
17
36
49
45
56
64
67
74
61
41
25
3
-23
-50
-78
-93
-107
-114
-127
-136
-123
-119
-94
-84
-53
-23
1
31
52
84
114
139
149
173
188
197
199
198
185
180
175
152
141
107
83
58
22
-1
-34
-58
-83
-97
-130
-166
-166
-178
-199
-208
-213
-216
-212
-217
-218
-208
-190
-174
-152
-138
-119
-84
-51
-20
12
41
76
116
135
147
157
173
189
185
172
163
163
150
135
114
94
73
52
37
10
-18
-34
-39
-35
-42
-44
-28
-14
-10
-4
26
58
82
94
114
122
137
156
164
168
177
160
162
146
130
108
94
82
39
7
-22
-51
-76
-109
-139
-158
-190
-212
-234
-252
-260
-266
-266
-255
-259
-252
-246
-232
-218
-205
-188
-164
-138
-130
-103
-72
-44
-19
-5
14
32
53
72
65
72
80
78
71
75
58
27
17
-15
-23
-35
-54
-68
-77
-90
-94
-90
-83
-72
-53
-50
-38
-17
-12
19
42
47
64
68
74
72
66
63
56
30
15
2
-31
-48
-74
-93
-110
-140
-159
-195
-227
-252
-284
-312
-332
-342
-355
-369
-380
-373
-371
-356
-343
-330
-319
-295
-251
-216
-177
-147
-116
-85
-46
-19
1
11
15
25
21
2
5
-1
-18
-25
-48
-46
-61
-77
-82
-92
-101
-104
-91
-90
-87
-81
-74
-82
-78
-60
-68
-69
-61
-62
-52
-51
-40
-33
-17
6
22
31
37
39
46
36
27
5
-26
-55
-91
-126
-152
-176
-207
-249
-288
-319
-339
-361
-390
-411
-433
-445
-458
-453
-459
-460
-433
-425
-418
-411
-372
-348
-319
-294
-267
-219
-194
-176
-168
-159
-138
-136
-141
-139
-156
-141
-145
-169
-184
-199
-208
-213
-232
-258
-264
-270
-268
-274
-281
-272
-247
-235
-234
-208
-183
-162
-147
-128
-95
-79
-50
-35
-21
0
14
34
37
51
67
75
74
64
42
27
10
-11
-36
-67
-96
-131
-152
-186
-216
-244
-268
-284
-299
-311
-308
-308
-300
-297
-289
-277
-270
-258
-245
-236
-212
-183
-165
-149
-145
-126
-117
-107
-101
-103
-86
-76
-73
-55
-57
-41
-30
-34
-37
-29
-37
-29
-42
-53
-61
-74
-84
-94
-95
-108
-104
-90
-86
-75
-73
-51
-31
-27
-9
-7
15
22
36
42
52
63
63
61
63
55
48
47
27
11
3
-8
-33
-59
-66
-70
-73
-64
-69
-66
-52
-41
-42
-50
-41
-39
-39
-34
-43
-45
-53
-51
-54
-67
-69
-76
-72
-77
-91
-89
-92
-107
-106
-110
-102
-101
-95
-93
-100
-87
-74
-61
-45
-38
-17
-16
2
-2
2
7
0
6
4
7
1
16
12
11
20
33
46
53
60
78
85
82
90
83
80
66
61
50
31
28
16
4
-5
-9
-16
-6
-8
-5
-1
15
49
56
66
90
117
139
156
170
174
180
197
206
205
212
210
215
205
200
208
201
184
186
177
168
158
150
148
147
156
163
166
169
183
174
185
187
191
204
199
213
201
193
201
202
203
211
209
216
221
227
246
254
246
248
255
255
254
248
253
236
229
219
207
201
193
180
170
163
167
176
165
153
176
192
200
220
231
251
272
282
310
330
333
353
370
374
374
380
384
378
365
354
358
344
330
326
300
304
301
293
292
302
305
311
308
319
325
327
347
358
359
375
388
399
406
402
398
398
398
388
378
380
379
364
342
331
333
326
327
318
316
306
298
290
269
257
246
219
207
200
176
172
150
147
152
152
158
170
182
196
231
264
290
316
344
386
418
447
463
471
484
476
479
482
474
470
461
447
424
410
392
373
362
342
331
313
306
301
301
296
279
277
272
275
285
283
296
300
298
301
311
313
319
335
346
342
334
347
346
351
354
343
352
353
353
339
327
331
313
299
281
263
243
220
196
180
165
165
150
135
116
118
127
139
140
146
169
192
218
224
247
268
300
317
333
348
356
375
387
389
383
384
388
385
379
369
363
358
352
331
323
319
301
315
299
302
297
312
314
302
313
309
313
301
312
307
304
310
306
304
300
303
310
310
307
318
317
318
327
316
314
320
311
301
294
288
276
248
222
209
195
184
168
147
147
132
133
125
112
117
118
135
153
147
159
178
187
198
205
228
232
240
237
235
235
231
225
227
225
232
227
219
220
218
210
212
218
206
202
194
198
203
198
196
195
195
193
200
206
205
203
208
206
201
202
206
204
199
202
186
193
193
192
191
182
186
185
190
185
190
187
181
179
167
148
149
132
121
111
100
94
82
86
78
78
81
95
102
106
115
123
125
133
140
143
164
168
162
175
176
178
179
160
163
160
162
162
155
154
155
165
157
155
145
147
145
152
133
134
132
117
119
112
107
107
104
101
97
87
89
82
73
70
57
57
58
53
41
38
34
35
38
28
31
20
9
2
5
7
1
9
5
8
10
15
4
1
12
11
12
16
18
14
25
25
25
22
23
20
17
18
14
9
16
19
22
38
36
33
42
42
44
55
48
56
59
71
78
86
87
91
106
102
107
107
117
128
128
127
136
137
141
135
133
132
124
126
118
115
110
108
96
105
92
83
78
71
70
64
61
50
42
56
60
58
57
50
72
77
78
84
100
121
124
144
158
166
171
184
195
195
208
211
214
216
210
212
225
209
207
206
202
206
198
188
183
174
162
166
151
155
154
148
141
129
132
131
128
131
130
141
155
164
174
178
192
201
204
195
187
191
192
190
187
192
189
198
195
201
197
188
185
180
176
158
153
147
137
126
136
135
130
131
126
126
132
125
133
131
126
132
132
133
123
127
129
140
145
147
166
169
162
176
177
168
178
187
175
172
179
171
166
158
150
146
148
143
128
131
130
128
126
121
129
121
129
126
125
135
134
152
153
158
149
154
162
156
142
122
110
92
89
76
63
56
44
38
16
14
-5
-19
-15
-29
-27
-23
-20
-17
-15
-21
-26
-27
-28
-34
-31
-41
-35
-25
-34
-21
-17
-16
-12
-2
17
25
38
45
45
40
27
30
36
31
38
45
44
53
50
36
36
42
32
28
27
7
6
-8
-3
-5
-14
-8
-8
5
17
10
22
27
16
34
37
48
44
51
66
50
58
67
58
50
55
50
45
40
29
28
23
18
20
22
17
14
10
8
11
14
17
7
10
12
2
9
5
-3
3
-2
-3
-1
6
5
2
19
18
22
23
21
18
17
21
24
34
35
38
34
30
27
26
28
31
33
38
41
33
49
51
43
45
35
44
44
40
37
39
37
33
28
14
11
2
-5
-18
-18
-10
-12
-10
-2
-1
4
17
12
11
26
27
16
22
28
30
44
47
53
61
58
72
80
77
86
84
78
73
79
78
87
66
70
70
56
54
43
44
33
36
39
26
33
39
42
45
37
27
25
30
24
25
31
30
34
38
38
35
45
52
54
63
65
61
78
85
85
96
101
108
102
103
107
94
81
81
72
71
47
51
51
34
39
31
35
27
29
24
41
41
34
52
62
77
96
103
113
117
117
117
118
117
132
125
124
139
120
147
145
137
144
134
139
138
135
140
139
133
131
115
112
94
90
92
92
86
79
82
79
79
83
95
89
92
89
100
105
123
137
138
141
144
156
148
159
175
172
182
181
166
168
179
165
163
152
149
147
135
120
113
109
107
92
71
79
56
55
49
38
42
32
34
34
42
41
35
33
34
34
33
43
28
30
27
19
25
32
16
6
19
11
13
3
12
16
14
9
-13
1
-4
-25
-38
-43
-47
-51
-52
-66
-59
-58
-55
-46
-43
-33
-18
-17
-14
-9
3
10
17
23
26
29
26
30
36
36
35
43
43
51
56
53
49
59
54
39
57
65
60
56
59
52
34
26
18
9
2
-2
-13
-29
-35
-41
-52
-50
-58
-68
-72
-75
-83
-77
-77
-85
-93
-90
-76
-76
-75
-73
-76
-75
-83
-82
-91
-96
-107
-116
-118
-128
-126
-127
-120
-112
-112
-117
-123
-115
-117
-105
-108
-122
-108
-95
-79
-73
-68
-75
-68
-57
-52
-54
-53
-37
-45
-43
-47
-36
-38
-36
-36
-42
-50
-45
-38
-40
-47
-47
-48
-37
-43
-53
-52
-66
-82
-100
-119
-129
-145
-167
-190
-197
-195
-212
-211
-226
-232
-242
-238
-242
-243
-236
-247
-239
-238
-239
-247
-238
-239
-244
-243
-242
-241
-243
-239
-229
-229
-233
-232
-235
-220
-226
-202
-201
-205
-207
-206
-193
-205
-197
-190
-196
-186
-174
-172
-166
-174
-156
-152
-151
-143
-144
-133
-132
-123
-118
-125
-117
-117
-112
-100
-97
-91
-102
-99
-96
-103
-101
-112
-128
-118
-114
-130
-148
-150
-161
-164
-159
-172
-173
-184
-183
-185
-177
-183
-176
-174
-180
-185
-182
-179
-177
-164
-176
-170
-159
-152
-150
-143
-144
-132
-135
-132
-130
-131
-119
-121
-117
-109
-107
-93
-84
-77
-64
-61
-48
-51
-51
-45
-42
-39
-23
-29
-16
-2
-2
2
9
16
14
20
23
21
33
37
41
54
44
36
52
46
33
39
41
20
22
16
9
-2
-14
-26
-27
-44
-41
-33
-37
-24
-33
-31
-26
-19
-25
-22
-14
-10
-10
-8
4
8
22
29
24
31
44
54
68
61
63
75
75
74
81
75
76
81
79
77
71
87
85
81
102
109
114
120
128
140
154
166
167
187
189
201
211
224
231
234
236
251
253
263
277
282
284
278
293
306
295
297
286
273
269
246
237
210
199
193
173
158
144
143
133
113
103
94
97
92
89
84
93
94
75
82
74
74
80
93
108
114
121
137
142
156
165
171
180
177
178
191
194
203
211
213
231
225
228
238
237
231
231
233
241
230
227
241
259
276
279
295
298
314
328
341
355
364
367
366
365
368
386
386
389
393
394
397
398
394
384
373
367
350
346
335
314
301
282
270
253
250
232
226
225
206
204
188
187
184
169
168
163
164
149
153
157
164
170
171
163
176
180
183
205
205
220
239
232
230
236
242
261
262
264
272
262
270
277
280
277
280
282
276
282
289
294
296
287
288
290
298
310
309
321
321
314
313
316
309
303
298
285
274
270
261
247
233
231
222
215
