SAMPLES:	5150
BITSPERSAMPLE:	16
CHANNELS:	1
SAMPLERATE:	16000
NORMALIZED:	FALSE
334
338
336
349
341
330
335
345
348
350
365
349
344
347
342
339
334
336
337
325
318
325
324
324
330
329
344
357
352
342
342
354
351
339
345
343
346
349
341
342
337
345
349
353
358
347
358
366
367
369
361
366
372
375
359
368
365
370
369
371
371
369
362
354
356
352
346
338
336
336
328
325
332
341
334
327
339
342
351
349
349
354
358
348
346
339
333
345
352
354
352
355
366
353
350
349
346
351
331
327
331
337
334
334
332
331
344
340
343
353
366
363
379
371
379
376
380
382
389
391
390
407
399
401
406
417
410
416
420
417
423
410
400
408
398
401
403
400
396
401
405
403
400
398
402
393
402
406
406
398
401
402
397
398
384
378
383
378
380
382
385
388
382
363
358
360
349
345
334
324
340
327
324
317
314
304
290
293
296
286
276
274
271
283
279
285
277
278
282
273
269
265
263
266
253
249
259
264
255
251
260
226
225
224
224
218
216
214
219
221
220
234
233
231
216
227
229
223
228
229
231
224
221
215
214
212
206
208
205
209
206
201
204
194
197
198
202
213
221
224
223
219
233
227
225
229
219
236
226
238
241
242
239
230
231
224
211
192
204
192
189
180
168
168
150
155
152
152
150
153
162
168
181
184
191
193
187
183
178
175
177
178
181
190
204
193
188
175
174
171
171
181
175
177
168
184
179
178
182
190
184
194
190
191
213
210
225
223
244
253
262
260
275
273
268
268
264
257
258
275
267
264
260
276
276
274
284
284
298
290
279
273
262
277
270
271
259
253
260
262
267
269
262
284
289
294
287
279
295
293
297
289
312
323
325
318
319
321
326
329
334
323
331
335
348
356
355
366
363
365
342
363
358
360
373
364
366
354
363
374
375
369
365
368
360
362
358
353
363
353
350
357
344
342
336
320
319
306
306
294
296
296
300
293
287
286
281
275
275
267
266
264
249
265
260
249
228
214
226
216
222
210
205
186
200
210
205
213
194
206
191
185
188
188
161
154
164
161
150
134
128
117
121
104
116
119
128
131
115
109
101
109
111
87
78
78
93
94
88
61
61
64
59
41
46
39
50
34
40
50
45
49
41
39
38
60
38
30
24
36
42
50
37
39
46
32
20
8
23
26
11
4
-1
-8
-2
11
5
-28
-35
-28
-34
-36
-40
-51
-41
-49
-61
-51
-63
-51
-79
-61
-72
-62
-51
-73
-83
-95
-67
-52
-63
-98
-107
-103
-85
-108
-113
-111
-86
-87
-112
-118
-122
-83
-98
-116
-132
-112
-118
-150
-148
-145
-146
-160
-150
-150
-139
-167
-181
-191
-179
-177
-185
-193
-210
-210
-193
-190
-194
-219
-235
-214
-210
-227
-228
-226
-219
-241
-248
-225
-224
-217
-231
-254
-238
-252
-252
-262
-262
-223
-246
-277
-319
-275
-241
-246
-254
-280
-276
-297
-266
-260
-259
-264
-278
-293
-293
-264
-277
-276
-287
-303
-287
-270
-281
-318
-296
-264
-260
-265
-315
-298
-307
-292
-285
-307
-261
-298
-285
-282
-270
-265
-289
-298
-320
-298
-304
-268
-291
-301
-283
-268
-251
-281
-284
-317
-307
-290
-251
-257
-284
-283
-276
-254
-290
-285
-285
-244
-298
-308
-290
-246
-254
-293
-230
-229
-243
-273
-266
-245
-249
-244
-254
-220
-236
-214
-284
-268
-266
-202
-209
-273
-261
-301
-223
-220
-222
-250
-272
-239
-251
-243
-240
-244
-218
-227
-203
-221
-207
-212
-217
-209
-227
-185
-169
-183
-213
-220
-181
-187
-204
-208
-189
-158
-246
-235
-231
-147
-161
-202
-214
-217
-199
-185
-199
-202
-174
-178
-146
-194
-204
-180
-160
-149
-196
-195
-183
-173
-182
-202
-172
-146
-125
-152
-148
-159
-129
-151
-147
-144
-138
-119
-118
-148
-152
-174
-137
-117
-144
-148
-174
-170
-141
-125
-105
-125
-161
-169
-157
-158
-130
-145
-139
-166
-144
-84
-115
-113
-205
-121
-151
-88
-151
-124
-124
-109
-107
-151
-105
-101
-100
-180
-174
-185
-151
-169
-157
-141
-177
-160
-221
-181
-162
-178
-178
-254
-194
-236
-203
-212
-200
-190
-232
-224
-243
-222
-222
-185
-210
-222
-226
-197
-210
-228
-240
-203
-191
-211
-189
-221
-220
-221
-226
-247
-234
-159
-195
-241
-286
-222
-212
-223
-240
-238
-232
-202
-248
-236
-218
-193
-182
-242
-245
-224
-228
-284
-300
-259
-239
-246
-279
-267
-256
-299
-274
-320
-273
-315
-336
-308
-312
-293
-361
-313
-305
-303
-335
-361
-345
-356
-366
-400
-367
-339
-317
-339
-356
-376
-359
-426
-420
-388
-370
-385
-437
-382
-373
-379
-369
-358
-379
-361
-396
-390
-388
-360
-366
-400
-363
-368
-356
-428
-377
-349
-362
-386
-402
-378
-361
-379
-420
-408
-371
-416
-458
-425
-390
-406
-467
-473
-404
-388
-391
-434
-442
-453
-440
-435
-428
-453
-452
-496
-482
-499
-487
-452
-477
-469
-525
-495
-538
-489
-510
-515
-514
-542
-508
-545
-542
-581
-569
-528
-585
-579
-567
-545
-583
-620
-567
-568
-547
-562
-577
-602
-592
-547
-559
-589
-619
-590
-558
-578
-601
-600
-567
-563
-625
-581
-539
-549
-588
-634
-532
-519
-561
-594
-582
-531
-542
-563
-556
-544
-512
-524
-532
-528
-494
-480
-517
-558
-518
-424
-398
-392
-516
-547
-535
-399
-424
-510
-525
-523
-507
-529
-482
-492
-453
-499
-519
-496
-438
-445
-505
-491
-437
-388
-416
-453
-450
-431
-414
-442
-472
-483
-460
-443
-474
-497
-508
-482
-508
-558
-580
-563
-557
-593
-598
-593
-577
-572
-593
-614
-614
-620
-642
-630
-613
-598
-587
-614
-607
-592
-581
-583
-625
-614
-577
-557
-553
-570
-570
-545
-517
-518
-560
-581
-569
-558
-552
-558
-545
-542
-539
-568
-557
-531
-521
-548
-580
-581
-536
-495
-525
-580
-551
-466
-500
-521
-523
-477
-483
-513
-520
-501
-471
-473
-508
-502
-471
-439
-471
-510
-504
-499
-516
-534
-526
-521
-506
-521
-522
-490
-458
-435
-475
-481
-461
-455
-441
-449
-435
-427
-431
-430
-422
-433
-436
-449
-429
-427
-420
-418
-414
-417
-416
-404
-434
-447
-454
-421
-407
-422
-429
-445
-430
-405
-410
-403
-417
-400
-409
-428
-422
-418
-407
-428
-425
-416
-410
-413
-405
-382
-400
-386
-389
-386
-390
-410
-393
-394
-391
-386
-389
-392
-408
-419
-431
-437
-410
-408
-423
-441
-437
-399
-394
-403
-411
-381
-372
-378
-372
-373
-359
-337
-325
-344
-340
-336
-356
-346
-331
-317
-319
-316
-310
-319
-315
-304
-287
-283
-283
-289
-264
-266
-258
-262
-258
-256
-264
-279
-273
-241
-238
-243
-257
-212
-188
-194
-204
-202
-197
-187
-191
-200
-196
-186
-182
-200
-207
-192
-190
-208
-223
-227
-208
-238
-271
-284
-277
-281
-302
-318
-323
-313
-316
-347
-360
-337
-355
-376
-385
-379
-383
-406
-417
-421
-410
-408
-411
-414
-409
-405
-397
-422
-397
-355
-318
-262
-226
-164
-108
-52
-15
-1
44
65
54
64
73
124
150
177
202
225
262
273
268
237
226
208
176
131
102
106
108
113
103
123
154
159
149
120
128
139
124
98
81
91
84
72
56
26
27
3
-46
-92
-124
-134
-169
-195
-232
-259
-301
-341
-370
-412
-488
-566
-662
-733
-791
-882
-976
-1057
-1106
-1103
-1083
-1067
-1112
-1045
-652
-148
273
175
118
420
976
1291
970
668
704
988
874
491
367
585
708
334
-108
-164
21
-73
-539
-901
-842
-614
-671
-966
-989
-669
-302
-261
-362
-209
126
353
291
223
443
715
792
601
527
697
896
859
580
487
547
620
482
252
209
270
280
127
17
49
111
36
-159
-214
-148
-59
-129
-234
-176
-38
26
-40
-104
-66
-2
-55
-191
-286
-274
-283
-388
-542
-625
-665
-776
-955
-1196
-1381
-1557
-1818
-2072
-2177
-1693
-890
-329
-377
-646
-172
875
1676
1346
646
634
1193
1418
901
617
1080
1597
1210
289
-11
387
487
-297
-1246
-1404
-1040
-1037
-1584
-1831
-1351
-771
-778
-1163
-1097
-511
-57
-101
-316
-54
523
860
780
709
1028
1383
1363
944
667
707
730
434
-14
-216
-107
-4
-123
-277
-199
-39
-71
-254
-329
-192
-78
-169
-296
-219
32
181
126
51
101
171
50
-158
-289
-244
-213
-327
-451
-460
-418
-487
-659
-876
-1007
-1134
-1384
-1721
-2033
-2258
-2426
-2424
-1869
-939
-179
-208
-548
-161
998
1879
1502
635
561
1264
1546
1007
696
1257
1826
1224
-55
-553
-83
50
-901
-2033
-2156
-1575
-1479
-1990
-2166
-1527
-886
-1052
-1609
-1487
-623
58
-9
-284
82
896
1380
1246
1044
1236
1486
1251
613
230
325
420
78
-495
-741
-526
-367
-578
-865
-850
-600
-585
-738
-724
-347
78
129
6
80
418
633
465
185
105
149
13
-259
-392
-311
-207
-346
-599
-705
-647
-652
-890
-1174
-1316
-1332
-1430
-1689
-1962
-2222
-2394
-2529
-2268
-1499
-544
-40
-198
-259
419
1543
1990
1508
889
1006
1431
1352
907
922
1442
1478
502
-592
-771
-379
-615
-1642
-2439
-2290
-1802
-1837
-2174
-2009
-1309
-940
-1242
-1477
-950
-32
399
231
225
798
1477
1593
1304
1202
1350
1238
641
38
-66
109
-30
-582
-1076
-1111
-934
-1011
-1338
-1470
-1249
-1022
-998
-972
-501
129
489
436
357
602
860
796
399
132
125
110
-130
-423
-456
-362
-418
-725
-969
-926
-806
-876
-1113
-1205
-1073
-952
-1043
-1281
-1450
-1607
-1886
-2337
-2677
-2591
-1886
-965
-209
10
-124
139
817
1589
1503
880
427
565
792
644
535
836
1207
739
-430
-1260
-1198
-973
-1556
-2521
-2819
-2246
-1698
-1769
-1834
-1311
-635
-683
-1251
-1259
-374
532
582
282
598
1448
1924
1582
1127
1060
979
348
-480
-715
-421
-332
-797
-1334
-1403
-1254
-1340
-1727
-1900
-1752
-1518
-1369
-1089
-383
439
974
968
853
977
1110
962
529
199
97
23
-221
-435
-411
-351
-529
-1001
-1326
-1301
-1154
-1165
-1262
-1229
-997
-806
-878
-1041
-1110
-1161
-1425
-1825
-2141
-2165
-2146
-2176
-2098
-1417
-492
103
-58
-418
-45
576
993
566
261
515
897
837
404
418
745
641
-394
-1451
-1643
-1337
-1369
-2009
-2248
-1778
-1218
-1261
-1611
-1406
-757
-467
-800
-982
-343
641
1113
989
1012
1492
1754
1367
690
424
432
131
-516
-895
-725
-496
-776
-1356
-1701
-1649
-1636
-1887
-2022
-1721
-1142
-688
-455
-14
714
1341
1356
1004
906
1120
1282
1012
655
500
516
319
-169
-571
-740
-900
-1272
-1669
-1712
-1431
-1184
-1170
-1213
-1096
-927
-944
-1146
-1273
-1225
-1182
-1325
-1566
-1678
-1599
-1603
-1802
-1933
-1356
-521
13
-249
-552
-83
672
1127
688
409
584
793
462
-81
-4
393
286
-709
-1568
-1589
-1269
-1424
-2077
-2186
-1679
-1265
-1515
-1763
-1297
-554
-369
-762
-823
-80
745
887
619
653
1084
1158
628
71
-52
-66
-480
-1088
-1307
-1038
-892
-1159
-1565
-1678
-1554
-1530
-1596
-1508
-1111
-632
-266
14
332
798
1195
1372
1261
1079
1054
1004
919
655
383
104
-236
-627
-1036
-1283
-1458
-1608
-1786
-1855
-1750
-1532
-1282
-1167
-1073
-1024
-961
-926
-886
-850
-828
-916
-1111
-1342
-1464
-1446
-1605
-1887
-1978
-1321
-498
9
-238
-411
-79
376
551
205
232
462
506
97
-184
123
409
39
-938
-1560
-1550
-1426
-1716
-2039
-1796
-1319
-1192
-1540
-1580
-1064
-579
-660
-964
-774
-39
494
530
499
727
963
640
55
-254
-180
-196
-595
-980
-969
-750
-843
-1157
-1374
-1327
-1339
-1531
-1558
-1199
-630
-166
-64
27
262
676
1031
1062
975
858
822
748
582
384
170
-194
-724
-1222
-1461
-1425
-1400
-1464
-1522
-1450
-1267
-1145
-1066
-1014
-944
-885
-899
-868
-693
-544
-557
-792
-1086
-1368
-1489
-1677
-1864
-2233
-2015
-1244
-334
124
-359
-484
-267
463
604
299
279
575
811
413
108
261
569
54
-1076
-1794
-1609
-1186
-1438
-1833
-1744
-1178
-1065
-1550
-1772
-1237
-552
-490
-794
-503
460
1076
913
476
608
937
651
40
-214
177
365
-93
-697
-763
-531
-764
-1443
-1942
-1681
-1284
-1206
-1292
-870
-92
220
-53
-205
387
1108
1235
816
727
1101
1440
1140
559
259
136
-232
-876
-1235
-1136
-939
-1072
-1370
-1401
-1106
-874
-971
-1079
-963
-707
-654
-663
-579
-405
-488
-833
-1288
-1433
-1391
-1520
-1940
-1992
-1099
153
882
85
-696
-632
565
1226
823
453
842
1505
1072
191
70
815
802
-681
-2056
-1814
-611
-440
-1350
-1819
-1083
-559
-1238
-2023
-1505
-173
222
-519
-744
435
1592
1368
335
236
985
1125
388
-111
412
877
251
-856
-1115
-625
-577
-1276
-1841
-1526
-1046
-987
-1166
-800
-15
227
-20
-273
306
1053
1414
1263
1124
1343
1410
1119
633
408
258
-131
-758
-1158
-1070
-914
-1051
-1376
-1464
-1247
-1044
-1058
-1030
-797
-537
-498
-622
-513
-305
-234
-588
-998
-1172
-1202
-1291
-1652
-2016
-2065
-1332
-410
384
3
-623
-795
-6
981
1043
840
803
1186
977
310
84
594
877
-94
-1375
-1585
-733
-403
-1062
-1704
-1417
-979
-1393
-2066
-1773
-621
-47
-611
-1033
-235
837
949
204
12
684
1034
599
124
444
866
443
-504
-860
-414
-289
-886
-1528
-1402
-931
-890
-1055
-909
-319
-89
-332
-433
123
889
1126
830
644
831
1026
877
482
234
54
-258
-727
-1003
-925
-776
-866
-1109
-1173
-1021
-901
-991
-1061
-988
-850
-829
-874
-801
-623
-632
-937
-1380
-1623
-1696
-1767
-2109
-1956
-1058
589
1286
256
-1131
-1088
776
1966
1564
542
860
1685
1292
9
-154
1134
1437
-405
-2328
-1779
7
163
-1617
-2662
-1699
-848
-1738
-2789
-1862
73
365
-1186
-1645
36
1668
1149
-271
-28
1379
1804
796
377
1265
1697
456
-978
-737
379
369
-972
-1791
-1259
-655
-1038
-1546
-1025
-80
-53
-891
-1035
0
1095
1051
293
184
842
1294
1031
619
680
760
286
-435
-605
-115
144
-326
-952
-1032
-660
-515
-833
-1032
-802
-528
-598
-814
-703
-367
-392
-900
-1427
-1415
-1239
-1317
-1805
-1962
-1315
-63
1164
847
-249
-1275
-427
1239
2096
1671
1080
1484
1584
723
-131
547
1745
1251
-854
-1952
-829
310
-510
-2190
-2284
-1129
-954
-2057
-2242
-687
603
-241
-1664
-1113
784
1670
720
182
1119
2028
1548
655
1020
1869
1513
122
-393
430
1045
309
-857
-1087
-676
-584
-971
-952
-455
-173
-479
-891
-527
195
599
361
97
397
971
1232
995
676
582
530
268
42
107
328
282
-186
-613
-620
-442
-419
-669
-845
-733
-659
-739
-896
-886
-842
-1137
-1692
-2057
-2077
-1954
-1657
-979
564
1067
98
-1755
-1661
675
2559
2297
812
924
1843
1637
270
215
1865
2458
405
-1770
-1095
815
630
-1769
-2978
-1655
-554
-1574
-2814
-1903
-163
-508
-2450
-2527
-231
1542
596
-853
-147
1571
1750
486
480
1977
2550
1042
-277
473
1860
1543
-180
-943
-279
262
-427
-1198
-894
-252
-512
-1550
-1737
-780
120
-159
-906
-883
-73
447
186
-68
265
755
626
128
128
662
855
299
-383
-349
176
252
-368
-975
-949
-681
-808
-1203
-1399
-1356
-1596
-2395
-3012
-2830
-1670
-464
99
-641
-1741
-2152
-961
836
1737
1507
990
1080
1069
782
905
1953
2678
1744
67
-310
771
1202
24
-1363
-1396
-843
-1213
-2057
-1994
-1213
-1334
-2575
-3161
-1992
-443
-243
-1076
-1216
-434
119
36
145
989
1556
1152
554
882
1755
1923
1136
430
550
872
790
352
149
118
-225
-839
-1193
-935
-533
-557
-1000
-1312
-1222
-910
-753
-772
-680
-469
-237
-110
-23
132
291
253
81
36
243
435
266
-150
-475
-495
-574
-732
-1047
-1244
-1650
-2212
-2764
-2521
-1471
-470
-430
-1749
-2453
-2146
-541
497
578
315
331
548
405
506
1267
2209
2016
889
350
958
1739
1227
117
-383
-117
-91
-615
-933
-752
-902
-1750
-2393
-1958
-974
-786
-1356
-1814
-1422
-880
-663
-434
55
509
383
109
387
1112
1441
1158
884
1123
1568
1577
1277
1079
1063
927
614
401
473
465
75
-453
-795
-741
-640
-683
-822
-908
-948
-983
-979
-882
-670
-511
-427
-342
-154
97
299
269
148
86
139
209
184
-9
-236
-520
-849
-1228
-1647
-1865
-1808
-1234
-562
-257
-1205
-2253
-2457
-958
612
988
311
-70
255
445
326
616
1704
2247
1453
329
470
1448
1582
474
-270
163
683
193
-678
-864
-607
-971
-1738
-1681
-677
-60
-658
-1639
-1696
-996
-524
-474
-334
130
352
100
-68
363
898
1063
865
867
1204
1390
1168
822
759
934
1076
1036
942
840
581
213
-91
-189
-100
-71
-226
-445
-650
-747
-771
-755
-644
-551
-459
-366
-278
-212
-116
-30
47
116
240
338
349
198
-63
-286
-414
-485
-591
-891
-1300
-1709
-1757
-1246
-289
-184
-1174
-2302
-1980
-19
1290
1025
-66
-162
396
639
461
1151
2411
2455
950
-190
584
1771
1399
24
-236
684
930
-127
-1024
-781
-499
-1110
-1577
-737
445
205
-1298
-2103
-1305
-259
-49
-175
151
433
19
-600
-269
792
1236
758
343
665
1171
969
351
293
815
1222
1089
820
812
765
346
-93
-88
353
612
284
-304
-628
-610
-475
-455
-453
-392
-391
-504
-614
-589
-412
-288
-330
-345
-236
-34
6
-190
-428
-483
-440
-456
-542
-677
-875
-1268
-1578
-1712
-1186
-308
140
-603
-1934
-2210
-741
1018
1252
239
-415
75
576
501
658
1673
2182
1087
-367
-150
1299
1591
248
-652
108
973
395
-789
-948
-362
-469
-1080
-841
220
482
-722
-1799
-1316
-24
404
-25
-224
-9
-136
-653
-668
160
808
521
-27
94
615
642
137
-1
562
1101
1138
845
724
726
498
293
480
946
1096
700
185
-7
-3
-14
-24
87
228
133
-174
-450
-494
-397
-352
-365
-344
-273
-284
-435
-632
-608
-454
-279
-311
-518
-735
-866
-956
-1110
-1184
-1175
-564
91
117
-881
-1874
-1363
441
1553
985
-103
-158
604
702
325
769
1913
1976
522
-477
414
1591
1049
-407
-471
801
1248
131
-876
-537
16
-336
-733
-64
845
425
-999
-1456
-416
650
484
-184
-261
14
-187
-637
-469
263
611
153
-238
-21
423
332
-32
81
664
1125
953
560
463
655
766
814
941
1146
1146
763
309
164
359
617
602
338
28
-211
-382
-525
-560
-474
-383
-499
-765
-960
-920
-808
-753
-727
-590
-495
-594
-793
-933
-812
-734
-727
-813
-848
-644
-196
226
-35
-822
-1224
-353
1109
1452
554
-308
-62
516
648
597
1219
1748
1064
-226
-417
769
1475
798
-32
343
999
592
-415
-552
196
475
-1
-186
343
504
-294
-1103
-772
242
648
224
-205
-266
-423
-774
-736
-2
653
504
-83
-400
-159
52
74
238
613
955
898
620
521
711
941
1122
1264
1323
1275
1091
860
699
693
777
864
766
424
16
-242
-288
-258
-228
-246
-318
-544
-807
-899
-780
-599
-512
-492
-454
-434
-514
-639
-657
-528
-412
-414
-469
-490
-461
-137
150
157
-469
-1005
-648
451
1128
704
-23
-136
303
408
362
697
1327
1274
428
-52
450
1069
806
208
267
838
827
151
-194
161
480
202
-93
76
325
39
-440
-398
115
356
38
-380
-521
-514
-587
-513
-137
191
59
-393
-729
-559
-246
30
236
374
484
454
393
439
642
868
1118
1249
1288
1203
1040
921
760
658
671
759
704
319
-168
-404
-276
-120
-256
-598
-839
-926
-945
-947
-807
-576
-515
-655
-840
-784
-571
-403
-425
-495
-452
-418
-434
-629
-759
-801
-461
-198
-165
-642
-986
-671
-3
367
-26
-371
-249
153
241
285
683
1154
909
64
-220
418
1110
959
468
530
881
710
38
-135
300
631
259
-100
23
270
-27
-673
-825
-399
27
-148
-662
-966
-938
-822
-741
-630
-465
-448
-602
-745
-672
-335
-16
170
185
237
390
552
635
648
762
989
1231
1210
976
678
513
486
536
641
656
418
-101
-595
-727
-486
-272
-341
-560
-723
-811
-888
-883
-692
-383
-313
-514
-684
-615
-433
-390
-514
-584
-526
-559
-692
-901
-954
-993
-893
-657
-386
-450
-1011
-1241
-825
101
378
24
-304
-29
244
162
151
652
1145
795
36
-32
725
1117
661
236
487
836
448
-188
-192
325
394
-33
-222
-27
-35
-564
-929
-682
-195
-255
-666
-880
-790
-778
-923
-886
-569
-341
-489
-718
-664
-367
-169
-58
101
348
497
414
419
549
758
855
871
896
907
791
591
473
437
392
263
165
58
-100
-338
-484
-412
-239
-146
-207
-346
-476
-530
-530
-422
-272
-193
-259
-430
-543
-528
-427
-394
-486
-584
-654
-633
-678
-785
-896
-898
-685
-309
-211
-623
-1039
-906
-33
525
372
-131
-168
88
112
14
439
1186
1214
374
-243
218
966
981
559
552
893
672
12
-139
457
764
330
-152
-52
220
-86
-593
-613
-173
-57
-361
-644
-602
-576
-756
-796
-509
-147
-197
-467
-541
-294
-33
18
120
350
605
572
412
402
609
748
737
693
695
637
383
216
207
320
365
310
223
113
-15
-82
-12
79
97
14
-54
-113
-178
-170
-92
45
-1
-205
-387
-434
-420
-426
-433
-379
-351
-492
-736
-851
-783
-693
-810
-852
-739
-192
-143
-603
-1284
-1182
-72
684
518
-276
-367
-102
-24
-288
273
1342
1590
449
-647
-135
999
1274
670
609
1112
941
-35
-444
455
1207
801
-143
-197
281
176
-500
-709
-135
156
-223
-788
-750
-518
-597
-821
-632
-84
130
-188
-586
-520
-146
40
108
285
528
466
110
-47
239
618
656
494
445
512
438
234
240
490
687
582
337
235
230
220
185
249
348
355
181
-29
-163
-199
-214
-224
-200
-193
-259
-436
-593
-660
-597
-523
-491
-542
-644
-769
-826
-872
-862
-973
-957
-866
-310
-236
-620
-1417
-1452
-407
404
384
-449
-442
-104
33
-384
6
1228
1771
718
-640
-251
992
1425
719
458
1074
1060
0
-762
39
1003
744
-377
-656
-97
-6
-655
-1084
-549
-47
-185
-713
-744
-442
-410
-717
-775
-325
86
26
-371
-548
-389
-228
-185
-50
231
343
63
-275
-201
219
543
537
403
363
358
284
289
473
685
709
486
329
291
331
317
234
181
155
114
-23
-145
-183
-110
-118
-235
-329
-295
-284
-405
-603
-684
-621
-576
-642
-755
-789
-814
-878
-951
-958
-996
-993
-1054
-661
-461
-456
-1045
-1274
-615
173
402
-203
-269
103
355
-114
-145
793
1568
1015
-358
-493
436
946
387
-11
535
785
-44
-1040
-672
401
645
-186
-718
-380
-61
-370
-784
-513
-13
12
-538
-837
-594
-290
-413
-760
-703
-308
-62
-333
-661
-615
-355
-287
-395
-222
137
249
-147
-396
-140
352
467
236
152
290
366
230
173
310
481
354
65
-58
57
236
180
-11
-137
-137
-193
-376
-489
-375
-258
-365
-587
-713
-675
-708
-882
-926
-785
-656
-772
-973
-1045
-974
-1001
-1083
-1054
-841
-736
-899
-1184
-956
-352
-30
-307
-963
-805
-184
299
-2
-320
-59
260
-78
-703
-343
667
1064
174
-700
-409
248
265
-237
-68
513
449
-408
-803
-207
435
221
-450
-532
-215
-134
-489
-633
-321
-50
-243
-618
-678
-402
-211
-409
-680
-607
-282
-116
-393
-632
-473
-152
-158
-420
-401
-42
187
-64
-309
-182
120
149
-20
26
308
459
229
-60
-19
208
315
200
129
182
186
-7
-207
-193
-37
-19
-215
-415
-441
-401
-517
-720
-784
-659
-629
-761
-844
-786
-687
-729
-814
-745
-554
-452
-506
-555
-535
-452
-478
-557
-630
-514
-227
-84
-225
-641
-775
-527
-164
-139
-312
-309
-152
-290
-715
-777
-206
409
332
-268
-543
-322
-146
-272
-286
86
369
80
-458
-566
-191
117
28
-153
-164
-129
-298
-520
-495
-216
-10
-155
-480
-648
-518
-329
-374
-554
-615
-500
-503
-662
-709
-521
-342
-458
-659
-573
-260
-127
-267
-356
-225
-96
-110
-156
-8
190
178
2
-88
-31
19
-35
-153
-225
-289
-374
-465
-522
-522
-559
-616
-715
-824
-862
-827
-770
-753
-740
-694
-636
-610
-651
-646
-584
-492
-437
-448
-485
-510
-544
-604
-619
-587
-565
-647
-813
-973
-1068
-981
-841
-700
-803
-976
-1058
-971
-846
-819
-759
-571
-400
-504
-651
-583
-234
-1
-107
-256
-171
28
-14
-210
-225
-28
42
-171
-339
-274
-134
-209
-437
-535
-444
-410
-520
-648
-649
-575
-562
-605
-653
-649
-608
-552
-465
-401
-365
-371
-365
-341
-283
-161
-50
4
-57
-106
-106
-68
-56
-55
-79
-108
-190
-330
-389
-347
-272
-288
-425
-587
-625
-551
-490
-450
-479
-484
-449
-404
-343
-313
-308
-320
-321
-300
-237
-174
-146
-210
-341
-435
-449
-434
-457
-519
-585
-651
-746
-830
-828
-772
-716
-726
-736
-720
-718
-728
-713
-628
-571
-541
-508
-417
-301
-315
-417
-456
-355
-268
-297
-365
-331
-264
-319
-425
-432
-300
-201
-314
-470
-487
-400
-364
-418
-432
-331
-247
-288
-367
-379
-271
-177
-145
-126
-41
37
53
-5
-42
12
106
155
148
92
56
42
44
25
-22
-39
-82
-140
-217
-251
-252
-250
-274
-303
-322
-302
-259
-242
-243
-206
-163
-90
-29
4
25
32
52
89
103
75
39
-15
-62
-134
-212
-254
-303
-395
-494
-529
-520
-532
-577
-594
-530
-445
-387
-349
-299
-255
-238
-214
-139
-42
9
-24
-35
5
46
-25
-154
-240
-230
-238
-329
-462
-539
-533
-572
-684
-779
-781
-760
-756
-749
-693
-614
-594
-622
-586
-486
-390
-361
-337
-225
-99
-78
-134
-116
-3
75
34
-32
14
119
119
47
20
85
132
63
-66
-96
-37
-10
-65
-113
-86
-72
-126
-225
-239
-175
-154
-228
-273
-196
-133
-166
-251
-257
-170
-132
-169
-210
-169
-151
-240
-369
-430
-398
-426
-517
-568
-536
-525
-600
-706
-706
-603
-508
-465
-420
-339
-276
-284
-336
-259
-59
63
60
-28
-79
-40
-25
-60
-141
-194
-276
-348
-381
-386
-423
-548
-667
-752
-749
-731
-713
-717
-751
-780
-773
-738
-678
-633
-616
-626
-653
-649
-624
-601
-614
-633
-614
-570
-545
-572
-586
-552
-520
-527
-556
-517
-454
-399
-392
-380
-349
-326
-301
-268
-200
-161
-112
-110
-114
-128
-150
-140
-104
-76
-86
-109
-147
-209
-250
-228
-168
-150
-239
-317
-345
-308
-343
-410
-450
-441
-417
-495
-578
-601
-549
-522
-549
-552
-480
-420
-422
-400
-310
-192
-128
-143
-146
-83
-38
-27
-13
65
114
39
-103
-190
-167
-125
-148
-199
-231
-295
-434
-543
-522
-393
-336
-419
-521
-546
-508
-497
-497
-445
-366
-360
-447
-521
-522
-466
-451
-441
-407
-373
-384
-446
-487
-491
-458
-452
-441
-400
-356
-369
-414
-425
-360
-292
-292
-311
-303
-287
-280
-271
-247
-204
-209
-274
-324
-291
-232
-230
-300
-366
-349
-330
-317
-331
-323
-306
-345
-390
-377
-282
-230
-299
-399
-408
-328
-290
-287
-296
-277
-284
-341
-367
-317
-191
-141
-143
-155
-144
-120
-155
-178
-135
-55
-28
-90
-191
-241
-217
-229
-254
-240
-208
-194
-260
-350
-369
-315
-298
-339
-363
-321
-293
-334
-418
-416
-331
-311
-375
-444
-417
-382
-411
-490
-495
-420
-391
-444
-507
-480
-426
-453
-529
-527
-428
-349
-343
-355
-324
-289
-302
-298
-228
-144
-144
-201
-221
-193
-180
-223
-248
-203
-177
-242
-356
-404
-377
-402
-485
-531
-481
-433
-467
-537
-581
-554
-557
-589
-595
-520
-455
-478
-531
-519
-445
-389
-401
-409
-377
-315
-296
-302
-271
-194
-99
-85
-117
-172
-139
-72
-46
-72
-88
-62
-62
-109
-137
-87
-11
-7
-67
-88
-45
-6
-56
-102
-59
17
7
-85
-119
-88
-107
-181
-233
-210
-200
-274
-375
-407
-372
-367
-420
-440
-406
-412
-482
-546
-509
-369
-295
-301
-297
-248
-200
-205
-191
-114
-36
6
4
-4
-3
-8
-21
-40
-41
-26
-27
-72
-125
-187
-245
-271
-279
-288
-286
-300
-333
-364
-363
-360
-364
-364
-368
-352
-333
-325
-324
-305
-274
-303
-340
-349
-324
-298
-302
-286
-243
-216
-229
-266
-258
-234
-237
-252
-228
-174
-169
-228
-293
-265
-204
-200
-214
-206
-164
-144
-158
-170
-151
-108
-103
-71
-26
27
35
-5
-37
-33
-30
-61
-102
-129
-119
-137
-199
-247
-262
-275
-289
-336
-342
-323
-317
-316
-310
-258
-205
-185
-213
-208
-157
-87
-41
-32
-35
-37
-23
-29
13
54
71
60
35
-12
-77
-120
-145
-131
-96
-102
-130
-159
-185
-192
-177
-152
-148
-153
-157
-157
-153
-151
-130
-96
-104
-132
-133
-102
-78
-115
-179
-178
-107
-92
-118
-165
-136
-81
-95
-133
-127
-63
-46
-97
-153
-122
-77
-59
-82
-74
-66
-72
-97
-87
-30
3
10
-14
-6
29
57
39
14
42
61
79
53
42
49
46
17
-25
-6
37
58
20
2
30
67
64
41
72
148
202
162
124
143
190
222
221
229
257
274
261
250
250
259
247
232
215
193
188
