SAMPLES:	5362
BITSPERSAMPLE:	16
CHANNELS:	1
SAMPLERATE:	16000
NORMALIZED:	FALSE
174
168
169
175
166
173
167
180
177
171
180
192
192
195
191
189
194
195
190
187
180
171
185
179
192
192
201
208
207
202
198
192
190
196
194
198
203
199
195
199
201
202
211
198
198
205
209
210
216
229
227
233
237
238
233
235
237
228
230
229
229
218
218
214
217
219
225
230
219
230
237
241
249
253
246
230
247
244
237
238
241
248
237
231
228
215
204
205
211
210
197
199
189
195
198
205
207
202
213
202
200
194
197
201
207
209
213
209
199
202
197
198
195
192
205
198
204
203
214
206
210
216
211
212
211
215
215
225
215
224
208
212
201
190
194
190
189
186
192
198
199
193
191
192
189
183
179
195
178
175
173
174
173
165
163
155
163
154
163
166
149
138
134
136
140
132
139
128
122
118
112
115
114
118
110
108
107
115
113
104
96
102
95
103
109
101
111
103
101
106
108
104
106
116
122
128
124
123
122
124
130
129
120
123
123
106
93
92
98
96
92
94
91
95
96
87
78
76
68
75
73
58
71
62
60
68
76
72
66
67
58
65
75
77
69
71
76
78
71
75
69
67
66
54
67
63
58
59
64
68
67
84
85
89
88
87
91
83
82
83
80
76
81
79
76
66
66
71
58
57
53
52
47
50
53
49
44
41
38
39
38
38
50
46
51
45
47
39
33
41
39
39
36
42
41
33
41
39
30
35
37
31
33
25
26
17
25
23
16
28
15
21
17
12
11
10
18
23
13
18
21
34
41
32
30
40
53
54
53
54
38
34
35
31
31
21
24
18
19
17
16
19
19
9
2
10
15
18
13
5
1
5
3
15
12
2
13
15
16
8
0
7
4
1
8
4
-4
-2
3
-11
-17
-22
-10
-19
-25
-29
-30
-21
-32
-35
-35
-46
-51
-46
-56
-39
-50
-53
-52
-47
-45
-55
-59
-57
-54
-59
-66
-64
-62
-57
-58
-58
-49
-54
-40
-42
-47
-42
-37
-39
-38
-41
-45
-50
-46
-42
-36
-42
-42
-48
-42
-45
-58
-59
-49
-52
-66
-50
-54
-54
-64
-67
-63
-64
-61
-74
-74
-65
-63
-61
-62
-63
-62
-57
-50
-49
-48
-58
-61
-55
-51
-46
-54
-52
-45
-40
-38
-40
-36
-42
-37
-34
-43
-38
-48
-47
-52
-61
-50
-54
-44
-53
-46
-44
-53
-54
-55
-50
-46
-53
-56
-51
-50
-55
-53
-42
-44
-46
-45
-53
-54
-48
-46
-44
-49
-56
-29
-34
-37
-32
-28
-16
-21
-18
-19
-23
-16
-11
-30
-21
-23
-25
-24
-21
-20
-18
-11
-17
-6
-5
3
-5
-4
-3
-5
-11
-20
-15
-17
-9
-11
-9
-12
-18
-25
-27
-26
-42
-36
-35
-29
-37
-29
-37
-41
-34
-40
-33
-37
-44
-51
-44
-52
-54
-62
-64
-69
-71
-79
-97
-106
-109
-108
-119
-120
-129
-124
-133
-135
-139
-145
-147
-156
-145
-146
-152
-149
-149
-147
-149
-157
-160
-172
-177
-183
-198
-197
-200
-204
-207
-206
-198
-209
-215
-217
-212
-202
-203
-201
-210
-204
-203
-193
-192
-192
-197
-197
-190
-209
-190
-187
-145
-110
-116
-160
-193
-205
-250
-254
-275
-284
-268
-239
-212
-190
-189
-198
-205
-241
-255
-237
-216
-171
11
144
167
133
277
353
373
315
225
32
-66
-50
-54
-69
-67
114
305
303
100
-107
-335
-400
-327
-207
-104
15
67
-95
-278
-408
-487
-421
-307
-220
-258
-227
-160
-221
-336
-326
-272
-247
-296
-310
-421
-503
-477
-438
-436
-355
-191
-184
-245
-295
-300
-374
-361
-342
-291
-263
-248
-199
-107
-112
-149
-108
-104
-158
-196
-211
-217
-246
-167
-27
26
16
-7
-83
-184
-224
-258
-277
-264
-248
-320
-388
-412
-436
-458
-482
-569
-704
-810
-889
-941
-1024
-1079
-1092
-1124
-1212
-1304
-1343
-1366
-1450
-1529
-1535
-1575
-1643
-1694
-1656
-1608
-1521
-1365
-1198
-1076
-912
-709
-583
-464
-324
-180
-60
58
131
241
393
490
585
648
683
698
676
642
563
498
432
378
290
169
110
65
-35
-130
-218
-301
-368
-466
-588
-667
-716
-732
-737
-684
-598
-542
-493
-484
-512
-599
-628
-662
-767
-865
-935
-1038
-1182
-1298
-1495
-1690
-2007
-2230
-2317
-2013
-1602
-1383
-1336
-1329
-1129
-886
-619
-483
-491
-344
-184
-21
1
28
347
774
1008
918
857
885
1008
839
614
414
462
444
252
-20
-231
-135
-26
-120
-358
-569
-549
-563
-746
-841
-761
-595
-441
-523
-462
-319
44
315
390
485
584
904
1050
969
1031
1196
1365
1373
1242
1285
1346
1230
1078
809
625
371
89
-206
-582
-793
-1016
-1190
-1541
-1943
-2226
-2585
-2988
-3349
-3010
-2486
-2154
-2211
-2197
-1824
-1312
-732
-625
-508
-193
50
400
386
403
856
1553
1839
1711
1629
1905
2189
2122
1712
1492
1593
1499
1092
524
256
372
365
127
-226
-494
-345
-421
-698
-985
-970
-755
-797
-1002
-1211
-954
-464
-233
-226
-97
227
720
1005
1048
1296
1588
1874
1810
1688
1816
1874
1847
1577
1335
1191
1064
871
512
184
24
-144
-443
-943
-1407
-1641
-2002
-2569
-3138
-3448
-3220
-2865
-2719
-2579
-2406
-1954
-1510
-1110
-837
-666
-223
-40
111
229
326
797
1309
1610
1732
1904
2174
2396
2386
2292
2208
2214
1977
1522
1124
835
781
633
338
105
-101
-90
-251
-495
-565
-659
-747
-997
-1248
-1378
-1249
-997
-896
-771
-545
-174
293
634
941
1365
1683
1843
1806
1738
1835
1834
1680
1491
1343
1246
1121
926
703
560
392
152
-197
-710
-1132
-1547
-2081
-2661
-3097
-3126
-2821
-2700
-2662
-2509
-2149
-1675
-1269
-1024
-857
-474
-275
-212
-147
-61
301
778
1049
1142
1363
1747
2103
2242
2234
2283
2369
2217
1812
1420
1217
1147
911
543
302
180
189
95
-89
-85
-95
-178
-427
-677
-802
-786
-717
-828
-863
-733
-455
-90
160
445
883
1234
1365
1354
1403
1530
1437
1175
926
751
609
423
235
67
-52
-230
-565
-914
-1355
-1654
-1573
-1599
-1753
-1967
-2030
-1890
-1728
-1457
-1291
-993
-776
-708
-517
-407
-190
129
364
477
458
500
739
984
1155
1256
1345
1485
1457
1359
1284
1319
1331
1072
860
566
445
427
301
257
139
74
1
-80
-152
-178
-183
-241
-394
-531
-493
-359
-144
13
220
438
671
932
1077
1353
1506
1464
1336
1128
964
781
530
269
19
-233
-519
-763
-1069
-1332
-1611
-1780
-1679
-1771
-1859
-2002
-1961
-1882
-1662
-1483
-1482
-1202
-1079
-849
-610
-463
-204
157
432
501
571
756
1037
1179
1207
1245
1357
1458
1379
1291
1273
1382
1316
1117
982
842
881
773
600
486
418
326
199
73
-26
-38
-93
-169
-329
-289
-173
-28
22
63
275
437
641
765
952
1202
1281
1195
1142
1076
1028
924
690
454
197
-27
-314
-614
-980
-1255
-1473
-1466
-1478
-1554
-1621
-1613
-1461
-1391
-1148
-1155
-989
-880
-866
-730
-683
-509
-287
-16
99
212
390
642
851
969
1070
1180
1282
1209
1144
1099
1144
1124
939
882
812
858
855
792
800
807
784
622
554
449
399
315
174
56
-36
-28
5
68
99
265
409
530
613
744
948
1026
980
906
880
786
667
444
232
20
-221
-499
-748
-1037
-1305
-1508
-1461
-1434
-1456
-1534
-1522
-1339
-1222
-958
-995
-769
-656
-569
-441
-447
-277
-120
107
124
209
306
530
705
790
854
935
1033
954
897
823
887
790
590
501
432
488
463
432
456
513
545
467
487
463
484
424
337
266
225
233
245
299
317
472
528
664
739
878
1049
1089
1036
939
887
764
627
356
146
-116
-405
-711
-1006
-1308
-1574
-1719
-1676
-1666
-1681
-1748
-1623
-1436
-1246
-1065
-1077
-811
-728
-604
-535
-482
-325
-145
15
28
148
288
497
604
718
806
947
1002
974
942
917
945
751
588
447
376
342
222
155
175
227
203
174
226
268
304
242
185
119
84
43
19
5
27
89
136
256
355
541
683
745
734
779
772
717
597
393
203
-65
-323
-625
-897
-1206
-1421
-1506
-1503
-1501
-1539
-1522
-1337
-1164
-958
-914
-848
-670
-626
-580
-640
-593
-542
-452
-466
-458
-366
-205
-12
110
252
414
588
637
695
711
774
748
613
526
448
426
352
271
245
286
321
287
315
395
448
442
392
374
342
319
243
157
74
15
-31
-65
-62
-9
94
158
204
236
315
336
338
249
134
-19
-199
-427
-666
-938
-1219
-1400
-1480
-1442
-1474
-1448
-1373
-1150
-961
-749
-659
-483
-304
-274
-232
-318
-292
-318
-312
-414
-472
-465
-400
-315
-265
-128
22
215
278
344
413
528
532
437
401
338
329
259
183
189
229
242
218
276
341
425
464
465
493
499
488
460
414
366
359
298
241
185
189
224
205
195
184
225
227
232
152
83
-18
-152
-313
-505
-722
-971
-1152
-1304
-1316
-1380
-1369
-1370
-1226
-1086
-872
-712
-578
-340
-271
-133
-152
-101
-109
-95
-178
-279
-311
-355
-307
-317
-247
-178
-48
12
102
201
313
394
376
382
349
345
290
218
170
182
185
138
128
146
220
249
269
300
363
418
431
437
394
391
351
312
281
264
291
291
285
245
277
291
336
283
222
143
34
-82
-261
-372
-590
-743
-937
-1059
-1088
-1143
-1132
-1183
-1105
-1039
-887
-793
-688
-543
-479
-370
-382
-328
-318
-254
-278
-327
-368
-384
-333
-314
-257
-216
-84
-16
63
134
250
381
439
494
500
521
507
461
425
402
364
283
224
184
200
224
214
230
228
239
213
211
213
218
193
167
117
103
124
111
125
109
160
155
174
155
145
122
50
-34
-145
-229
-359
-524
-705
-839
-944
-953
-1008
-1051
-1066
-1023
-943
-872
-804
-739
-617
-566
-508
-522
-500
-469
-445
-474
-555
-566
-562
-537
-560
-519
-436
-323
-259
-189
-78
79
227
277
338
384
444
452
395
375
375
382
331
286
257
273
304
291
293
293
329
305
303
287
271
252
186
154
110
127
111
112
72
90
93
114
126
98
95
10
-51
-160
-232
-363
-464
-621
-779
-909
-975
-969
-998
-986
-1004
-916
-868
-755
-731
-655
-538
-490
-448
-489
-462
-441
-382
-436
-480
-492
-453
-399
-392
-333
-272
-139
-67
3
82
219
336
349
365
352
372
348
297
239
214
196
134
126
110
147
154
160
162
182
230
252
298
285
315
284
262
237
235
241
223
223
205
225
208
240
229
261
240
175
112
4
-97
-237
-360
-537
-697
-864
-982
-1030
-1074
-1074
-1100
-1071
-1017
-934
-870
-848
-746
-702
-646
-661
-677
-636
-587
-564
-579
-557
-516
-425
-373
-271
-163
-32
85
161
241
334
438
460
475
454
441
410
348
276
250
212
164
139
129
163
178
185
196
212
233
254
274
308
322
307
271
247
237
256
258
262
274
285
277
293
315
329
344
309
263
190
111
8
-112
-241
-381
-541
-719
-871
-939
-956
-986
-1029
-1072
-1032
-991
-917
-886
-852
-780
-759
-742
-767
-736
-687
-600
-574
-550
-487
-395
-287
-199
-68
54
191
263
347
421
492
559
554
537
514
479
455
425
393
374
376
352
349
356
391
434
419
402
369
373
352
361
325
306
285
252
250
229
245
246
273
269
293
301
325
341
320
306
261
221
153
79
-28
-93
-204
-325
-450
-607
-718
-787
-816
-860
-895
-945
-944
-920
-887
-822
-790
-707
-670
-630
-603
-551
-485
-411
-340
-341
-275
-225
-131
-62
34
131
224
306
342
412
480
547
542
535
516
514
513
492
477
468
479
449
429
440
466
482
458
438
428
441
452
435
437
427
425
373
351
337
341
348
331
297
295
311
315
322
284
276
239
195
117
46
-29
-126
-241
-389
-521
-657
-770
-902
-1016
-1076
-1099
-1133
-1143
-1130
-1066
-954
-848
-799
-722
-639
-578
-508
-479
-428
-391
-339
-317
-285
-241
-167
-94
-31
48
102
192
254
291
312
367
389
366
344
310
288
250
213
184
161
126
128
154
180
211
243
282
333
374
397
427
431
422
372
337
304
282
254
235
214
199
209
204
176
183
187
165
127
61
-8
-78
-161
-304
-436
-564
-679
-806
-933
-1040
-1128
-1167
-1172
-1155
-1112
-1040
-1001
-921
-853
-772
-734
-673
-612
-587
-542
-543
-500
-458
-390
-357
-302
-226
-148
-78
-18
49
104
183
184
185
204
230
213
196
186
176
176
152
131
133
175
188
186
210
268
318
347
361
388
399
395
363
329
298
274
231
174
128
102
105
80
47
40
22
4
-9
-48
-99
-143
-202
-262
-338
-416
-506
-579
-641
-731
-809
-884
-917
-968
-1033
-1065
-1028
-968
-951
-935
-920
-849
-792
-746
-739
-679
-599
-550
-518
-506
-434
-362
-308
-309
-278
-234
-184
-158
-168
-135
-83
-39
-48
-40
-12
40
62
40
39
49
93
100
81
85
101
118
112
99
107
115
133
135
125
122
119
111
83
48
11
-36
-76
-122
-186
-231
-258
-269
-301
-302
-298
-298
-287
-297
-317
-343
-362
-413
-459
-515
-568
-621
-680
-742
-806
-826
-845
-883
-905
-919
-907
-875
-874
-863
-852
-807
-749
-717
-682
-641
-566
-512
-476
-458
-430
-391
-343
-327
-305
-278
-221
-177
-150
-113
-59
9
44
68
67
90
110
107
85
52
46
31
10
-5
14
21
36
45
62
90
119
139
132
120
92
41
-25
-89
-151
-209
-270
-309
-343
-341
-334
-314
-291
-275
-245
-242
-219
-218
-220
-243
-280
-336
-375
-425
-476
-508
-549
-566
-590
-593
-600
-589
-607
-619
-626
-627
-595
-603
-605
-601
-584
-556
-527
-497
-478
-433
-401
-377
-362
-326
-279
-244
-235
-236
-212
-207
-199
-220
-210
-191
-168
-160
-163
-143
-111
-75
-60
-31
-4
50
92
116
141
187
230
253
255
260
253
238
177
110
53
-4
-68
-144
-192
-222
-265
-294
-297
-312
-295
-271
-246
-254
-245
-228
-235
-227
-238
-242
-233
-236
-243
-245
-235
-239
-226
-217
-217
-216
-212
-223
-255
-279
-296
-317
-353
-380
-350
-334
-302
-295
-291
-263
-237
-217
-248
-253
-241
-254
-289
-318
-320
-301
-286
-287
-289
-263
-205
-184
-147
-96
-30
46
68
98
158
234
282
312
338
355
401
414
406
415
417
395
353
313
269
251
214
156
103
52
30
-9
-49
-64
-93
-110
-125
-141
-147
-133
-116
-93
-62
-39
-9
25
62
81
84
72
77
57
41
29
11
-5
-14
-42
-38
-11
-2
12
-1
-1
-30
-70
-145
-197
-218
-267
-312
-392
-437
-447
-432
-432
-437
-404
-374
-306
-286
-246
-196
-123
-81
-81
-55
-7
49
75
116
151
209
255
291
326
375
424
436
447
436
442
444
438
419
391
354
298
242
193
127
61
-10
-67
-120
-161
-164
-192
-181
-170
-160
-127
-103
-47
-8
40
55
62
75
79
71
73
60
44
9
-21
-22
-43
-39
-50
-62
-78
-76
-84
-101
-107
-143
-168
-206
-261
-299
-337
-390
-457
-493
-506
-519
-526
-525
-503
-476
-437
-419
-395
-342
-281
-239
-199
-172
-142
-90
-50
-32
-24
15
37
59
78
87
124
152
176
188
195
214
230
235
224
204
194
169
127
78
28
-9
-58
-107
-149
-177
-186
-187
-186
-176
-139
-90
-43
-15
34
64
101
115
117
124
118
115
99
88
67
57
44
28
10
-6
-4
-14
-29
-34
-40
-51
-56
-81
-103
-111
-131
-153
-190
-218
-245
-269
-293
-331
-355
-361
-357
-355
-342
-326
-296
-289
-268
-242
-228
-205
-209
-224
-228
-217
-207
-214
-208
-201
-184
-157
-129
-96
-66
-14
43
80
116
154
202
228
241
231
231
244
243
224
195
198
192
169
135
115
104
109
82
82
81
92
101
92
101
115
126
122
109
91
88
83
67
33
16
2
9
8
2
24
30
38
55
55
82
100
105
89
79
68
66
56
44
40
15
-7
-35
-69
-104
-137
-171
-194
-246
-277
-296
-322
-329
-340
-334
-324
-292
-261
-226
-181
-129
-81
-40
-1
39
87
128
171
189
228
266
303
338
367
409
443
472
483
502
516
522
512
480
465
442
423
383
338
316
294
274
227
192
168
167
142
150
145
157
172
180
205
232
260
284
307
309
326
340
346
347
361
375
386
386
377
366
366
357
338
326
304
293
252
225
187
141
106
64
24
-10
-36
-53
-60
-50
-52
-52
-35
5
34
49
65
76
110
129
134
128
139
158
160
168
181
202
219
217
214
241
256
244
247
251
265
265
273
259
238
245
236
225
209
191
182
183
179
170
185
192
209
228
262
289
326
352
357
373
386
392
380
370
351
336
311
273
246
221
192
163
144
128
116
101
82
64
49
36
23
8
-1
-11
-10
7
12
26
55
95
135
166
188
202
218
216
212
193
175
154
136
119
96
87
86
81
84
71
60
66
75
68
64
68
78
69
61
51
58
80
73
80
82
101
106
115
126
138
163
189
201
213
245
259
270
290
296
316
319
303
289
286
272
235
216
186
175
148
124
94
90
79
60
67
45
40
36
14
-3
-12
-10
-8
-5
16
26
42
70
107
145
175
191
193
195
184
175
155
135
116
82
71
54
43
47
36
35
24
10
6
-6
-22
-43
-48
-61
-75
-90
-90
-98
-103
-91
-85
-60
-38
-28
-15
-15
-25
-16
-28
-27
-23
-17
-13
-10
-9
-15
-6
-7
-8
-13
-15
-24
-34
-31
-25
-25
-32
-29
-25
-23
-17
-17
-19
-19
-22
-35
-52
-62
-48
-43
-40
-19
-1
20
39
52
67
90
114
112
106
104
89
94
84
64
54
38
36
39
52
43
54
59
55
56
46
57
50
39
30
8
19
34
36
45
62
78
107
127
110
108
103
90
76
47
27
9
-11
-15
-29
-35
-21
-26
-29
-29
-22
-17
-13
-25
-25
-33
-34
-33
-41
-43
-40
-25
-24
-19
-2
19
31
39
48
51
72
88
86
104
114
133
142
156
183
209
233
246
244
251
271
270
274
288
279
286
288
286
287
292
305
307
322
317
315
323
346
345
358
392
405
415
436
445
450
471
462
455
441
419
400
359
328
300
279
251
224
204
186
175
172
168
150
144
136
121
111
98
97
88
81
75
70
85
93
112
120
144
182
196
213
221
232
252
280
282
286
308
324
338
351
354
372
381
379
369
349
350
331
318
307
295
293
284
277
281
291
315
330
348
352
365
380
388
390
392
400
404
401
396
399
399
412
408
394
379
368
359
327
296
272
261
246
220
198
180
169
172
159
145
134
124
112
92
66
47
47
39
38
27
33
49
71
84
99
122
154
171
181
182
187
199
196
193
183
196
215
231
227
246
260
265
254
221
206
191
182
163
149
145
141
146
148
160
175
210
229
245
263
276
291
294
286
262
262
237
230
211
196
191
179
161
149
138
124
116
97
89
55
45
43
32
35
48
51
54
59
52
46
49
52
34
31
24
15
17
15
23
46
63
76
99
109
138
156
151
151
155
153
142
124
102
91
85
61
58
59
51
54
58
47
24
22
20
19
10
23
45
56
69
74
96
135
150
171
180
185
210
214
197
188
164
160
138
115
92
70
76
61
46
31
12
4
-8
-32
-52
-75
-90
-105
-120
-130
-135
-133
-141
-134
-138
-139
-122
-116
-106
-106
-81
-62
-49
-37
-10
18
46
87
105
122
141
144
141
136
116
106
82
51
36
13
-5
-27
-49
-64
-54
-51
-43
-27
-34
-22
-30
-25
-10
-3
18
32
37
42
56
68
73
75
80
70
55
56
53
32
26
1
-10
-30
-41
-56
-74
-91
-119
-119
-148
-163
-170
-187
-204
-228
-250
-282
-291
-299
-308
-310
-321
-309
-291
-269
-270
-247
-215
-195
-176
-156
-125
-108
-89
-68
-52
-28
-6
7
11
6
13
14
13
7
-4
-20
-42
-46
-60
-76
-78
-71
-68
-72
-75
-46
-36
-30
-13
12
22
16
38
65
94
104
108
113
112
118
103
106
99
77
63
50
48
29
17
7
-4
-18
-28
-41
-54
-73
-93
-112
-138
-151
-180
-198
-205
-218
-216
-217
-211
-206
-190
-170
-158
-138
-110
-87
-73
-45
-33
-36
-23
-5
-6
-6
-2
-4
5
17
19
18
29
18
9
10
7
5
22
13
17
13
23
29
27
38
37
68
76
92
103
115
117
125
128
138
133
130
147
145
150
138
134
128
119
104
96
77
62
46
17
2
-23
-44
-68
-91
-112
-124
-136
-156
-162
-152
-153
-143
-129
-113
-92
-72
-50
-35
-29
-9
-7
4
10
31
31
24
26
7
5
-3
-4
-4
-8
-8
-30
-36
-40
-50
-50
-63
-70
-68
-62
-70
-46
-49
-46
-40
-39
-25
-11
7
20
30
43
60
64
89
99
120
132
141
138
143
144
126
116
116
107
93
79
57
41
27
-10
-48
-62
-73
-88
-105
-123
-129
-132
-137
-145
-142
-135
-118
-106
-89
-60
-44
-20
6
30
39
62
72
59
64
64
56
49
31
15
-1
-19
-39
-64
-75
-87
-114
-127
-138
-134
-153
-160
-161
-147
-138
-140
-146
-141
-141
-144
-140
-152
-154
-148
-149
-142
-140
-130
-115
-108
-87
-77
-76
-62
-62
-51
-43
-56
-64
-75
-83
-100
-125
-132
-152
-160
-170
-179
-175
-181
-169
-156
-162
-152
-139
-139
-130
-137
-126
-107
-108
-79
-61
-35
-13
-2
16
19
35
44
55
59
58
52
54
38
19
12
7
-8
-23
-19
-26
-39
-40
-46
-48
-42
-52
-65
-71
-71
-75
-79
-83
-89
-93
-102
-103
-112
-93
-98
-101
-97
-102
-91
-73
-73
-70
-74
-90
-88
-82
-85
-92
-102
-117
-128
-143
-171
-189
-193
-197
-193
-218
-228
-215
-208
-202
-200
-200
-194
-177
-179
-173
-163
-156
-159
-151
-156
-132
-123
-107
-108
-95
-76
-74
-83
-88
-79
-84
-75
-88
-87
-80
-78
-86
-83
-89
-85
-82
-88
-88
-100
-84
-84
-96
-98
-113
-130
-135
-146
-155
-151
-158
-156
-145
-133
-139
-136
-131
-134
-126
-130
-125
-138
-142
-155
-165
-177
-188
-215
-227
-245
-266
-263
-271
-261
-275
-276
-285
-284
-279
-267
-244
-240
-226
-216
-193
-178
-175
-156
-143
-141
-122
-114
-100
-77
-66
-65
-52
-44
-51
-48
-42
-43
-52
-49
-66
-70
-63
-62
-63
-60
-64
-67
-51
-68
-77
-63
-66
-68
-83
-81
-86
-83
-82
-91
-84
-85
-77
-80
-74
-66
-58
-61
-62
-59
-57
-63
-80
-74
-86
-95
-91
-107
-101
-103
-116
-117
-108
-118
-136
-140
-140
-151
-146
-145
-151
-154
-156
-152
-144
-143
-144
-136
-128
-127
-123
-116
-114
-123
-123
-127
-113
-110
-119
-116
-118
-114
-111
-108
-117
-106
-88
-92
-91
-83
-64
-55
-52
-42
-37
-18
-12
-14
-17
-15
-27
-37
-43
-52
-67
-77
-79
-73
-70
-82
-86
-91
-97
-98
-101
-114
-116
-123
-117
-131
-141
-159
-177
-168
-180
-184
-200
-201
-179
-175
-165
-156
-152
-143
-146
-152
-140
-126
-125
-136
-145
-156
-151
-150
-146
-131
-135
-127
-124
-118
-119
-119
-119
-119
-117
-133
-128
-125
-126
-125
-126
-126
-124
-121
-116
-106
-97
-82
-78
-70
-70
-60
-55
-42
-30
-26
-30
-37
-39
-37
-35
-50
-40
-48
-59
-62
-78
-77
-94
-99
-107
-115
-122
-145
-144
-146
-157
-174
-184
-195
-193
-190
-204
-208
-213
-214
-198
-200
-191
-187
-184
-172
-170
-158
-157
-151
-148
-143
-141
-141
-141
-149
-154
-164
-170
-183
-204
-206
-217
-223
-231
-253
-249
-257
-267
-257
-262
-269
-255
-250
-247
-235
-222
-218
-202
-195
-177
-171
-162
-150
-147
-134
-134
-117
-104
-119
-115
-104
-103
-99
-91
-98
-106
-119
-125
-135
-152
-153
-157
-168
-181
-181
-197
-193
-205
-211
-214
-215
-213
-218
-215
-206
-198
-185
-161
-166
-161
-152
-145
-135
-140
-122
-126
-126
-125
-130
-136
-131
-130
-135
-133
-138
-132
-137
-142
-142
-149
-150
-153
-163
-159
-175
-181
-193
-200
-196
-200
-190
-193
-181
-166
-163
-162
-154
-161
-164
-149
-149
-144
-140
-146
-144
-132
-134
-124
-120
-114
-101
-105
-109
-110
-125
-135
-144
-139
-143
-160
-165
-169
-177
-195
-204
-207
-211
-215
-227
-229
-218
-214
-199
-190
-184
-169
-160
-157
-145
-131
-124
-119
-126
-126
-113
-113
-110
-109
-117
-127
-130
-126
-123
-126
-121
-118
-120
-118
-124
-126
-127
-133
-147
-153
-161
-162
-170
-182
-175
-176
-169
-167
-161
-160
-147
-139
-135
-120
-111
-117
-122
-121
-129
-143
-141
-150
-155
-152
-161
-169
-176
-187
-198
-199
-208
-209
-225
-232
-248
-263
-262
-271
-270
-263
-255
-263
-270
-268
-269
-259
-261
-244
-242
-251
-238
-236
-236
-229
-232
-233
-215
-213
-213
-208
-196
-191
-191
-189
-184
-173
-167
-161
-152
-158
-145
-135
-134
-147
-148
-149
-153
-163
-173
-173
-177
-167
-159
-159
-154
-151
-144
-133
-129
-130
-129
-120
-123
-129
-125
-130
-136
-137
-137
-143
-150
-140
-133
-144
-156
-147
-158
-165
-174
-182
-184
-201
-204
-214
-205
-205
-215
-220
-217
-218
-212
-212
-210
-201
-205
-210
-216
-219
-215
-210
-228
-231
-225
-226
-218
-225
-231
-219
-221
-217
-221
-217
-200
-198
-195
-195
-203
-197
-190
-200
-199
-194
-196
-181
-176
-179
-174
-166
-165
-148
-139
-142
-131
-130
-124
-114
-103
-107
-111
-116
-116
-94
-104
-96
-105
-107
-100
-114
-110
-110
-112
-116
-119
-112
-120
-127
-137
-131
-130
-130
-140
-143
-132
-131
-122
-124
-120
-116
-123
-126
-131
-141
-136
-142
-137
-139
-144
-161
-150
-143
-134
-127
-118
-120
-126
-110
-109
-124
-130
-133
-150
-150
-164
-170
-175
-170
-163
-160
-158
-151
-143
-118
-114
-114
-108
-109
-90
-86
-68
-62
-55
-42
-37
-32
-37
-39
-38
-25
-25
-34
-30
-35
-31
-36
-31
-32
-30
-25
-39
-32
-29
-34
-29
-45
-57
-48
-58
-62
-71
-64
-59
-72
-70
-67
-68
-60
-62
-61
-58
-52
-41
-45
-38
-36
-39
-39
-24
-17
-17
-15
-8
-15
-19
-32
-33
-37
-51
-54
-70
-74
-71
-73
-69
-60
-56
-45
-43
-33
-26
-9
8
10
11
29
33
32
44
56
62
68
80
78
91
101
106
108
108
102
101
88
70
53
48
50
48
24
13
6
9
18
21
28
23
9
9
4
6
0
5
3
6
2
6
17
18
19
12
16
4
-2
-11
4
-5
-11
-10
-20
-11
-16
-14
-33
-40
-42
-61
-61
-68
-76
-83
-93
-87
-79
-88
-85
-75
-83
-74
-70
-61
-55
-58
-58
-50
-43
-40
-35
-34
-28
-9
-8
-4
6
7
22
25
12
10
15
12
22
17
16
17
17
10
-1
-1
0
2
-18
-21
-25
-38
-53
-69
-65
-72
-77
-77
-88
-85
-90
-90
-84
-85
-81
-71
-71
-76
-77
-69
-72
-68
-72
-71
-65
-65
-67
-73
-69
-74
-81
-81
-86
-82
-71
-77
-66
-58
-49
-36
-32
-26
-28
-17
-14
-19
-22
-12
-8
-12
-6
-4
0
-6
5
12
21
26
34
39
47
42
42
35
37
40
31
30
37
46
48
43
45
43
48
42
40
33
29
34
33
36
19
19
11
0
-6
0
-8
-5
3
-10
1
-9
-14
-17
-15
-8
-8
-5
-8
-7
-11
0
-18
-18
-18
-37
-21
-30
-24
-30
-35
-26
-31
-27
-25
-26
-31
-20
-16
-21
-5
0
10
6
15
17
14
8
14
14
12
15
13
24
26
34
32
32
46
48
41
43
47
53
49
44
34
34
26
25
30
25
16
12
13
-2
-9
-8
-18
-11
-13
-16
-26
-21
-16
-14
-11
-13
-7
-7
-2
4
8
-3
3
-6
-10
-16
-15
-13
-6
-5
-4
7
0
1
5
-2
7
11
3
12
11
5
6
4
7
18
26
16
24
28
21
34
43
49
49
52
54
57
59
49
48
44
42
41
36
55
59
60
52
52
46
47
39
38
31
23
22
6
3
-2
1
-8
-10
-9
-14
-6
-11
-18
-13
-22
-26
-29
-27
-36
-38
-31
-37
-35
-30
-33
-34
-29
-30
-21
-25
-9
-14
2
11
4
23
28
36
21
31
41
47
60
60
63
66
68
69
72
86
99
107
102
111
120
124
118
136
150
147
151
144
148
148
156
145
141
133
127
122
116
109
106
111
105
102
99
101
109
104
95
96
83
83
89
86
80
78
79
78
70
66
64
62
61
56
57
45
54
61
55
62
64
62
70
79
81
87
99
105
106
122
119
131
138
135
140
149
159
162
173
177
187
193
190
210
216
231
238
250
269
271
274
280
290
296
304
299
305
306
318
316
316
310
306
300
291
297
297
291
298
297
290
286
284
283
285
276
271
263
269
274
264
271
263
267
275
270
276
276
270
269
280
282
282
277
273
269
264
275
263
256
257
253
260
264
272
