SAMPLES:	13396
BITSPERSAMPLE:	16
CHANNELS:	1
SAMPLERATE:	16000
NORMALIZED:	FALSE
-197
-188
-189
-201
-176
-187
-180
-197
-192
-181
-190
-192
-198
-180
-184
-182
-177
-177
-166
-153
-166
-172
-174
-163
-158
-167
-166
-151
-144
-154
-147
-146
-140
-122
-129
-130
-122
-120
-123
-118
-97
-95
-90
-91
-90
-75
-72
-70
-66
-66
-47
-45
-50
-37
-25
-20
-28
-25
-14
11
5
0
4
18
24
10
6
16
32
35
34
36
61
54
44
46
55
60
64
60
67
71
67
70
67
79
87
93
83
98
112
117
112
124
128
120
121
125
128
139
153
160
154
156
164
166
163
168
166
171
171
187
201
185
179
186
187
179
187
183
184
184
196
212
203
200
196
200
201
209
228
218
206
222
224
217
233
237
240
241
231
225
235
235
222
242
255
246
243
243
230
229
225
222
238
248
248
236
237
242
231
216
210
215
216
221
208
222
230
222
204
203
194
202
198
201
208
210
214
201
187
183
189
176
174
182
181
188
192
188
181
171
158
148
153
147
143
161
161
155
153
148
137
138
120
111
132
140
131
116
110
101
102
90
71
68
69
58
67
79
56
47
31
22
9
7
21
22
24
28
29
17
-4
-23
-17
-20
-24
-18
-26
-18
-21
-30
-42
-50
-55
-60
-54
-67
-66
-61
-68
-77
-81
-96
-102
-105
-113
-106
-115
-107
-108
-117
-108
-123
-124
-130
-123
-131
-135
-130
-133
-125
-126
-138
-147
-158
-158
-167
-177
-160
-170
-169
-163
-159
-160
-164
-170
-178
-176
-185
-178
-188
-176
-173
-176
-172
-185
-184
-181
-184
-177
-181
-177
-170
-175
-176
-168
-177
-183
-185
-190
-183
-183
-178
-178
-172
-170
-165
-166
-166
-162
-173
-177
-168
-166
-168
-170
-163
-169
-177
-168
-173
-159
-159
-157
-153
-145
-155
-156
-152
-158
-164
-165
-154
-145
-142
-138
-132
-132
-133
-134
-141
-136
-128
-132
-119
-115
-112
-106
-116
-104
-94
-96
-85
-90
-86
-80
-75
-65
-62
-65
-50
-38
-44
-38
-25
-26
-28
-25
-21
-4
-3
-6
11
23
16
24
30
28
36
32
42
55
57
50
62
65
59
55
67
79
82
101
97
90
96
93
96
94
99
108
125
121
119
133
119
132
129
135
139
144
155
143
154
150
158
156
146
150
153
164
164
170
169
175
171
170
170
174
173
172
181
180
198
199
195
194
202
203
202
198
206
204
213
219
224
228
218
214
217
230
231
229
230
241
228
229
226
219
221
221
232
226
235
222
217
221
227
225
223
232
231
236
229
231
234
235
224
222
224
232
236
237
237
239
237
234
219
207
207
206
197
202
203
191
196
201
191
202
177
160
161
174
187
172
165
157
162
158
147
137
134
138
129
119
116
128
117
102
96
92
86
83
75
78
88
88
81
71
69
70
58
53
39
34
41
36
34
31
28
24
25
17
0
-6
-3
-4
-5
-13
-13
-23
-19
-24
-38
-52
-60
-62
-66
-71
-70
-78
-76
-75
-83
-74
-84
-95
-97
-97
-111
-111
-106
-116
-109
-106
-111
-114
-120
-128
-122
-128
-129
-138
-132
-131
-145
-131
-143
-144
-147
-147
-155
-155
-150
-144
-148
-156
-154
-151
-151
-165
-153
-147
-157
-166
-167
-181
-179
-168
-170
-163
-169
-176
-186
-187
-177
-163
-172
-162
-160
-162
-179
-179
-179
-179
-172
-170
-169
-172
-155
-156
-164
-163
-166
-160
-156
-162
-162
-152
-162
-160
-150
-155
-150
-149
-146
-140
-146
-143
-141
-140
-139
-139
-134
-139
-126
-126
-122
-113
-118
-117
-117
-118
-108
-98
-108
-104
-99
-97
-93
-84
-82
-88
-79
-68
-71
-70
-66
-65
-58
-56
-49
-49
-43
-48
-33
-17
-25
-14
-16
-4
-2
8
10
14
12
22
23
23
25
33
43
47
49
53
48
48
57
60
66
66
80
78
86
94
93
103
105
93
94
103
108
116
133
126
134
129
144
155
144
152
153
164
166
181
181
191
195
188
189
196
195
201
211
215
213
218
222
222
230
218
216
217
220
224
230
238
233
238
238
239
234
232
233
222
228
234
242
244
249
251
251
255
253
248
238
243
245
251
251
255
265
252
251
252
246
243
248
242
243
246
246
244
243
244
238
244
244
237
234
235
236
239
244
233
234
230
220
220
214
222
223
220
222
220
210
211
207
201
193
196
204
194
188
186
201
193
183
181
169
181
177
169
172
164
153
150
150
135
123
122
116
117
116
106
100
95
92
99
94
78
72
66
73
52
58
61
56
45
27
21
27
21
20
19
7
1
9
4
-8
-16
-15
-20
-27
-38
-47
-54
-63
-73
-69
-69
-63
-65
-70
-75
-85
-85
-94
-91
-100
-109
-111
-97
-109
-117
-121
-121
-127
-134
-135
-132
-133
-126
-119
-132
-132
-131
-135
-150
-153
-149
-142
-136
-140
-144
-142
-140
-146
-147
-160
-163
-162
-154
-154
-169
-158
-163
-167
-173
-167
-173
-167
-164
-168
-159
-168
-162
-171
-173
-178
-172
-172
-176
-171
-172
-166
-165
-165
-167
-167
-172
-170
-175
-179
-178
-174
-176
-180
-163
-171
-166
-155
-156
-167
-153
-154
-156
-147
-143
-130
-137
-141
-140
-143
-142
-136
-136
-123
-130
-127
-125
-119
-104
-115
-118
-122
-121
-113
-106
-108
-97
-91
-82
-94
-84
-81
-78
-65
-65
-54
-52
-45
-47
-40
-35
-32
-33
-25
-19
-18
-9
5
12
10
19
16
19
25
30
28
37
44
47
52
54
61
77
72
68
76
87
88
90
100
103
107
107
114
123
125
130
135
139
142
141
156
157
156
164
164
167
175
178
196
184
192
190
175
184
184
199
208
204
216
220
212
213
214
218
215
213
211
222
222
231
236
230
236
238
233
237
240
245
243
243
252
254
252
251
246
248
249
242
260
265
262
255
261
261
257
262
252
257
261
261
267
264
270
271
267
262
272
268
259
273
266
261
261
260
263
260
257
263
264
270
255
257
255
255
252
252
254
248
245
241
233
228
225
220
224
228
216
216
222
209
204
202
196
184
176
179
175
179
173
165
152
143
139
141
134
123
121
113
116
101
105
101
84
84
83
78
72
72
61
65
54
55
51
36
39
44
30
24
19
16
17
10
5
-8
0
-9
-13
-13
-20
-19
-32
-39
-51
-54
-60
-68
-59
-68
-63
-67
-75
-76
-74
-91
-98
-95
-106
-102
-108
-122
-122
-121
-129
-139
-141
-140
-143
-138
-147
-150
-157
-157
-162
-159
-161
-155
-145
-166
-178
-171
-160
-170
-175
-179
-179
-185
-196
-198
-199
-197
-210
-205
-192
-196
-190
-203
-202
-200
-201
-200
-202
-200
-200
-198
-213
-210
-203
-209
-191
-200
-198
-202
-200
-195
-197
-183
-191
-195
-193
-197
-189
-198
-201
-197
-202
-198
-194
-190
-187
-178
-186
-186
-178
-174
-176
-169
-167
-170
-167
-171
-181
-175
-174
-179
-176
-172
-157
-152
-157
-163
-156
-153
-151
-145
-152
-143
-133
-122
-123
-119
-104
-109
-118
-107
-107
-104
-89
-84
-74
-82
-81
-84
-76
-67
-61
-53
-59
-53
-34
-32
-38
-34
-35
-29
-18
-9
-2
-5
-3
9
21
18
24
29
28
44
45
53
63
71
69
73
76
80
85
89
93
87
97
108
113
106
114
124
122
131
136
143
137
141
152
153
145
144
157
159
163
163
162
160
166
173
176
177
180
183
198
199
196
204
206
206
210
204
211
216
209
203
203
219
216
225
224
223
224
226
235
225
240
237
237
245
238
238
231
244
243
235
232
225
244
252
248
241
239
233
238
239
234
236
231
231
232
237
227
232
226
228
233
222
230
220
238
222
225
224
217
224
216
215
215
214
202
211
208
200
197
198
187
184
184
184
180
179
175
166
166
154
141
139
142
132
127
120
118
119
116
112
110
111
95
88
78
74
81
62
64
66
63
56
50
37
32
40
27
27
18
20
15
7
9
3
-13
-5
-17
-14
-24
-31
-29
-42
-46
-49
-48
-56
-54
-64
-69
-76
-76
-87
-87
-92
-99
-107
-106
-103
-106
-105
-112
-116
-120
-119
-116
-118
-129
-127
-127
-133
-139
-140
-148
-143
-149
-151
-151
-153
-153
-156
-154
-157
-165
-161
-156
-161
-166
-172
-166
-173
-174
-170
-168
-174
-174
-185
-183
-188
-191
-183
-181
-173
-180
-183
-180
-177
-183
-186
-185
-192
-190
-192
-182
-179
-179
-178
-180
-181
-177
-184
-189
-183
-184
-192
-188
-184
-180
-180
-176
-176
-185
-182
-182
-181
-175
-168
-175
-166
-152
-157
-152
-148
-153
-146
-146
-139
-144
-136
-142
-144
-116
-113
-109
-116
-119
-108
-95
-99
-99
-99
-92
-88
-90
-75
-73
-65
-78
-69
-62
-49
-47
-43
-34
-32
-26
-24
-30
-27
-12
-13
-16
-4
0
6
13
18
27
26
24
27
38
41
47
57
50
59
66
68
73
79
79
83
85
90
98
95
94
97
107
103
109
111
115
121
131
127
128
135
144
140
147
150
151
154
161
169
167
169
172
175
182
186
188
190
191
199
198
194
197
207
219
220
220
219
220
220
221
225
224
230
223
232
230
226
238
232
228
229
231
226
232
234
241
232
230
238
234
240
241
244
244
252
251
243
247
248
234
233
236
233
233
238
241
237
233
249
237
228
225
227
228
226
224
224
226
221
220
223
222
222
223
221
226
219
204
212
211
200
198
192
192
191
192
192
177
184
173
172
163
160
165
161
157
150
150
145
159
143
131
128
122
121
116
110
96
97
99
84
90
85
74
74
73
77
63
54
56
50
40
33
25
14
14
10
14
0
-1
-7
-13
-19
-21
-25
-29
-26
-39
-53
-52
-49
-51
-60
-62
-65
-67
-62
-75
-72
-84
-87
-92
-107
-103
-103
-109
-114
-120
-121
-126
-131
-137
-139
-132
-130
-135
-146
-138
-140
-141
-142
-150
-155
-151
-152
-152
-156
-172
-167
-168
-169
-169
-179
-180
-184
-174
-178
-178
-169
-174
-178
-176
-174
-182
-180
-185
-181
-177
-177
-181
-182
-173
-179
-188
-176
-180
-182
-168
-171
-184
-182
-178
-176
-173
-177
-180
-170
-167
-169
-172
-164
-161
-169
-157
-171
-167
-161
-164
-162
-160
-159
-154
-146
-150
-150
-150
-141
-145
-151
-132
-143
-146
-134
-131
-121
-119
-119
-122
-113
-123
-112
-105
-101
-92
-93
-89
-95
-87
-88
-76
-75
-74
-69
-58
-54
-52
-46
-42
-30
-27
-24
-18
-18
-9
1
3
2
10
16
19
20
30
33
28
41
44
38
45
61
63
67
64
76
79
81
80
88
86
98
97
105
107
104
108
114
127
125
132
134
142
132
136
142
139
151
147
149
150
148
161
164
161
169
166
170
172
186
186
178
181
176
186
182
179
194
191
189
187
193
195
201
208
195
198
210
211
211
213
214
213
211
222
218
217
224
218
221
226
224
217
232
233
227
237
228
231
223
229
234
234
226
230
227
217
227
227
224
216
219
225
221
212
221
218
218
214
212
210
207
205
198
197
207
195
190
189
183
190
184
185
182
181
176
173
170
169
162
163
158
153
154
137
134
140
129
125
125
114
117
104
99
104
99
91
80
87
70
66
65
52
54
52
50
45
43
40
37
24
28
23
18
15
5
2
-11
-8
-16
-18
-23
-32
-34
-37
-45
-46
-42
-58
-63
-62
-75
-78
-74
-77
-82
-95
-103
-105
-107
-102
-105
-105
-112
-120
-121
-127
-135
-142
-133
-139
-140
-147
-147
-158
-160
-155
-162
-172
-176
-180
-170
-177
-187
-187
-187
-189
-190
-198
-200
-199
-201
-195
-196
-201
-213
-205
-204
-210
-210
-213
-217
-226
-222
-220
-230
-229
-227
-227
-231
-234
-233
-236
-243
-238
-247
-242
-234
-245
-236
-241
-246
-249
-237
-232
-248
-247
-239
-238
-237
-233
-234
-234
-239
-235
-231
-238
-225
-224
-218
-226
-232
-219
-217
-220
-227
-220
-217
-208
-210
-220
-212
-219
-203
-198
-209
-198
-191
-191
-185
-187
-188
-179
-184
-182
-171
-176
-173
-159
-156
-155
-149
-141
-142
-143
-133
-132
-122
-117
-124
-114
-103
-99
-94
-91
-88
-83
-79
-72
-69
-61
-51
-52
-50
-46
-47
-44
-25
-19
-23
-21
-7
-4
-4
-2
3
14
12
12
20
22
30
34
37
43
45
41
55
59
64
71
69
78
81
85
89
98
100
101
106
110
111
116
122
131
123
123
124
130
130
128
140
147
141
144
157
164
166
164
167
165
161
167
171
183
184
180
178
168
186
186
193
192
191
195
203
191
194
192
195
203
199
194
203
200
199
210
203
197
194
200
200
193
184
189
197
196
197
192
195
199
192
192
187
186
184
186
194
187
182
177
178
170
169
168
163
164
177
164
161
158
155
156
157
144
147
154
143
135
141
152
139
134
117
117
121
117
116
104
92
103
96
82
72
66
69
65
77
65
61
46
39
32
36
33
25
24
11
17
16
4
6
5
-5
-9
-21
-15
-24
-29
-35
-54
-46
-52
-65
-58
-71
-83
-84
-77
-93
-102
-98
-102
-96
-118
-111
-123
-112
-121
-142
-134
-135
-139
-160
-154
-150
-148
-165
-170
-162
-170
-173
-173
-173
-176
-181
-172
-171
-195
-191
-161
-166
-197
-219
-217
-184
-199
-214
-188
-172
-207
-227
-202
-176
-217
-269
-245
-191
-200
-259
-252
-195
-209
-268
-270
-211
-197
-274
-279
-199
-200
-278
-294
-226
-203
-260
-300
-260
-186
-198
-276
-281
-226
-205
-281
-291
-209
-191
-250
-260
-204
-210
-276
-262
-208
-223
-248
-258
-238
-224
-228
-217
-233
-248
-240
-230
-229
-241
-208
-201
-255
-242
-209
-213
-219
-212
-212
-199
-176
-202
-218
-158
-157
-173
-212
-211
-123
-154
-179
-165
-152
-156
-158
-154
-148
-114
-109
-144
-123
-81
-117
-121
-70
-58
-120
-116
-67
-18
-54
-101
-51
-58
-72
-12
-30
-72
-5
-14
-53
4
14
-26
-9
26
26
19
11
8
21
21
41
79
64
-20
27
94
53
22
105
100
4
96
152
21
37
174
122
-6
67
201
70
49
164
152
57
79
185
148
99
82
122
154
128
94
107
147
133
89
113
192
161
93
141
218
133
63
203
220
142
113
183
244
184
100
178
285
167
164
162
141
225
210
160
202
211
181
198
189
218
144
136
224
230
188
176
222
174
139
157
255
216
134
177
176
199
182
155
167
160
165
172
213
177
124
203
228
125
160
204
187
132
146
182
132
180
204
199
81
86
187
244
77
45
187
140
89
118
146
117
104
72
164
153
22
15
117
104
58
46
-3
93
47
87
67
-34
60
53
16
-12
35
47
2
-49
78
-15
-56
-19
-36
-30
-30
27
-20
-102
-50
-44
-145
0
-83
-122
-15
-105
-111
-35
-71
-89
-112
-74
-8
-188
-216
-48
-17
-85
-195
-164
-88
-116
-111
-251
-157
-36
-162
-186
-145
-143
-204
-189
-132
-159
-205
-162
-102
-251
-209
-93
-245
-229
-152
-204
-192
-133
-227
-242
-194
-200
-204
-184
-278
-184
-159
-261
-167
-187
-318
-207
-149
-269
-178
-201
-211
-170
-314
-213
-158
-292
-210
-138
-271
-186
-203
-326
-169
-169
-165
-132
-341
-287
-57
-270
-194
-71
-346
-243
-115
-197
-253
-192
-200
-228
-134
-188
-182
-232
-253
-160
-218
-142
-92
-257
-228
-153
-122
-183
-210
-215
-178
-136
-114
-190
-176
-141
-142
-187
-221
-103
-189
-188
6
-106
-220
-171
-102
-90
-156
-107
-120
-140
-76
-119
-65
-39
-195
-59
-23
-33
-45
-86
-51
-42
-7
-35
-96
29
-78
9
-4
-58
68
-13
-74
8
112
-45
27
26
21
128
6
-28
41
19
107
44
139
90
-26
118
140
9
120
166
-65
165
231
27
67
219
120
61
111
238
112
87
257
156
114
178
72
214
250
25
248
250
154
115
156
194
259
208
122
281
115
174
204
212
274
102
185
223
224
229
118
306
312
70
164
261
198
287
352
63
105
344
168
282
228
61
326
307
214
334
212
97
402
321
142
99
128
469
313
12
286
359
178
162
189
260
335
210
110
356
258
140
242
223
221
230
102
154
381
269
173
167
157
177
200
188
265
163
77
228
312
154
67
250
89
163
324
-47
110
362
92
60
108
152
166
-35
179
272
65
64
119
101
100
109
99
-29
112
171
51
40
78
8
-97
194
53
-26
-49
-32
90
0
81
-93
-161
-59
80
-84
31
-16
-136
-28
-6
6
-134
-133
-43
7
-46
-173
-99
40
-26
-131
-159
-33
-73
-63
-109
-98
-86
-213
-160
-51
-63
-101
-287
-232
30
-183
-98
-200
-179
0
-214
-194
-180
-146
-152
-147
-180
-116
-224
-259
-86
-221
-53
-268
-342
-45
-122
-118
-297
-266
-19
-184
-334
-294
-118
-32
-287
-401
-113
-28
-431
-266
-76
-104
-310
-286
-46
-245
-232
-210
-220
-172
-134
-237
-321
-256
-136
-62
-208
-241
-368
-241
-60
-113
-329
-76
-100
-472
-192
-3
-121
-224
-336
-302
106
-202
-323
-230
-234
72
-258
-320
-24
-151
-241
-128
-108
-76
-241
-234
-58
-61
-159
-240
-187
-174
97
-47
-230
19
-230
-86
-15
-158
40
-25
-97
-81
-153
181
10
-192
-17
22
-4
-232
75
251
23
-69
-192
19
236
-10
-110
9
-25
86
112
-1
52
-76
-74
57
43
93
-97
93
107
-68
234
-57
-8
111
69
226
27
-69
161
164
83
54
106
21
106
218
-7
134
202
117
81
135
117
186
225
159
38
216
483
16
-7
129
349
269
61
114
275
345
33
-18
408
220
-3
233
337
212
-64
2
285
359
215
109
165
154
212
390
181
172
255
339
248
286
141
191
317
350
208
331
294
58
353
261
229
294
127
262
164
235
404
119
120
235
243
468
260
38
196
320
245
159
225
239
273
143
191
211
16
234
377
59
25
231
173
141
118
45
64
181
300
117
167
235
117
184
245
138
116
99
140
322
303
-84
173
255
-66
239
21
5
165
43
278
35
-79
43
-16
125
163
-58
-170
219
137
-10
88
-230
-122
230
-34
-51
3
13
-26
-160
-118
61
-94
-182
-92
93
-144
-356
-109
-150
66
-141
-192
-115
-18
-98
-293
-31
180
-351
-306
257
-20
-440
-253
144
-209
-125
-74
123
-124
-329
-68
-228
-286
3
-45
-322
-274
-136
-51
-396
-369
35
-93
-289
-350
-317
5
-179
-364
-166
-254
-111
-90
-434
-267
-24
-334
-402
-79
154
-267
-551
11
401
-483
-399
70
-188
-185
-215
-148
-117
-45
-72
-376
-611
93
157
-788
-80
395
-488
-526
145
-251
-285
-16
-611
-194
276
-282
-331
-210
-214
42
-246
-390
-51
-190
-371
78
-230
-377
74
-219
-542
-66
73
-210
-116
-191
-65
-26
-294
-158
-288
-9
82
-312
-141
-105
-156
-1
-157
-311
-100
167
-121
-268
89
-270
51
-15
-490
-48
31
-104
-91
-4
23
-119
-304
-38
54
110
-187
-132
-79
2
394
-470
-88
171
-148
-121
97
130
-4
49
-403
124
327
52
-136
35
12
83
160
-39
142
35
19
213
77
-165
82
297
-113
-174
418
211
-178
410
258
-161
95
99
58
282
379
-53
46
164
264
311
-85
-249
346
645
-153
-32
495
0
52
393
-100
199
346
-141
156
532
-13
217
208
-208
490
184
-201
681
267
-153
486
197
10
404
195
-255
447
526
87
218
-138
345
618
-76
17
492
466
12
138
322
277
24
-1
182
510
473
-205
-167
511
423
-14
158
350
107
277
24
49
286
411
36
-217
422
237
380
4
5
347
286
138
-170
212
178
180
185
-60
218
205
-75
-38
369
581
-57
-563
213
601
213
-184
-217
111
341
128
-223
132
186
-102
-71
344
290
-326
-173
287
35
-78
-137
161
188
-333
-111
258
-306
-205
463
115
-253
-442
-10
266
335
-367
-500
250
-76
-76
46
-100
-306
-62
25
133
98
-442
-316
-100
253
-144
-451
-17
219
-512
-506
163
430
-354
-456
103
17
-351
-224
-233
-186
257
-244
-426
-200
-95
-139
-43
-409
-193
305
-358
-580
-193
336
-345
-693
-74
114
-105
-448
-522
213
256
-504
-395
-26
-328
-138
163
-461
-569
-236
98
-409
-311
77
-238
-266
-145
-353
-115
285
-474
-605
8
165
-513
-670
37
251
-317
-851
30
537
-446
-572
202
-75
-332
-179
-275
-176
-111
36
-297
-475
337
191
-752
-595
280
325
-746
-368
330
6
-379
-514
-39
-198
-313
330
-119
-310
-57
-81
-249
-336
266
13
-733
-200
482
-81
-238
-346
-213
218
208
-131
-582
118
159
-176
-480
-125
367
8
-210
-302
206
141
-250
-339
178
325
130
-143
-206
206
-52
157
-51
-2
48
60
334
-36
-187
31
99
328
-22
-164
223
-77
325
315
-227
-1
372
120
137
156
145
-28
-158
508
655
-195
-394
402
523
97
-310
349
488
180
209
-24
-14
582
92
-224
481
291
-19
439
66
98
278
439
279
-75
77
312
728
560
-340
-66
748
318
172
-2
168
523
291
-19
213
768
178
-382
271
748
513
78
-89
62
562
565
18
-92
523
561
-54
179
527
177
-348
366
1125
150
-485
122
461
626
125
-4
175
390
360
358
143
330
340
-293
433
639
185
-301
165
884
380
-502
90
839
88
-115
531
300
172
31
461
260
-182
211
121
164
579
270
-155
-62
46
514
433
-179
42
186
203
131
172
142
-59
-46
171
354
10
54
108
-362
89
591
-91
-108
-136
21
480
-190
51
156
-521
226
348
-333
-65
172
-103
-246
-278
403
270
-397
-440
470
69
-392
127
-97
-176
-1
-119
-260
150
-173
-290
50
26
-362
-31
-33
-319
-84
-107
-193
-372
80
210
-569
-865
142
434
-330
-409
-357
90
-402
-334
310
-164
-567
-490
223
-62
-360
188
-351
-810
69
181
-250
-124
-253
-376
-484
-423
230
191
-458
-526
-443
-201
154
-259
-126
-302
-778
55
392
-461
-824
-270
135
105
-463
-383
-3
-485
-474
-275
-277
-43
130
-624
-477
-276
-425
-32
-224
-373
-23
-240
-478
-194
-210
-73
-375
-608
-102
109
-227
-178
-412
-193
108
-665
-230
366
-330
-589
-222
176
48
-338
-511
-233
-20
80
-435
-172
101
-257
-482
-47
170
-158
-636
-213
516
-306
-262
-23
-227
-285
62
53
-172
-268
-282
-47
177
-388
104
246
-536
-154
153
5
-108
-72
93
290
-254
-253
10
170
-76
-118
90
24
294
64
-254
-244
242
284
-21
-157
-89
334
251
-181
-138
392
413
-323
-323
315
620
307
-318
-347
148
851
-106
-484
470
270
-219
1
382
367
260
-264
-151
539
319
39
2
250
841
214
-917
236
1058
264
-161
-245
352
690
155
10
223
-22
-71
382
473
244
311
-16
-22
349
216
412
309
-112
159
641
626
-116
-68
738
154
-153
41
551
792
-239
158
687
-13
-230
194
625
528
-213
-62
607
262
4
174
115
-3
251
289
19
432
512
190
-332
-51
896
421
-430
297
487
37
-127
431
546
103
54
-163
274
494
202
-122
-181
400
634
-167
43
348
-183
138
26
223
746
-16
-80
37
150
229
-187
47
181
108
-151
178
306
-258
-152
276
-33
-156
127
306
22
-496
216
491
-444
-264
465
-37
-436
93
329
10
89
-211
-102
-21
148
376
-396
-43
247
-82
-188
128
185
-332
-346
419
277
4
-195
-153
90
-198
249
20
-361
177
147
-30
-119
-100
144
73
-279
-301
518
384
-631
-344
135
1
-355
-393
151
-1
-461
-322
23
-279
-211
-271
-358
-208
-402
-602
-61
-374
-565
-367
-538
-474
-511
-502
-475
-561
-842
-424
-569
-721
-502
-823
-675
-95
-301
-556
-413
-392
-244
-224
-209
-106
-181
-220
162
236
-103
84
288
29
89
487
436
206
382
622
349
157
415
335
271
268
521
426
193
429
346
117
165
187
364
204
99
206
-49
-75
29
-89
-371
-147
50
-73
-69
-354
-711
-520
104
-661
-893
-335
-578
-868
-792
-918
-882
-1087
-1599
-1505
-1657
-1517
-591
725
998
-300
-2919
-2679
59
1464
321
-1592
-1204
554
1136
170
-213
-165
517
367
-829
-568
1046
2078
1083
-614
-793
-99
598
673
343
-198
-217
336
610
562
321
107
-522
-432
-232
123
505
819
798
83
-398
-112
539
643
556
367
423
669
786
876
539
365
442
274
202
883
1238
741
139
-9
445
387
275
381
61
53
-2
-231
-138
331
17
-404
-694
-1071
-567
-372
-734
-1311
-1737
-1811
-1771
-1716
316
2040
1033
-2405
-4597
-1344
1865
2108
-729
-2433
-696
1849
1624
-298
-460
703
1257
-567
-1125
649
2873
2645
77
-1209
-742
462
1275
916
195
-446
-147
539
1263
718
-167
-699
-516
-48
-206
113
855
1495
242
-1348
-1002
957
1841
526
-868
-411
1344
1772
834
68
642
1436
392
-439
505
2063
1880
-121
-1011
475
1652
720
-533
-322
738
317
-519
-552
4
441
-202
-1211
-1208
-361
-390
-1299
-1742
-1348
-1536
-2561
-2930
-1672
847
1881
27
-2937
-4317
-1452
1232
1541
-390
-2247
-938
1577
1943
231
-598
77
1024
-123
-858
569
2624
3018
391
-2021
-1713
499
1802
652
-787
-948
-19
514
511
-77
-609
-1015
-1192
-1031
-882
124
1058
989
-467
-1897
-1580
317
1628
686
-782
-908
848
2001
1276
351
122
663
321
384
1183
2043
1394
-372
-987
161
1279
616
-416
-792
81
239
-533
-887
-371
-247
-1341
-1679
-1056
-761
-1255
-2009
-2340
-2463
-2568
-2941
-2488
-737
1347
870
-1867
-4334
-3242
582
1885
450
-2077
-1274
1494
2608
927
-564
148
1360
735
-730
305
2648
3550
1202
-1728
-1918
-77
1457
809
-761
-1209
-424
422
263
-434
-1162
-1341
-1444
-1294
-1189
-497
644
946
-252
-1876
-1770
169
1512
667
-610
-478
1249
2217
1535
985
1328
1589
604
4
1396
3187
2345
-241
-1012
703
1781
527
-737
-378
493
-54
-1066
-715
260
-102
-1638
-2190
-1275
-661
-1579
-2626
-2733
-2289
-2540
-2911
-2070
113
1912
265
-2410
-4530
-1985
1964
2841
808
-1698
-200
2416
3190
1274
196
816
2122
1407
414
1529
3446
3622
404
-2187
-1553
981
2218
752
-1128
-1383
-157
466
-36
-1101
-1454
-1243
-1215
-1185
-813
191
999
501
-1239
-2003
-700
1688
2241
890
-89
647
2279
2551
1826
1827
2838
2575
1112
460
2659
4262
2034
-1021
-916
1953
2495
361
-913
123
621
-742
-1640
-349
843
-492
-2668
-2664
-728
-497
-2409
-3801
-2886
-2046
-2583
-2731
-681
2866
1759
-1876
-5360
-3055
2628
4239
1944
-1327
-73
2728
3594
1578
812
1381
2354
1744
823
2075
3644
3756
557
-2352
-2170
524
2448
1485
-878
-2052
-1078
50
-54
-1416
-2040
-1415
-919
-1168
-1202
-111
1234
608
-1713
-2587
-632
2447
3104
1280
40
935
2486
2464
1906
2350
3613
2956
948
594
2726
4204
1595
-1588
-1181
1845
2545
161
-1347
-396
107
-1382
-2350
-949
542
-763
-3203
-3306
-1511
-1091
-3130
-4584
-3756
-2367
-2115
-1886
1148
2701
396
-4689
-6075
-187
5035
4762
-87
-1554
1560
3961
2167
-111
640
2769
2526
420
978
3318
4118
831
-3053
-3500
-746
1802
1775
-124
-2050
-2536
-1849
-1026
-1279
-2119
-2232
-1430
-914
-1120
-1211
-132
562
-832
-2851
-2262
1264
4079
3171
415
-542
929
2222
2586
2964
3469
3011
870
582
2078
3398
1731
-1056
-1352
517
1929
1096
-500
-1574
-1891
-2099
-1507
-595
-282
-1382
-3063
-3516
-2777
-2388
-3058
-4021
-4175
-3414
-2374
-1245
1571
1896
-656
-5066
-5898
205
5155
5335
578
-1414
985
3330
2037
174
1091
3566
3201
402
410
3050
4351
680
-3859
-3979
24
2791
1974
-944
-2659
-2662
-2414
-2035
-1705
-1063
-845
-1384
-2026
-1884
-1068
13
37
-1281
-2254
-1084
2179
4131
2740
32
-668
1000
2379
2275
3251
5130
4585
983
-2114
772
4333
3361
-775
-1608
1750
2757
-73
-2147
-1002
-188
-1828
-2833
-383
1699
-54
-3750
-4653
-2571
-1561
-2940
-3881
-2853
-2373
-2692
-2545
1585
3772
93
-6104
-7127
1130
7302
6123
-124
-1752
1607
3381
1002
-148
3051
5859
3717
-715
-378
3435
4875
874
-3286
-2953
975
3029
1980
-645
-2471
-2899
-2746
-1784
-819
21
133
-634
-2157
-3084
-2271
233
1579
222
-1964
-1134
2353
4380
2212
-673
-362
2087
3262
2641
4096
5626
4234
-660
-2106
1974
5198
3490
-235
-169
1764
1275
-1083
-1392
8
206
-1571
-1641
183
905
-1232
-3763
-3855
-2375
-1689
-2323
-2782
-3008
-3235
-3033
-1207
2414
2216
-1729
-6046
-4156
3113
6349
3874
-874
-653
2079
2559
719
1279
4458
5655
2219
-1285
167
4004
4482
443
-2651
-1414
1755
2351
621
-1597
-2171
-2200
-2135
-1628
-698
284
-65
-1686
-3350
-3452
-1582
866
1432
-314
-2025
-1151
1671
2825
1274
-384
435
2438
2811
1895
2591
5222
4560
322
-2956
473
5708
5018
208
-1932
773
1428
-1272
-2202
816
2163
-961
-3939
-1844
1248
-48
-3782
-4438
-1642
-612
-2612
-4106
-3079
-2711
-4124
-4283
221
4515
2026
-5124
-8371
-1918
5337
5424
147
-1952
1367
3004
326
-1255
2249
6037
4261
-904
-1913
2002
5035
2837
-1324
-2563
-380
1502
1373
-43
-1277
-1875
-2340
-2248
-1890
-933
16
-149
-1945
-4124
-3974
-1022
1522
805
-1884
-2708
-427
1751
1132
-389
107
1889
2045
382
1151
4519
5606
1602
-3062
-1143
4038
5384
1611
-940
373
831
-1476
-2176
1009
3116
197
-3804
-3093
226
629
-2175
-3492
-2003
-1013
-2509
-3847
-3270
-2371
-3499
-4602
-2947
1673
3115
-658
-6066
-6592
-601
3801
3818
433
-510
636
660
-613
-156
2919
5406
3784
-85
-1310
1068
3749
2760
-162
-1485
105
1892
1603
-438
-1421
-1176
-917
-1685
-2151
-686
1025
586
-2415
-4771
-3625
-368
1403
143
-1815
-1678
-97
263
-678
-724
1002
2476
1666
-21
575
3594
5099
2176
-1628
-979
3377
5102
2222
-102
742
1235
-1102
-1912
1580
4391
1524
-3369
-3394
354
1459
-1145
-2296
-610
-54
-2546
-4274
-2672
-1016
-2375
-4683
-3831
-88
2912
1028
-3025
-6415
-4627
228
3598
3676
948
-503
-916
-725
-870
620
3851
6274
4018
-687
-2563
607
4092
3378
532
91
2096
2564
291
-1496
-149
1367
599
-1590
-1335
1038
2046
-115
-3181
-3758
-1764
414
989
163
-579
-939
-1254
-1642
-1317
241
2095
2538
974
-360
406
2387
2392
753
437
2714
3693
1732
69
1019
2073
357
-846
1107
3580
2196
-1201
-1919
56
627
-603
-665
902
587
-2116
-3829
-2551
-1095
-1550
-2717
-2512
-1460
-684
37
-687
-2389
-5140
-3792
410
3709
2325
-1491
-2240
-588
41
-1350
-201
3953
6174
2141
-2953
-2916
1633
3956
2351
1005
2111
2566
325
-1910
-696
2210
2850
1179
-517
-294
257
233
-413
-1059
-1219
-623
326
375
-641
-1489
-1124
-643
-1163
-1637
-470
1587
1683
-649
-2099
-868
1295
1289
224
1135
2283
1491
-1216
-1235
1415
2559
834
-553
736
1702
91
-1397
-262
1183
319
-1297
-496
874
-258
-2663
-2915
-1042
-623
-1969
-2484
-1172
-661
-1175
-1675
-1477
-1841
-3282
-2207
94
1768
-350
-2499
-2139
-421
-483
-1607
-346
2421
2664
-954
-3145
-1501
1693
1759
447
607
1650
707
-1541
-1645
950
2589
1731
233
-40
242
-279
-252
433
848
125
-485
-120
101
-566
-849
-209
261
-480
-1244
-595
340
54
-1209
-1280
-220
346
-378
-718
31
582
-221
-1146
-562
626
692
-356
-606
46
295
-471
-805
-249
171
-499
-1021
-524
147
-264
-1140
-1095
-467
-415
-885
-945
-313
-108
-238
-525
-520
-1165
-1601
-869
376
808
-370
-1099
-1106
-714
-1109
-998
-99
935
284
-1160
-1824
-1123
-164
-22
160
297
91
-837
-1249
-658
448
755
630
379
140
-263
-302
323
821
673
223
376
652
400
-62
253
864
703
-168
-297
507
914
317
-326
-55
370
165
-398
-279
364
444
-138
-508
-275
20
-139
-355
-130
166
64
-202
-142
45
22
-72
131
474
478
139
3
231
405
312
199
316
429
229
132
260
477
334
-53
-208
-140
160
101
-25
-217
-309
-467
-605
-617
-509
-409
-438
-433
-518
-610
-743
-709
-598
-462
-350
-227
-94
-79
-218
-338
-218
170
527
455
195
97
333
585
585
456
536
714
716
511
429
640
855
708
420
349
560
743
595
287
120
225
381
385
217
56
31
45
-7
-20
53
197
243
95
-74
-28
183
369
370
306
320
350
342
316
340
442
490
439
411
461
484
309
74
35
221
361
242
17
-150
-277
-411
-575
-598
-452
-460
-703
-935
-929
-778
-806
-1041
-1181
-1041
-810
-706
-694
-664
-620
-665
-721
-591
-260
-15
-16
-166
-232
-111
63
211
315
361
254
102
101
300
440
360
169
132
239
274
212
130
104
47
-57
-89
-4
85
-29
-270
-459
-390
-178
-60
-89
-219
-296
-303
-223
-86
-9
-42
-89
-42
21
12
4
38
92
68
22
108
292
267
-16
-230
-131
157
232
29
-114
-166
-315
-516
-540
-291
-185
-487
-889
-989
-765
-638
-790
-1002
-1098
-1058
-1016
-982
-862
-796
-857
-971
-999
-871
-681
-545
-484
-560
-623
-580
-389
-153
-87
-157
-272
-273
-183
-10
131
118
-97
-272
-160
57
119
-3
-154
-188
-208
-250
-238
-140
-64
-208
-447
-485
-248
34
61
-162
-329
-254
4
197
218
108
36
89
147
159
213
282
280
191
105
174
337
350
141
-48
-2
171
231
80
-49
-84
-166
-290
-295
-101
6
-178
-501
-579
-401
-254
-284
-359
-377
-396
-443
-412
-281
-181
-219
-317
-330
-269
-250
-204
-111
-79
-219
-344
-238
-24
64
-89
-217
-220
-89
-12
-63
-119
-144
-132
-123
-94
-2
10
-82
-225
-259
-222
-166
-83
-21
-26
-206
-363
-267
1
180
66
-60
58
309
457
368
236
287
481
609
576
549
671
787
717
514
453
623
787
719
511
460
550
500
300
150
154
190
141
58
71
91
3
-151
-250
-211
-93
-33
-59
-65
-60
-59
-75
-102
-57
92
245
298
200
127
157
231
224
212
295
413
442
262
72
120
309
366
202
4
7
86
65
-97
-183
-130
-89
-262
-486
-483
-361
-354
-522
-574
-436
-345
-478
-653
-617
-386
-217
-176
-224
-183
-37
38
-14
-73
106
409
519
312
139
310
607
596
329
215
480
747
656
360
228
299
315
172
37
104
236
201
-10
-214
-252
-199
-181
-229
-263
-236
-214
-248
-301
-289
-288
-341
-347
-189
3
44
-83
-207
-195
-122
-93
-30
97
228
175
-80
-220
-113
118
193
13
-169
-158
-18
-29
-232
-329
-263
-211
-358
-492
-437
-344
-419
-669
-798
-627
-416
-436
-688
-885
-786
-549
-424
-518
-604
-552
-417
-428
-570
-494
-206
-81
-298
-530
-372
-9
40
-221
-341
-103
127
52
-182
-282
-182
-117
-225
-317
-247
-124
-165
-392
-537
-466
-305
-295
-389
-464
-440
-365
-399
-448
-413
-342
-312
-314
-239
-89
-5
-89
-254
-272
-130
78
169
130
81
51
-5
-86
-51
120
229
126
-65
-138
-67
-32
-150
-282
-235
-144
-189
-349
-413
-332
-327
-464
-601
-480
-257
-208
-401
-616
-575
-363
-243
-301
-321
-226
-94
-131
-236
-179
20
142
23
-74
53
248
266
100
7
138
268
247
121
39
62
60
-26
-79
-47
6
-59
-216
-296
-220
-164
-214
-306
-338
-275
-255
-300
-321
-271
-197
-167
-177
-150
-55
33
26
-23
-56
43
175
234
265
262
281
293
241
241
357
470
468
333
261
319
383
319
206
184
242
275
214
132
102
114
39
-53
-25
91
166
73
-98
-149
-52
41
76
64
126
167
128
69
52
142
246
307
306
274
270
283
299
325
309
281
304
354
336
216
111
131
185
179
136
104
92
86
29
-59
-70
-11
56
29
-53
-95
-102
-90
-46
59
142
159
68
18
78
168
161
67
95
230
312
255
205
212
243
210
200
275
351
370
284
198
173
178
160
155
153
153
132
108
107
61
-31
-79
-35
35
35
-51
-103
-105
-101
-119
-133
-75
6
-11
-87
-86
-33
-37
-85
-71
7
40
-39
-93
-3
70
-10
-188
-199
-12
95
-48
-242
-225
-83
-68
-204
-234
-136
-90
-217
-370
-326
-129
-56
-183
-370
-399
-305
-235
-205
-149
-77
-115
-211
-264
-199
-131
-161
-195
-153
-78
-81
-140
-166
-153
-170
-193
-154
-111
-72
-99
-150
-186
-233
-279
-253
-191
-155
-207
-286
-277
-224
-222
-313
-352
-245
-144
-199
-324
-362
-259
-190
-253
-285
-240
-172
-180
-269
-275
-245
-212
-243
-301
-314
-290
-253
-234
-240
-295
-384
-447
-421
-355
-266
-236
-282
-353
-426
-423
-362
-283
-283
-357
-384
-347
-287
-304
-328
-312
-298
-328
-374
-282
-114
-47
-147
-294
-265
-131
-74
-144
-221
-171
-91
-111
-163
-154
-113
-119
-171
-170
-119
-90
-132
-179
-145
-116
-177
-233
-182
-60
-60
-199
-278
-196
-83
-105
-176
-117
17
36
-86
-200
-143
23
83
48
20
45
86
70
34
13
23
60
69
54
-1
-41
5
31
-6
-98
-147
-143
-138
-154
-157
-81
-15
-69
-223
-242
-126
-15
-50
-129
-82
30
28
-77
-100
32
142
88
12
87
264
304
181
118
184
250
211
155
210
292
257
113
69
173
254
187
91
110
163
126
54
47
114
117
19
-28
30
134
130
22
-37
-6
85
123
128
167
162
131
100
132
253
339
368
369
353
353
361
379
427
438
419
380
381
410
390
328
263
269
272
259
192
126
42
-30
-21
33
73
43
-30
-90
-134
-142
-138
-102
-14
5
-89
-174
-135
-14
59
50
41
117
198
204
196
228
282
219
153
195
353
434
319
170
139
233
273
245
222
207
150
48
18
62
75
5
-72
-112
-104
-109
-132
-117
-178
-271
-282
-167
-51
-95
-211
-237
-150
-63
-68
-61
32
112
76
8
25
116
198
180
119
148
210
228
163
115
140
154
119
46
19
19
-27
-147
-229
-193
-126
-129
-241
-364
-427
-423
-404
-391
-381
-415
-461
-526
-557
-501
-408
-347
-353
-382
-352
-286
-236
-238
-286
-282
-211
-82
-8
-26
-93
-141
-129
-111
-34
58
111
44
-95
-157
-131
-84
-111
-148
-151
-157
-215
-287
-311
-296
-348
-461
-465
-347
-258
-363
-539
-529
-384
-320
-384
-405
-307
-176
-187
-304
-327
-212
-84
-101
-174
-143
-21
61
-2
-99
-88
-15
32
-24
-64
-34
-19
-78
-199
-244
-145
-66
-120
-276
-380
-354
-301
-304
-384
-423
-412
-430
-480
-479
-397
-324
-354
-433
-443
-347
-241
-257
-329
-306
-211
-150
-142
-133
-69
-50
-100
-136
-51
109
173
68
-55
-42
55
93
46
20
63
100
40
-45
-55
-18
-9
-72
-95
-36
21
-39
-156
-192
-130
-37
-8
-28
-9
18
6
-35
-56
-3
92
166
162
125
111
147
193
192
180
218
272
306
270
217
229
229
207
195
203
242
230
183
115
67
56
36
35
47
48
2
-40
-59
-54
-63
-71
-44
-3
-7
-35
-40
-4
43
34
36
72
135
175
189
187
179
194
230
291
324
289
245
294
350
332
263
242
298
329
276
200
194
236
242
176
130
157
197
180
114
55
80
165
203
153
85
80
126
140
153
185
223
236
199
159
165
228
285
271
241
288
330
324
261
234
278
322
311
297
310
294
265
208
187
177
149
137
140
132
100
71
68
55
0
-42
-30
16
16
-39
-58
-41
-40
-78
-90
-39
20
-14
-84
-70
16
41
-11
-29
18
56
27
7
33
69
48
-19
-24
21
54
26
-32
-48
-39
-41
-55
-31
8
-32
-83
-115
-120
-76
-35
-31
-82
-118
-110
-62
-83
-116
-91
-62
-76
-118
-134
-104
-73
-78
-99
-28
160
120
-125
-85
-5
-147
-191
-173
-186
-139
-148
-201
-139
-83
-118
-106
-79
-153
-193
-156
-143
-202
-187
-153
-256
-269
-182
-231
-295
-229
-234
-340
-348
-265
-222
-286
-375
-349
-270
-258
-318
-356
-311
-232
-240
-296
-304
-271
-269
-312
-319
-275
-233
-204
-213
-250
-301
-302
-234
-138
-115
-162
-122
-70
-130
-202
-190
-145
-100
-95
-156
-183
-181
-140
-19
-7
-92
-25
24
-129
-167
-86
-96
-152
-150
-175
-183
-144
-157
-182
-112
-84
-104
-111
-179
-235
-168
-114
-147
-155
-135
-134
-150
-166
-136
-51
-55
-115
-94
-76
-140
-131
-62
-70
-58
-35
-81
-88
101
174
14
-18
31
-63
-128
-78
-75
-73
-28
-44
-77
-61
-64
-30
7
-55
-106
16
68
-58
-107
-81
-29
51
53
30
64
43
55
75
10
51
233
241
97
96
146
113
157
165
160
195
208
146
103
215
245
193
192
168
178
229
213
175
235
320
441
426
308
361
330
250
286
309
179
141
244
179
146
199
214
260
246
179
183
210
107
40
121
169
106
59
54
66
178
206
182
219
199
164
218
218
174
188
144
100
193
207
165
191
154
207
246
268
219
297
427
267
264
334
208
187
161
102
232
269
216
250
274
289
236
167
203
287
308
132
141
304
223
82
111
194
305
283
107
111
382
234
78
259
233
184
126
94
171
260
124
70
232
129
69
145
119
39
57
103
-62
-47
32
-136
-86
98
-21
-140
-82
-4
-40
-148
-226
-34
44
-140
-120
-90
-56
-35
-205
-153
49
4
-213
-176
-182
-249
-59
-87
-220
-168
-133
-206
-181
-98
-130
-225
-62
-88
-209
-150
-48
-143
-226
-70
21
-129
-227
-92
-60
-95
-138
-22
-55
-186
-40
-25
-270
-176
-93
-74
-21
-220
-275
-69
-28
-257
-217
-49
-110
-269
-242
-131
-277
-275
-69
-326
-296
-68
-253
-325
-317
-308
-251
-241
-334
-295
-243
-215
-204
-246
-329
-136
-69
78
-490
-724
396
44
-804
-285
462
-39
-924
-280
304
-251
-461
-197
-281
-268
-199
-460
-225
-159
-287
-235
-362
-436
-202
-243
-405
-238
-165
-366
-308
-86
-398
-411
13
-70
-312
-489
-65
209
-205
-375
-28
238
-374
-300
175
191
-138
-58
164
-189
-160
67
231
-161
-173
226
83
-413
-125
264
-132
-206
117
69
-319
-235
-7
54
-312
-256
-40
-71
-158
-129
-105
-15
-73
-275
-39
-76
-118
-66
165
-61
-187
152
285
-58
-222
154
310
30
129
35
15
209
-172
183
559
-182
-152
381
124
-3
-177
-48
233
107
101
52
27
-13
15
-67
82
80
-250
373
124
-121
462
-52
-308
332
533
-81
-73
487
330
167
104
298
666
93
-171
717
815
-173
1
748
537
43
221
344
257
445
187
41
303
348
180
206
131
188
28
153
485
38
-306
262
463
-234
125
623
-84
-379
227
526
90
-215
335
364
-199
223
774
219
-447
226
512
120
310
-231
272
562
-290
171
331
88
151
38
-45
137
322
208
-26
-92
45
215
208
165
-225
-38
593
-371
-555
629
284
-361
-132
97
319
-101
-256
465
33
-536
487
432
-88
360
161
-189
23
368
573
-81
-253
428
324
-156
-306
353
370
-243
-57
573
9
-615
-368
187
458
-363
-481
82
54
-497
-266
35
-107
-529
-498
-20
46
-88
-241
-126
-181
-354
-71
-3
-343
-174
-124
99
21
-410
-135
-148
-495
-19
-167
-345
-97
228
-231
-604
-157
-196
-63
-25
-377
-681
-187
-176
-332
-139
-435
-482
-374
-205
-266
-504
-432
-128
-261
-550
-175
-118
-515
-463
-16
-94
-120
-311
-433
8
34
-588
-226
439
-495
-550
232
-10
-88
-379
-362
41
-346
-396
6
-180
-443
-137
-252
-309
-324
-391
-290
-398
-337
13
-579
-815
-220
-235
-249
-285
-498
-504
22
-215
-627
-319
67
-52
-827
-512
224
26
-347
-382
-122
-389
-250
155
-252
-501
54
14
-584
-135
130
-37
-377
-664
-48
-93
-692
-152
81
-678
-383
-69
-496
-245
-471
-260
-111
-509
-138
-273
-516
-69
153
-143
-33
216
-244
-451
13
161
344
-101
-340
376
320
-115
-123
-50
68
-55
112
408
84
-237
-92
215
45
-369
42
387
-146
-252
159
62
-216
-330
88
481
-359
-545
275
92
8
78
-170
-104
-116
93
407
12
-420
79
193
9
83
200
380
-146
25
583
266
-36
-2
362
423
193
122
283
-204
146
468
32
163
-41
-91
202
41
203
-63
-220
129
75
186
-232
-190
334
55
-149
152
258
-3
121
359
121
68
147
-51
-12
299
521
325
-96
181
302
132
98
373
308
-132
-22
390
348
281
69
-62
80
73
320
135
-218
-190
264
277
64
90
243
-101
-49
259
7
-4
72
295
104
-157
135
150
100
84
127
83
15
214
270
155
-107
234
120
-54
418
22
-395
6
232
402
-356
-483
424
36
-438
-39
150
-73
-251
-361
-117
103
-253
-59
191
-387
-260
-114
-136
190
111
-304
-361
-49
120
176
-68
-427
-62
103
-234
4
-14
-150
79
-181
-288
-90
-151
-277
-80
-142
-232
-258
-294
-228
-31
-391
-391
-17
-297
-276
-281
-116
-362
-362
-177
-363
-268
-14
-350
-422
-128
-436
-121
-336
-367
153
-86
-653
-642
322
-130
-641
-175
-182
-247
-501
-501
-55
163
-585
-533
-340
-630
-121
-238
-517
-347
-388
-428
-315
-484
-629
-68
-95
-809
-400
-68
-147
-426
-466
-142
-254
-231
-206
-326
-285
16
-159
-396
-146
-21
-119
-231
-406
-301
-19
-282
-366
-62
-330
-464
-200
-241
-223
-263
-526
-327
-226
-315
-239
-246
-437
-577
-316
-95
-194
-444
-637
-64
75
-627
-222
69
-525
-186
160
5
-705
-800
219
124
-247
-214
-172
-75
-231
-403
-164
36
-241
-251
31
36
-358
-296
-186
-194
69
-11
-350
-292
-256
-228
22
-33
-308
-124
-101
-241
0
-75
-202
228
-142
-363
12
15
84
-185
-172
147
246
-163
-305
198
-53
64
91
-85
310
-123
-169
94
419
-4
-180
187
-51
-100
250
422
-186
-222
465
680
-422
-256
810
-255
-689
330
628
118
-440
-139
440
53
-182
103
147
121
-65
76
392
29
-159
265
175
-106
27
261
548
-2
-440
517
523
49
139
-113
149
322
-18
420
327
-224
-166
158
172
88
172
138
-86
-58
297
233
-152
65
309
-139
-225
458
272
-218
-35
322
328
-148
194
324
60
-144
172
310
159
267
-63
74
284
102
441
118
-473
378
447
14
49
-174
124
146
27
190
135
-3
-85
-118
-25
183
209
-73
-184
213
171
-39
-364
-54
234
-25
-46
45
106
41
230
55
-490
-17
439
39
-162
86
109
-99
-314
13
176
-190
-149
-67
53
-77
-67
-211
40
-167
-367
5
-116
-367
114
41
-389
-226
-30
3
-366
-282
-90
-113
-227
-75
-246
-165
-136
-369
-291
-211
-112
-182
-142
-253
-379
-279
-82
-344
-382
21
-219
-406
-199
-66
-252
-292
-236
-257
-247
-359
-208
-128
-376
-348
-214
-337
-198
-259
-553
-431
-281
-51
-292
-328
-500
-296
-132
-276
-239
-367
-210
-199
-230
-226
-201
-134
-119
-440
-459
47
-39
-501
-319
64
-133
-556
-362
3
-129
-340
-446
-244
-107
-361
-328
-107
-301
-471
-124
-281
-348
-244
-152
-72
-418
-381
-167
-305
-318
-273
-431
-207
-242
-510
-227
-77
-213
-414
-320
-177
-485
-143
-10
-420
-129
-110
-163
-130
-332
-154
-58
-308
-251
-132
-291
29
41
-443
-552
-71
-88
-300
-209
-212
-134
-211
-209
-202
-33
-184
-204
48
-245
-176
49
-189
-109
123
-21
-114
-166
79
115
-220
-28
115
108
38
-12
-180
77
31
192
182
-362
13
303
265
-22
29
117
158
-21
-142
363
284
-129
22
267
33
-158
12
253
149
37
23
137
199
-25
31
239
-134
-86
389
83
214
42
-34
422
34
-34
323
356
-47
-18
515
255
-384
43
701
33
-350
69
390
321
-98
134
315
-18
67
291
190
-86
190
354
36
66
191
451
139
-261
303
563
224
-76
220
459
225
-32
263
368
270
145
159
254
82
446
379
68
172
198
242
420
293
185
317
207
122
270
385
219
47
37
414
368
-58
4
170
297
237
-56
170
320
18
18
280
183
-221
-23
533
230
-80
-94
136
149
-69
339
594
-173
-432
334
416
202
-94
-153
223
12
-139
298
14
-229
16
122
15
-163
-56
72
-103
-257
257
7
-303
-104
248
-41
-425
-29
58
-69
42
34
91
-150
-276
45
19
28
-176
-154
63
-37
-143
24
-252
-149
81
-159
-202
127
34
-185
-283
-69
73
-130
-292
-297
198
86
-495
-231
95
-349
-186
2
-266
-289
-85
-4
-148
-343
-127
-285
-550
-15
115
-340
-606
-234
118
23
-366
-499
-251
-275
-455
-254
296
-244
-699
-168
28
-245
-284
-315
-148
-69
-424
-284
-185
4
-202
-552
-74
64
-325
-435
-208
111
-505
-531
416
-118
-899
-228
430
-527
-661
201
-87
-565
-360
-5
-80
-288
-240
-52
-56
-404
-319
218
-46
-384
-26
20
-305
-77
132
43
-341
-503
319
95
-560
-188
262
-128
-227
118
-247
-360
-473
89
397
-282
-631
-11
131
-592
-285
173
14
-422
-444
560
59
-851
-220
392
-20
-469
120
240
-72
-375
-1
164
-259
70
289
-128
-7
70
70
63
-165
134
163
-110
-48
339
22
-173
-94
134
167
-239
-43
405
92
-440
90
436
-183
-135
388
31
-207
406
277
-63
-34
264
379
15
71
271
245
268
249
276
162
249
429
119
-31
561
637
-493
-23
813
480
56
19
456
226
-230
178
428
216
273
202
41
-47
97
236
363
204
140
315
117
80
52
228
370
95
112
375
343
137
143
48
205
237
188
250
471
316
103
132
210
230
302
123
179
351
132
177
375
123
18
302
91
82
232
291
67
48
480
294
95
-12
188
501
39
11
235
316
211
144
351
524
-69
102
347
225
214
196
434
366
293
0
87
151
329
324
-2
281
369
-10
-68
263
371
-174
70
340
-64
-156
121
62
-91
-28
180
266
-188
-165
-3
160
147
-215
-178
102
111
-99
-212
-32
179
-154
-133
69
-226
52
19
-30
-71
-70
-2
-110
-242
-113
205
-141
-280
-58
-6
-74
-233
-327
-191
59
-278
-238
236
67
-562
-488
-54
-14
-70
-247
-209
-152
-135
-203
-227
-204
193
-268
-402
82
-67
-330
22
200
-383
-650
-51
427
-267
-458
-20
171
-365
-451
85
202
-545
-591
306
45
-528
-325
-150
-129
-393
-288
-70
-187
-426
-290
-122
-298
-290
-323
-211
-478
-326
263
-201
-779
-264
160
-156
-514
-415
203
104
-509
-398
9
-147
-406
-300
-51
-24
-263
-160
-76
-223
-327
-98
119
-255
-567
-114
38
-327
-118
160
-272
-430
-159
-149
-364
-220
251
36
-489
-259
144
-357
-314
-108
-37
82
-64
47
210
-359
-311
64
144
132
-267
-240
287
141
-292
-65
7
39
64
-5
-152
105
188
-138
84
25
-148
25
-135
-6
178
-89
-181
134
217
-74
-207
-61
121
145
-3
-120
34
11
14
-80
55
294
-56
-214
248
200
-144
26
276
77
4
339
139
-124
84
366
454
18
-25
305
146
16
319
277
181
199
44
269
72
82
350
422
47
-138
565
138
-101
326
261
181
-132
443
787
-90
-157
206
307
261
62
159
443
287
73
134
213
514
224
-30
396
313
95
356
401
80
284
498
50
27
278
401
354
-53
76
570
430
-82
205
334
-50
128
200
242
273
99
260
125
-22
218
230
16
167
97
20
229
185
119
284
-157
-47
557
253
-111
5
497
228
-48
102
301
151
12
443
330
-48
-42
261
293
20
125
187
164
-25
24
349
162
-27
-93
258
442
-131
-406
80
400
29
-150
120
218
-85
-109
72
-114
130
27
76
103
-151
-54
10
-82
71
149
-103
-102
-8
157
-179
-141
176
92
-200
-207
24
118
-326
-47
209
-356
-235
107
-13
-319
-253
-145
-102
-195
-382
-157
-145
-191
-242
-271
-178
-474
-19
107
-530
-296
-160
-219
-134
-198
-273
-273
-115
41
-95
-319
-196
-212
-227
-131
-69
-225
-197
-171
-235
73
0
-605
-328
-13
-194
-109
-148
-309
-228
-261
-81
-376
-335
41
-358
-314
-121
-80
-99
-382
-313
34
-158
-369
-62
-278
-272
-50
-181
-125
88
-207
-317
-62
-191
-161
-109
-64
-310
-272
29
-169
-464
-98
0
-192
-511
-355
224
-14
-649
-387
183
-118
-580
-297
114
-366
-199
-119
-221
-395
-149
32
-313
-177
-229
-51
-160
-266
-149
1
-215
-298
62
-57
259
-336
-539
347
30
-166
-97
-154
-16
-7
-153
-35
-174
-237
309
111
-330
-73
-112
-63
92
-109
31
-55
-234
247
166
-218
-130
130
221
-106
-122
282
148
-98
106
182
14
-30
237
169
105
121
279
140
-116
239
351
-34
-7
249
199
17
13
238
133
-45
124
154
-62
223
101
-83
211
138
53
-97
-8
252
25
-64
502
64
-274
178
281
229
2
65
222
142
81
245
195
124
104
198
241
94
177
292
115
42
314
376
140
-8
357
258
140
265
-113
311
515
6
88
248
142
276
120
25
338
235
138
58
237
515
139
-189
288
710
24
-273
325
418
178
267
97
49
121
472
165
-166
235
432
109
-49
286
210
163
51
222
274
0
-73
217
184
148
141
-74
-4
140
165
-31
-13
190
109
23
33
-114
64
306
-40
-132
181
139
-43
-79
81
123
-46
-182
-39
108
108
-122
8
107
-71
-165
-62
92
-11
-199
-141
57
28
-41
-79
12
-265
-192
61
-69
-112
-38
-143
-147
-255
-243
129
5
-464
-128
48
-122
-323
-388
174
-110
-386
21
-36
-252
-263
-128
-8
-272
-358
-182
34
-238
-253
-118
-304
-76
-95
-458
-171
-155
-257
-169
-279
-258
-110
-159
-416
-296
-61
-86
-409
-519
-48
-103
-352
-338
-397
-129
-75
-510
-322
-33
-299
-563
-429
42
-88
-553
-500
-42
-30
-387
-416
-187
-218
-244
-242
-314
-244
-246
-215
-208
-184
-366
-210
-149
-375
-292
-195
16
-307
-489
-80
-184
-392
-165
-28
-326
-301
-229
-135
-133
-403
-128
-5
-357
-299
-52
-124
-311
-307
-109
-73
-417
-265
88
-202
-412
-197
-58
-260
-283
-49
-11
-254
-388
-102
25
-315
-231
148
-108
-363
-113
-3
-143
-85
-62
-195
-195
8
55
-203
-104
99
-144
-201
126
69
-164
-61
4
116
-12
-182
217
-2
-103
201
-203
-83
109
-68
146
116
150
-41
-325
65
211
137
5
-9
170
303
-256
-217
319
201
119
-64
-24
376
113
-84
270
120
100
242
-98
182
319
34
240
212
14
170
166
110
163
405
259
-104
149
282
94
68
242
449
178
-16
241
245
68
252
265
247
367
232
26
159
262
195
305
174
335
437
15
-122
475
287
58
456
324
56
193
291
188
25
87
404
433
129
14
403
267
-142
428
329
123
379
134
134
199
253
218
177
97
311
265
62
159
356
298
45
33
215
471
247
28
186
258
56
126
256
158
152
264
191
152
294
165
-32
-68
252
444
-14
-175
258
319
-160
-184
352
152
-106
159
166
79
-151
53
278
-83
-157
330
40
-166
81
143
125
-225
43
375
167
-336
-108
291
-2
-89
18
46
-39
-113
-50
84
-111
-58
-57
-92
51
-107
-168
-160
-18
59
-168
-302
30
159
-325
-314
19
-21
-123
-120
-191
-161
-78
-183
-223
24
-43
-338
-154
-89
-105
-129
-51
-134
-92
-126
-355
-39
-64
-272
-123
-88
-195
-277
-246
-123
-142
-222
-364
-181
-97
-209
-264
-237
-230
-113
-213
-235
-182
-209
-123
-242
-198
-6
-149
-291
-111
-150
-210
-207
-86
-60
-239
-28
120
-318
-523
-68
72
-313
-194
-35
-132
-432
-326
93
-119
-451
-218
5
-175
-287
-398
-76
-16
-379
-131
-99
-277
-192
-72
-183
-199
-179
-117
-26
-99
-166
-198
-212
-113
-18
-5
-5
-314
-121
36
-58
-5
-191
-161
-43
-8
-93
39
-164
-271
61
-75
-114
-210
-40
129
-196
-206
54
-93
-234
146
-120
-222
88
-60
-47
45
-30
-48
-40
41
131
-32
-41
127
-22
60
197
84
12
133
64
-53
65
220
271
34
29
154
212
107
168
-151
3
451
8
19
316
43
12
21
82
304
116
20
50
261
221
4
44
122
262
346
142
-32
98
377
304
70
230
281
221
152
202
315
236
119
206
308
91
192
366
100
49
522
154
-120
412
284
162
120
40
370
359
3
202
460
110
64
267
190
301
334
101
276
397
269
160
203
293
264
301
216
203
374
350
132
127
389
302
51
185
468
364
24
86
344
379
78
200
353
77
220
326
123
169
297
261
141
156
149
212
205
138
180
256
152
125
321
171
35
200
217
202
154
152
216
94
51
156
195
119
116
153
175
83
251
208
162
112
-47
118
248
65
-44
99
117
73
36
150
97
-57
-53
189
219
-79
24
223
7
-67
153
117
-1
73
45
131
79
-42
57
39
0
73
13
-95
23
70
12
-51
-106
-78
62
-19
-266
-22
-64
-163
-63
-134
-213
-182
-197
-185
-111
-121
-121
-291
-207
-99
-182
-248
-202
-166
-82
-156
-218
-38
-225
-278
-238
-184
-130
-148
-200
-94
-126
-268
-193
-225
-52
-113
-307
-157
-211
-238
23
-221
-474
-139
-75
-203
-255
-148
-74
-282
-245
-30
-219
-309
-109
-143
-175
-33
-194
-351
-70
-19
-319
-210
-196
-222
-89
-174
-167
-189
-304
-233
-57
-236
-274
-96
-281
-162
-1
-159
-223
-259
-249
-197
-101
-110
-92
-275
-192
28
-192
-219
-121
-52
-90
-100
-166
-160
-22
-76
-146
-133
-177
-110
-121
-227
86
12
-309
-191
17
57
-106
-211
-75
17
-182
-114
13
-8
-133
-175
-8
92
81
-40
-110
-113
46
31
5
-38
-78
98
-22
-148
46
144
12
-91
40
102
49
-7
-22
140
233
-2
-129
127
224
122
12
118
145
74
9
218
194
14
162
136
132
227
148
51
155
174
164
262
130
151
179
117
166
228
241
153
112
166
248
159
198
220
125
218
296
196
203
261
115
119
329
227
96
270
244
200
233
144
277
232
63
275
335
46
203
327
141
196
69
250
413
86
-2
340
339
170
175
132
193
229
161
90
255
261
249
149
68
230
274
195
109
163
157
163
78
118
257
147
190
176
62
206
265
60
105
297
183
51
168
285
258
40
70
281
192
31
154
318
164
79
137
201
75
22
105
88
48
113
165
-25
-16
111
24
-113
38
153
-15
-45
-10
59
15
-111
-103
63
39
-100
-27
-73
11
-58
-221
-80
57
33
-105
-239
-127
31
-37
-123
-89
-19
-45
-161
-190
-45
-83
-237
-114
-124
-219
-141
-77
-220
-224
-139
-92
-152
-224
-142
-194
-304
-207
-134
-194
-192
-249
-194
-175
-166
-193
-219
-169
-191
-211
-280
-203
-80
-213
-286
-184
-76
-90
-268
-211
-101
-224
-211
-189
-254
-178
-176
-238
-236
-191
-211
-254
-258
-207
-180
-285
-293
-161
-216
-311
-268
-192
-233
-303
-180
-226
-342
-265
-221
-283
-317
-227
-176
-274
-271
-164
-213
-302
-290
-211
-106
-246
-396
-213
-81
-268
-340
-188
-174
-244
-215
-214
-239
-216
-204
-228
-229
-200
-249
-265
-169
-109
-203
-255
-209
-168
-164
-152
-206
-197
-96
-156
-142
-59
-141
-190
-59
-69
-199
-83
-39
-139
-136
-107
-102
-64
-49
-105
-155
-107
-29
-91
-157
-49
17
-139
-138
-3
18
-76
-137
-98
-3
-2
-100
-96
3
20
-83
-122
-26
38
36
-39
-114
25
161
71
-5
-3
-17
62
104
54
75
94
59
39
59
91
119
50
5
91
141
135
124
77
40
75
118
121
83
65
101
154
146
136
148
141
103
109
182
197
169
135
162
203
175
131
133
212
263
221
137
145
294
239
73
120
238
229
159
166
195
224
231
156
100
169
212
176
135
161
198
194
152
136
165
112
103
160
132
146
174
172
217
190
98
145
182
133
170
190
125
156
187
138
175
179
114
118
168
188
164
121
80
138
223
128
51
114
147
110
83
99
113
84
60
86
122
86
21
59
129
93
84
94
62
55
94
147
87
14
44
110
104
51
59
62
48
37
34
9
24
43
23
7
-19
-44
-35
7
-30
-84
-88
-44
-52
-93
-80
-94
-127
-138
-99
-47
-82
-167
-167
-98
-98
-128
-110
-110
-130
-154
-160
-121
-100
-112
-145
-145
-130
-164
-166
-147
-155
-163
-187
-224
-176
-107
-147
-217
-225
-177
-174
-203
-220
-213
-213
-232
-211
-195
-222
-256
-228
-212
-208
-211
-243
-229
-189
-189
-219
-206
-215
-230
-212
-211
-189
-184
-187
-185
-196
-228
-235
-194
-171
-170
-198
-220
-202
-196
-218
-218
-213
-218
-228
-218
-212
-231
-230
-234
-256
-247
-222
-232
-270
-254
-226
-257
-261
-228
-208
-241
-240
-222
-235
-256
-259
-224
-206
-225
-230
-227
-238
-227
-212
-198
-216
-224
-200
-199
-202
-205
-199
-200
-223
-209
-191
-176
-183
-185
-192
-180
-186
-170
-158
-169
-159
-148
-154
-167
-139
-115
-99
-117
-126
-97
-71
-68
-66
-53
-53
-45
-36
-30
-26
-28
-19
-13
-3
15
-10
-21
4
8
4
14
19
21
33
22
7
11
18
27
25
28
32
42
22
35
40
22
43
51
55
74
63
73
80
70
75
91
109
111
92
96
117
121
127
127
128
130
131
134
137
148
164
146
141
134
135
146
150
141
143
152
153
143
133
144
163
150
140
167
175
170
164
165
169
182
178
182
190
203
203
211
209
209
219
223
214
228
243
237
235
233
234
239
225
226
237
219
219
219
211
200
191
194
192
188
182
166
152
175
183
149
143
150
157
152
159
156
169
154
130
149
142
136
140
146
149
137
137
143
139
138
133
121
114
105
129
130
97
79
84
89
70
75
82
64
40
37
36
34
21
5
17
11
7
0
-7
-9
-12
-13
-25
-17
-28
-21
-25
-44
-56
-46
-28
-26
-43
-42
-27
-41
-51
-43
-42
-53
-65
-70
-67
-86
-91
-86
-81
-108
-125
-100
-98
-130
-141
-137
-141
-160
-173
-163
-160
-185
-184
-174
-204
-188
-194
-196
-217
-221
-216
-231
-249
-233
-216
-244
-249
-230
-226
-261
-255
-240
-231
-254
-274
-243
-244
-274
-280
-264
-260
-263
-262
-278
-282
-271
-267
-270
-281
-270
-252
-273
-292
-281
-283
-276
-269
-287
-282
-269
-276
-268
-270
-279
-263
-265
-265
-238
-247
-260
-247
-242
-235
-229
-226
-221
-222
-224
-231
-241
-224
-211
-218
-237
-220
-220
-214
-226
-220
-213
-231
-235
-229
-209
-220
-223
-219
-236
-241
-220
-219
-230
-236
-214
-211
-218
-230
-217
-201
-202
-212
-211
-188
-194
-205
-185
-184
-184
-175
-184
-171
-166
-161
-158
-156
-144
-136
-122
-123
-135
-117
-98
-104
-97
-98
-104
-104
-87
-75
-78
-81
-73
-55
-57
-62
-49
-41
-37
-44
-30
-15
-5
2
-1
7
0
16
29
39
51
45
71
67
63
84
102
88
81
102
116
107
107
127
130
125
123
140
154
151
146
148
144
137
156
163
156
156
157
165
166
164
168
188
168
165
183
164
177
180
167
175
185
175
180
186
188
199
177
182
183
190
179
182
185
190
195
194
200
190
199
199
194
192
193
205
206
200
197
194
207
205
193
193
192
198
207
207
213
202
194
195
198
205
218
201
194
202
205
209
197
207
211
198
218
225
199
207
207
198
190
190
189
177
187
187
155
139
156
173
172
132
129
153
131
109
105
115
111
93
87
93
85
71
71
63
46
51
64
56
38
37
38
24
19
21
30
13
-2
9
-1
-5
-14
-20
-4
-17
-25
-39
-36
-37
-53
-49
-63
-64
-63
-76
-92
-98
-93
-88
-96
-103
-103
-101
-114
-121
-131
-127
-129
-124
-140
-135
-117
-150
-151
-150
-149
-144
-148
-153
-157
-162
-152
-149
-168
-165
-150
-166
-159
-161
-165
-165
-170
-169
-167
-181
-185
-179
-188
-198
-198
-193
-197
-191
-216
-220
-209
-221
-212
-200
-215
-213
-207
-203
-211
-224
-227
-207
-206
-236
-230
-219
-215
-221
-226
-217
-217
-215
-209
-210
-217
-213
-218
-210
-208
-213
-206
-213
-211
-206
-208
-223
-220
-205
-206
-204
-218
-212
-191
-209
-219
-202
-205
-204
-204
-201
-197
-192
-185
-195
-185
-190
-176
-166
-174
-162
-161
-159
-149
-158
-154
-136
-125
-131
-120
-122
-122
-111
-109
-112
-88
-93
-99
-89
-86
-70
-68
-69
-64
-59
-70
-51
-46
-60
-52
-41
-24
-27
-26
-28
-13
-10
-7
13
3
8
17
20
25
29
20
29
35
41
38
38
54
46
58
59
62
73
60
68
80
87
86
81
96
98
94
107
117
115
117
115
118
118
135
148
142
132
135
150
139
141
143
149
149
150
160
163
157
160
167
161
173
176
193
184
176
186
185
202
199
208
212
200
200
209
208
203
200
209
209
211
218
216
221
213
213
221
212
210
207
212
211
205
205
203
198
198
199
195
207
208
193
190
203
200
200
200
200
208
196
191
195
186
200
193
196
191
183
199
184
177
187
186
179
166
171
184
166
164
169
163
152
149
152
147
130
139
147
137
127
135
132
132
122
110
104
102
107
107
102
95
83
80
76
78
77
67
70
57
48
40
43
43
34
27
19
20
4
3
8
-2
-13
-28
-30
-25
-28
-43
-45
-45
-44
-45
-58
-62
-62
-66
-76
-83
-80
-86
-94
-84
-85
-98
-100
-99
-107
-112
-120
-115
-120
-129
-124
-133
-136
-135
-137
-140
-147
-145
-136
-143
-148
-150
-153
-167
-163
-160
-170
-165
-176
-170
-180
-194
-195
-189
-186
-198
-189
-191
-196
-194
-203
-197
-196
-202
-196
-207
-209
-202
-193
-206
-208
-198
-216
-214
-206
-207
-214
-211
-211
-212
-200
-210
-213
-204
-208
-202
-198
-210
-207
-206
-197
-198
-217
-206
-198
-197
-209
-206
-199
-199
-202
-205
-194
-195
-181
-191
-186
-176
-176
-182
-179
-175
-166
-160
-171
-169
-164
-161
-162
-156
-157
-152
-143
-131
-141
-145
-138
-140
-141
-137
-135
-126
-121
-122
-111
-118
-114
-116
-97
-89
-107
-93
-86
-79
-86
-74
-66
-63
-52
-52
-54
-48
-34
-31
-31
-29
-13
-13
-5
2
1
8
16
15
20
23
27
39
47
43
50
69
69
72
59
74
90
79
80
93
106
110
108
113
110
119
129
144
141
145
153
148
141
151
156
143
165
172
177
165
175
179
179
170
167
177
170
170
178
175
174
189
197
192
195
186
193
210
195
195
218
217
208
213
204
204
205
213
211
216
214
208
204
211
220
204
201
203
205
210
208
198
199
208
213
214
206
211
205
217
208
203
220
223
217
208
220
219
219
219
213
225
222
206
211
216
224
213
213
212
215
223
221
218
222
218
212
206
203
203
200
195
183
182
188
180
177
178
175
183
175
165
159
157
159
143
134
135
130
129
120
119
118
109
116
92
76
80
81
84
74
66
57
57
44
30
24
24
15
15
18
12
0
-12
-22
-31
-30
-23
-24
-39
-42
-54
-59
-67
-72
-58
-69
-73
-68
-68
-68
-74
-82
-88
-89
-82
-85
-98
-99
-98
-99
-103
-106
-107
-106
-112
-130
-118
-108
-123
-128
-131
-136
-131
-128
-129
-144
-138
-136
-152
-162
-153
-153
-152
-153
-166
-168
-173
-160
-161
-173
-182
-173
-177
-171
-171
-172
-176
-177
-186
-178
-184
-181
-181
-188
-184
-188
-181
-188
-190
-187
-181
-185
-189
-187
-171
-186
-193
-183
-183
-179
-182
-184
-171
-171
-175
-166
-184
-188
-175
-165
-168
-174
-169
-170
-169
-172
-164
-166
-161
-149
-145
-164
-159
-142
-141
-133
-121
-127
-117
-121
-121
-116
-116
-102
-107
-102
-103
-98
-87
-82
-89
-84
-73
-85
-76
-71
-52
-55
-55
-53
-45
-29
-31
-19
-29
-20
-6
0
0
7
5
13
17
11
33
38
40
46
45
63
59
58
63
71
74
67
68
82
93
85
86
96
91
97
104
95
109
118
121
118
124
136
134
137
142
146
159
165
165
173
181
181
195
197
190
196
205
223
207
209
230
226
227
230
229
238
238
243
239
247
265
245
245
256
261
258
264
261
263
270
271
288
273
276
295
292
297
296
299
290
289
298
298
307
296
299
305
299
290
302
309
304
296
313
304
294
304
299
306
299
295
291
296
297
289
285
282
293
276
275
274
279
278
272
262
263
280
256
247
246
255
252
235
240
242
251
246
239
217
216
225
222
219
220
230
220
203
196
209
206
194
192
195
198
186
173
167
176
172
153
147
146
152
149
127
116
125
112
104
103
106
101
94
86
82
79
77
75
67
59
65
58
38
47
50
39
30
28
16
15
4
-14
3
-11
-20
-15
-23
-24
-36
-45
-48
-65
-52
-62
-69
-74
-77
-65
-72
-77
-89
-96
-103
-105
-97
-104
-100
-104
-96
-102
-113
-107
-111
-117
-115
-111
-110
-108
-112
-115
-111
-109
-107
-111
-112
-122
-125
-113
-126
-119
-125
-130
-139
-145
-137
-141
-146
-136
-141
-143
-143
-146
-147
-147
-146
-149
-154
-137
-137
-156
-154
-150
-145
-138
-151
-144
-148
-144
-146
-145
-140
-146
-141
-147
-144
-141
-139
-131
-135
-148
-149
-145
-150
-160
-147
-133
-143
-139
-141
-144
-147
-146
-148
-142
-135
-144
-142
-134
-123
-120
-123
-118
-108
-89
-86
-95
-99
-84
-84
-87
-86
-64
-66
-64
-54
-61
-47
-52
-45
-42
-50
-37
-16
-17
-7
-8
-7
-1
1
16
19
20
27
41
41
44
69
59
67
74
70
77
80
91
91
106
100
99
102
107
131
118
112
129
130
141
138
141
142
156
142
134
138
151
159
149
148
160
177
159
163
178
191
190
184
190
201
209
199
200
205
208
215
220
220
226
233
240
233
242
260
253
251
244
253
250
255
270
268
270
279
282
267
268
266
277
275
285
279
275
291
288
295
286
292
291
294
303
298
289
294
310
302
292
302
300
304
306
307
301
305
302
304
307
291
284
276
293
297
297
294
280
286
284
291
275
277
275
282
275
263
274
264
262
266
257
253
262
253
248
233
227
243
240
224
212
213
211
209
213
203
199
192
182
181
173
169
170
161
157
155
149
144
134
137
126
119
114
100
113
106
89
83
91
88
67
60
69
61
48
52
43
47
37
29
25
16
17
19
9
17
7
5
-3
2
-2
-10
-17
-32
-39
-50
-40
-48
-41
-37
-53
-69
-67
-63
-79
-73
-69
-68
-81
-93
-87
-93
-104
-107
-113
-118
-114
-109
-112
-121
-117
-122
-121
-123
-126
-130
-131
-141
-140
-137
-156
-158
-150
-155
-153
-158
-164
-159
-166
-170
-173
-163
-167
-177
-170
-187
-188
-184
-181
-186
-180
-177
-183
-177
-177
-172
-171
-175
-169
-163
-168
-173
-160
-167
-163
-159
-153
-157
-161
-157
-163
-156
-152
-149
-146
-153
-152
-146
-140
-147
-148
-139
-126
-137
-145
-137
-135
-133
-133
-136
-131
-133
-136
-134
-127
-123
-132
-127
-118
-113
-99
-100
-98
-95
-109
-93
-81
-83
-81
-68
-71
-66
-58
-51
-49
-51
-40
-44
-27
-19
-16
-22
-15
-18
-14
-9
-2
7
9
16
22
30
23
32
39
33
47
54
58
74
90
92
83
73
92
92
100
107
107
117
123
119
122
129
134
152
158
165
165
171
166
171
172
182
178
172
182
176
184
195
205
199
201
210
211
214
209
202
209
212
209
213
228
226
222
224
225
233
219
218
229
238
245
245
248
251
252
252
237
241
251
252
253
246
257
264
269
261
263
256
262
262
263
266
259
259
265
271
266
270
267
269
275
271
262
274
283
273
272
281
270
276
268
267
274
279
290
279
268
277
279
269
262
259
269
265
256
254
246
243
250
254
234
225
223
230
219
217
216
218
220
206
215
206
200
190
195
193
182
183
169
159
160
163
159
152
145
147
131
114
125
117
113
112
103
103
95
93
81
71
69
74
75
60
47
45
27
24
21
9
5
8
13
-1
2
-4
-5
-6
-21
-28
-33
