SAMPLES:	13748
BITSPERSAMPLE:	16
CHANNELS:	1
SAMPLERATE:	16000
NORMALIZED:	FALSE
-101
-108
-106
-108
-107
-112
-116
-126
-123
-125
-124
-129
-141
-133
-137
-141
-140
-139
-145
-139
-142
-134
-135
-146
-149
-149
-148
-158
-156
-162
-164
-155
-152
-152
-158
-152
-155
-152
-153
-155
-152
-171
-152
-157
-148
-145
-148
-136
-130
-149
-158
-141
-142
-135
-137
-131
-141
-137
-131
-131
-134
-129
-133
-133
-124
-130
-127
-124
-119
-114
-120
-117
-108
-116
-116
-112
-115
-104
-107
-108
-101
-101
-92
-89
-98
-87
-77
-77
-79
-67
-62
-74
-72
-50
-54
-50
-46
-44
-42
-41
-29
-34
-29
-17
-13
-13
-3
1
2
-1
10
15
12
19
20
29
33
43
50
51
59
54
65
63
61
69
69
75
79
80
78
87
88
89
97
94
92
90
103
103
103
108
102
111
118
120
125
126
137
141
135
135
132
144
160
153
145
147
151
149
155
159
161
159
158
175
176
166
173
184
185
171
183
185
180
184
185
197
188
198
197
192
202
202
197
203
210
202
206
197
206
217
210
203
213
211
207
214
209
212
216
211
214
216
209
210
206
203
207
212
206
205
215
204
208
208
204
196
190
193
183
187
194
189
182
191
187
192
189
188
198
185
185
180
170
177
177
167
166
166
166
163
158
150
163
157
143
138
135
135
127
119
115
124
114
96
102
101
95
89
82
94
90
77
71
72
73
64
65
58
50
38
46
31
24
34
24
20
16
11
3
4
-5
-9
-14
-8
-12
-20
-22
-38
-37
-50
-52
-45
-49
-51
-59
-65
-64
-64
-77
-73
-83
-79
-76
-92
-87
-102
-102
-117
-119
-119
-116
-119
-119
-116
-126
-116
-120
-121
-119
-112
-121
-130
-130
-126
-117
-127
-141
-140
-137
-139
-142
-139
-145
-142
-138
-145
-143
-147
-153
-156
-152
-152
-142
-140
-153
-151
-154
-155
-159
-162
-155
-155
-163
-160
-160
-159
-161
-156
-154
-165
-160
-153
-159
-156
-154
-156
-154
-156
-149
-144
-154
-151
-149
-153
-147
-143
-142
-131
-135
-135
-130
-126
-136
-131
-139
-139
-123
-131
-129
-132
-124
-129
-122
-114
-122
-119
-115
-117
-116
-108
-103
-82
-92
-100
-82
-80
-75
-76
-73
-70
-63
-66
-61
-55
-53
-48
-46
-37
-30
-26
-18
-22
-16
-6
-4
-9
-2
-1
4
15
12
22
29
30
31
35
31
39
38
44
54
50
56
65
65
67
81
83
79
90
92
102
105
85
100
97
109
122
120
122
145
142
141
141
148
155
148
157
151
157
158
153
166
172
172
167
172
178
180
178
175
181
188
187
185
197
192
187
184
187
194
195
200
206
213
217
211
210
209
213
207
216
221
215
212
208
205
220
225
219
224
218
222
225
220
223
223
217
218
220
219
223
228
223
218
214
226
217
215
220
210
222
216
208
206
213
206
209
208
205
202
204
205
205
206
205
202
199
192
192
186
188
181
183
182
177
179
169
165
167
174
166
158
161
155
152
143
143
140
144
133
133
139
128
129
119
114
106
108
108
101
98
94
93
86
73
79
73
64
62
48
52
47
47
32
21
25
21
17
9
-2
-5
-6
-1
-7
-12
-19
-23
-16
-19
-28
-28
-26
-27
-33
-29
-45
-40
-38
-55
-66
-57
-66
-71
-72
-73
-70
-79
-86
-97
-98
-104
-102
-102
-101
-113
-114
-116
-118
-117
-124
-121
-122
-115
-124
-123
-128
-141
-137
-135
-140
-140
-139
-145
-138
-145
-148
-153
-153
-150
-153
-150
-158
-163
-163
-163
-160
-166
-170
-159
-164
-159
-163
-167
-164
-165
-158
-166
-164
-170
-162
-159
-158
-156
-152
-151
-150
-154
-155
-155
-155
-156
-161
-159
-151
-156
-151
-155
-155
-137
-132
-139
-140
-128
-132
-128
-129
-129
-128
-131
-124
-132
-123
-118
-115
-117
-112
-109
-105
-99
-95
-86
-90
-87
-87
-93
-79
-68
-69
-70
-64
-63
-65
-45
-49
-45
-39
-26
-33
-23
-22
-39
-34
-25
-16
-16
-2
-10
-10
-2
1
-1
8
16
15
25
21
23
23
27
28
36
41
48
48
44
53
53
60
56
62
69
76
76
74
80
81
88
96
99
103
113
111
105
112
111
124
135
119
130
124
118
133
136
133
142
149
147
156
155
157
159
155
159
157
158
156
163
167
171
185
188
186
176
186
181
188
196
190
194
183
194
192
188
194
195
205
202
197
198
203
206
199
207
200
204
209
207
209
198
215
213
200
209
219
218
213
218
215
204
208
209
219
208
196
202
204
201
196
200
197
193
186
186
190
186
184
184
182
187
180
173
180
178
176
176
170
165
157
162
153
159
152
149
154
136
132
139
136
139
134
130
132
119
120
114
118
111
101
93
89
79
85
75
73
77
61
59
57
43
39
42
31
34
34
25
20
17
21
15
9
8
4
-9
-7
-12
-14
-15
-20
-22
-28
-33
-38
-42
-41
-44
-52
-53
-62
-61
-63
-64
-68
-72
-69
-78
-80
-82
-80
-88
-95
-89
-102
-104
-105
-112
-110
-108
-112
-105
-115
-106
-100
-108
-107
-114
-107
-105
-112
-117
-124
-126
-119
-117
-121
-129
-130
-126
-132
-137
-135
-134
-133
-135
-128
-140
-141
-134
-140
-144
-134
-135
-145
-132
-140
-142
-135
-133
-140
-140
-140
-135
-140
-139
-137
-142
-139
-137
-137
-131
-128
-134
-124
-126
-118
-124
-124
-124
-126
-122
-126
-114
-115
-117
-115
-115
-116
-104
-99
-99
-99
-97
-93
-101
-89
-90
-86
-90
-84
-78
-78
-68
-64
-59
-63
-65
-63
-60
-51
-53
-40
-42
-46
-35
-29
-29
-28
-14
-19
-17
-10
-4
4
2
-2
5
6
12
19
23
33
33
36
28
46
52
55
62
66
63
71
82
85
90
91
95
105
101
101
101
112
117
118
127
114
128
123
132
140
139
146
149
153
146
166
156
160
166
172
175
172
190
183
188
191
200
199
205
199
201
205
201
207
202
207
212
212
210
216
213
205
211
219
224
226
224
223
215
229
234
224
236
232
228
231
235
236
231
237
234
232
230
232
236
248
246
239
241
241
239
243
240
237
241
237
243
239
240
238
238
235
236
240
252
250
242
246
239
242
241
234
243
246
246
246
234
240
239
230
236
244
233
237
249
237
234
222
214
216
222
215
206
211
197
200
203
200
198
190
181
181
184
181
186
180
176
168
172
157
150
152
151
150
150
142
120
136
126
124
122
119
104
94
103
98
92
84
81
68
73
56
68
72
57
57
47
50
41
34
23
30
32
19
6
7
17
2
1
-4
-16
-14
-21
-24
-14
-22
-23
-34
-34
-36
-39
-37
-45
-50
-51
-50
-53
-53
-67
-60
-64
-68
-68
-75
-76
-78
-88
-96
-83
-85
-85
-97
-86
-94
-103
-88
-94
-98
-101
-107
-96
-98
-106
-108
-113
-102
-102
-107
-113
-105
-106
-112
-119
-115
-112
-117
-125
-119
-117
-118
-117
-130
-117
-115
-119
-120
-114
-117
-119
-108
-108
-110
-116
-104
-106
-109
-100
-105
-103
-112
-110
-100
-96
-104
-111
-104
-97
-98
-96
-97
-104
-105
-94
-85
-94
-83
-82
-86
-89
-84
-87
-87
-74
-69
-67
-67
-66
-66
-61
-57
-58
-49
-45
-48
-47
-49
-41
-30
-24
-33
-33
-28
-23
-19
-11
-12
-14
-9
2
6
11
12
12
17
18
35
35
44
42
46
61
53
58
61
64
74
82
88
86
92
95
100
103
108
103
107
115
115
122
132
136
130
139
137
144
152
151
153
149
151
147
157
168
159
158
163
168
177
182
186
182
184
188
186
188
193
199
203
203
203
215
211
214
215
213
223
220
228
224
227
229
226
237
234
235
240
229
240
235
227
229
234
239
240
244
239
247
251
251
245
238
236
242
246
245
240
247
238
238
233
233
241
239
248
243
241
236
241
239
232
244
242
228
221
225
223
217
220
219
215
209
205
214
211
209
204
204
205
192
200
194
199
198
192
193
183
182
182
172
165
168
163
161
153
150
157
152
142
139
135
131
131
133
119
129
120
106
100
94
94
88
77
75
76
61
55
59
50
45
47
49
41
29
30
22
27
15
6
9
3
-3
-1
-12
-7
-9
-29
-35
-35
-44
-46
-55
-47
-48
-59
-62
-70
-73
-73
-77
-85
-86
-96
-94
-92
-104
-110
-117
-120
-109
-118
-117
-129
-125
-120
-127
-131
-130
-134
-126
-132
-137
-131
-132
-138
-150
-136
-144
-149
-159
-165
-154
-157
-160
-163
-168
-161
-161
-165
-165
-175
-172
-166
-168
-169
-175
-174
-171
-167
-159
-167
-169
-169
-168
-166
-169
-170
-168
-172
-166
-167
-163
-162
-158
-164
-167
-162
-163
-160
-160
-161
-169
-164
-156
-159
-157
-160
-165
-152
-157
-145
-148
-149
-143
-150
-141
-148
-142
-139
-132
-135
-137
-132
-134
-136
-114
-117
-130
-110
-119
-120
-115
-120
-103
-104
-108
-101
-94
-90
-84
-83
-84
-75
-69
-79
-57
-58
-55
-52
-53
-49
-44
-37
-34
-27
-34
-20
-17
-9
-14
-8
-4
2
8
3
6
19
15
21
31
31
40
39
39
45
55
55
49
48
54
57
54
62
60
62
72
76
87
92
94
88
90
95
103
103
100
115
121
122
123
125
118
122
116
118
125
130
142
132
146
135
144
147
143
152
145
144
144
151
140
150
150
153
159
162
159
156
170
164
164
168
171
177
165
160
169
167
170
179
177
170
164
173
174
172
173
168
171
180
183
180
186
180
191
176
175
177
175
179
182
177
182
187
172
172
177
175
175
178
185
173
170
171
167
165
164
166
153
159
158
152
158
149
151
141
133
141
139
126
120
117
118
114
103
99
107
99
90
87
70
65
66
69
60
60
60
49
50
39
40
38
32
33
30
24
19
14
8
12
5
0
-10
-14
-18
-23
-33
-33
-31
-48
-52
-49
-63
-66
-63
-69
-70
-80
-80
-67
-75
-87
-88
-94
-98
-96
-105
-101
-100
-106
-104
-117
-116
-108
-108
-117
-122
-124
-128
-127
-137
-150
-144
-145
-157
-167
-158
-156
-150
-157
-156
-160
-163
-162
-169
-172
-166
-174
-171
-169
-172
-171
-177
-176
-178
-171
-177
-178
-171
-174
-175
-179
-177
-189
-184
-165
-172
-179
-181
-179
-176
-164
-174
-173
-176
-177
-171
-176
-180
-167
-170
-173
-168
-160
-157
-160
-165
-160
-153
-166
-163
-165
-159
-156
-152
-154
-148
-145
-159
-159
-161
-159
-155
-159
-162
-149
-153
-151
-143
-142
-134
-129
-127
-131
-141
-130
-119
-122
-116
-112
-100
-108
-96
-106
-115
-105
-99
-93
-91
-85
-89
-81
-79
-77
-76
-68
-61
-52
-47
-41
-39
-33
-33
-22
-22
-13
-2
-10
6
0
9
12
15
20
21
32
35
36
52
53
54
61
61
73
74
70
72
81
75
94
87
95
96
97
104
101
118
122
123
139
131
123
138
144
143
150
150
160
153
155
164
155
164
168
172
177
177
178
183
181
197
194
198
195
203
201
195
205
201
208
206
200
211
208
212
219
221
224
219
220
225
221
225
220
225
229
224
227
221
216
225
221
224
220
220
231
234
223
228
223
216
233
224
234
231
229
213
213
222
221
224
211
217
216
211
203
203
216
218
208
215
215
199
207
205
203
194
198
186
191
198
199
193
192
191
179
192
186
178
180
171
174
158
153
163
165
146
142
136
128
135
125
120
111
117
112
111
106
99
106
96
91
94
80
83
76
86
72
56
61
48
50
55
50
43
40
29
32
24
26
16
6
4
5
7
1
-16
-7
-2
-23
-21
-29
-33
-33
-32
-41
-48
-49
-36
-52
-57
-56
-61
-58
-60
-72
-75
-75
-80
-78
-86
-89
-91
-85
-83
-91
-91
-99
-92
-105
-103
-99
-99
-105
-117
-116
-117
-109
-106
-108
-111
-111
-115
-117
-123
-121
-127
-123
-125
-125
-131
-131
-119
-132
-138
-139
-138
-136
-141
-141
-145
-137
-139
-147
-143
-136
-135
-139
-130
-125
-131
-139
-129
-121
-130
-127
-126
-132
-128
-131
-127
-123
-122
-120
-120
-115
-116
-109
-112
-122
-110
-104
-102
-97
-106
-100
-97
-97
-91
-92
-90
-85
-86
-93
-79
-90
-89
-76
-80
-75
-74
-66
-61
-58
-61
-64
-57
-53
-52
-43
-37
-38
-37
-26
-22
-13
-10
-13
-10
0
7
5
9
2
16
12
22
19
30
44
45
47
36
39
49
59
60
56
60
66
81
85
77
85
86
83
93
91
99
108
106
112
115
110
112
114
122
119
116
121
127
129
140
140
142
151
145
144
151
157
154
155
162
165
162
174
174
169
177
181
169
178
184
189
182
182
185
192
199
190
200
204
206
200
208
209
206
206
210
204
210
222
215
213
217
213
221
222
218
224
222
220
221
217
221
228
220
223
224
227
216
222
219
224
222
224
220
208
214
219
222
215
216
217
219
213
210
211
209
199
198
202
205
208
197
199
199
195
189
195
202
191
189
190
177
178
175
170
166
169
173
163
161
162
157
145
152
151
139
146
134
137
129
124
120
112
109
106
109
93
93
87
85
83
70
63
57
55
44
46
38
40
32
22
25
18
14
-3
-1
2
-10
-29
-14
-19
-16
-28
-31
-23
-21
-30
-41
-45
-50
-48
-67
-60
-62
-64
-64
-72
-70
-78
-83
-87
-94
-88
-91
-104
-103
-100
-107
-118
-117
-120
-117
-123
-136
-124
-124
-127
-132
-141
-139
-137
-141
-147
-152
-143
-143
-152
-148
-148
-151
-152
-147
-148
-155
-158
-165
-164
-161
-152
-155
-159
-165
-158
-154
-155
-162
-156
-159
-164
-162
-155
-148
-159
-162
-174
-164
-159
-158
-149
-154
-149
-147
-155
-154
-156
-136
-143
-154
-134
-131
-139
-143
-140
-141
-139
-140
-142
-124
-122
-134
-147
-138
-127
-129
-124
-122
-123
-125
-122
-115
-105
-103
-119
-128
-118
-93
-83
-90
-89
-97
-107
-95
-86
-92
-84
-77
-82
-70
-66
-58
-71
-77
-58
-44
-40
-42
-39
-38
-28
-12
-18
-18
-17
-10
5
5
2
-1
10
10
15
25
30
38
36
40
44
46
46
39
51
69
67
71
78
82
77
78
82
88
109
110
90
82
103
116
112
111
102
109
119
115
117
122
122
137
139
128
140
139
131
136
136
146
152
147
144
150
156
156
149
144
163
162
154
159
163
172
183
163
135
153
186
190
171
154
181
197
181
173
184
191
178
173
190
200
180
174
186
199
181
160
176
223
203
137
139
193
214
159
145
184
188
159
162
212
193
122
130
208
211
168
138
162
180
182
169
149
126
133
180
158
136
148
127
134
163
155
134
101
113
157
147
107
103
113
119
116
85
91
109
92
96
110
118
90
66
62
79
96
68
56
81
82
43
21
51
70
25
-16
36
74
16
-23
-9
24
27
-12
-42
15
11
-54
-45
-12
-9
-24
-58
-39
5
-44
-85
-81
-50
-40
-79
-116
-71
-49
-84
-99
-117
-96
-49
-124
-133
-63
-100
-146
-153
-132
-97
-141
-167
-70
-96
-189
-172
-119
-121
-172
-161
-106
-157
-188
-112
-137
-222
-186
-125
-153
-214
-188
-144
-208
-209
-165
-198
-196
-185
-199
-191
-200
-197
-209
-205
-195
-238
-203
-209
-205
-182
-223
-216
-192
-213
-235
-225
-226
-219
-198
-198
-239
-228
-208
-198
-199
-227
-243
-203
-182
-218
-250
-199
-187
-250
-252
-213
-202
-194
-184
-227
-208
-185
-198
-206
-222
-214
-209
-197
-136
-178
-264
-170
-144
-244
-201
-147
-196
-181
-207
-190
-147
-162
-188
-187
-187
-151
-126
-165
-132
-138
-115
-98
-118
-173
-178
-95
-56
-123
-169
-82
-79
-130
-107
-89
-96
-89
-84
-102
-99
-22
-40
-144
-29
15
-119
-31
6
-43
-19
-21
-44
-9
-17
-7
55
12
-11
9
67
62
22
40
39
5
77
121
65
35
13
97
68
44
158
61
12
155
82
73
189
53
62
180
69
114
152
107
142
124
97
138
103
113
142
142
187
148
91
249
218
17
93
206
156
178
166
163
234
138
128
229
164
106
262
190
132
233
194
145
205
217
193
135
237
292
102
159
315
165
179
278
146
131
223
233
237
237
177
179
215
165
240
258
126
163
242
235
214
134
229
306
95
141
301
196
163
238
188
175
228
116
167
272
162
170
202
167
281
149
30
239
217
86
196
168
105
171
162
156
126
105
174
134
60
240
168
67
160
131
62
113
189
44
75
167
144
58
25
107
125
54
10
173
77
-89
110
127
-51
47
40
-94
120
78
-70
-18
-8
134
-70
-96
146
-81
-100
107
-24
-111
10
-13
-56
-4
52
-106
-222
-33
124
-68
-164
-117
18
-32
-224
-57
33
-54
-193
-108
-21
-85
-141
-126
-28
-114
-124
-140
-152
-10
-77
-216
-95
-38
-146
-90
-105
-236
-71
-86
-207
-131
-27
-110
-234
-82
-36
-141
-208
-109
-144
-124
-84
-186
-259
-107
-84
-175
-125
-118
-152
-213
-120
-98
-121
-163
-161
-144
-135
-192
-172
-50
-121
-244
-91
-29
-177
-205
-135
-144
-100
-96
-200
-155
-52
-134
-215
-85
-97
-130
-206
-124
-33
-127
-172
-166
-111
-63
-102
-118
-98
-187
-55
55
-233
-228
-3
-107
-156
-58
-68
-173
-135
48
-88
-158
-79
-85
-69
-34
-34
-196
-76
74
-44
-57
-56
-54
13
-62
-161
123
51
-235
18
111
-40
-93
-12
-81
74
159
-67
-11
-16
22
103
-43
85
178
-149
-5
245
90
-26
52
61
21
180
171
86
-51
42
267
52
58
211
-1
50
178
96
249
80
-6
169
219
152
62
116
94
200
274
73
57
204
234
110
132
211
196
139
126
320
224
33
171
247
173
165
174
178
197
242
180
184
237
205
187
147
255
279
165
149
272
206
144
276
237
135
219
258
221
250
238
229
196
189
245
202
241
274
172
172
197
208
319
204
25
283
278
249
175
80
279
268
147
174
288
166
163
219
211
294
220
133
113
175
290
249
110
209
193
222
125
156
225
197
131
150
208
183
230
60
12
218
301
61
18
244
248
36
81
158
107
149
135
-18
142
242
59
-36
75
234
52
-99
166
60
90
145
-72
132
81
-38
38
87
27
3
-7
47
1
4
23
44
6
-56
-5
48
-47
-50
70
-107
-117
21
-51
-62
-16
37
-80
-142
-124
-3
28
-85
-87
-136
-94
-159
16
-13
-153
-109
-121
-139
-116
13
-71
-228
-187
-25
-112
-182
-137
-100
-150
-99
-103
-176
-186
-214
26
-117
-235
-33
-167
-316
0
-69
-251
-156
-163
-90
-124
-282
-93
-103
-239
-159
-20
-153
-255
-161
-125
-54
-267
-169
-30
-167
-220
-128
-247
-116
-53
-222
-79
-226
-190
-106
-104
-249
-118
-42
-280
-135
-193
-125
-28
-252
-302
29
-114
-309
-91
-109
-195
-73
-233
-167
-66
-256
-126
-91
-222
-158
28
-236
-223
-31
-167
-145
-106
-100
-142
-188
-114
-10
-176
-230
-15
-137
-176
-81
-49
29
-156
-256
2
-1
-250
-26
-29
-128
-47
-91
-119
14
-36
-46
-40
-118
26
-8
-116
2
25
0
-78
-12
24
4
-49
61
39
-29
8
21
74
39
-44
-26
127
195
3
-112
35
220
69
10
43
62
65
74
109
71
181
67
-13
133
192
85
78
186
117
-16
67
282
201
66
87
145
194
105
180
197
75
132
162
155
178
193
98
127
192
176
220
127
175
268
166
67
186
237
196
147
222
266
146
131
222
204
125
237
232
87
298
227
121
264
228
179
145
207
284
335
138
85
331
282
76
178
310
173
208
206
244
234
166
214
193
205
85
347
353
103
97
144
234
217
230
187
137
88
274
270
236
105
-97
370
388
13
127
160
79
196
176
167
254
-99
84
367
162
-1
87
188
321
71
-127
252
222
-19
201
171
244
287
-223
130
432
152
-95
-22
164
124
11
22
40
-64
91
126
-196
35
288
115
-236
-68
122
-39
-42
-64
27
-36
13
70
44
-233
-136
289
26
-211
22
124
-163
43
-75
-211
41
54
-294
-125
127
-37
-186
-154
11
-22
-192
-232
73
-21
-287
-139
-85
-92
-40
-204
-182
-73
-30
-142
-117
-117
-214
-118
-74
-154
-73
-137
-291
-103
-39
-260
-275
-107
-36
-228
-369
-14
-66
-253
-249
-83
-40
-104
-235
-184
-127
-192
-141
-246
-24
-72
-281
-170
-65
-151
-63
-331
-226
76
-106
-190
-210
-340
-55
-46
-203
-255
-262
-22
-118
-75
-230
-178
-112
-229
-46
-10
-277
-268
-28
-132
-14
-171
-302
44
-14
-173
-16
-89
-86
-170
-194
-32
-182
-180
127
-175
-182
-14
-143
-40
-116
-50
17
-150
-208
7
57
-58
-211
-226
113
194
-111
-187
9
132
3
-126
10
140
-127
78
-4
-48
152
26
-105
-4
105
39
17
-8
73
57
-31
128
14
22
279
-100
-52
181
189
-56
104
295
94
-110
172
438
-91
-4
202
182
261
185
-71
89
417
73
74
158
164
48
190
365
154
-94
144
413
100
74
287
213
216
127
236
321
189
50
272
255
197
277
196
175
187
343
141
173
218
454
143
90
324
30
221
408
266
159
50
267
482
254
-29
57
365
497
275
-82
298
460
134
186
188
211
480
280
26
344
434
130
116
202
298
344
308
232
228
209
77
220
290
224
140
219
328
326
175
94
272
311
123
226
284
110
142
410
249
61
184
394
266
159
334
326
71
-5
335
451
42
-92
291
274
180
182
207
180
-3
-3
203
355
197
54
-203
157
533
139
-220
35
273
94
199
175
135
-143
68
319
-39
-101
210
301
-111
-66
219
246
-49
-320
236
267
-114
-201
173
99
17
-104
-152
-24
128
125
-114
-135
-11
155
64
-104
-217
-47
182
-70
-165
19
-24
-129
-84
0
-55
-84
-94
-119
62
3
-277
-8
33
-79
-309
-127
75
-61
-148
-209
-237
104
3
-359
-100
98
-240
-320
-136
94
47
-309
-284
28
75
-51
-307
-248
-51
0
-123
-244
-9
-78
-279
-49
-102
-241
-91
21
-170
-401
-99
173
-216
-507
-77
81
-33
-274
-406
-29
159
-233
-299
-83
47
-9
-163
-446
-254
252
18
-202
-87
-166
-216
61
-123
-281
-75
179
-180
-404
102
-55
-220
112
-189
-440
169
125
-245
-369
-205
231
39
-280
-135
37
10
-317
-201
122
204
-166
-419
-49
211
55
-86
-127
-28
135
30
-105
59
-19
-176
-92
275
160
-285
60
214
27
-10
39
151
98
-181
-7
223
-185
184
19
-137
264
216
-60
-79
67
137
216
161
-169
-51
473
221
-300
171
488
19
-167
55
495
187
-204
51
498
215
-89
218
287
-17
75
298
373
-8
18
343
62
125
108
132
290
238
76
64
84
335
416
145
68
-39
395
456
19
57
240
368
137
144
104
371
724
-38
-317
398
620
258
118
83
171
186
410
283
197
186
150
113
202
442
303
169
-10
-7
159
482
627
16
-265
350
587
200
147
251
266
-21
69
492
525
148
26
-52
692
470
-217
272
183
484
239
-65
406
441
-37
255
279
94
282
136
407
335
-154
-80
452
366
-41
48
321
278
1
108
207
402
101
-225
397
403
-189
-75
310
419
-104
-39
326
169
106
102
78
93
179
149
-100
-36
185
138
-34
122
51
73
-92
-50
207
96
-78
38
-99
228
185
-256
-38
39
9
-168
120
68
-5
3
-189
-77
174
-184
-2
161
-364
70
182
-61
-39
-166
-291
141
-91
-101
212
-227
-236
59
-89
14
58
-406
-212
72
29
220
-345
-668
96
211
-146
-374
-370
409
75
-510
-50
188
-100
-322
-260
-15
82
-160
-265
-47
-67
-99
-18
-159
-98
-139
49
-117
-420
-47
101
-102
-471
-40
110
-267
-121
-74
-112
-38
-142
-185
144
-192
-458
-68
103
-91
-204
-10
-189
-190
-113
-15
141
-207
-356
71
-32
-347
76
74
-293
-134
-192
-111
349
-221
-151
14
-322
150
124
-437
-82
8
73
-100
-274
11
-30
53
-117
-200
15
237
-192
-223
103
-26
-93
-227
15
248
-28
-189
-5
25
-22
120
106
-54
-235
173
349
-194
-102
145
221
-78
-155
205
440
-48
-334
167
436
223
-188
-235
515
565
-344
-243
438
356
-84
-23
253
311
-43
-281
423
473
-143
-65
260
199
262
363
-19
-85
437
191
111
249
135
187
152
8
355
438
92
73
255
256
165
152
248
210
259
181
173
250
198
266
284
335
6
105
519
429
117
43
550
778
-39
-91
680
389
87
367
316
-153
108
672
283
-17
60
366
396
70
361
401
-35
130
511
384
-73
159
399
232
73
245
527
276
-22
354
493
95
81
405
467
190
226
269
226
242
467
254
-30
266
463
250
61
53
404
359
-63
123
355
328
152
-8
329
514
129
-278
374
519
-88
92
341
115
-72
202
205
23
-118
146
324
30
-56
155
-79
-34
180
14
45
-92
-49
-18
-128
146
264
-276
-287
77
189
140
-142
-264
61
324
-8
69
105
92
78
250
343
191
250
119
130
232
360
337
221
72
248
423
416
81
39
441
275
336
261
-40
186
351
126
-50
-161
10
386
-259
-367
371
116
-451
-88
216
-365
-379
-279
-474
-366
-389
-316
-872
-1204
-549
-568
-1156
-1352
-1047
-776
-329
413
471
-594
-2399
-2126
211
1502
517
-1257
-1344
250
1299
323
-920
-683
608
746
-228
-386
626
1281
472
-819
-1024
-67
972
686
-53
-212
168
168
-123
-192
74
61
-310
-383
-14
599
650
145
-530
-702
-211
727
960
409
23
25
174
362
390
242
99
88
353
350
345
484
163
-202
-332
-17
282
213
-247
-586
-459
-179
4
-495
-788
-1073
-1022
-736
-779
-1186
-1827
-1852
-1210
490
1410
377
-2482
-4255
-1513
1984
2548
-482
-2838
-1154
1863
1896
-664
-1756
137
2056
705
-956
-121
2175
2499
-213
-2131
-1045
1482
2249
698
-878
-515
596
691
35
-460
-66
58
-204
-153
232
530
339
50
-398
-663
-10
1121
1463
674
-381
-333
714
1322
1020
289
309
900
1129
783
837
1068
695
-49
-28
1011
1488
827
-94
-310
3
232
195
-144
-559
-320
-47
-329
-973
-1343
-1075
-1242
-1775
-2110
-1702
-182
1801
1580
-1246
-4355
-3568
949
3392
1787
-1696
-1969
905
2823
1441
-964
-726
1659
2492
564
-174
1793
3584
1744
-1755
-2151
620
3081
2375
-176
-1368
-154
1134
654
-686
-913
-80
152
-234
-331
202
684
299
-722
-1532
-758
1459
2543
1296
-667
-822
963
2115
1519
543
666
1469
1719
1159
1066
1627
1335
32
-426
1159
2453
1466
-449
-963
-47
539
108
-500
-538
-478
-594
-1037
-1524
-1430
-1578
-2173
-2769
-2500
-1524
63
1711
923
-2188
-5580
-3680
1799
4488
1901
-2514
-2243
1523
3651
1284
-1460
-531
2786
3171
506
-82
2484
4119
818
-3149
-2484
1835
4282
2084
-1711
-2566
-397
1014
-123
-1826
-1438
-134
-121
-1025
-1288
-455
90
-645
-1809
-2065
-499
1721
2567
892
-1269
-1621
282
2441
2615
1312
379
1008
1882
1613
876
1082
1052
305
-131
1037
2266
1165
-1110
-2026
-904
512
537
-576
-1427
-1539
-1291
-1450
-1895
-2128
-2331
-2785
-3168
-3093
-2344
-879
1298
1213
-1957
-6158
-5399
1082
5557
3745
-2379
-4052
240
4358
2869
-1224
-1334
2591
4363
1314
-738
1442
4292
1932
-3081
-3689
1189
5252
3190
-2383
-4658
-1806
1179
577
-1979
-2304
-697
-275
-1513
-2355
-1409
-62
-459
-2175
-2737
-618
2441
2902
305
-2500
-2021
932
3188
2908
1594
1294
1663
1470
497
951
2239
2270
460
-331
1351
2491
789
-1921
-2166
-205
1125
483
-594
-1249
-1662
-2090
-2156
-1522
-1175
-1741
-2754
-3229
-3035
-2959
-2617
-372
2564
1570
-3347
-7508
-3498
4680
7277
1567
-5320
-3357
3708
6269
1456
-2419
327
4969
3787
-779
-812
3782
5452
10
-5027
-2382
4357
5841
150
-5289
-3856
873
2140
-750
-2911
-1502
105
-912
-2696
-2240
143
1121
-860
-3028
-2310
1089
3451
2327
-750
-1957
-271
2309
3393
2789
2106
1878
1716
1025
1133
2338
3233
1978
-121
-17
1911
2421
240
-1662
-1127
650
1032
140
-735
-1139
-1663
-1995
-1462
-515
-651
-2067
-3211
-2959
-2274
-2361
-2417
-450
2801
2270
-2407
-6998
-3778
4227
7384
2299
-4402
-2912
3705
6120
1402
-2327
480
5216
4171
-486
-843
3501
5310
269
-4685
-2310
4145
5657
301
-4819
-3431
896
1777
-1030
-2717
-1032
547
-729
-2734
-2281
74
1157
-674
-2716
-1888
1147
3047
1773
-731
-1277
397
2372
2562
1809
2097
2633
2434
715
191
1912
3309
2357
109
5
1512
1730
-100
-1203
-372
853
478
-611
-876
-712
-1183
-1916
-1736
-762
-646
-1912
-3054
-2961
-2296
-2398
-2630
-919
2345
2490
-1738
-6831
-4967
2742
6958
3126
-3614
-3484
2201
4958
1323
-2125
259
4792
3982
-727
-1722
2456
5032
857
-4277
-2849
3176
5282
766
-4317
-3729
65
1313
-853
-2296
-813
552
-874
-3232
-3068
-530
1151
-225
-2380
-2339
117
2132
1376
-677
-1600
-175
1657
2377
1866
1527
1947
1639
449
-201
1429
3458
2634
-79
-1026
586
1582
232
-1080
-430
571
101
-977
-1057
-680
-1268
-2143
-1901
-813
-787
-2151
-3290
-3130
-2661
-2714
-2434
-399
2199
1284
-3202
-6988
-3996
3098
6189
2008
-3633
-3042
1708
3501
429
-1341
1428
4593
2754
-1355
-1370
2669
4313
299
-3643
-1576
3615
4492
-125
-4172
-2998
317
1064
-744
-1434
-145
296
-1777
-3777
-2850
86
1478
-214
-2365
-2222
-186
1188
447
-737
-613
680
1472
1412
1179
1779
2228
1136
-173
-19
2500
3904
2204
-672
-1229
523
1446
660
143
559
322
-876
-1459
-454
116
-761
-1909
-1690
-882
-1122
-2416
-3081
-2915
-2453
-1968
-746
1441
1242
-1979
-5926
-4908
1088
5462
3697
-1713
-3362
-185
2554
1163
-422
1532
4702
3589
-793
-2044
1517
4616
2510
-1540
-1534
2409
4241
1247
-2643
-2541
258
1459
159
-660
218
657
-1290
-3464
-2955
-80
1957
906
-1481
-2477
-1284
196
541
186
267
817
1246
1079
862
1409
2030
1788
644
653
2520
3704
2135
-463
-814
1008
1999
1425
914
1006
402
-1136
-1471
-49
1026
246
-1337
-1782
-1380
-1571
-2344
-2630
-2304
-1675
-1017
328
787
-1262
-4332
-5072
-913
3652
4109
111
-2892
-1547
1221
1353
-50
1084
4137
4592
667
-2347
-459
3573
4094
1026
-599
1366
3190
1635
-1376
-1716
601
1883
723
-508
26
795
-499
-2721
-2820
-517
1677
1226
-904
-2156
-1742
-680
-337
-298
509
1636
1949
336
-1196
-669
1693
3045
1911
738
1339
2301
1220
-631
-259
1957
2630
1081
-258
173
604
-405
-1338
-549
812
590
-1201
-2438
-2397
-2057
-2232
-2370
-1748
-366
883
-416
-3350
-6024
-3902
1220
4065
1944
-2478
-3405
-971
984
192
-293
1801
4321
2585
-1694
-2824
1038
4617
3164
-354
-570
2151
2915
73
-2172
-513
2230
2180
-382
-1428
12
892
-884
-2786
-2046
679
1761
42
-2268
-2700
-1275
-144
-400
-617
125
1084
533
-1213
-1598
151
1965
1885
565
365
1143
868
-352
-522
1303
2350
1065
-692
-591
355
99
-966
-769
304
155
-1572
-2867
-2288
-1304
-1226
-1549
-512
8
-1450
-4572
-4698
-919
2484
1732
-2067
-3441
-1538
386
-367
-1050
654
3027
1921
-1582
-2663
398
3545
2906
259
-454
1099
1797
491
-623
506
1896
1472
-363
-828
307
918
-79
-1230
-1073
-4
559
70
-691
-1239
-1211
-625
14
229
-92
-423
-283
-260
-327
-90
799
1440
895
-7
-115
505
885
733
757
1007
729
-13
-518
-224
247
130
-331
-692
-915
-1307
-1590
-1176
-96
323
-924
-2827
-3491
-1540
688
970
-930
-2277
-1637
-452
-552
-990
9
1797
1815
-494
-2032
-832
1841
2695
1537
488
824
1109
395
-185
950
2633
2573
636
-871
-295
942
1180
406
65
404
429
-300
-868
-452
397
557
-203
-720
-484
66
111
-297
-141
378
656
312
5
293
756
745
591
741
1203
1233
666
289
533
1056
1051
625
290
178
-47
-323
-448
-219
-247
-641
-987
-420
227
-318
-2077
-2897
-1274
791
951
-1054
-2202
-1428
-285
-590
-1147
-208
1694
1744
-467
-2178
-1065
1574
2653
1808
758
646
531
25
38
1439
2874
2739
905
-672
-660
486
1452
1644
1297
680
-29
-664
-763
-320
559
1106
749
-369
-1116
-782
48
156
-196
-182
460
625
-64
-639
-259
511
716
515
622
912
554
-125
-215
596
1195
991
436
146
-103
-397
-390
158
569
142
-760
-1121
-374
337
9
-1109
-1782
-1151
-117
166
-578
-1273
-1180
-736
-873
-1163
-691
515
911
-262
-1653
-1511
113
1361
1145
308
52
270
161
-262
79
1193
1873
1175
-169
-703
-78
684
803
481
343
428
167
-485
-876
-320
552
687
-112
-785
-653
-225
-288
-551
-266
364
353
-536
-1098
-558
335
471
37
-120
122
47
-323
-320
297
761
448
-206
-356
-3
279
235
59
40
19
-80
-247
-392
-440
-307
-46
-104
-533
-1022
-937
-474
-264
-575
-897
-750
-508
-717
-1160
-1072
-353
176
-164
-818
-952
-479
-126
-161
-119
284
501
90
-512
-475
194
732
609
118
-85
33
131
28
-2
171
329
207
-45
-207
-159
-65
-7
17
-19
-95
-143
-141
-115
-95
-53
71
76
-21
-59
25
82
44
75
222
317
205
22
32
235
381
318
223
192
177
123
115
215
311
254
69
-45
-78
-30
48
71
13
-89
-132
-131
-223
-344
-336
-145
-63
-239
-474
-497
-303
-223
-325
-406
-219
-8
-111
-392
-459
-135
230
265
113
58
101
69
-25
106
465
641
398
52
68
359
466
295
207
426
673
563
231
117
307
520
508
408
437
479
410
266
262
404
481
450
392
368
326
262
270
403
551
476
234
162
344
506
467
343
327
372
321
224
265
455
582
453
207
118
222
386
364
282
286
317
230
32
-38
72
219
164
-74
-253
-168
42
38
-168
-341
-284
-106
-23
-108
-200
-142
-2
34
-49
-52
112
237
161
22
73
282
389
259
172
320
522
492
275
255
513
710
582
345
322
506
603
496
349
367
482
447
290
226
337
422
301
117
127
261
288
132
25
109
246
261
148
64
114
183
163
114
133
213
222
216
190
197
193
162
157
173
179
160
115
64
51
14
-61
-131
-136
-127
-207
-316
-377
-360
-313
-352
-440
-533
-570
-514
-426
-419
-443
-432
-394
-396
-407
-375
-240
-129
-149
-216
-149
45
100
-13
-69
80
272
296
179
180
302
316
165
87
219
350
288
138
111
171
108
-73
-131
52
231
83
-262
-375
-181
6
-89
-292
-287
-113
-52
-207
-323
-239
-62
19
-20
-73
-112
-145
-130
2
156
177
23
-125
-101
15
82
45
-15
-34
-65
-142
-216
-226
-219
-247
-346
-402
-396
-377
-425
-552
-646
-619
-514
-446
-463
-531
-547
-506
-442
-417
-346
-224
-123
-126
-186
-143
6
125
98
63
121
296
385
314
183
224
372
431
356
248
246
270
244
170
147
173
144
75
27
19
-18
-130
-159
-45
82
10
-213
-282
-110
69
45
-106
-136
-13
75
54
21
76
135
111
90
152
247
256
188
159
183
214
207
199
195
213
190
128
45
-2
-5
-11
-41
-122
-151
-106
-93
-194
-345
-336
-120
67
-10
-235
-319
-138
59
70
36
108
253
238
102
100
332
526
476
332
378
559
576
439
406
574
718
557
277
251
478
594
399
194
242
426
372
113
-7
157
311
207
33
54
201
196
-20
-148
44
276
268
102
23
147
264
255
197
177
220
276
316
352
385
326
253
248
336
403
378
274
224
253
247
182
105
92
145
158
29
-88
-72
72
102
-45
-147
-48
138
151
-46
-156
24
260
232
36
23
258
404
261
103
215
444
452
255
148
302
497
465
296
235
301
309
183
108
184
273
184
1
-23
70
91
-46
-181
-140
-16
-31
-172
-238
-147
-64
-146
-287
-294
-109
45
40
-98
-176
-123
-25
15
8
40
80
94
23
-41
-37
34
85
74
43
27
3
-59
-114
-98
-52
-53
-114
-188
-215
-225
-234
-240
-211
-191
-204
-273
-294
-249
-181
-133
-142
-150
-163
-175
-175
-124
0
75
49
-63
-148
-106
-24
17
8
-33
-42
-34
-46
-63
-83
-117
-152
-178
-197
-214
-233
-235
-280
-336
-395
-408
-347
-324
-371
-443
-495
-475
-412
-383
-386
-428
-436
-419
-396
-301
-199
-155
-229
-319
-298
-185
-119
-117
-136
-115
-67
-92
-143
-148
-82
-47
-90
-150
-111
-30
-41
-178
-309
-295
-185
-108
-115
-167
-238
-306
-321
-263
-168
-112
-125
-170
-216
-233
-183
-81
-29
-70
-121
-88
19
62
-16
-103
-72
52
79
5
-22
30
71
-25
-94
-21
88
12
-214
-280
-128
6
-75
-245
-272
-171
-193
-323
-336
-179
-53
-211
-437
-406
-162
-42
-174
-325
-278
-105
-48
-101
-84
51
73
-77
-157
14
253
253
55
-28
132
253
145
8
95
293
292
94
-4
135
288
176
-71
-92
114
265
153
-43
-37
99
94
-54
-86
74
239
182
-10
-39
109
207
138
24
118
341
423
292
106
103
238
312
292
299
354
369
205
38
69
294
423
259
11
-62
51
110
64
41
93
89
-66
-196
-127
63
122
-27
-183
-125
33
63
-40
-132
-50
102
169
173
171
157
93
51
137
309
391
312
184
163
211
245
258
265
300
298
212
103
106
187
232
130
-13
-14
98
179
100
-43
-81
3
70
19
-25
47
137
80
-70
-73
123
276
178
14
47
243
329
208
68
131
280
265
126
86
229
287
148
-18
-6
137
143
-27
-148
-85
16
-22
-170
-222
-168
-159
-231
-280
-195
-102
-190
-348
-375
-225
-99
-155
-267
-257
-131
-68
-103
-122
-63
-35
-97
-130
-27
98
79
-77
-166
-105
0
9
-76
-91
-47
-59
-147
-242
-230
-127
-92
-163
-278
-315
-268
-202
-227
-290
-308
-267
-231
-266
-298
-249
-161
-156
-221
-280
-211
-100
-91
-147
-144
-49
12
-51
-172
-152
-15
46
-33
-132
-108
-21
-51
-200
-262
-171
-70
-123
-275
-332
-279
-249
-313
-355
-295
-243
-267
-361
-404
-339
-290
-304
-318
-316
-274
-274
-303
-273
-215
-194
-197
-212
-175
-143
-161
-174
-149
-109
-121
-169
-179
-114
-71
-130
-220
-213
-101
-60
-150
-258
-243
-109
-55
-193
-330
-261
-96
-78
-233
-310
-207
-82
-129
-281
-253
-78
-32
-173
-297
-212
-4
41
-102
-181
-74
45
4
-104
-63
86
140
5
-122
-71
91
138
33
-59
-29
65
72
-1
-43
17
58
15
-44
-20
57
50
-45
-86
-21
36
10
-35
-61
-59
-50
-30
3
31
12
-30
-27
25
62
39
4
30
98
82
9
13
103
155
81
1
41
174
215
107
10
56
189
207
114
55
124
206
152
45
20
113
173
141
69
69
130
138
55
-6
36
161
222
151
47
24
96
187
206
158
171
198
177
127
122
215
321
295
190
160
210
252
233
185
221
288
273
185
135
184
241
197
106
87
151
195
142
58
39
79
108
109
113
138
123
72
36
77
154
176
137
122
139
136
113
89
149
252
235
127
73
115
173
153
83
85
212
257
101
-62
-54
106
182
63
-42
-15
69
17
-117
-142
-13
126
55
-101
-124
-15
44
-29
-95
-31
70
95
8
-76
-36
55
79
36
9
22
52
28
22
4
1
5
3
5
-7
-24
-43
-4
15
-30
-112
-127
-76
-41
-85
-144
-40
407
459
-136
-285
-38
-218
-400
-168
-148
-193
30
-26
-257
-157
-76
-243
-207
-126
-205
-170
-113
-169
-165
-5
-26
-151
-159
67
53
4
100
-163
-295
-130
-137
-359
-350
-342
-398
-212
-42
-233
-406
-259
-294
-495
-329
-18
-91
-289
-203
-173
-233
-180
-179
-253
-240
-166
-75
354
332
-317
-209
128
-249
-398
-100
-188
-226
-28
-237
-329
-89
-254
-479
-209
60
129
110
-134
-430
-237
-164
-476
-286
-18
-246
-238
51
-85
-187
28
7
-242
-156
-77
-375
-93
6
-330
-220
-71
-71
-71
-115
-253
-207
-75
-2
-90
-191
-302
-308
-56
-109
-237
-166
-161
-247
-225
-175
-39
-163
-316
-164
-125
-258
-121
-93
-247
-138
-83
-57
-188
-137
57
45
-128
-20
91
-144
5
66
-82
84
86
-124
-66
103
51
-9
145
-5
-192
-10
23
-40
298
125
-170
7
-58
87
155
-22
81
195
-255
26
600
30
-220
339
120
-64
315
81
40
187
-12
135
286
-61
-93
355
65
22
404
8
-206
5
362
328
15
-6
5
126
170
-75
-35
400
340
-88
-106
14
223
161
-69
58
247
166
-73
-112
157
255
313
104
-406
165
416
58
198
51
-250
415
268
-96
145
30
142
184
225
112
64
57
73
383
191
-208
221
432
30
213
381
-47
-130
262
398
119
109
139
57
378
215
-114
138
130
110
316
165
18
183
111
14
-95
-57
214
393
321
-202
-168
187
256
-150
-47
268
105
369
-92
-464
242
518
-34
-183
236
-8
-134
140
24
86
208
-36
-284
-35
98
125
-121
-189
-56
-112
45
87
-254
-471
13
106
-131
-308
-81
-101
-202
-184
80
-175
-236
51
135
-135
-475
103
263
-130
-527
-7
410
-250
-344
257
65
-536
-50
392
-296
-328
211
-300
-401
233
8
-395
-595
-50
422
-383
-684
-76
12
-319
-342
-23
-409
-417
103
-51
-308
-353
-140
-247
-389
130
274
-655
-324
218
-77
-114
-159
41
-316
-726
229
340
-701
-414
317
-466
-281
2
-368
-457
-455
153
-255
-364
-275
-154
-466
-779
-39
431
-718
-959
295
-200
-415
-89
-209
-488
-402
-13
-234
-246
-27
-243
-419
-121
-14
-304
86
-213
-376
-80
-213
-32
148
74
-555
-313
173
-75
-185
-167
-305
98
-172
-542
159
-144
-277
-603
-114
187
-413
147
28
-838
-419
187
-72
294
-498
-783
836
521
-617
-239
-362
378
688
-293
-425
-12
483
12
-426
160
46
-368
9
376
3
-219
-201
-30
-25
-95
-38
-275
-168
448
182
-814
-125
315
108
-460
-224
491
83
-220
-479
470
257
-298
-192
2
347
-23
63
-45
108
273
492
-22
-498
145
454
189
4
111
353
134
244
-258
-200
561
503
-125
-14
279
-179
255
644
61
-807
121
946
285
-382
267
562
-106
134
328
257
286
115
297
196
376
414
31
111
-30
562
452
-194
309
233
86
358
-203
102
882
-64
-394
193
440
320
-102
251
99
104
371
-83
98
142
184
105
210
234
458
-146
-375
349
27
585
240
-273
-101
117
449
355
-229
-249
637
124
-209
116
448
181
353
76
-36
447
134
-2
284
384
-226
398
401
59
-97
136
274
284
51
5
111
5
356
134
-161
-139
438
324
-10
-343
43
298
256
-196
251
315
-363
-3
234
-83
-229
547
327
-279
-153
382
-192
-189
260
-133
44
321
342
-416
-378
8
112
148
-89
-370
239
83
-199
-110
-443
-62
171
-183
-449
-118
-4
362
-677
-729
574
-142
-627
180
-21
-211
-38
-389
-189
332
-67
-531
87
105
-445
89
88
-346
250
-62
-403
-3
39
-157
43
-340
-381
-60
30
34
-494
-525
215
-56
-545
-146
-105
-529
-177
201
-565
-249
-210
47
-116
-348
-174
-391
-1
-43
-356
-80
119
-211
-15
-18
-372
-162
-71
-243
214
-65
-105
71
-443
-51
-381
-63
463
-750
-272
468
25
-259
-721
-174
73
-65
-175
-594
-340
383
320
-565
-616
-504
64
588
-443
-455
47
-260
41
-13
-282
-179
-135
182
5
-117
52
-224
-445
258
411
-424
70
-31
-490
167
358
-355
-293
48
-230
144
81
-345
-329
-140
54
348
-475
-567
-11
282
152
-555
-344
408
284
-189
5
-167
106
239
34
-302
477
134
-129
89
455
135
-53
254
-106
482
82
224
283
85
191
187
-214
48
232
520
89
-214
294
42
-66
268
255
-547
138
400
77
228
-90
-41
132
9
306
-21
112
436
-16
286
19
307
147
-145
436
474
-117
98
594
-81
436
348
-206
261
227
-184
167
517
38
67
104
65
346
-239
-70
390
110
64
55
370
2
-12
314
55
-38
316
460
144
-206
132
848
195
-150
390
504
-46
541
348
-103
400
444
485
-372
447
854
12
149
55
242
502
115
154
115
66
159
199
336
-47
-79
169
-18
132
332
135
-67
-298
162
411
73
48
135
-7
200
211
-275
95
505
-28
32
161
144
130
-97
115
-9
43
182
234
-141
-168
59
141
-121
172
125
-181
-160
21
296
-118
-352
133
385
-519
-122
310
88
-293
-46
200
-192
-66
328
-125
-284
216
92
1
70
-33
-281
320
47
-192
90
18
-163
137
98
-158
20
-154
-192
213
56
-167
-118
-373
191
33
-364
-266
-302
214
-91
-745
-263
-70
2
39
-389
-496
130
-276
-495
44
-187
-143
-122
-322
-220
-50
-107
-285
-433
52
-168
-216
108
-101
-423
-233
-349
-221
23
-176
-286
-328
-265
-24
-7
-288
-469
-240
104
-150
-357
-302
-34
2
-551
-283
1
-181
43
-204
-304
-33
-209
-27
-186
-320
147
-287
-117
-70
-127
-145
-199
-142
205
-100
-138
50
-457
-391
574
-203
-475
-113
-60
282
-610
-52
-19
-66
-220
-169
66
-135
-389
-140
150
-246
-221
-325
-124
120
95
-359
-300
86
27
-49
-334
-172
266
-171
-149
-191
219
-136
-113
-132
-350
376
99
-358
-136
219
-178
-36
-72
149
-97
-183
93
118
-160
-14
108
-63
151
-92
-57
40
164
272
-71
0
-108
-72
473
-115
-61
247
201
-45
323
-75
-7
286
121
243
39
198
30
420
95
-220
264
563
25
-72
258
74
448
53
-4
128
175
245
163
-1
-15
292
108
110
88
302
399
-151
-143
453
43
41
356
-8
97
241
222
58
194
150
103
301
118
192
87
137
262
57
250
151
22
77
399
220
-94
267
228
279
104
-21
29
244
3
421
259
-232
349
24
178
328
-149
283
282
-88
-3
551
22
-170
504
-15
264
227
-86
104
358
261
271
80
108
166
238
273
-48
149
405
267
-287
222
383
-54
115
106
91
107
39
119
-42
89
167
181
-97
-40
165
-33
159
51
-95
-46
165
115
-205
128
42
-147
137
-65
-3
112
-240
-58
212
-182
-83
-17
-178
82
-154
18
121
-352
-209
-6
22
-129
-198
-194
-30
-42
-190
-273
-125
57
-236
-337
-223
86
-243
-140
-275
-119
-47
-348
-270
-36
-56
-226
-73
-275
-186
204
-272
-389
89
-13
-216
-205
-132
-25
-164
-145
-20
-334
-116
-140
-179
-45
-237
-194
19
-349
-358
98
61
-419
-278
68
-193
-327
-142
-118
-118
-294
-204
-83
-435
41
-224
-255
-186
-83
-152
-313
91
-286
-381
-174
-209
10
-193
-387
-160
-53
-295
-142
-394
-127
163
-316
-459
-128
-57
-304
-148
-319
19
-247
-293
-73
-279
-157
-136
-209
-187
-205
-131
-53
-534
-227
204
-386
-111
133
-391
-136
10
-5
-232
-75
-60
-74
132
-205
-221
198
-81
-369
119
279
-241
-5
67
-172
184
-90
112
-178
-27
163
-102
-34
-30
56
65
-59
41
-12
-246
217
231
-171
-178
275
-23
-160
279
-41
-288
239
134
34
47
58
-49
-74
-39
128
171
-49
-144
199
121
-220
279
135
-177
198
263
-33
0
-10
111
262
-18
4
164
217
46
-19
221
24
-78
432
171
-215
213
326
-41
112
182
213
190
56
91
332
266
112
324
24
141
429
198
-7
256
407
206
271
89
167
381
152
221
269
239
282
8
155
385
157
99
123
248
421
-86
24
196
392
308
-75
249
253
49
210
268
3
274
129
-23
327
215
36
226
228
-41
258
128
69
170
124
199
89
74
238
208
-31
173
9
207
366
-37
-8
303
-87
25
369
-30
93
118
70
136
20
191
198
-189
373
292
-369
208
343
-22
106
-69
257
179
-108
-3
206
112
26
99
-147
168
116
20
-6
-35
239
60
-108
-32
55
108
194
-190
97
-33
-61
-31
-78
190
-152
-85
80
62
-373
86
-103
-215
141
-205
-189
14
-227
-180
130
-440
-266
153
-52
-336
-133
-102
-143
-242
-306
67
-35
-240
-166
-174
-188
-29
-146
-361
-205
212
-251
-371
-10
-286
-188
-127
-40
-209
-237
-268
-152
26
-424
-216
57
-388
-286
124
-292
-379
-73
-192
-265
147
-283
-580
234
-99
-570
184
-160
-207
-86
-261
-173
113
-76
-457
18
127
-282
-417
51
-190
-281
-5
-133
-469
25
225
-663
-94
-14
-351
-151
-74
-273
-128
-126
-445
-73
-116
-388
-145
-128
-299
-18
-219
-259
-113
-108
-295
-133
-140
-11
-42
-443
-252
57
26
-423
-84
10
-288
-91
-70
-314
-22
-13
-287
-205
110
-115
-305
-175
-122
245
-271
-295
33
85
-295
-215
64
-31
-36
-221
144
-146
-32
32
37
-143
38
141
-55
52
-103
187
85
13
-125
64
144
-25
219
-151
230
169
-153
90
230
1
-185
551
68
-232
313
-134
119
287
-181
75
389
-13
-269
327
317
-61
-13
253
156
94
212
-107
106
202
165
152
25
139
212
220
-195
151
345
31
204
-46
77
152
262
143
-8
159
100
145
68
237
103
193
4
177
354
-77
253
16
115
310
264
81
165
214
-8
227
211
207
175
359
104
43
233
320
122
143
350
-121
372
330
-18
154
260
251
80
155
159
281
137
133
162
387
145
-107
322
286
-81
192
376
46
147
148
68
250
189
262
-48
193
245
-146
274
282
11
-107
321
182
-49
120
203
-199
122
308
-201
114
137
-87
-33
204
-16
-52
-32
36
211
20
-103
24
154
-80
-62
119
39
-36
57
-155
-17
261
-83
-195
81
45
-129
201
-360
28
352
-550
32
236
-94
-143
-109
-138
37
121
-250
-78
-39
24
-126
-101
-25
-117
-43
-102
-155
67
-58
-251
61
-200
-77
-78
-241
7
-56
-286
-194
44
-308
-155
-44
-316
-169
-27
-358
-174
6
-397
-178
-46
-301
-202
-145
-268
-150
-305
-188
71
-301
-307
-115
-279
-151
-79
-205
-246
-110
-262
-85
-211
-224
-59
-117
-342
-155
-31
-423
13
-73
-297
-375
-122
-16
-281
-31
-335
-327
125
-200
-324
-162
-191
-263
114
-361
-375
25
-121
-308
-95
-167
-275
24
-319
-98
65
-229
-364
-41
52
-182
-302
-66
-8
-258
-60
-100
-290
132
-66
-349
-144
-8
-167
-238
49
-158
-332
55
-169
-264
52
-236
-138
-77
-199
-18
-30
-283
-96
50
-108
-36
-77
-79
34
-82
-108
16
-25
203
-31
-231
18
221
-107
-73
142
-73
190
-78
-92
159
18
-62
80
42
-43
209
-15
-67
-88
258
48
-20
88
31
107
-5
75
17
197
80
-2
44
296
75
36
228
-73
147
437
-251
187
331
-117
388
83
-114
342
173
-30
271
158
64
178
-5
196
301
-58
173
242
97
230
167
82
172
268
4
283
298
-25
246
341
28
198
355
-15
178
411
139
-37
356
379
1
159
269
113
268
221
68
304
126
168
359
76
63
445
14
75
436
217
-19
133
243
195
247
0
169
190
231
119
147
47
176
415
-17
-12
235
340
-11
124
324
152
10
204
323
49
249
213
19
56
263
235
-28
219
174
68
18
25
200
114
83
90
32
54
318
-32
-146
287
124
-50
46
208
43
-78
156
-91
208
91
-122
149
-32
17
165
-69
-247
102
219
15
-200
-40
62
-66
-104
23
-3
-140
-118
65
-84
-52
-48
-49
-98
-124
-6
-92
-57
-166
53
-94
-133
-64
-148
-221
0
8
-267
-48
-65
-195
-139
-237
14
-98
-171
-260
-130
74
-184
-279
-93
-102
-382
167
-370
-308
315
-225
-494
-164
76
-95
-353
-176
-64
-93
-164
-294
-31
-69
-216
-79
-270
-210
49
-258
-259
17
-152
-121
-293
-287
-78
-3
-287
-201
-84
-233
-117
-244
75
-436
-257
-25
-180
-141
-86
-148
-380
-30
-239
-121
-5
-408
-146
158
-317
-407
51
-175
-185
-19
-152
-145
-153
-156
0
-158
-237
33
-239
-72
-148
-245
-26
-173
-75
71
-323
-187
48
-226
-130
-140
-154
-81
26
-287
-309
126
-275
-119
-72
-157
27
25
-188
-50
41
-301
-30
219
-169
-57
207
-202
50
44
31
60
-98
14
261
66
-267
231
37
-11
46
149
-6
85
2
19
243
-104
206
65
72
-62
129
309
23
-30
193
190
-34
209
181
59
17
252
115
73
121
201
237
-7
167
227
243
-3
216
170
-9
215
230
171
-42
290
221
22
126
395
101
-139
303
231
121
239
102
-22
166
296
151
212
40
152
292
22
245
334
77
142
191
190
246
202
250
175
287
161
262
195
261
175
189
283
293
252
136
175
335
473
-108
121
581
103
166
298
199
256
239
145
242
289
103
296
234
141
281
253
59
264
228
151
129
258
397
-55
142
352
155
194
142
47
360
134
8
264
219
35
96
230
-72
215
257
43
68
112
129
40
152
113
14
-27
166
219
-38
-39
163
106
-61
105
201
-40
-36
147
-13
5
168
-50
-12
138
-50
134
2
-177
232
46
-111
40
45
-70
-14
61
-96
-1
-87
3
37
-148
-47
54
-161
-78
54
-97
-156
0
-66
-90
-128
-62
-7
-292
-19
-24
-99
-175
-4
-228
-60
-18
-198
-214
-145
66
-204
-150
-121
-169
-240
47
-183
-265
-31
-262
-176
-88
-49
-209
-152
-260
-143
-13
-206
-269
-132
2
-246
-276
-36
-233
-315
-70
-170
-110
-140
-252
-197
-63
-145
-196
-158
-154
-152
-39
-232
-161
-66
-192
-164
37
-218
-176
-88
-170
-119
-195
81
-106
-342
-120
-32
-99
-251
-172
-65
-79
-136
-314
-138
-41
-139
-191
-228
-13
-36
-201
-339
-34
66
-316
-87
-26
-222
-40
-76
-184
-58
-89
-184
68
-235
-42
16
-188
-98
55
-35
-308
0
-26
-27
24
-80
-82
-47
-146
31
63
-305
12
62
-131
-16
19
-109
-35
42
-235
187
78
-160
-23
106
13
66
-96
-30
232
25
-116
39
324
37
30
-57
238
62
-1
255
-74
55
220
168
-21
63
220
211
-131
65
472
-24
-135
419
160
-49
165
138
75
304
70
39
233
138
384
62
-45
190
499
108
-15
299
169
252
246
104
149
264
125
340
83
158
421
65
-42
342
335
-17
146
288
170
110
124
269
217
29
218
182
68
189
374
21
147
299
154
217
59
144
422
339
-131
313
357
155
134
256
188
162
441
80
157
342
117
159
195
109
467
15
-78
495
245
-44
194
329
106
163
35
330
270
90
203
195
185
158
270
140
100
285
248
71
235
273
185
56
192
201
204
154
224
133
-5
199
145
235
30
20
148
171
99
32
43
88
30
0
75
25
6
88
9
-68
105
15
-80
-1
53
55
-36
-217
70
108
-84
-77
-82
239
-121
-219
105
-12
-72
92
-69
-169
65
-48
-216
44
-118
-187
24
-143
-127
-9
-165
-230
-105
-78
-21
-205
-211
-44
-58
-60
-210
-239
-73
97
-220
-164
35
-192
-78
-196
-33
-39
-106
-210
-98
-34
-60
-127
-255
-68
-88
-99
-186
-200
-98
-226
-155
-48
-194
-283
-113
-98
-249
-124
-126
-271
-244
-140
-156
-155
-392
-177
-120
-236
-158
-228
-205
-178
-236
-229
8
-244
-253
-163
-185
-107
-135
-175
-283
-122
-118
-93
-107
-256
-247
-40
9
-257
-326
-92
-84
-215
-193
-203
-56
-175
-240
-23
-114
-292
-147
-175
-165
33
-143
-344
-41
-8
-166
-117
-225
13
12
-129
-60
-9
-97
-46
-13
-61
-98
-46
4
7
4
-44
-74
6
-66
16
20
-192
-33
45
-14
-26
-72
8
-66
-79
94
-37
-55
35
-8
-24
30
-4
18
117
-71
-31
180
90
5
107
57
30
130
61
49
150
120
65
103
158
76
110
-60
25
233
160
38
5
165
78
84
160
33
35
193
177
42
83
139
116
88
122
222
149
81
149
294
188
124
120
204
235
227
198
63
290
267
157
137
274
308
150
137
153
338
268
27
280
238
106
198
245
188
168
259
59
222
211
157
148
184
154
157
277
147
129
167
196
197
185
143
203
233
166
130
218
278
123
107
169
262
280
50
124
198
164
138
126
185
61
95
249
130
132
80
44
110
194
198
81
75
141
104
66
118
88
39
148
80
187
183
1
126
91
87
177
96
51
98
61
145
98
-87
159
186
-17
-12
129
113
89
-46
-107
82
71
32
-49
-155
-21
122
93
-158
-92
22
30
-57
-134
17
69
-121
-206
4
-107
-15
-137
-156
-9
2
-106
-250
-90
5
-100
-202
-103
-75
-96
-195
-161
-127
-180
-117
-138
-140
-219
-196
-181
-112
-120
-270
-171
-172
-281
-178
-43
-164
-323
-243
-51
-74
-214
-360
-199
-38
-123
-237
-169
-122
-173
-159
-154
-143
-171
-172
-150
-43
-157
-195
-164
-244
-193
-36
-216
-240
-36
-223
-128
-159
-302
-122
-99
-332
-103
-133
-218
-35
-169
-289
-144
-100
-235
-109
-126
-184
-148
-187
-150
-131
-203
-258
-180
-97
-16
-216
-268
-103
-142
-135
-239
-270
-99
-60
-168
-191
-214
-87
-143
-212
-108
-214
-129
-95
-113
-164
-158
-89
-167
-227
-110
-51
-156
-164
-129
45
-120
-170
-97
-74
-111
-86
-61
-63
124
-135
-165
20
15
-28
-72
-111
10
34
3
-19
-19
33
34
-72
-55
162
97
-78
-22
5
120
83
-82
5
67
111
61
83
3
29
66
90
137
49
-9
48
122
133
73
38
116
92
60
61
128
132
55
-1
128
140
41
151
86
37
111
131
151
110
9
118
85
159
229
57
57
214
137
79
230
150
112
128
173
173
195
158
79
168
220
253
162
107
131
243
281
185
147
172
161
249
226
103
157
243
302
152
106
273
238
38
244
323
66
174
293
191
161
243
138
161
265
228
198
157
192
232
219
139
188
308
180
10
157
359
102
83
251
215
170
88
125
211
159
102
182
141
105
158
140
94
129
137
134
80
40
168
115
29
113
6
101
125
22
86
140
-1
45
159
3
50
86
-7
52
85
53
14
-57
107
83
-29
-35
-41
75
34
-86
-23
58
-63
-73
-19
-47
-15
-79
-78
-42
19
-97
-129
15
-41
-131
-118
36
-8
-113
-190
-52
28
-65
-123
-184
-29
-94
-83
-59
-125
-74
-113
-201
-116
-104
-127
-111
-183
-128
-98
-174
-195
-112
-138
-181
-172
-142
-123
-163
-179
-269
-92
-29
-291
-306
-132
-86
-168
-224
-212
-134
-182
-216
-148
-185
-197
-192
-144
-210
-161
-138
-242
-204
-97
-195
-261
-114
-129
-108
-221
-229
-105
-134
-234
-224
-123
-143
-139
-219
-226
-103
-163
-211
-113
-180
-183
-152
-122
-131
-219
-125
-59
-158
-224
-42
-146
-204
-63
-131
-113
-131
-136
-128
-147
-197
-96
-19
-179
-205
-74
-93
-150
-147
-181
-149
-88
-147
-119
-109
-181
-110
-130
-131
-26
-93
-203
-95
29
-67
-175
-86
12
-42
-81
-57
-37
-45
-81
-18
41
-45
-36
33
-10
18
-41
-34
65
-60
59
63
-65
38
35
-16
73
47
-38
73
61
23
79
56
12
57
55
146
124
-37
75
120
152
73
52
186
77
111
179
90
82
162
137
181
153
113
200
192
141
128
170
191
164
173
190
162
175
108
191
246
90
70
258
245
109
136
154
180
210
154
135
240
211
119
239
231
163
198
246
212
218
236
227
287
226
218
254
223
244
252
226
190
202
250
237
227
113
270
330
120
170
215
156
220
294
119
91
285
240
148
212
265
88
138
332
268
143
138
243
246
211
209
182
202
262
250
199
173
177
215
216
199
232
166
171
219
196
221
162
108
194
198
99
113
110
103
204
73
63
209
115
4
85
145
59
83
87
46
99
80
9
89
62
74
134
-37
2
133
86
0
-17
64
118
-34
-47
49
10
20
0
-62
-14
26
-98
-98
-36
-39
-63
-83
-76
-88
-65
-101
-108
-66
-96
-90
-91
-106
-126
-78
-48
-118
-112
-72
-95
-122
-78
-107
-100
-44
-136
-129
-42
-86
-112
-135
-139
-126
-70
-124
-164
-125
-155
-161
-162
-151
-166
-143
-166
-190
-135
-173
-191
-165
-209
-181
-129
-213
-211
-140
-136
-162
-213
-156
-119
-168
-179
-156
-115
-114
-167
-176
-103
-99
-168
-165
-139
-148
-134
-166
-135
-93
-194
-205
-188
-154
-137
-183
-190
-154
-147
-215
-195
-157
-120
-170
-237
-158
-125
-146
-186
-171
-120
-121
-174
-114
-85
-131
-115
-171
-89
-69
-156
-112
-105
-120
-51
-92
-137
-45
-69
-122
-65
-56
-83
-90
-76
-38
-44
-79
-120
-2
-10
-112
-71
-7
-19
-67
-64
-34
53
-25
-109
-35
78
32
-70
8
75
48
-31
-24
65
87
15
-18
70
124
55
-12
47
112
70
9
55
81
106
55
41
90
49
80
94
50
62
46
51
133
109
37
58
141
142
109
91
128
154
108
115
181
160
136
132
137
187
176
139
180
218
132
167
218
208
187
140
136
222
219
123
152
207
208
142
135
170
213
170
113
165
199
226
166
147
201
192
167
179
198
228
231
191
177
184
186
217
216
165
197
212
198
243
214
157
199
232
236
180
122
209
231
179
185
202
167
177
156
154
216
178
118
144
209
172
125
139
212
196
137
121
163
208
165
129
148
191
162
123
154
174
158
123
100
164
174
126
98
125
143
114
91
76
120
145
72
42
77
91
103
48
17
65
76
49
52
53
30
19
32
40
53
42
-4
19
38
2
-15
7
17
11
-3
-22
-6
0
-29
-2
5
-18
-30
-24
-33
-41
-28
-49
-57
-60
-63
-63
-54
-79
-91
-84
-92
-98
-102
-95
-117
-121
-101
-89
-106
-138
-134
-93
-97
-144
-140
-107
-106
-137
-136
-110
-118
-123
-120
-129
-132
-131
-125
-122
-133
-143
-139
-133
-149
-156
-140
-146
-159
-153
-158
-168
-157
-145
-158
-169
-159
-156
-140
-156
-181
-167
-144
-138
-162
-181
-151
-150
-170
-160
-155
-147
-157
-161
-156
-156
-182
-190
-165
-158
-159
-183
-173
-158
-178
-165
-163
-163
-161
-161
-160
-145
-139
-150
-155
-146
-147
-147
-140
-139
-139
-124
-140
-125
-121
-124
-120
-114
-116
-95
-107
-118
-94
-96
-94
-96
-87
-94
-90
-92
-93
-85
-75
-83
-68
-66
-83
-75
-61
-53
-38
-47
-43
-38
-29
-25
-41
-29
0
3
-9
-7
-7
14
6
-2
10
35
20
4
15
32
45
43
41
52
63
54
62
69
65
65
83
71
71
89
86
89
104
108
96
96
111
106
112
112
107
134
129
132
141
139
140
145
149
143
150
163
161
151
156
165
171
170
159
163
174
165
165
170
156
157
174
143
152
171
164
157
155
148
161
164
158
162
154
149
162
179
176
162
157
175
185
179
157
161
166
179
161
157
165
162
162
163
169
159
162
149
160
149
147
152
164
158
141
150
148
150
150
151
156
143
141
133
129
145
146
152
137
135
137
137
127
118
126
113
115
125
121
115
120
105
95
105
108
94
75
81
70
69
65
67
54
53
54
30
23
30
29
22
16
10
2
-11
-16
-23
-31
-41
-21
-17
-42
-50
-59
-65
-60
-51
-47
-65
-83
-68
-63
-83
-75
-70
-90
-90
-88
-100
-95
-97
-103
-117
-114
-106
-114
-118
-126
-128
-123
-129
-133
-125
-134
-156
-145
-139
-150
-153
-155
-160
-170
-167
-168
-170
-180
-184
-176
-194
-186
-196
-193
-194
-202
-206
-212
-209
-205
-219
-211
-217
-228
-204
-211
-235
-228
-217
-226
-237
-241
-233
-224
-231
-241
-230
-224
-240
-239
-241
-238
-231
-221
-228
-224
-222
-228
-226
-226
-218
-221
-223
-215
-216
-212
-226
-227
-214
-222
-216
-217
-226
-237
-214
-225
-233
-222
-215
-210
-219
-222
-227
-229
-231
-218
-202
-205
-215
-212
-208
-197
-192
-218
-206
-174
-184
-177
-178
-179
-161
-163
-175
-169
-147
-156
-139
-136
-146
-128
-119
-133
-126
-124
-110
-104
-103
-106
-106
-87
-98
-89
-90
-96
-79
-76
-74
-65
-73
-75
-62
-60
-65
-50
-45
-39
-37
-37
-17
-25
-40
-20
-21
-18
-6
-15
-7
16
1
-3
19
17
8
17
20
14
21
28
29
19
26
40
37
46
54
50
51
57
68
58
51
68
72
67
78
90
94
98
90
96
112
108
103
107
104
110
114
112
132
129
120
129
127
125
132
147
135
145
151
143
140
144
152
151
141
145
151
139
153
137
139
149
144
146
142
143
138
148
139
146
149
145
139
130
143
132
136
135
119
119
118
115
134
129
128
120
121
124
115
121
119
106
113
131
119
100
111
119
105
106
95
99
105
102
99
99
95
99
84
88
98
84
83
85
82
84
87
77
85
76
75
67
67
63
55
58
46
50
52
45
30
17
25
18
9
6
-3
-5
-7
-18
-14
-28
-34
-31
-36
-47
-59
-60
-62
-66
-79
-63
-78
-84
-70
-94
-105
-86
-108
-109
-106
-114
-115
-112
-130
-138
-131
-151
-140
-140
-146
-159
-166
-164
-166
-174
-185
-170
-175
-180
-175
-178
-192
-200
-188
-192
-201
-193
-208
-197
-196
-202
-204
-202
-192
-204
-202
-193
-202
-210
-215
-207
-204
-221
-218
-215
-227
-209
-220
-223
-215
-216
-225
-229
-219
-231
-222
-228
-243
-224
-217
-218
-220
-230
-229
-229
-225
-217
-225
-220
-217
-211
-216
-219
-212
-215
-209
-210
-220
-216
-207
-219
-222
-226
-228
-224
-212
-229
-228
-218
-225
-226
-213
-206
-218
-212
-219
-220
-205
-216
-210
-211
-222
-208
-203
-214
-211
-199
-196
-190
-185
-178
-183
-182
-180
-173
-173
-171
-169
-168
-161
-158
-147
-144
-144
-133
-129
-127
-119
-115
-108
-114
-103
-98
-105
-93
-82
-96
-82
-65
-68
-60
-61
-50
-46
-34
-42
-44
-36
-27
-25
-14
-7
-13
-10
-10
7
-3
6
3
3
12
-3
9
25
10
11
22
30
27
24
32
33
46
37
50
55
45
51
52
63
65
68
68
72
84
84
86
90
90
91
94
96
95
98
88
105
110
117
105
101
109
107
122
108
106
118
122
120
124
130
138
134
135
137
144
144
136
137
135
149
145
137
140
153
156
150
145
154
155
153
155
150
161
159
153
161
159
163
159
155
162
150
159
156
147
148
154
153
147
140
151
155
142
141
139
150
146
132
132
131
134
141
124
111
122
125
116
112
108
104
108
103
99
93
77
81
87
76
68
59
65
47
51
49
31
32
27
21
24
25
16
18
9
7
7
5
-7
-2
-11
-24
-12
-29
-31
-21
-39
-43
-34
-50
-58
-54
-54
-62
-62
-63
-81
-65
-79
-71
-83
-97
-88
-98
-96
-116
-114
-112
-122
-121
-128
-118
-120
-131
-136
-139
-138
-133
-143
-157
-163
-150
-152
-162
-167
-162
-159
-168
-178
-176
-168
-170
-169
-181
-180
-180
-178
-186
-187
-190
-200
-195
-206
-203
-201
-201
-199
-217
-217
-210
-208
-209
-205
-207
-216
-204
-212
-216
-209
-207
-207
-207
-213
-205
-216
-207
-203
-203
-196
-208
-204
-196
-205
-201
-199
-197
-191
-197
-184
-183
-188
-183
-197
-192
-176
-184
-187
-188
-179
-179
-180
-186
-181
-174
-174
-182
-192
-179
-185
-170
-180
-178
-167
-178
-165
-163
-156
-154
-158
-153
-142
-152
-151
-141
-145
-134
-142
-130
-120
-134
-128
-125
-122
-115
-115
-123
-120
-118
-108
-96
-97
-97
-104
-103
-87
-92
-88
-81
-73
-65
-73
-60
-63
-54
-54
-54
-40
-26
-27
-25
-25
-20
-10
-9
-1
0
10
8
17
29
35
30
36
40
41
59
52
51
58
59
56
71
73
73
74
80
85
76
85
82
91
101
104
107
113
116
121
114
122
126
117
121
123
132
122
128
142
132
134
132
143
147
141
146
143
141
138
140
147
145
139
150
144
150
155
157
150
147
156
157
152
149
154
162
154
165
165
159
162
164
174
167
171
164
178
165
160
163
169
176
164
161
160
169
168
176
177
178
172
173
181
174
175
162
167
164
159
165
160
156
162
151
152
154
145
143
146
147
141
142
128
128
128
126
119
113
112
105
115
105
105
104
96
77
89
93
83
85
70
71
65
60
51
52
56
35
37
44
28
22
23
14
3
9
-2
-6
-9
-12
-9
-33
-22
-22
-37
-36
-30
-35
-38
-49
-49
-46
-52
-65
-66
-62
-66
-66
-76
-65
-75
-72
-71
-77
-71
-77
-95
-91
-92
-96
-89
-95
-100
-96
-99
-101
-107
-111
-101
-119
-124
-131
-129
-122
-134
-137
-138
-134
-131
-141
-142
-145
-130
-135
-149
-143
-155
-150
-147
-152
-166
-151
-155
-157
-151
-157
-154
-154
-153
-160
-161
-158
-164
-160
-163
-162
-154
-160
-168
-159
-150
-168
-166
-157
-162
-165
-163
-156
-145
-152
-148
-149
-149
-140
-147
-146
-148
-146
-133
-146
-145
-127
-128
-123
-112
-106
-112
-119
-110
-117
-116
-100
-106
-105
-93
-96
-93
-97
-101
-90
-95
-94
-86
-87
-80
-87
-74
-79
-80
-71
-64
-65
-55
-54
-56
-45
-54
-41
-33
-17
-15
-18
-1
-4
-15
-5
-3
4
15
10
20
25
20
31
35
38
41
40
53
61
61
66
71
69
62
68
81
80
87
96
89
101
118
110
102
108
134
130
129
126
136
144
144
151
154
154
157
167
161
175
174
182
181
178
174
188
183
184
198
199
208
205
204
192
206
208
210
206
210
212
211
206
212
222
218
213
215
222
227
228
220
227
244
239
243
249
251
264
252
251
259
254
248
252
251
249
253
257
262
264
264
248
249
261
260
255
253
255
253
256
248
246
245
242
247
251
249
247
247
251
242
243
246
240
246
244
242
238
238
247
239
234
236
235
236
230
229
219
224
221
211
210
208
202
203
201
202
195
194
194
184
171
176
181
170
163
155
157
166
156
142
135
139
131
130
122
114
115
108
102
94
96
88
79
73
70
69
73
70
59
52
49
57
49
41
41
33
32
21
24
21
10
4
2
3
-9
-25
-14
-18
-19
-12
-22
-37
-31
-33
-46
-41
-35
-46
-49
-45
-53
-54
-60
-71
-69
-66
-68
-73
-83
-80
-92
-94
-89
-100
-100
-102
-107
-104
-106
-97
-103
-109
-111
-117
-119
-114
-115
-123
-120
-115
-119
-119
-124
-122
-111
-102
-110
-121
-129
-117
-125
-127
-133
-132
-126
-129
-121
-127
-125
-130
-123
-127
-138
-128
-120
-124
-129
-131
-129
-123
-126
-121
-122
-126
-125
-121
-124
-124
-120
-109
-109
-113
-113
-113
-103
-106
-109
-113
-102
-101
-106
-119
-108
-105
-100
-100
-103
-91
-92
-91
-87
-95
-99
-96
-76
-82
-88
-70
-75
-70
-71
-69
-61
-60
-47
-38
-47
-38
-37
-30
-25
-25
-16
-15
-15
-8
-1
12
5
15
24
19
20
31
34
38
41
37
46
55
58
62
61
67
72
73
84
79
87
87
103
103
95
108
113
111
118
127
128
136
136
129
133
142
148
153
154
161
162
167
166
168
179
180
185
187
181
190
198
198
193
199
206
205
204
205
201
202
210
205
213
212
212
222
225
229
230
217
230
233
232
237
223
238
240
236
241
232
238
241
237
242
235
251
250
247
248
241
242
233
240
244
234
237
251
243
238
242
238
233
240
242
234
233
239
237
226
229
230
232
231
221
229
226
220
220
224
225
216
226
220
220
222
217
214
216
212
211
209
207
211
198
206
199
189
190
196
191
181
168
172
173
161
163
160
146
146
146
139
122
130
129
120
116
102
110
105
110
99
88
98
84
84
78
77
78
61
59
55
50
55
52
48
48
32
33
30
14
17
10
-1
3
7
-7
-10
-12
-16
-14
-22
-31
-24
-22
-31
-38
-43
-40
-50
-53
-50
-53
-55
-61
-51
-48
-60
-57
-62
-54
-69
-67
-66
-74
-67
-78
-85
-80
-84
-84
-85
-94
-97
-83
-93
-95
-95
-109
-89
-98
-104
-115
-117
-128
-132
-113
-127
-126
-125
-128
-131
-140
-141
-141
-137
-130
-138
-135
-132
-135
-136
-139
-130
-134
-136
-132
-128
-131
-146
-132
-132
-135
-134
-131
-130
-137
-144
-133
-138
-137
-135
-142
-122
-136
-134
-129
-122
-114
-119
-126
-128
-123
-120
-110
-119
-114
-112
-122
-112
-114
-111
-97
-99
-98
-101
-94
-90
-83
-87
-83
-83
-83
-74
-65
-67
-65
-57
-71
-64
-63
-66
-54
-53
-44
-44
-44
-43
-38
-25
-28
-29
-23
-20
-13
-3
-4
-5
1
12
1
9
27
27
29
33
39
47
51
54
53
58
64
63
63
67
72
62
80
77
79
90
83
83
85
90
91
98
87
101
100
105
103
110
117
112
125
127
127
123
138
145
149
149
151
154
154
172
166
174
172
173
180
176
175
181
185
179
181
181
191
193
192
195
194
190
197
201
196
199
201
204
190
196
195
190
200
191
199
199
194
192
196
189
194
206
207
205
198
207
209
207
206
199
212
211
209
202
200
195
194
189
189
194
195
189
195
184
183
187
174
182
178
171
170
180
169
166
157
154
146
158
157
161
158
152
161
143
144
149
143
137
137
134
128
127
130
123
118
119
111
107
104
97
95
85
81
73
72
76
68
64
54
55
47
40
38
29
24
