SAMPLES:	12966
BITSPERSAMPLE:	16
CHANNELS:	1
SAMPLERATE:	16000
NORMALIZED:	FALSE
380
382
380
376
384
390
379
387
393
393
400
405
393
393
386
384
399
407
411
408
410
410
414
404
405
401
406
409
415
422
419
420
429
430
432
440
442
438
433
423
408
416
411
409
404
407
410
408
411
403
397
397
392
392
380
370
369
369
360
355
354
345
343
332
324
318
319
317
325
319
316
313
317
305
295
308
305
305
303
311
305
302
310
306
297
289
295
296
283
284
283
280
277
265
285
279
277
275
253
265
266
283
275
280
273
262
268
263
268
249
247
240
239
245
244
243
240
232
235
231
220
234
228
229
239
226
232
233
236
232
239
235
227
239
244
256
241
245
248
243
248
246
253
244
240
239
243
244
241
241
241
238
230
225
239
230
220
225
229
220
221
246
250
254
251
259
256
256
272
269
269
272
271
283
280
284
275
273
288
283
288
295
295
295
313
319
327
321
313
315
302
287
291
297
294
289
280
286
291
289
289
299
302
302
296
291
289
283
290
292
292
295
292
293
294
297
303
310
313
308
304
288
289
287
302
302
292
287
272
279
268
262
257
255
246
231
247
228
220
230
226
212
201
210
211
211
213
224
210
217
209
208
205
212
205
195
204
194
201
196
196
193
195
187
178
171
176
169
171
166
167
169
166
167
155
157
155
142
135
127
117
109
111
110
105
93
90
75
65
62
62
63
60
75
66
62
62
60
69
76
74
74
74
79
77
80
80
84
91
81
78
86
84
81
80
80
79
85
93
87
84
97
101
102
111
117
105
102
99
105
99
89
95
91
95
87
82
63
66
63
66
70
65
67
67
53
40
52
45
38
44
44
43
39
44
36
29
25
19
15
30
22
12
14
1
-1
-12
-14
-15
-29
-27
-29
-27
-33
-51
-61
-69
-63
-68
-76
-75
-62
-67
-71
-69
-66
-60
-66
-62
-61
-55
-58
-54
-62
-58
-55
-62
-52
-58
-58
-61
-58
-51
-58
-52
-53
-46
-60
-67
-63
-61
-45
-52
-53
-47
-51
-46
-46
-51
-42
-47
-43
-50
-45
-42
-46
-40
-37
-28
-24
-27
-29
-37
-40
-36
-37
-39
-47
-37
-33
-38
-30
-25
-22
-24
-34
-34
-30
-21
-18
-20
-16
-11
-6
-8
-11
-1
-7
-6
1
-2
-10
-10
-11
-12
2
4
1
0
1
1
-7
-14
-15
-12
-5
-13
-13
-3
-10
-8
-17
-23
-22
-18
-20
-31
-27
-33
-38
-37
-36
-45
-50
-49
-36
-34
-47
-42
-51
-52
-58
-69
-73
-73
-68
-73
-82
-92
-102
-87
-107
-101
-109
-106
-108
-125
-136
-134
-140
-150
-134
-138
-134
-141
-145
-141
-148
-156
-141
-144
-158
-151
-153
-153
-163
-167
-163
-169
-162
-161
-168
-178
-173
-171
-181
-176
-175
-178
-183
-174
-161
-165
-167
-167
-173
-175
-183
-186
-189
-198
-193
-184
-177
-171
-168
-169
-159
-157
-162
-170
-162
-159
-159
-150
-147
-150
-156
-153
-148
-136
-143
-131
-136
-133
-129
-128
-135
-131
-120
-133
-123
-132
-124
-125
-135
-134
-144
-142
-156
-145
-148
-151
-140
-155
-157
-151
-155
-163
-170
-174
-178
-170
-176
-190
-179
-176
-196
-195
-188
-176
-183
-176
-171
-174
-174
-180
-173
-170
-166
-167
-160
-157
-164
-161
-166
-153
-163
-171
-174
-164
-162
-169
-163
-163
-144
-147
-153
-149
-156
-163
-163
-169
-176
-181
-197
-199
-200
-202
-201
-198
-195
-197
-203
-194
-195
-195
-183
-179
-164
-167
-162
-153
-160
-161
-164
-163
-153
-152
-156
-161
-158
-159
-171
-161
-158
-165
-171
-155
-152
-153
-155
-151
-144
-152
-143
-134
-147
-160
-158
-151
-151
-152
-152
-139
-137
-144
-142
-153
-148
-151
-149
-151
-145
-137
-135
-134
-138
-139
-127
-114
-126
-119
-122
-129
-125
-132
-127
-121
-113
-111
-107
-99
-103
-96
-92
-91
-89
-95
-80
-76
-84
-87
-87
-84
-83
-86
-87
-85
-83
-88
-84
-92
-91
-90
-82
-86
-97
-79
-82
-81
-76
-62
-66
-61
-59
-62
-57
-57
-62
-63
-61
-69
-76
-72
-74
-74
-69
-82
-75
-83
-82
-76
-79
-72
-74
-75
-68
-71
-64
-49
-61
-55
-58
-56
-53
-52
-38
-33
-35
-36
-25
-33
-37
-41
-51
-43
-41
-46
-53
-58
-59
-50
-51
-64
-65
-75
-75
-70
-64
-69
-68
-69
-54
-62
-59
-54
-69
-53
-58
-59
-65
-58
-56
-58
-55
-61
-61
-68
-77
-78
-82
-91
-91
-78
-81
-87
-75
-72
-86
-91
-91
-100
-93
-103
-109
-111
-116
-122
-119
-109
-115
-109
-117
-118
-122
-126
-127
-132
-137
-135
-135
-140
-152
-148
-147
-154
-151
-160
-151
-164
-160
-157
-146
-147
-154
-157
-157
-166
-169
-164
-167
-153
-162
-167
-166
-170
-169
-162
-171
-166
-153
-160
-170
-161
-153
-160
-161
-164
-162
-160
-149
-147
-158
-158
-155
-153
-146
-151
-144
-137
-131
-129
-130
-134
-127
-118
-125
-129
-118
-116
-117
-107
-98
-90
-87
-84
-73
-66
-64
-70
-69
-60
-63
-69
-59
-44
-46
-58
-47
-35
-52
-41
-45
-45
-41
-38
-29
-44
-48
-39
-31
-27
-29
-25
-9
-9
-16
-14
-11
-9
-13
-14
-14
-9
-4
-3
-4
-14
-11
-15
-7
-7
-13
-15
-20
-17
-28
-27
-20
-18
-12
-5
-7
-6
-4
-9
-5
-13
-27
-26
-31
-42
-48
-43
-48
-49
-54
-56
-56
-68
-77
-74
-69
-79
-75
-82
-79
-76
-72
-76
-75
-72
-70
-75
-81
-71
-64
-57
-61
-47
-40
-45
-36
-31
-22
-19
-14
-20
-22
-26
-19
-14
-21
-18
-17
-10
-25
-25
-19
-19
-21
-12
-12
-11
1
3
-2
-1
1
6
9
15
1
12
9
1
10
0
17
12
13
19
0
3
-2
-11
-13
-22
-23
-26
-27
-25
-28
-22
-20
-24
-32
-27
-14
-12
-7
2
6
10
15
13
4
-1
-3
-3
-2
-6
-2
-11
2
-1
3
7
11
13
15
18
5
15
6
-4
-1
11
1
-5
2
-7
-5
5
0
-6
-6
-12
-2
-9
-2
-7
-3
5
9
26
27
25
22
33
42
44
41
44
58
64
61
60
61
62
58
70
75
69
74
87
88
93
83
85
97
91
106
110
111
109
129
118
112
121
120
136
131
132
131
129
154
148
156
163
168
183
179
187
176
190
171
168
180
166
171
160
162
169
171
180
168
177
172
174
168
169
175
164
176
178
176
180
184
182
188
180
199
201
196
199
196
194
197
204
192
196
183
174
173
159
161
159
149
149
134
138
125
120
124
119
109
124
123
120
128
123
124
125
125
133
128
129
142
142
154
151
151
161
159
161
172
162
175
179
179
191
191
191
193
193
184
172
167
167
158
151
146
140
147
139
134
133
130
138
133
143
151
144
155
144
139
136
148
153
138
148
150
145
148
139
143
129
129
137
126
119
120
125
117
119
118
115
124
126
119
107
106
104
100
99
95
89
86
90
87
78
75
76
62
56
51
41
41
48
54
50
54
47
43
50
55
44
35
25
25
11
13
19
12
6
-7
-8
-13
-19
-13
-6
-9
-12
-1
-10
-8
0
-6
0
-5
0
12
12
21
18
24
25
20
22
27
34
34
29
41
37
40
45
37
32
24
29
29
28
39
43
35
41
41
45
40
42
50
54
42
32
48
39
49
51
44
39
39
42
35
28
31
30
28
24
35
37
34
37
43
55
44
45
42
45
44
43
43
46
51
49
56
54
61
50
58
64
62
65
55
56
67
58
58
60
58
55
55
53
61
56
60
69
74
84
86
80
83
86
83
95
94
103
103
93
97
97
92
98
109
100
114
120
114
103
113
116
119
131
132
146
157
160
151
166
158
165
178
192
185
187
194
190
187
187
195
182
184
197
190
189
195
200
212
198
193
182
184
186
189
187
184
180
165
176
183
182
181
185
189
188
202
213
212
219
213
217
213
216
225
225
234
241
247
243
250
247
247
252
246
237
248
252
249
248
244
260
254
256
261
255
267
255
262
274
274
287
282
287
283
277
284
292
292
294
301
302
291
300
308
309
303
299
298
295
286
292
288
290
294
294
300
303
308
301
313
308
306
304
298
288
290
285
287
302
291
302
301
298
290
285
287
291
288
282
275
277
289
278
275
269
269
268
265
256
256
261
248
246
244
241
228
230
232
237
232
241
241
225
228
227
228
226
224
223
228
226
220
232
232
225
217
216
216
212
210
206
210
210
205
201
201
207
209
204
215
209
208
214
223
225
229
239
241
233
233
232
241
240
225
227
231
221
228
223
208
207
200
202
194
203
207
201
203
211
210
202
196
206
202
200
199
196
199
207
212
212
218
215
216
206
205
203
203
193
186
194
188
182
178
173
182
173
175
188
184
185
186
179
180
173
160
169
167
158
157
149
161
158
159
144
132
137
131
132
132
131
127
136
139
141
138
141
128
120
137
125
135
140
147
151
155
166
154
165
160
157
159
160
157
157
166
152
162
160
160
174
166
162
180
171
175
181
185
180
191
205
200
202
204
203
206
207
195
199
187
195
206
206
200
195
183
183
189
189
187
186
184
188
189
173
180
166
169
171
158
156
155
153
157
156
158
167
156
154
149
140
140
150
164
161
156
163
158
162
162
149
153
151
153
142
136
146
139
138
134
128
129
113
116
111
113
116
111
134
133
130
130
123
135
128
122
131
131
136
137
127
127
128
129
125
123
130
117
119
121
113
112
106
98
85
101
99
95
99
98
96
95
103
107
112
115
125
128
134
144
139
132
138
144
138
143
132
142
146
146
150
159
153
158
161
159
175
164
183
169
179
183
168
179
167
163
173
182
170
172
171
164
170
174
164
166
169
166
169
173
181
183
176
179
187
192
195
194
190
189
184
195
201
199
207
189
187
198
196
192
181
171
167
166
153
149
145
152
144
139
149
143
133
129
121
123
112
104
92
85
75
75
72
63
73
52
51
47
34
26
10
9
16
11
8
4
11
2
-7
-10
-6
-15
-13
-13
-20
-11
-1
-13
-11
-16
-23
-27
-31
-34
-36
-20
-36
-31
-24
-46
-37
-47
-50
-62
-63
-60
-73
-72
-76
-74
-74
-83
-78
-80
-89
-73
-70
-65
-65
-56
-58
-63
-58
-51
-48
-46
-39
-38
-35
-43
-41
-34
-40
-40
-40
-41
-41
-24
-15
-32
-33
-28
-25
-30
-23
-17
-16
-14
-12
-25
-19
-4
-9
-17
-16
-12
-13
-16
-12
-24
-27
-15
-19
-25
-16
-18
-16
-11
-21
2
4
6
12
23
14
15
26
27
29
25
19
16
12
7
8
12
17
16
27
21
19
10
13
19
18
5
-2
-2
-14
-14
-17
-5
-3
3
5
9
15
15
5
5
5
6
4
-15
-14
-3
-5
-7
-1
3
7
-5
8
17
22
15
28
30
35
48
51
45
44
44
40
37
37
56
57
69
59
64
81
72
80
74
67
75
70
76
71
65
80
78
82
72
75
78
63
66
65
68
67
69
63
61
61
55
57
60
61
76
79
91
93
92
104
101
94
99
95
105
113
113
116
115
116
107
113
130
123
127
123
130
132
136
146
154
161
163
177
165
157
161
162
158
161
163
163
153
157
157
150
157
138
140
138
146
156
146
158
158
161
163
158
168
167
177
167
171
179
167
173
168
172
178
179
188
192
190
201
199
207
197
196
199
191
186
189
187
193
191
189
192
185
189
191
191
188
189
188
182
188
194
188
198
197
196
188
184
183
177
173
167
156
153
145
141
132
123
129
116
115
117
102
94
97
86
89
86
82
85
82
83
80
74
68
66
70
68
61
71
59
63
65
64
60
44
53
60
55
54
50
45
46
40
43
40
40
46
31
29
27
23
24
28
17
16
20
5
2
2
-5
-10
-9
3
3
6
-6
-13
-3
-8
-15
-17
-12
-16
-17
-15
-11
-20
-13
-20
-27
-16
-26
-19
-18
-29
-42
-39
-28
-45
-47
-50
-61
-67
-69
-70
-87
-89
-90
-95
-99
-102
-101
-106
-119
-112
-113
-113
-110
-116
-110
-122
-121
-129
-127
-132
-129
-145
-146
-143
-138
-147
-161
-164
-173
-172
-177
-174
-184
-180
-182
-188
-194
-186
-187
-198
-184
-181
-185
-196
-198
-196
-205
-204
-207
-216
-218
-217
-218
-219
-212
-212
-208
-211
-204
-209
-217
-209
-218
-217
-221
-229
-225
-238
-229
-241
-240
-237
-241
-246
-242
-243
-252
-253
-251
-247
-242
-249
-241
-242
-229
-230
-237
-226
-227
-221
-225
-221
-223
-220
-223
-234
-233
-225
-241
-237
-235
-242
-244
-247
-247
-241
-240
-243
-248
-254
-247
-251
-254
-251
-260
-248
-247
-254
-258
-266
-265
-283
-279
-278
-270
-262
-278
-273
-269
-281
-276
-285
-294
-303
-296
-286
-282
-281
-280
-279
-295
-298
-294
-294
-296
-287
-290
-285
-295
-303
-300
-308
-303
-303
-302
-296
-300
-289
-299
-290
-295
-282
-272
-275
-255
-251
-261
-260
-259
-257
-260
-265
-257
-263
-263
-259
-261
-258
-258
-252
-258
-264
-258
-264
-261
-272
-261
-268
-271
-274
-275
-262
-267
-269
-261
-273
-270
-278
-297
-288
-303
-300
-293
-289
-299
-298
-298
-306
-315
-321
-310
-320
-312
-319
-328
-322
-319
-318
-315
-314
-322
-326
-325
-323
-326
-329
-325
-325
-326
-331
-326
-330
-332
-325
-328
-331
-340
-341
-333
-326
-323
-325
-319
-338
-327
-316
-329
-319
-325
-331
-322
-333
-336
-324
-335
-335
-339
-334
-341
-347
-344
-351
-348
-341
-333
-330
-322
-316
-322
-318
-330
-318
-318
-314
-290
-296
-298
-296
-281
-280
-267
-271
-264
-252
-261
-258
-254
-256
-253
-251
-256
-257
-255
-260
-264
-256
-260
-260
-249
-254
-244
-246
-244
-233
-237
-236
-241
-236
-239
-236
-234
-243
-233
-222
-229
-214
-216
-212
-216
-221
-220
-214
-207
-200
-204
-201
-198
-203
-203
-205
-199
-198
-195
-187
-181
-175
-169
-159
-157
-168
-162
-159
-171
-165
-161
-161
-158
-155
-161
-161
-156
-156
-160
-162
-176
-169
-166
-162
-164
-174
-183
-182
-183
-177
-181
-188
-184
-195
-184
-183
-184
-199
-190
-181
-184
-187
-191
-179
-186
-188
-188
-180
-181
-181
-172
-167
-172
-165
-159
-175
-174
-167
-168
-180
-177
-174
-179
-174
-177
-177
-183
-182
-184
-189
-196
-196
-213
-216
-212
-223
-215
-224
-217
-220
-223
-217
-214
-224
-212
-205
-212
-207
-207
-206
-215
-221
-217
-220
-226
-233
-231
-224
-229
-229
-226
-233
-217
-218
-232
-225
-233
-230
-225
-218
-224
-221
-213
-218
-209
-212
-215
-213
-218
-218
-227
-231
-235
-238
-238
-236
-237
-224
-241
-249
-241
-248
-245
-246
-229
-252
-252
-250
-258
-249
-253
-259
-261
-261
-263
-255
-253
-254
-254
-263
-266
-264
-278
-283
-278
-285
-281
-273
-262
-278
-280
-282
-279
-275
-283
-294
-295
-297
-308
-300
-314
-320
-307
-313
-319
-318
-326
-324
-326
-331
-335
-343
-352
-344
-353
-357
-355
-368
-361
-374
-371
-376
-375
-374
-374
-372
-373
-365
-361
-360
-374
-369
-368
-377
-385
-382
-376
-375
-378
-376
-387
-387
-390
-386
-392
-396
-397
-403
-392
-394
-387
-397
-391
-372
-377
-367
-355
-360
-346
-340
-346
-353
-354
-344
-349
-345
-349
-336
-333
-336
-330
-332
-314
-325
-314
-315
-330
-325
-331
-325
-319
-316
-314
-312
-309
-322
-307
-314
-317
-307
-310
-302
-300
-294
-292
-295
-294
-295
-289
-283
-282
-285
-283
-289
-304
-306
-304
-316
-316
-313
-316
-322
-319
-319
-319
-313
-318
-329
-335
-335
-337
-336
-347
-350
-364
-374
-371
-368
-374
-368
-357
-357
-358
-351
-349
-351
-338
-341
-349
-364
-359
-360
-365
-360
-361
-354
-357
-344
-337
-330
-335
-342
-344
-349
-346
-345
-339
-340
-331
-328
-314
-314
-320
-300
-294
-285
-279
-273
-270
-261
-263
-266
-264
-271
-272
-273
-273
-267
-285
-280
-278
-279
-258
-274
-275
-265
-273
-265
-259
-261
-251
-255
-272
-272
-268
-264
-266
-250
-246
-253
-249
-249
-242
-247
-249
-235
-246
-238
-241
-240
-235
-242
-239
-254
-254
-262
-264
-268
-266
-267
-275
-276
-278
-289
-292
-296
-308
-302
-309
-320
-316
-309
-316
-318
-322
-315
-321
-331
-335
-336
-328
-343
-345
-337
-337
-348
-350
-345
-355
-352
-340
-350
-340
-333
-325
-327
-321
-325
-321
-318
-309
-306
-308
-303
-301
-293
-304
-297
-292
-296
-286
-282
-281
-286
-288
-290
-286
-290
-297
-294
-297
-289
-284
-291
-297
-293
-293
-300
-301
-308
-302
-303
-305
-300
-293
-274
-285
-277
-274
-278
-274
-281
-274
-269
-272
-272
-269
-265
-274
-265
-267
-273
-270
-273
-281
-276
-277
-271
-274
-276
-268
-283
-287
-286
-279
-275
-269
-259
-257
-254
-255
-249
-241
-248
-245
-243
-240
-233
-226
-215
-209
-209
-200
-194
-196
-203
-201
-192
-191
-198
-188
-194
-205
-213
-211
-197
-194
-207
-220
-216
-213
-214
-209
-209
-211
-217
-214
-207
-212
-212
-214
-214
-215
-220
-211
-197
-210
-212
-213
-213
-205
-201
-198
-208
-202
-198
-207
-192
-204
-192
-181
-180
-174
-184
-182
-173
-169
-179
-175
-167
-160
-148
-150
-147
-135
-140
-126
-123
-141
-139
-139
-146
-142
-145
-135
-144
-153
-138
-139
-130
-128
-120
-130
-135
-130
-133
-132
-130
-131
-131
-131
-133
-118
-121
-123
-116
-120
-112
-113
-107
-100
-99
-108
-106
-99
-98
-94
-99
-98
-105
-101
-81
-92
-93
-93
-94
-84
-80
-80
-85
-79
-90
-85
-92
-90
-85
-79
-77
-79
-55
-57
-54
-60
-52
-37
-27
-31
-29
-34
-23
-8
-5
-5
-4
4
6
18
14
9
14
13
20
22
14
24
31
30
32
47
53
43
40
36
41
38
45
44
39
44
39
47
52
49
52
68
65
67
58
52
60
52
46
51
60
52
54
64
69
72
77
86
90
86
87
89
84
93
96
96
100
108
107
105
118
119
122
132
122
113
120
115
112
109
116
112
112
116
114
111
118
127
128
124
122
117
112
121
115
112
113
113
109
123
119
118
123
127
139
147
155
144
145
136
137
133
134
136
134
142
135
139
141
141
149
155
146
135
137
132
135
142
145
138
132
138
147
144
140
141
131
132
128
134
135
133
142
139
142
142
137
143
156
155
151
147
155
142
145
148
140
141
121
132
134
125
131
137
147
149
137
143
140
143
140
149
140
138
144
142
156
147
156
152
151
147
155
161
167
177
167
169
171
177
184
186
181
192
185
195
204
206
202
205
209
208
213
210
212
218
216
213
209
214
199
183
189
194
186
171
166
153
137
114
105
98
95
78
74
54
35
6
-14
-11
-25
-41
-55
-65
-64
-65
-79
-71
-77
-80
-82
-85
-95
-100
-94
-91
-77
-72
-64
-40
2
30
44
39
55
75
121
179
229
268
264
270
303
340
385
419
438
453
474
520
553
578
588
579
584
600
617
657
672
669
667
672
669
686
691
677
668
668
687
686
680
668
657
640
634
626
616
593
572
536
530
515
489
453
396
362
316
280
253
199
152
82
1
-45
-92
-154
-208
-269
-319
-372
-404
-423
-431
-351
-228
-179
-267
-355
-382
-352
-158
-56
-32
14
-29
-7
116
262
312
263
186
178
317
447
533
555
472
447
426
447
562
555
527
505
468
544
623
581
526
484
426
461
493
478
526
504
472
501
511
532
498
409
374
412
452
483
467
446
445
432
425
446
418
381
355
343
413
485
514
519
474
411
426
434
445
486
475
451
478
512
539
541
499
438
408
414
449
462
466
463
435
414
405
379
335
287
228
216
212
204
190
124
38
-24
-83
-141
-189
-256
-319
-359
-386
-380
-382
-437
-496
-536
-546
-467
-347
-291
-372
-464
-450
-392
-198
-77
-104
-101
-152
-125
18
164
197
156
86
38
158
270
316
295
197
169
191
237
325
315
244
213
159
211
278
229
174
125
98
158
202
175
172
128
94
138
148
167
141
56
84
173
291
386
357
264
273
311
392
500
459
424
400
413
532
608
589
498
400
375
430
478
475
421
325
283
300
294
264
160
7
-75
-123
-125
-126
-214
-322
-459
-557
-618
-696
-761
-861
-929
-974
-943
-802
-623
-572
-742
-907
-975
-917
-623
-472
-454
-404
-471
-435
-250
-100
-47
-98
-198
-195
4
206
305
303
191
175
155
197
300
267
221
192
195
316
388
305
192
115
72
119
137
113
128
96
109
184
201
189
98
-37
-46
10
102
151
108
104
197
289
346
333
219
144
130
276
457
499
490
431
377
454
527
484
401
320
268
376
499
538
521
376
255
197
180
170
90
-15
-59
-100
-96
-111
-252
-429
-590
-754
-846
-884
-968
-1022
-1064
-1084
-1003
-818
-688
-847
-1149
-1211
-1233
-986
-575
-580
-534
-529
-605
-438
-201
-139
-196
-311
-396
-157
153
303
388
192
69
143
117
258
281
133
165
167
253
460
391
183
78
-20
37
144
58
66
90
56
192
225
200
147
-111
-174
-35
45
160
187
154
255
320
326
398
255
142
260
258
458
668
594
620
602
542
632
617
515
481
457
515
666
679
667
580
390
341
279
189
175
60
-23
-8
-70
-120
-247
-520
-707
-869
-986
-985
-1018
-1043
-1026
-884
-698
-631
-883
-1094
-1145
-1140
-688
-493
-472
-351
-448
-378
-140
54
77
-5
-147
-98
225
465
643
624
414
412
440
504
642
521
451
485
489
696
796
637
467
335
304
386
370
325
337
273
346
459
444
418
198
10
79
153
240
293
236
272
424
521
574
510
292
287
378
530
813
842
834
869
855
968
980
864
787
714
738
934
1015
998
947
755
651
641
531
440
312
179
201
218
164
42
-248
-554
-729
-873
-893
-868
-920
-852
-647
-501
-547
-858
-1005
-1066
-937
-496
-434
-375
-287
-312
-158
126
238
138
48
-62
146
487
658
843
717
537
631
667
751
765
580
608
658
713
938
923
717
590
469
479
561
427
376
411
397
552
612
545
477
232
139
249
286
326
320
279
418
601
679
698
490
284
334
427
705
899
822
907
1014
1122
1264
1179
1004
800
768
1020
1127
1183
1184
1005
881
933
861
654
501
292
260
333
344
260
-34
-326
-524
-771
-906
-993
-1128
-1105
-897
-627
-508
-733
-1119
-1234
-1277
-907
-493
-620
-511
-467
-398
-38
205
210
15
-191
-149
232
565
749
790
604
603
755
819
873
696
509
603
710
936
1077
892
752
618
586
700
585
380
315
333
490
712
693
578
419
186
248
343
297
251
158
231
477
654
710
631
434
346
415
563
755
755
840
1088
1240
1374
1407
1202
895
921
1050
1101
1223
1205
1068
1034
1119
1072
833
594
385
274
301
359
252
-18
-253
-479
-740
-900
-1084
-1260
-1272
-1058
-663
-576
-835
-1245
-1430
-1436
-994
-554
-728
-642
-608
-492
-69
234
248
-30
-255
-180
222
599
784
791
589
651
852
887
928
721
465
588
755
950
1088
903
753
652
697
800
569
289
201
236
451
683
652
541
367
163
242
344
210
61
-69
58
373
533
623
546
408
366
375
484
570
698
1007
1227
1240
1270
1197
902
1002
1147
1054
1047
972
930
920
1036
1005
703
443
325
222
176
221
-22
-350
-545
-781
-968
-1111
-1269
-1394
-1362
-921
-617
-928
-1412
-1643
-1741
-1390
-785
-870
-850
-846
-851
-369
16
129
-173
-532
-547
-169
295
545
576
366
416
648
782
850
574
259
275
462
739
937
786
577
473
561
785
557
124
-37
-131
60
359
412
359
142
-31
103
242
69
-167
-386
-387
-33
173
340
400
238
194
228
524
756
771
837
750
709
694
924
1061
987
1027
888
788
708
682
531
310
252
119
25
76
58
-212
-508
-743
-1135
-1510
-1706
-1732
-1666
-1403
-974
-894
-1260
-1785
-1953
-2011
-1687
-1224
-1388
-1263
-1076
-978
-540
-187
-163
-617
-888
-778
-330
171
150
45
230
634
605
324
441
399
-66
-180
106
367
271
106
352
593
422
173
56
32
-26
-387
-319
111
99
-81
-148
62
398
304
-118
-85
201
222
71
156
617
931
769
1706
2732
2721
2075
1436
1141
629
-418
-85
987
392
-173
347
684
-183
-1390
-1382
-1080
-1678
-2054
-2200
-2343
-2692
-3248
-3990
-4092
-4009
-2969
-257
1254
1063
-83
-136
732
799
-520
-376
875
1921
2371
1852
1881
1831
350
-1125
-1793
-1379
-988
-1703
-1801
-462
558
256
-1235
-2341
-1975
-1385
-1583
-1283
-62
1075
1299
640
1020
1680
571
-1047
-1341
138
1319
901
477
1180
1430
564
-659
-1094
-780
-937
-1071
-165
1163
1710
1053
338
530
678
230
163
2408
3877
4081
3654
2828
1521
199
-929
-1841
-1627
-1007
-330
-408
-758
-891
-1829
-2907
-3530
-3543
-3432
-3572
-3533
-2844
-3043
-3755
-3462
-2036
1352
2891
2404
815
885
2011
2379
486
-710
952
2370
2183
720
-248
-15
-1201
-3116
-3544
-2324
-1154
-2102
-2788
-660
1589
731
-1538
-2063
-608
642
316
401
1750
2416
1987
752
775
1264
44
-1754
-1776
-26
1160
287
-947
-451
296
-584
-1805
-1922
-716
43
-173
457
1808
2279
1310
-33
312
1383
1927
3368
3689
4095
3797
2513
709
-611
-1307
-2308
-2149
-1131
-82
-296
-1354
-1978
-2595
-3144
-3617
-3936
-3394
-3421
-3172
-2888
-3325
-3523
-2810
2170
4513
3530
1074
35
2207
2707
656
-1843
-385
2696
2647
235
-1076
-565
-1205
-3943
-4806
-2844
-86
-1164
-2859
-661
2669
2499
-1016
-2632
-368
1740
1454
245
1683
3668
2674
34
-438
1019
265
-2373
-3045
-454
1986
894
-1285
-978
704
402
-1928
-2186
166
1249
445
329
2214
3248
1503
-707
-214
1671
4368
4078
2433
3133
2794
1557
-669
-1539
-1760
-2091
-1700
-508
129
-518
-2125
-3169
-3260
-2956
-3464
-3388
-3804
-3800
-3473
-3446
-3222
1427
6147
5050
2182
-614
2118
3119
807
-2368
-2051
2173
4100
1120
-1676
-1992
-1365
-3167
-5715
-4311
-504
211
-2226
-1097
2767
4091
292
-3563
-1828
1749
2345
690
622
3352
3883
953
-972
-306
241
-1664
-3674
-1380
2337
2239
-440
-1416
487
1549
-671
-2344
-658
1764
2035
1034
1663
3125
1958
-355
-774
2978
5310
3536
2094
1473
2369
1337
-1006
-2691
-2275
-776
-641
-711
-361
-1033
-2325
-3710
-3657
-3155
-3291
-4122
-4658
-4071
-3985
-2533
5100
7720
5444
644
-1281
3295
3289
-292
-4531
-2003
4039
4668
205
-2813
-2261
-1641
-4956
-6658
-2829
1205
-108
-2503
625
4994
4443
-1558
-4816
-1256
2444
1896
-252
791
3649
2712
-887
-1990
-407
-316
-3195
-3976
364
3737
1944
-1302
-1232
1417
1482
-1410
-2335
542
2660
1859
801
1984
2848
876
-961
1771
4098
4045
2530
29
1116
1421
-97
-2679
-3100
-1069
-665
-1146
-1062
-1225
-1785
-3137
-4049
-3190
-2944
-4227
-5779
-5225
-4881
4286
9710
7491
2850
-2270
2712
3777
572
-4233
-4585
2306
5659
2229
-1930
-2917
-1630
-3960
-7341
-4597
810
1476
-1921
-611
4546
6604
1474
-5086
-3898
1089
2308
-62
-656
2598
3572
-117
-2753
-1661
-361
-2526
-5186
-2093
3334
3897
497
-1293
686
2471
245
-2600
-1001
2140
2580
1164
1411
3364
2528
538
2091
2386
3558
2338
-1042
-340
750
561
-2329
-3114
-1430
-896
-1862
-2602
-2389
-2206
-3297
-3713
-3316
-2948
-4160
-5050
-6043
765
10051
10255
5259
-2507
1040
4834
2211
-3442
-6110
59
5230
3873
-1235
-3167
-791
-2297
-7199
-6418
-314
3039
-305
-1797
3064
7386
4502
-2452
-4506
-527
2528
992
-1281
765
3804
1757
-2485
-2746
-1
-651
-4209
-4171
992
4563
2262
-1120
-455
2264
1803
-1258
-1748
1133
3232
1878
250
2232
4196
4926
2436
1066
2717
1727
139
-1392
-622
-277
-1061
-1431
-1313
-1001
-1879
-3649
-3989
-3392
-2488
-3211
-3915
-4989
-5063
-5318
1490
9496
9750
5979
-1911
1212
5012
2948
-3392
-6902
-274
5670
4143
-1524
-3660
-772
-1711
-6189
-5778
-832
2958
1000
-913
2464
6866
5024
-1753
-4522
-1029
2716
1905
-555
655
3180
2070
-1620
-2915
-1068
-704
-2644
-3093
419
4190
3201
-15
-444
1328
1388
-665
-1603
266
2336
2298
1450
2741
5817
5464
2938
655
-96
848
319
-585
-982
-198
355
-462
-1428
-2280
-3101
-3755
-4491
-3741
-2683
-2773
-4598
-6040
-6943
1895
10377
9976
5461
-2736
895
4310
3204
-2204
-6260
-664
4475
4391
-462
-3189
-942
-2329
-6089
-5325
-529
3345
1771
-382
1705
5826
5588
105
-4268
-2963
1324
2830
1146
1129
2501
1833
-704
-2073
-937
-638
-1746
-2239
-130
3409
4243
2017
-94
-62
983
273
-728
99
1453
1974
1871
4323
6524
5316
3396
-71
-1507
-180
659
65
-1590
-740
600
382
-864
-2491
-3828
-4871
-4420
-3219
-2737
-3925
-5053
-7587
-150
10095
12108
6681
-3931
-1363
3273
3592
-1343
-6260
-1275
3976
4342
-563
-3774
-823
-1731
-6390
-7156
-1426
4836
3297
-670
56
4693
5827
1194
-3940
-3937
469
2670
953
551
2938
2788
-1199
-3671
-1648
577
-303
-2116
-1243
2188
4306
2914
4
-734
565
167
-1007
-44
2294
2876
1640
3906
5751
5587
3914
-314
-1962
-1331
973
862
-977
-349
302
-434
-1775
-2392
-3316
-4658
-4871
-3779
-3587
-3798
-5579
-5211
4581
11602
12132
1982
-4799
54
3314
1664
-4984
-4307
2772
5429
1701
-3844
-3172
81
-3301
-8367
-6814
2082
6651
2145
-1816
1173
5330
3429
-2284
-5231
-1762
2236
1863
-133
1362
4087
1464
-3887
-4656
-702
1324
-889
-2047
470
3681
3820
942
-1013
-233
287
-1110
-1670
714
3437
2917
3500
4592
4789
4122
584
-1734
-2350
-388
760
-272
-29
448
-438
-2148
-3052
-3383
-3751
-4276
-3612
-4104
-4730
-5836
-3973
5632
11567
11114
1255
-4655
-40
3435
1322
-5139
-3990
3684
5904
1164
-4131
-3205
-253
-3594
-8295
-6038
2903
7305
2373
-2425
657
4638
2609
-3564
-5327
-359
3000
1995
-215
1216
3488
290
-4904
-5182
-644
1988
12
-1230
796
3456
2974
-37
-1337
26
702
-180
-532
1739
3638
3599
3958
2898
3510
2707
158
-1638
-1759
311
119
-534
-208
-382
-1650
-2605
-3233
-3253
-3210
-2875
-3125
-5031
-5738
-6121
1298
10316
13145
6381
-4015
-2747
2752
3604
-2331
-5552
512
6173
3554
-2557
-4184
-652
-1293
-7055
-7966
30
7815
5731
-1455
-1581
3625
4338
-718
-5087
-1884
2958
3046
640
444
3089
1702
-4217
-6208
-2178
1998
1061
-1336
-319
2122
2584
366
-1385
-75
886
31
-439
1469
4108
4719
4511
2852
2880
2733
802
-1324
-1611
158
306
-747
-848
-730
-1928
-2730
-3684
-3816
-3102
-2209
-2762
-5053
-6060
-5913
1305
10131
13517
6449
-4368
-3942
2193
3914
-1494
-4258
864
6039
3076
-3195
-4653
-1257
-1673
-7628
-8075
862
8510
5515
-2122
-1856
3125
3297
-755
-3208
391
3939
2689
634
1703
4162
1184
-5239
-5956
-635
3214
1368
-852
101
1306
497
-1283
-1205
710
1282
99
152
2711
4828
5193
4003
2414
2849
2382
715
-837
-516
319
-242
-1064
-1079
-1540
-2976
-3524
-3808
-3579
-2922
-2185
-4134
-6058
-6919
-2416
7007
12401
10056
-962
-5104
92
4817
1752
-3126
-388
5659
4467
-2516
-5182
-2297
-571
-5580
-8482
-2112
6834
6962
-1470
-4964
231
3278
371
-2432
516
4652
3180
-111
82
2841
2230
-3053
-5307
-1153
3341
2699
-10
-180
375
-679
-1720
-699
1086
1858
898
625
1841
3413
5953
4290
2185
1934
2158
2007
1132
1489
459
-1195
-1285
-394
-1482
-2223
-2569
-3265
-3911
-3120
-1623
-4111
-6709
-7963
-2686
8128
13460
8554
-3847
-6039
1824
5453
399
-2667
1853
6841
2845
-4501
-4931
-1186
-339
-6760
-8591
651
8494
5001
-4195
-4811
1279
1538
-1392
-782
3786
6028
2038
-1224
175
2852
859
-4215
-3689
1832
3806
1131
-229
127
-1037
-3236
-1907
1212
2592
2105
548
870
2001
4518
4461
1580
1345
2261
2150
1551
2124
1705
-1013
-2680
-1057
-680
-1397
-1372
-2541
-3881
-4033
-2049
-2972
-5990
-7107
-6035
2749
12026
12908
1801
-8191
-3430
4638
3816
-317
992
5711
5732
-1473
-5650
-3520
22
-2783
-8804
-4286
6102
7116
-2045
-7412
-2399
1262
-645
-510
2944
5301
2994
-1268
-1562
2055
3132
-1140
-3500
1064
4748
1558
-1548
-758
-552
-2940
-2763
844
2934
2707
972
-622
-69
3543
5385
2706
1433
3439
3409
1339
1439
2240
309
-1958
-1220
-590
-1363
-852
-1509
-4344
-5236
-2511
-2016
-5524
-6783
-6576
-74
9146
12078
3663
-8085
-5277
4417
5273
802
1455
5459
5418
-1508
-6446
-4190
650
26
-6277
-5111
4910
7142
-2184
-9003
-4205
1447
-465
-693
3224
5592
3103
-2257
-3347
704
3576
828
-2611
526
4758
1868
-2110
-1196
224
-1782
-2258
1124
2441
1147
158
-886
-1281
1747
5632
4795
2331
2755
1762
-871
2
2574
1955
-508
-137
699
-1378
-2342
-2250
-4470
-5519
-2522
-648
-3985
-5836
-5685
-1486
7084
11060
4837
-7228
-6721
4486
6891
1605
1524
5179
5666
-1066
-5662
-3852
195
891
-4922
-5594
3166
6614
-1624
-9147
-5048
1681
-100
-1036
3246
4579
1579
-2133
-2399
952
3831
2613
-1026
-270
3000
679
-2501
-1006
418
-1305
-1696
1828
2425
-1016
-1914
-860
-479
2072
5600
5044
2523
2402
1550
-1271
-540
2891
2628
-189
8
527
-2364
-3846
-2571
-3832
-5261
-2595
-1175
-5451
-6940
-6241
-2015
6661
10610
4650
-7305
-6807
5059
6812
976
1906
5607
5530
-1082
-4947
-2615
297
1044
-4225
-5515
2731
4962
-3358
-9848
-5079
1621
-418
-806
3160
2699
-458
-2864
-2293
963
3886
3916
764
474
3240
767
-2688
-1055
347
-1201
-1084
2282
1503
-2803
-2522
-612
-1338
-190
4030
4972
2515
1636
20
-2310
296
4349
3035
-642
-494
192
-2748
-4166
-2277
-2621
-3870
-2253
-2219
-6622
-8002
-6204
-3276
4109
9243
4791
-6405
-7437
3233
5962
1434
2418
5704
5094
-463
-3705
-2373
452
1675
-2079
-3783
2133
3573
-4171
-9203
-4794
575
-1160
-786
3011
1400
-2272
-3246
-1998
590
2890
3286
1233
341
1570
96
-1465
1110
2127
-535
-929
2299
1188
-3414
-2665
565
455
943
4064
3601
785
194
-544
-1375
1698
5259
3059
-1116
-906
-689
-3331
-3538
-990
-1396
-3356
-2241
-2261
-6409
-7876
-6331
-5253
2382
9571
5282
-6767
-9690
1270
6221
2339
3077
5057
3831
-257
-3564
-2649
1322
4130
-417
-4617
927
4038
-3760
-8650
-4087
1480
138
-661
2145
-401
-4196
-3304
-1196
1359
4194
4153
224
-1983
-34
-53
-816
2391
3337
60
-472
1820
69
-4089
-2261
1792
1395
1046
3684
3436
304
-210
105
-175
2667
5670
2571
-2159
-1286
559
-1384
-2011
-21
-791
-3481
-3435
-3211
-5080
-5392
-4347
-5837
-1235
8449
6480
-5261
-11531
-2980
6759
5513
3514
3357
2135
322
-2726
-2467
2296
6170
1914
-5552
-2937
3475
-1263
-7164
-4122
1280
1302
-1282
-344
-1153
-4312
-3414
-601
1892
4176
3337
-668
-2909
-572
1590
1382
2868
3243
-750
-2251
89
810
-1459
-883
2240
1679
-341
353
1981
1426
1345
1938
1387
2606
4084
2013
-1332
-1057
1255
732
-800
-670
-1248
-2774
-3229
-2839
-3308
-4040
-4161
-5526
-6044
1896
8227
1403
-7601
-7950
1363
7083
4216
1522
956
1417
747
-1419
599
5210
4525
-2053
-5342
711
3898
-2670
-5729
-1826
1182
-188
-2070
-1312
-1816
-3060
-1557
611
2417
2373
-265
-2017
-1001
1683
3014
2544
2367
535
-2027
-689
1731
1304
-857
-321
967
-78
-722
433
1820
2017
1708
1182
1297
2569
2895
1242
453
1699
1747
168
-747
-963
-1445
-1787
-1770
-2315
-2999
-3893
-4531
-5508
-5084
891
6161
1405
-6347
-8784
-1165
7331
5699
999
-107
1274
775
-1790
73
5200
5127
-370
-4053
115
3728
-1169
-5060
-2141
1601
573
-2688
-2196
-1030
-2019
-1547
659
1873
857
-1680
-2328
-697
1863
3505
2860
1475
44
-1149
-37
2001
2324
736
-299
160
-214
-367
641
2400
2960
1958
831
685
1467
2280
2307
1929
1879
1415
331
-191
7
-214
-875
-1175
-1864
-2645
-2978
-3288
-4125
-4242
-2546
2558
3830
-3141
-8366
-6057
4072
8582
3205
-1228
-510
520
-530
-489
4230
6788
2079
-3454
-2972
2866
3508
-1974
-2745
975
1420
-2043
-3283
-60
807
-1459
-916
1146
1068
-1271
-2575
-716
1701
2773
2112
279
-578
-387
148
2480
3711
2215
-497
-1382
-260
605
1948
2616
2726
2445
1204
598
1663
2883
3239
2433
1588
1200
576
797
1433
1128
152
-695
-1107
-2195
-2352
-1182
-1837
-3441
-3873
-3019
323
3221
-1178
-6692
-5871
3515
8364
1939
-2979
-969
1262
388
447
4235
5791
923
-3279
-2442
3183
5170
-127
-2904
501
1986
-1168
-2674
1078
2221
-1493
-1666
1097
1451
-505
-1518
-121
1136
980
295
-41
154
868
1405
2367
2322
688
-765
-532
1528
2375
2476
2273
1525
1743
2497
2156
2417
2825
2407
2095
2252
2567
1588
874
1851
1519
-402
-685
135
-36
-1182
-504
-228
-2619
-3898
-2920
-2204
1440
3684
-2114
-6754
-3735
5198
6265
-376
-2222
43
192
-211
1396
4734
3832
-1052
-2904
-622
4555
4837
-624
-1998
1237
1269
-1165
-765
2822
2338
-996
-706
1091
966
-1048
-1729
220
1525
641
-338
-593
-136
263
460
1561
1403
-89
-874
201
2075
2542
2540
1756
792
1990
2822
2468
2881
3024
2268
1364
2156
3055
1505
989
1510
317
-359
527
1179
-221
-1197
-471
-1427
-3059
-2349
-1855
-2460
-769
3290
310
-5876
-5289
1227
5838
2334
-1857
-2128
-546
306
638
1889
3969
1143
-2993
-2425
2973
5640
1180
-2343
-122
1501
-76
-562
1767
3045
0
-1941
-101
1786
566
-1444
-359
1648
181
-2154
-1353
635
949
199
540
697
-551
-802
163
1615
2315
1492
341
-264
1531
3704
2790
2098
2429
1816
1292
1924
3018
2176
853
1619
1705
652
727
932
145
-934
-571
-176
-1563
-2133
-1324
-2285
-3338
-1794
1880
-770
-5665
-4554
854
4991
1421
-3398
-3071
77
1068
714
1481
3477
366
-3312
-1176
4468
5903
721
-2686
29
1844
-168
-726
2084
3534
-614
-3051
32
2765
620
-2275
-777
1701
-76
-2499
-642
1948
1354
-583
-101
1074
382
-470
293
1692
1792
427
-30
901
2067
2711
1619
1591
1971
1213
1018
2560
4284
3180
579
811
1908
1613
1459
1873
1691
294
-313
181
-321
-914
-924
-2166
-3530
-3038
-754
960
-2451
-5009
-3935
248
3187
-311
-3500
-1828
557
404
105
2088
3658
-328
-2392
641
4713
4024
-361
-1400
1593
2074
-62
-468
2087
2505
-2003
-3129
799
2803
-92
-2089
54
1396
-999
-1872
554
1972
787
-875
-110
990
620
29
935
2091
939
-1054
-577
1361
1695
1438
1277
1963
1600
753
1309
2486
2923
1859
615
1691
2902
2151
1246
1670
1882
295
-302
760
549
-1016
-1726
-2005
-2553
-3044
-2270
-1058
-603
-3206
-4957
-3480
1390
2677
-1801
-3754
-870
1042
183
192
2460
2367
-1251
-1447
2017
4769
2552
-1012
-801
1773
1054
-1111
-359
2490
987
-3072
-1804
2081
1678
-1659
-1320
1224
360
-2289
-1583
1278
1949
-160
-1395
413
1280
-310
-970
1042
1720
-589
-1369
965
2158
770
296
1173
1854
1195
1103
2233
3191
2537
845
382
2195
2813
1297
852
1747
888
-1194
-594
969
-187
-2275
-2051
-1641
-2378
-3263
-3053
-2032
-703
-1681
-4474
-4040
-13
2669
-518
-3283
-1530
355
-249
-266
1488
2556
173
-1997
-450
2850
3501
167
-1864
162
1218
-751
-883
1802
2421
-1015
-2337
77
1304
-369
-1216
235
603
-1227
-2060
-204
1539
405
-1869
-1264
752
67
-1413
-36
1993
338
-2006
-569
2078
1887
391
577
1590
1642
971
1383
2936
3506
1560
-126
866
2526
1698
238
774
1322
-283
-1404
-108
587
-916
-2308
-1705
-1414
-1970
-2317
-2117
-1570
-1192
-1334
-2828
-3252
-1804
669
1264
-598
-2023
-1727
-695
278
667
918
260
-1398
-1395
902
3348
2418
-273
-955
435
657
220
950
2085
778
-1489
-1036
1216
1764
-84
-1047
-322
-75
-1201
-1171
590
1199
-556
-1686
-188
1068
264
-347
814
1471
147
-799
661
2225
1852
860
1094
1731
1248
743
1668
2818
2081
292
162
1404
1576
626
518
1049
300
-1099
-651
1082
1232
-332
-1257
-639
-502
-1512
-1961
-1333
-997
-1707
-1739
-972
-1164
-2050
-1917
-89
435
-1453
-2259
-1222
-81
75
-10
827
845
-360
-714
964
2542
1735
-299
-221
854
579
6
684
1777
695
-1130
-931
665
916
-353
-896
52
203
-852
-744
537
1017
80
-565
220
968
410
-34
782
1355
582
81
651
987
601
487
999
1313
800
227
683
1536
1505
796
876
1387
1083
385
724
1482
1016
-64
-16
848
682
-217
-471
-98
-240
-838
-1292
-1453
-1490
-1794
-2049
-1579
-820
-1159
-1825
-1585
-657
-564
-1183
-579
-122
-582
-707
-233
446
459
47
102
655
871
430
-271
-17
607
152
-313
151
743
205
-481
202
1041
503
-140
-34
423
419
-63
9
666
888
147
-439
78
789
179
-455
24
606
108
-394
126
657
489
40
180
610
1024
811
558
974
1341
1045
834
1300
1226
665
558
1123
1242
889
736
593
297
24
-32
-39
-98
-326
-642
-812
-690
-799
-1301
-1571
-1278
-996
-1058
-1019
-926
-1244
-1279
-1131
-998
-750
-798
-935
-1167
-1237
-953
-683
-535
-361
-292
-187
-27
-103
-47
90
226
59
-78
250
685
761
711
663
407
139
50
158
115
86
74
-141
-222
-75
80
159
-3
-349
-524
-279
33
122
137
88
45
-46
-2
250
530
702
510
521
886
1122
1006
787
668
649
754
875
842
561
364
239
102
265
569
499
44
-356
-405
-375
-407
-472
-677
-1042
-1258
-1566
-1798
-1606
-1109
-1054
-1588
-1576
-1548
-1822
-1579
-1175
-1155
-1154
-1248
-1219
-968
-471
-11
-224
-342
-96
-117
-111
186
242
72
-183
-22
152
59
337
552
266
-78
-96
-6
-21
-96
-120
-294
-364
-268
-386
-422
-95
-15
-278
-205
32
-83
-172
139
140
-145
-14
228
237
233
506
644
360
367
562
555
607
538
345
411
819
888
536
614
866
433
-30
124
231
-27
-67
169
-13
-536
-787
-857
-1001
-1185
-1439
-1743
-1813
-1523
-1407
-1450
-1172
-1020
-1327
-1705
-1597
-1217
-1306
-1121
-685
-557
-559
-461
-313
-190
-76
-304
-624
-517
134
373
17
-158
-92
-164
-261
-138
102
311
133
-282
-425
-38
225
10
-240
-170
-139
-263
-101
165
228
-65
-289
-90
200
303
133
-142
-83
196
313
281
413
507
217
129
400
633
795
715
581
593
577
538
613
761
755
461
288
399
439
247
-111
-147
186
260
-46
-262
-311
-444
-747
-876
-789
-935
-1322
-1662
-1680
-1380
-1123
-1111
-1150
-1217
-1452
-1676
-1323
-967
-1051
-1111
-1093
-818
-579
-473
-295
-217
-429
-672
-674
-268
188
178
-76
-314
-246
-115
-92
-23
155
34
-200
-144
72
137
2
-76
-228
-268
-70
103
39
-112
-270
-294
-120
-20
-131
-284
-213
-196
-286
-188
-66
-162
-304
-334
-296
-137
100
185
223
370
345
172
169
464
600
478
504
586
561
444
333
174
56
80
83
-34
-178
-184
-280
-543
-711
-797
-1019
-1198
-1337
-1606
-1894
-1827
-1466
-1319
-1396
-1367
-1426
-1581
-1743
-1697
-1164
-1088
-1229
-1378
-1251
-771
-561
-735
-900
-746
-554
-507
-579
-213
10
-90
-409
-430
-42
125
105
185
321
220
40
-34
156
140
-216
-428
-402
-280
-229
-309
-351
-319
-475
-524
-386
-395
-627
-735
-476
-201
-186
-226
-137
-77
-172
-212
4
194
187
54
33
333
551
354
142
372
749
829
587
462
409
328
325
362
462
583
471
112
-39
166
241
-150
-486
-514
-535
-680
-791
-947
-1214
-1407
-1553
-1644
-1713
-1546
-1447
-1581
-1638
-1486
-1522
-1531
-991
-1005
-1201
-1023
-725
-707
-713
-157
220
-36
-348
-227
-137
144
195
30
-12
52
70
-78
157
568
445
-83
-159
37
45
-41
-15
13
-140
-250
-250
-258
-224
-234
-464
-651
-588
-375
-239
-94
-52
-194
-177
61
55
-14
286
465
230
118
490
731
684
550
487
570
652
592
489
656
805
651
455
663
831
567
224
139
241
201
220
307
167
-97
-134
3
9
-240
-443
-561
-767
-886
-951
-1041
-1215
-1451
-1695
-1580
-1014
-904
-1381
-1625
-1445
-1373
-1434
-1083
-895
-944
-1012
-945
-631
-286
-115
-292
-449
-366
-116
-174
-91
20
-125
-276
-169
118
189
120
158
249
57
-102
-84
-47
-47
28
192
230
127
-1
-59
40
169
-12
-238
-118
23
-77
-97
93
190
58
-89
-106
-114
-26
74
67
146
293
357
238
367
656
567
452
525
546
551
742
918
748
440
560
643
381
314
470
457
260
72
-58
-101
-6
-24
-370
-550
-358
-387
-808
-943
-723
-771
-1261
-1548
-1555
-1631
-1726
-1781
-1651
-1315
-1149
-1312
-1607
-1391
-1105
-1437
-1353
-1025
-792
-786
-960
-757
-444
-207
-74
-77
-198
-128
-273
-179
137
188
94
-38
-42
-24
4
95
160
-174
-492
-378
-88
67
-62
-186
-184
-118
-108
-103
-20
140
50
-163
-52
184
256
107
-2
30
66
125
184
59
-39
-63
-61
96
223
141
-48
54
74
17
167
244
68
-203
-138
73
203
180
105
19
122
286
327
322
201
86
12
153
267
108
-226
-321
-238
-161
-52
-157
-465
-789
-843
-669
-581
-659
-893
-1354
-1749
-1740
-1457
-1208
-1126
-1352
-1683
-1771
-1591
-1467
-1622
-1220
-1001
-1246
-1123
-815
-497
-443
-328
-163
-79
-108
-46
-78
106
492
371
190
201
340
298
274
445
556
353
133
153
162
330
312
107
-149
-326
-313
-275
-160
-162
-399
-592
-368
-180
-278
-340
-249
-206
-286
-251
-130
-133
-119
-64
-14
98
193
167
2
88
294
363
368
568
672
553
544
494
423
418
590
618
371
254
248
147
14
164
333
240
-14
-152
-159
-96
25
-4
-94
-196
-212
-337
-426
-415
-480
-591
-682
-734
-949
-1117
-1184
-1267
-1414
-1508
-1404
-1419
-1337
-1204
-1133
-1203
-1294
-1307
-1423
-1008
-811
-819
-742
-764
-644
-497
-226
-146
-264
-402
-213
-125
-43
122
27
-79
-131
29
179
166
29
-47
-86
-35
126
47
-42
-206
-319
-247
-67
83
-26
-286
-368
-360
-441
-281
-84
-49
-212
-391
-314
-123
-36
-123
-243
-80
169
175
130
253
372
184
41
163
318
247
25
108
185
267
322
183
-15
-47
49
22
-22
35
131
-38
-81
-33
-117
-143
-80
-118
-347
-311
-114
-191
-434
-420
-270
-354
-514
-578
-597
-640
-634
-641
-666
-706
-854
-1084
-1197
-1033
-969
-1250
-1499
-1400
-1215
-1054
-966
-936
-1160
-1093
-1171
-1279
-791
-689
-509
-493
-537
-374
-282
-222
-201
-156
-41
179
66
200
333
220
190
199
340
388
324
318
365
172
141
259
207
187
23
-7
-9
-49
-41
-43
-17
84
-53
-229
-52
25
-43
-108
-50
66
21
-24
37
67
67
45
-1
101
131
11
-27
82
160
120
204
346
354
230
157
150
213
213
208
226
216
174
122
165
157
102
-2
-9
90
160
128
-2
-37
-33
-33
8
56
79
46
-12
-87
-156
-134
-105
-182
-299
-365
-423
-481
-537
-595
-622
-791
-949
-989
-1028
-1129
-1294
-1098
-788
-718
-895
-968
-1031
-1167
-779
-596
-422
-342
-715
-779
-417
55
92
-74
-116
-43
-198
-165
167
248
131
-96
-20
248
415
359
238
182
104
76
85
315
313
17
-203
-81
189
242
196
197
146
-17
42
174
272
336
152
22
104
223
243
276
405
361
179
256
466
412
247
188
322
447
452
491
520
518
493
454
527
650
514
267
349
606
629
427
340
410
383
330
385
357
195
77
79
146
168
110
-15
-73
-47
-54
-83
-51
-102
-302
-470
-409
-314
-387
-483
-513
-519
-634
-777
-875
-1104
-1373
-1423
-1346
-1311
-1298
-1406
-1398
-1151
-1031
-1135
-1220
-1122
-1181
-1046
-762
-658
-537
-619
-629
-442
-230
-151
-206
-227
-231
-285
-209
160
377
299
48
-16
251
457
496
517
529
408
361
410
569
680
502
319
317
461
480
314
268
326
306
244
229
233
229
199
180
248
276
278
270
251
231
219
253
296
304
269
238
208
227
174
58
-15
-49
31
73
35
-25
-129
-227
-166
-18
26
-17
-50
-75
-192
-272
-193
-97
-20
-102
-327
-462
-373
-315
-462
-630
-605
-461
-495
-587
-605
-541
-584
-723
-752
-565
-386
-475
-614
-638
-538
-566
-754
-771
-721
-797
-948
-1081
-1083
-1081
-1169
-1225
-1135
-932
-880
-1014
-993
-811
-847
-770
-530
-374
-212
-245
-254
-99
100
233
269
236
272
307
189
247
378
371
261
185
296
331
224
219
295
265
252
253
300
383
272
112
164
349
403
229
97
122
32
-160
-193
-95
1
-44
-228
-318
-366
-392
-328
-269
-208
-184
-231
-208
-178
-151
-106
-37
23
-24
-4
103
115
2
14
120
157
81
-51
-54
-37
-72
-111
-93
-10
9
-81
-114
-27
69
50
-26
-61
-44
4
85
178
125
-32
-153
-149
-80
-81
-191
-322
-404
-352
-258
-214
-214
-280
-370
-448
-499
-430
-367
-411
-492
-553
-554
-695
-854
-926
-937
-905
-957
-945
-787
-740
-886
-953
-801
-666
-636
-614
-486
-283
-251
-338
-242
-24
40
-24
-33
80
113
-9
-52
139
310
242
76
90
165
135
88
89
119
144
119
109
164
157
127
131
181
219
201
212
234
270
266
214
160
84
19
-1
10
-27
-26
46
102
68
42
73
157
208
181
225
344
462
444
355
306
251
231
219
238
233
153
22
-98
-169
-169
-148
-120
-80
-51
-46
-103
-105
-64
-20
20
70
81
71
71
48
31
30
10
-20
-33
-78
-168
-230
-293
-313
-395
-521
-484
-478
-527
-577
-576
-562
-598
-623
-597
-543
-530
-577
-664
-646
-586
-607
-583
-604
-629
-735
-824
-748
-652
-612
-598
-560
-526
-510
-488
-396
-246
-62
35
-18
-36
11
72
172
260
318
276
172
60
10
-17
-59
-68
-100
-117
-128
-137
-109
-88
-120
-158
-126
11
135
162
186
157
123
180
277
390
472
454
317
219
251
360
415
355
256
171
171
214
269
298
266
209
155
185
271
320
273
193
151
119
146
189
172
27
-143
-141
-95
-127
-221
-300
-343
-369
-380
-317
-205
-157
-193
-246
-215
-163
-185
-244
-229
-146
-78
-62
-120
-244
-346
-407
-406
-390
-408
-466
-582
-689
-730
-693
-586
-515
-521
-578
-648
-630
-633
-642
-575
-562
-556
-506
-466
-468
-448
-493
-530
-510
-475
-393
-416
-440
-383
-340
-353
-373
-349
-281
-253
-230
-145
-100
-18
34
-10
-11
73
125
134
131
110
144
165
117
67
0
-4
8
-40
4
113
178
115
5
25
109
173
212
233
254
287
244
195
242
228
157
150
219
245
159
65
63
42
30
93
128
153
161
156
147
132
156
190
175
170
170
129
118
127
136
136
156
109
-23
-56
-15
-2
-29
-55
-107
-178
-169
-92
-39
-98
-211
-282
-290
-265
-227
-196
-232
-298
-363
-333
-223
-231
-376
-455
-395
-337
-375
-436
-412
-356
-369
-395
-377
-329
-348
-405
-405
-355
-294
-353
-426
-431
-407
-406
-362
-309
-340
-395
-479
-427
-327
-304
-291
-266
-234
-188
-138
-99
-64
-54
-6
76
124
161
150
110
89
65
61
115
142
139
115
93
140
133
53
26
54
74
100
128
173
220
197
168
198
241
229
157
92
104
145
170
144
126
162
193
149
76
31
50
89
86
139
202
204
144
110
138
164
126
110
86
72
69
45
79
112
88
-10
-116
-141
-122
-122
-90
-59
-92
-156
-203
-227
-228
-206
-165
-135
-127
-131
-135
-138
-179
-225
-257
-226
-164
-176
-209
-290
-346
-363
-318
-266
-301
-369
-451
-482
-460
-413
-377
-384
-439
-441
-379
-338
-364
-454
-481
-437
-386
-361
-353
-337
-325
-343
-359
-314
-274
-271
-259
-227
-182
-204
-221
-188
-161
-136
-108
-107
-142
-189
-225
-160
-84
-77
-154
-262
-255
-187
-105
-65
-78
-106
-77
-27
9
11
27
80
127
148
128
157
216
264
263
278
352
402
388
345
350
365
382
392
421
438
459
474
409
355
358
369
351
298
271
281
264
225
190
180
178
97
-14
-35
31
88
44
39
91
108
94
71
97
92
55
70
153
209
189
139
129
140
94
29
30
74
62
-19
-60
-31
-23
-89
-102
-74
-64
-54
-39
8
32
15
13
57
64
48
0
-25
-17
-23
-21
21
48
25
-33
-59
-54
-66
-50
4
32
21
33
71
87
78
85
112
144
152
163
185
169
145
157
203
250
188
82
63
121
181
196
202
209
212
247
310
387
425
437
450
482
518
547
573
572
544
489
472
505
518
466
402
360
330
342
389
412
351
296
314
372
389
361
387
469
533
523
467
461
483
467
402
432
537
544
486
454
483
506
465
411
417
469
508
554
575
544
510
496
465
450
479
540
521
394
299
300
356
328
230
145
100
69
0
-40
13
60
19
-56
-37
67
131
111
101
116
145
158
168
206
219
228
248
233
229
216
184
158
170
222
217
173
140
163
202
184
175
243
338
367
325
291
329
367
350
326
339
388
411
396
379
376
386
366
362
413
459
479
521
585
641
661
638
662
723
779
837
861
872
858
841
867
880
847
799
758
739
742
730
752
775
735
665
645
672
673
663
677
732
775
778
760
762
743
705
692
716
727
679
633
622
606
607
611
584
519
454
454
515
531
511
504
515
536
497
469
495
548
533
473
480
507
493
425
363
363
350
303
296
289
271
246
220
230
210
195
205
209
235
260
273
248
189
163
172
198
199
174
155
152
99
23
-24
-29
-13
-7
-35
-59
-54
-60
-78
-81
-60
-53
-80
-95
-72
-48
-44
-9
27
-16
-85
-152
-132
-80
-67
-86
-121
-134
-109
-88
-72
-41
-47
-70
-85
-76
-73
-67
-38
-29
-58
-88
-100
-78
-88
-140
-187
-233
-223
-203
-204
-196
-198
-198
-215
-240
-225
-180
-140
-120
-111
-65
-41
-68
-112
-118
-93
-56
-13
4
11
-6
-67
-135
-168
-143
-109
-111
-163
-195
-213
-228
-221
-221
-210
-224
-254
-266
-268
-270
-274
-314
-373
-427
-436
-418
-431
-449
-456
-474
-514
-560
-587
-568
-527
-478
-445
-396
-394
-451
-445
-383
-310
-310
-332
-333
-319
-305
-282
-284
-288
-298
-321
-346
-344
-309
-297
-315
-311
-299
-312
-318
-272
-247
-254
-212
-172
-192
-241
-275
-274
-232
-183
-183
-242
-294
-302
-316
-325
-291
-271
-293
-344
-337
-288
-262
-275
-275
-208
-142
-104
-90
-94
-72
-54
-31
10
48
68
63
57
54
80
88
84
24
-17
-1
57
105
117
120
100
115
148
194
247
283
277
267
280
318
336
349
382
400
372
343
365
385
363
368
377
359
320
310
360
397
426
419
393
405
395
393
420
441
446
402
358
364
345
302
311
335
327
282
238
233
218
179
170
193
238
276
235
192
209
222
215
194
205
206
228
262
276
279
264
245
246
254
257
247
255
292
284
248
278
311
312
324
349
394
403
374
364
383
426
433
416
416
439
451
447
455
446
421
391
380
393
409
401
392
405
434
398
380
409
397
415
456
473
451
416
393
401
409
426
427
416
407
400
400
384
351
298
278
282
286
261
211
188
153
142
155
150
116
68
44
41
64
95
81
25
-16
6
28
23
7
-40
-87
-71
-22
17
-11
-33
-19
15
42
52
81
103
153
184
215
238
286
292
287
313
346
360
370
394
367
356
383
382
334
301
287
274
302
322
307
296
260
213
197
221
258
245
221
190
183
186
180
202
215
198
190
199
185
165
149
150
147
145
141
149
137
117
111
98
101
124
147
150
135
122
97
98
132
128
114
126
147
123
92
90
74
69
77
97
131
152
169
188
209
253
291
287
272
297
341
351
362
361
346
296
276
286
286
263
238
233
220
233
239
233
213
199
193
202
210
208
193
175
165
168
157
162
137
86
76
60
30
-20
-57
-59
-46
-69
-105
-152
-179
-222
-228
-191
-177
-206
-241
-259
-261
-262
-272
-276
-257
-227
-233
-243
-234
-233
-276
-297
-242
-214
-251
-249
-210
-211
-243
-226
-147
-81
-108
-123
-108
-106
-96
-78
-33
-27
-65
-57
-49
-79
-71
-81
-89
-87
-73
-76
-71
-55
-39
-43
-4
65
58
-5
-15
52
92
86
103
110
90
74
60
91
89
59
24
-12
7
11
-11
-45
-61
-90
-122
-89
-74
-124
-181
-182
-160
-158
-180
-189
-187
-182
-197
-236
-280
-271
-240
-203
-174
-181
-192
-213
-231
-201
-158
-132
-118
-88
-65
-50
-35
-35
-2
-4
-24
-35
12
45
26
-17
-38
-35
-22
-7
-35
-44
-28
-40
-47
6
81
104
49
20
59
129
196
227
235
247
258
248
258
319
368
341
306
318
370
390
372
373
374
409
432
431
441
441
440
452
489
513
521
505
512
544
550
545
540
530
552
577
606
611
597
578
581
606
639
659
662
668
668
707
770
820
835
832
842
883
915
937
942
928
932
996
1047
1043
991
987
999
988
982
1031
1073
1042
977
982
1037
1060
1038
999
1025
1036
1020
986
995
1027
994
973
982
976
943
923
922
936
948
922
896
867
838
821
811
832
833
775
772
791
789
755
724
742
763
743
716
742
747
705
674
670
663
668
685
685
670
631
604
585
579
604
585
552
537
541
522
509
493
446
419
393
374
369
365
312
258
250
244
230
208
196
176
166
172
191
211
203
197
190
203
206
229
256
254
241
182
169
204
239
250
229
240
235
172
134
130
136
143
154
140
110
81
84
81
68
88
100
81
52
60
81
87
88
95
98
98
117
121
143
175
178
189
197
205
238
261
277
321
364
373
363
382
393
387
403
422
371
329
350
380
363
340
345
318
274
280
309
323
316
305
296
317
350
350
346
349
360
353
344
344
338
351
350
353
381
362
332
310
295
288
260
252
247
225
190
179
172
170
146
118
126
122
75
17
6
13
19
16
0
6
19
-40
-73
-33
2
-1
-7
-8
1
-2
20
39
53
78
56
33
59
104
120
110
91
83
64
82
104
94
51
22
-15
-29
-9
-20
-6
-39
-72
-92
-90
-62
-55
-78
-94
-64
-56
-45
-14
14
35
68
68
36
42
97
125
124
133
133
124
84
73
99
103
79
57
61
48
39
-4
-36
-35
-30
-31
-28
-11
-38
-66
-93
-96
-97
-60
-28
-63
-69
-61
-58
-74
-70
-56
-69
-65
-56
-38
-18
-20
-20
-38
-45
-32
-35
-38
-37
-31
-49
-55
-53
-66
-93
-95
-97
-129
-159
-140
-128
-154
-181
-210
-226
-218
-210
-208
-203
-208
-224
-255
-252
-215
-175
-169
-146
-123
-121
-136
-156
-145
-146
-113
-92
-78
-79
-120
-143
-165
-184
-161
-135
-161
-184
-202
-214
-228
-237
-247
-240
-232
-246
-250
-233
-248
-266
-264
-250
-245
-237
-215
-190
-164
-161
-167
-165
-129
-95
-73
-55
-17
11
12
19
28
6
0
32
59
34
11
0
20
41
4
-39
-55
-36
-42
-41
-24
0
-30
-60
-72
-73
-55
-45
-24
-32
-32
-14
-33
-57
-40
-15
-15
-26
-30
-35
-62
-78
-112
-108
-106
-96
-102
-149
-162
-164
-173
-188
-195
-193
-189
-219
-218
-211
-221
-224
-228
-239
-256
-261
-266
-270
-272
-244
-248
-274
-271
-266
-255
-243
-232
-213
-224
-253
-250
-252
-226
-218
-225
-256
-267
-274
-318
-339
-344
-345
-357
-383
-383
-384
-396
-419
-435
-439
-463
-463
-442
-393
-369
-375
-374
-370
-351
-316
-275
-234
-217
-227
-212
-199
-176
-173
-172
-150
-137
-117
-124
-158
-159
-123
-111
-124
-91
-62
-71
-88
-72
-36
-28
-23
-23
-28
-22
-28
-60
-76
-71
-65
-93
-95
-84
-88
-98
-84
-73
-74
-93
-107
-95
-65
-57
-83
-68
-59
-69
-91
-93
-96
-121
-146
-161
-171
-191
-208
-230
-272
-311
-331
-326
-343
-382
-402
-417
-429
-446
-476
-493
-487
-480
-467
-467
-462
-460
-464
-460
-448
-422
-417
-422
-434
-458
-458
-442
-431
-426
-427
-425
-440
-448
-453
-461
-437
-399
-393
-392
-382
-380
-367
-372
-370
-366
-390
-410
-416
-414
-402
-390
-385
-391
-417
-433
-433
-428
-420
-408
-401
-401
-416
-410
-402
-430
-438
-444
-433
-443
-446
-452
-452
-459
-500
-524
-518
-496
-529
-549
-526
-524
-539
-580
-563
-524
-517
-527
-543
-533
-513
-496
-482
-452
-441
-448
-451
-444
-435
-437
-450
-447
-452
-436
-421
-397
-381
-405
-421
-407
-387
-361
-327
-316
-317
-331
-321
-300
-282
-292
-307
-310
-290
-280
-254
-234
-248
-250
-280
-298
-271
-243
-249
-255
-237
-241
-252
-266
-281
-290
-301
-310
-329
-359
-363
-372
-407
-423
-423
-440
-461
-485
-501
-494
-467
-471
-494
-521
-500
-471
-484
-487
-457
-432
-436
-434
-420
-372
-341
-358
-385
-372
-334
-339
-344
-334
-321
-325
-308
-298
-296
-275
-283
-296
-294
-268
-250
-239
-241
-244
-231
-228
-242
-248
-243
-243
-249
-272
-250
-233
-233
-231
-222
-199
-184
-163
-156
-166
-157
-145
-147
-122
-97
-84
-102
-130
-142
-145
-159
-173
-181
-187
-193
-195
-211
-237
-241
-248
-260
-262
-248
-248
-252
-243
-234
-241
-240
-219
-217
-236
-232
-202
-203
-215
-220
-206
-182
-195
-199
-198
-188
-159
-158
-154
-154
-147
-155
-169
-153
-139
-146
-162
-167
-178
-193
-196
-192
-197
-206
-212
-217
-238
-244
-268
-268
-256
-256
-243
-220
-184
-188
-200
-191
-144
-125
-125
-99
-75
-61
-72
-74
-54
-34
-47
-70
-66
-47
-55
-93
-99
-98
-117
-128
-141
-129
-124
-146
-162
-175
-165
-158
-182
-200
-191
-193
-196
-214
-226
-220
-242
-268
-269
-253
-246
-243
-251
-276
-282
-278
-280
-277
-284
-290
-283
-273
-268
-274
-279
-279
-279
-268
-251
-235
-244
-250
-265
-285
-275
-260
-259
-280
-265
-253
-272
-268
-274
-275
-263
-244
-223
-222
-228
-225
-227
-211
-185
-189
-208
-226
-206
-183
-188
-178
-191
-202
-211
-229
-220
-211
-209
-225
-245
-233
-218
-217
-244
-260
-251
-266
-271
-286
-293
-300
-315
-329
-359
-369
-344
-334
-364
-386
-386
-393
-393
-386
-374
-360
-367
-375
-389
-371
-355
-350
-341
-327
-315
-324
-323
-325
-321
-334
-325
-298
-286
-275
-272
-279
-280
-289
-287
-265
-262
-262
-274
-258
-239
-236
-251
-258
-243
-244
-247
-249
-245
-264
-270
-261
-256
-273
-320
-339
-342
-342
-331
-334
-338
-365
-374
-362
-345
-339
-348
-340
-320
-306
-301
-311
-313
-325
-333
-298
-265
-279
-308
-318
-306
-286
-271
-273
-260
-259
-279
-287
-269
-255
-267
-260
-254
-230
-243
-253
-265
-263
-257
-273
-256
-228
-225
-227
-218
-204
-185
-188
-185
-168
-152
-157
-167
-162
-159
-159
-145
-135
-146
-164
-187
-182
-190
-194
-167
-173
-190
-196
-217
-224
-229
-235
-236
-233
-228
-222
-226
-244
-247
-241
-225
-220
-217
-237
-249
-226
-207
-210
-228
-218
-221
-218
-240
-239
-224
-241
-235
-220
-211
-217
-242
-265
-256
-237
-230
-242
-249
-243
-255
-264
-265
-254
-261
-280
-292
-277
-278
-277
-272
-283
-271
-273
-271
-257
-252
-257
-237
-219
-200
-187
-189
-206
-204
-198
-200
-199
-208
-213
-197
-195
-203
-219
-236
-228
-229
-245
-249
-264
-274
-265
-261
-262
-255
-271
-298
-315
-303
-285
-289
-304
-310
-319
-318
-321
-323
-334
-358
-374
-373
-352
-353
-362
-367
-386
-377
-377
-364
-355
-361
-360
-370
-365
-373
-389
-395
-383
-395
-419
-429
-422
-436
-454
-449
-460
-454
-453
-468
-460
-463
-462
-482
-483
-454
-439
-440
-438
-445
-445
-452
-466
-475
-475
-477
-492
-502
-505
-492
-493
-499
-522
-533
-552
-565
-566
-546
-534
-538
-549
-574
-582
-583
-579
-570
-547
-544
-543
-542
-550
-549
-538
-529
-524
-528
-523
-523
-539
-545
-537
-518
-525
-520
-506
-518
-520
-522
-509
-487
-478
-478
-482
-477
-468
-464
-461
-446
-433
-435
-437
-423
-411
-424
-427
-400
-389
-393
-390
-371
-343
-353
-370
-371
-337
-321
-330
-314
-309
-318
-311
-313
-303
-278
-289
-299
-306
-325
-323
-316
-311
-301
-305
-319
-321
-314
-312
-302
-304
-298
-293
-289
-270
-275
-269
-272
-262
-249
-241
-240
-219
-207
-208
-187
-176
-145
-129
-122
-116
-97
-81
-84
-66
-48
-19
-6
-8
-15
2
25
29
36
46
46
59
68
65
75
98
110
99
113
131
169
197
182
152
163
225
247
206
194
227
242
222
218
238
249
245
232
234
235
215
219
225
210
204
181
168
157
131
139
133
119
108
91
84
66
58
39
58
73
62
63
55
63
64
69
61
70
77
61
60
62
71
72
59
60
68
64
61
71
87
98
99
107
112
119
117
107
106
117
128
143
148
156
151
140
121
118
127
124
127
123
117
101
106
104
90
81
71
61
47
18
13
13
0
-10
-12
-15
-19
-23
-35
-33
-32
-50
-70
-74
-83
-92
-112
-142
-159
-167
-184
-193
-220
-228
-232
-238
-222
-221
-225
-264
-281
-270
-267
-270
-287
-309
-311
-326
-342
-344
-361
-364
-390
-400
-392
-398
-423
-434
-438
-438
-427
-442
-431
-435
-432
-426
-415
-404
-419
-427
-436
-421
-420
-431
-438
-450
-462
-476
-479
-480
-485
-511
-516
-512
-518
-517
-519
-517
-516
-524
-527
-538
-542
-544
-548
-538
-544
-539
-547
-546
-548
-557
-566
-583
-575
-579
-592
-586
-585
-589
-594
-604
-609
-604
-610
-627
-623
-626
-627
-629
-638
-655
-678
-687
-690
-679
-672
-677
-696
-725
-731
-740
-739
-713
-694
-692
-700
-685
-660
-654
-666
-654
-619
-616
-617
-612
-593
-593
-610
-605
-593
-585
-577
-583
-603
-610
-601
-591
-588
-585
-585
-584
-590
-589
-589
-588
-587
-590
-582
-575
-580
-578
-583
-578
-592
-582
-573
-584
-574
-582
-587
-577
-572
-580
-582
-580
-571
-564
-562
-559
-544
-544
-535
-534
-535
-516
-520
-522
-514
-503
-504
-482
-479
-490
-494
-495
-491
-497
-498
-498
-488
-475
-471
-466
-473
-466
-453
-444
-446
-448
-434
-433
-430
-419
-429
-428
-419
-428
-446
-453
-438
-435
-439
-436
-423
-421
-413
-414
-401
-390
-380
-359
-356
-343
-337
-331
-310
-322
-323
-315
-322
-323
-319
-326
-320
-308
-318
-315
-316
-316
-324
-330
-315
-321
-307
-298
-293
-289
-297
-310
-319
-316
-320
-328
-330
-331
-341
-356
-357
-350
-348
-353
-358
-348
-341
-338
-338
-324
-314
-308
-298
-293
-282
-276
-289
-293
-290
-284
-293
-295
-304
-316
-316
-325
-331
-336
-327
-328
-341
-325
-330
-335
-324
-329
-312
-308
-315
-316
-333
-334
-327
-339
-353
-352
-369
-383
-392
-385
-389
-392
-397
-408
-408
-409
-413
-432
-432
-427
-442
-439
-430
-433
-454
-459
-467
-468
-473
-472
-470
-497
-492
-500
-506
-506
-505
-527
-537
-540
-526
-516
-523
-522
-513
-497
-507
-502
-498
-489
-480
-482
-476
-471
-460
-464
-472
-473
-476
-479
-481
-477
-487
-494
-497
-506
-496
-513
-501
-478
-487
-484
-476
-472
-475
-468
-468
-469
-472
-482
-496
-492
-486
-480
-466
-451
-458
-468
-507
-493
-437
-444
-482
-465
-457
-459
-442
-446
-454
-426
-429
-444
-418
-419
-416
-414
-408
-420
-415
-399
-433
-424
-423
-436
-422
-412
-408
-390
-405
-421
-386
-384
-399
-366
-372
-378
-364
-346
-355
-387
-360
-355
-359
-364
-377
-395
-387
-363
-380
-395
-406
-409
-386
-377
-385
-382
-351
-377
-394
-367
-350
-354
-384
-407
-405
-386
-377
-380
-379
-382
-378
-354
-367
-375
-357
-326
-319
-310
-310
-314
-332
-318
-291
-321
-348
-332
-316
-349
-341
-332
-358
-355
-348
-352
-371
-370
-370
-371
-351
-357
-394
-377
-371
-382
-367
-363
-342
-368
-383
-366
-375
-372
-360
-362
-362
-342
-337
-365
-349
-325
-337
-355
-364
-356
-362
-374
-366
-384
-398
-385
-363
-371
-391
-369
-367
-391
-402
-411
-405
-399
-400
-397
-412
-421
-408
-412
-424
-408
-396
-388
-409
-410
-389
-384
-364
-360
-366
-348
-330
-326
-334
-329
-328
-326
-304
-312
-328
-333
-332
-313
-334
-334
-319
-323
-330
-326
-312
-307
-302
-320
-324
-319
-321
-311
-301
-300
-308
-301
-296
-309
-292
-282
-294
-305
-302
-296
-304
-309
-298
-296
-312
-310
-288
-302
-314
-290
-291
-305
-300
-318
-341
-338
-319
-307
-309
-313
-327
-327
-305
-282
-287
-301
-285
-279
-270
-271
-261
-231
-230
-208
-188
-191
-182
-171
-187
-174
-151
-163
-168
-155
-144
-154
-138
-118
-127
-133
-132
-123
-110
-88
-93
-99
-102
-108
-88
-85
-85
-82
-74
-89
-88
-82
-79
-79
-81
-85
-90
-85
-83
-75
-66
-65
-59
-46
-51
-52
-45
-29
-50
-37
-27
-46
-38
-27
-24
-43
-45
-36
-59
-78
-87
-94
-88
-92
-104
-119
-129
-124
-108
-118
-129
-143
-156
-144
-141
-125
-136
-156
-136
-127
-131
-133
-144
-137
-126
-131
-125
-134
-149
-128
-123
-122
-123
-130
-140
-134
-114
-125
-127
-122
-123
-104
-112
-114
-117
-111
-132
-133
-106
-101
-102
-105
-111
-106
-97
-102
-102
-98
-113
-108
-97
-93
-104
-98
-108
-126
-125
-128
-130
-132
-135
-145
-137
-149
-175
-165
-166
-184
-182
-182
-191
-188
-208
-195
-202
-226
-208
-185
-177
-171
-159
-156
-156
-159
-146
-143
-141
-145
-126
-121
-107
-105
-98
-85
-94
-85
-82
-81
-75
-75
-75
-73
-86
-90
-82
-99
-93
-111
-125
-96
-98
-118
-121
-100
-108
-115
-112
-103
-104
-134
-119
-101
-115
-100
-90
-98
-98
-78
-87
-94
-97
-99
-109
-117
-115
-123
-131
-141
-140
-146
-145
-145
-153
-148
-143
-145
-153
-136
-128
-147
-152
-145
-122
-130
-136
-129
-123
-113
-105
-109
-97
-98
-109
-86
-74
-78
-71
-64
-39
-44
-43
-35
-38
-24
-23
-28
-25
-23
-25
-30
-29
-21
-15
-9
-15
-15
-13
-14
-13
-11
-22
-41
-25
-21
-22
-18
-41
-34
-18
-20
-38
-35
-21
-17
-30
-39
-25
-27
-33
-28
-32
-29
-31
-45
-37
-51
-47
-63
-57
-41
-46
-74
-100
-72
-65
-69
-76
-75
-71
-75
-66
-57
-60
-58
-65
-68
-63
-70
-88
-76
-73
-79
-91
-91
-87
-97
-86
-87
-102
-98
-87
-98
-94
-88
-80
-71
-82
-74
-68
-69
-56
-52
-49
-42
-45
-46
-15
-19
-19
-18
-2
-3
6
21
5
13
23
25
15
27
25
33
21
13
24
24
15
20
9
-10
-12
-3
0
-17
-24
-24
-28
-34
-46
-53
-59
-88
-90
-95
-105
-99
-105
-129
-134
-144
-140
-134
-136
-128
-135
-113
-107
-123
-116
-119
-112
-108
-108
-106
-107
-105
-122
-121
-109
-116
-138
-142
-136
-158
-177
-164
-132
-149
-143
-150
-154
-141
-137
-129
-123
-121
-114
-112
-126
-120
-119
-114
-101
-118
-120
-128
-118
-124
-134
-126
-138
-146
-133
-143
-152
-150
-151
-159
-146
-145
-147
-139
-125
-122
-124
-112
-115
-117
-109
-98
-114
-109
-95
-84
-75
-88
-93
-91
-96
-89
-86
-84
-72
-56
-59
-55
-35
-37
-23
-7
11
13
7
19
11
29
23
17
29
27
33
44
38
25
30
35
36
31
36
34
37
29
41
48
42
56
54
69
67
63
57
59
66
85
85
62
