SAMPLES:	13963
BITSPERSAMPLE:	16
CHANNELS:	1
SAMPLERATE:	16000
NORMALIZED:	FALSE
-4
-9
-14
-11
-16
-17
-22
-20
-20
-28
-27
-34
-26
-11
-19
-29
-25
-17
-11
0
-9
-8
12
14
27
33
24
28
37
44
36
31
32
27
24
32
36
43
39
27
17
12
6
4
20
9
9
4
-6
-12
-19
-20
-28
-41
-37
-35
-35
-41
-28
-34
-27
-34
-43
-36
-42
-34
-46
-42
-36
-46
-54
-42
-51
-55
-43
-55
-58
-60
-69
-63
-57
-54
-58
-65
-61
-61
-63
-73
-75
-76
-94
-85
-88
-92
-88
-82
-86
-96
-95
-94
-85
-87
-95
-108
-98
-99
-101
-108
-105
-112
-112
-109
-124
-123
-114
-123
-114
-114
-111
-118
-113
-106
-116
-113
-111
-103
-102
-88
-76
-76
-71
-65
-66
-62
-55
-59
-51
-37
-19
-29
-38
-36
-38
-48
-52
-56
-48
-47
-61
-60
-55
-63
-68
-68
-67
-82
-85
-85
-88
-80
-85
-84
-77
-73
-73
-71
-72
-81
-80
-80
-79
-77
-71
-63
-63
-69
-63
-52
-64
-65
-63
-73
-74
-71
-56
-47
-38
-44
-38
-36
-29
-27
-31
-25
-39
-31
-12
-9
-10
-8
-14
-19
-15
-5
-8
0
4
9
2
4
10
9
2
8
9
12
14
10
14
25
20
13
13
13
14
4
-6
-22
-16
-13
-6
-12
-17
-12
-21
-20
-20
-12
-16
-23
-19
-20
-13
-25
-28
-21
-18
-15
-27
-24
-22
-20
-28
-37
-42
-29
-12
-22
-7
-8
0
7
3
7
9
22
12
12
25
35
35
30
31
38
30
26
23
28
23
15
19
6
6
10
9
1
-9
-7
-3
-5
1
2
3
1
-8
-11
2
7
2
-18
-25
-17
-32
-38
-27
-46
-44
-41
-53
-48
-45
-54
-59
-62
-70
-65
-64
-77
-72
-68
-84
-91
-100
-112
-108
-97
-100
-106
-111
-108
-105
-110
-108
-84
-66
-68
-76
-65
-65
-64
-61
-52
-54
-56
-65
-57
-53
-50
-36
-47
-53
-54
-39
-46
-56
-56
-58
-58
-53
-73
-79
-68
-81
-82
-76
-78
-64
-86
-98
-104
-120
-108
-113
-115
-113
-108
-108
-115
-114
-105
-102
-105
-107
-103
-84
-93
-95
-101
-100
-97
-99
-96
-94
-90
-96
-115
-138
-150
-143
-147
-147
-152
-147
-158
-160
-165
-191
-191
-198
-207
-204
-200
-213
-217
-230
-248
-250
-238
-233
-226
-226
-231
-219
-219
-229
-222
-228
-241
-235
-234
-242
-247
-247
-250
-270
-280
-272
-267
-273
-275
-267
-263
-263
-274
-268
-273
-270
-264
-269
-252
-253
-256
-242
-240
-249
-254
-245
-241
-227
-226
-219
-206
-199
-188
-190
-191
-186
-189
-182
-178
-174
-174
-189
-186
-188
-202
-215
-210
-201
-210
-207
-206
-209
-220
-221
-231
-228
-213
-223
-226
-224
-232
-226
-229
-224
-216
-229
-226
-224
-220
-206
-203
-206
-215
-210
-211
-193
-199
-203
-193
-207
-202
-208
-204
-211
-212
-195
-184
-182
-177
-181
-175
-164
-165
-163
-157
-149
-142
-141
-142
-129
-138
-121
-115
-123
-105
-96
-88
-85
-73
-62
-54
-58
-58
-40
-30
-16
-16
-5
14
13
14
20
44
58
71
74
103
124
130
127
137
157
156
170
180
183
197
193
191
201
179
170
170
163
150
148
150
153
161
159
153
150
163
144
132
127
127
127
125
126
128
134
119
124
118
116
129
133
135
127
129
131
122
121
125
132
123
120
132
139
134
134
134
137
131
138
142
133
135
143
142
137
144
157
157
148
148
153
157
165
166
173
184
181
182
193
198
202
200
213
227
221
214
226
226
229
235
226
243
251
260
259
254
257
253
250
241
257
245
245
249
255
259
265
263
258
258
239
257
270
266
251
249
265
251
229
237
252
248
251
262
257
260
261
253
245
250
265
264
265
261
264
263
255
267
271
262
270
267
266
273
276
272
270
260
263
260
269
272
278
278
277
274
262
254
251
255
235
231
237
244
246
235
231
234
221
221
208
207
206
206
207
197
197
190
183
183
177
189
199
196
206
194
199
212
203
191
192
197
204
198
209
205
203
200
208
200
190
204
207
207
201
203
202
200
202
213
206
198
208
209
199
205
204
187
186
186
203
204
212
191
189
195
187
193
185
191
202
201
188
197
202
185
183
172
179
176
182
184
173
180
182
163
169
158
159
169
162
152
127
148
156
153
157
156
161
165
177
184
179
186
195
199
199
198
214
222
205
222
228
220
222
239
245
236
237
240
242
236
239
246
252
255
266
269
283
287
294
285
291
295
293
314
318
318
334
344
346
340
346
357
359
371
372
378
383
386
378
368
364
376
373
370
375
383
386
370
383
381
364
355
353
350
347
340
334
342
335
324
317
318
327
335
331
317
319
326
319
312
310
318
310
315
322
320
312
308
311
312
315
305
308
314
322
320
321
322
312
310
300
301
298
307
313
313
295
287
304
304
298
301
308
308
307
303
303
289
298
317
326
331
328
346
352
345
349
336
340
328
329
347
345
345
353
344
330
325
326
315
312
312
298
298
303
300
273
274
268
269
263
256
260
236
236
245
237
219
212
225
203
200
203
210
200
187
195
192
194
187
191
174
169
168
161
170
166
152
174
169
152
162
156
156
145
157
177
171
178
192
182
157
152
157
154
156
157
159
146
147
151
140
129
127
123
116
109
106
113
94
101
98
77
95
101
98
92
91
96
104
107
92
107
122
111
122
120
122
111
100
82
76
91
87
92
90
91
80
65
72
59
59
71
56
56
49
26
11
13
9
-5
-5
-13
-18
-13
-17
-3
0
9
14
10
-1
9
27
6
10
9
10
21
11
4
10
16
28
28
30
38
24
16
19
33
27
16
33
30
23
12
14
14
14
12
26
35
17
19
35
42
38
52
48
49
68
65
50
75
71
65
82
73
75
78
88
100
92
84
97
108
102
93
101
102
102
107
99
94
107
110
111
109
120
128
128
133
130
138
148
134
143
147
130
140
142
142
140
138
136
130
128
134
136
130
124
139
158
154
144
129
129
148
145
141
141
143
151
153
172
163
161
174
175
192
187
188
167
170
168
161
152
167
167
169
180
183
182
161
156
165
160
165
183
185
184
177
180
188
182
182
200
202
183
179
193
206
210
185
189
181
196
203
199
193
208
205
199
218
229
234
230
232
225
216
214
225
226
242
246
264
274
282
285
288
299
308
309
312
324
324
314
329
334
334
353
367
359
357
372
373
375
371
355
373
392
378
366
371
393
398
389
380
396
393
374
382
380
372
371
363
360
351
358
367
349
354
356
352
367
361
358
363
361
380
382
372
381
377
364
345
370
370
363
358
370
380
370
365
372
379
378
378
373
368
361
348
340
332
324
329
330
329
320
322
320
307
284
291
301
289
302
307
305
288
291
279
272
281
265
278
279
278
267
256
254
249
250
248
259
249
252
253
251
251
241
238
238
241
240
242
252
240
223
227
221
221
218
221
227
228
239
229
237
229
232
243
224
239
235
220
222
225
234
238
232
233
248
245
258
271
268
267
264
260
269
281
274
280
284
299
287
274
292
298
274
258
267
279
274
268
255
260
250
251
254
247
241
237
236
217
215
222
213
200
192
217
214
200
205
206
199
185
209
206
208
220
237
228
205
201
214
207
184
203
202
210
206
190
189
198
191
174
184
179
187
181
184
184
181
193
187
190
198
205
216
219
213
224
215
211
231
220
213
218
223
225
235
227
226
231
228
233
228
226
242
244
231
242
248
249
235
248
252
262
273
265
258
255
257
246
232
237
239
241
255
256
259
254
248
247
246
246
247
246
242
235
240
240
238
224
233
236
244
241
250
259
257
272
265
272
265
280
296
284
274
289
293
284
288
293
297
300
302
311
321
304
306
313
327
325
326
329
321
319
330
338
332
322
335
352
342
330
328
323
314
313
317
317
317
314
308
311
317
313
311
305
300
296
299
302
289
298
295
305
297
288
288
281
281
285
284
281
283
270
259
266
250
244
253
254
254
258
263
253
239
239
243
256
258
248
257
257
253
261
248
236
231
234
244
240
254
255
242
231
227
234
229
224
230
222
228
235
230
222
219
218
222
226
223
224
218
213
208
207
202
211
217
206
201
196
184
188
190
186
190
192
193
183
162
149
152
147
124
114
120
122
111
112
102
98
95
69
72
73
62
59
52
55
45
40
32
32
24
15
14
12
23
12
17
16
4
3
-2
1
-2
-15
-8
-15
-18
-22
-17
-23
-32
-32
-23
-25
-39
-28
-39
-48
-53
-64
-56
-62
-66
-62
-59
-68
-74
-70
-94
-95
-100
-94
-90
-99
-87
-100
-103
-86
-88
-89
-82
-79
-82
-96
-95
-93
-93
-91
-99
-98
-97
-88
-95
-88
-92
-94
-89
-108
-113
-104
-89
-91
-92
-99
-97
-104
-113
-105
-102
-109
-115
-108
-107
-102
-123
-125
-132
-127
-123
-136
-127
-124
-114
-118
-129
-119
-128
-130
-126
-135
-146
-142
-144
-167
-167
-172
-174
-176
-172
-166
-158
-156
-155
-162
-168
-170
-172
-155
-165
-172
-162
-163
-175
-169
-170
-174
-174
-175
-176
-175
-171
-177
-166
-171
-190
-192
-179
-180
-195
-183
-189
-197
-194
-193
-189
-188
-196
-209
-219
-218
-210
-204
-214
-209
-204
-208
-207
-208
-212
-203
-204
-203
-183
-193
-201
-193
-193
-194
-195
-189
-192
-180
-169
-162
-156
-160
-152
-154
-142
-135
-143
-145
-141
-127
-127
-120
-116
-119
-131
-129
-140
-137
-135
-133
-128
-135
-128
-144
-139
-134
-137
-132
-125
-131
-136
-144
-131
-127
-133
-129
-129
-114
-125
-116
-114
-107
-96
-93
-89
-88
-89
-83
-65
-73
-71
-77
-76
-79
-90
-87
-87
-90
-96
-89
-90
-98
-98
-91
-83
-82
-85
-76
-82
-80
-69
-76
-82
-75
-82
-93
-87
-93
-91
-95
-88
-85
-92
-91
-90
-97
-108
-111
-116
-116
-121
-107
-101
-103
-95
-102
-96
-108
-106
-103
-94
-96
-97
-101
-103
-92
-93
-84
-85
-76
-77
-67
-67
-66
-61
-65
-65
-74
-74
-75
-76
-80
-82
-82
-73
-79
-80
-62
-67
-60
-65
-67
-65
-70
-65
-69
-65
-59
-56
-65
-57
-54
-60
-63
-54
-52
-49
-48
-49
-42
-53
-58
-51
-62
-62
-60
-78
-80
-83
-90
-95
-96
-102
-108
-115
-112
-108
-112
-105
-110
-122
-131
-135
-150
-157
-148
-157
-164
-165
-161
-158
-165
-162
-165
-161
-174
-179
-169
-176
-177
-179
-193
-183
-175
-171
-169
-180
-177
-196
-187
-185
-187
-191
-217
-210
-205
-221
-227
-217
-233
-231
-237
-245
-246
-261
-257
-259
-261
-269
-269
-269
-269
-272
-270
-273
-263
-250
-250
-244
-253
-248
-247
-246
-256
-254
-249
-245
-237
-252
-235
-232
-232
-224
-229
-229
-226
-230
-225
-222
-217
-214
-215
-214
-213
-209
-208
-207
-215
-206
-195
-202
-200
-209
-210
-208
-202
-196
-188
-185
-190
-186
-192
-191
-197
-199
-200
-205
-219
-224
-231
-223
-230
-233
-239
-251
-257
-261
-256
-269
-267
-283
-293
-297
-305
-308
-314
-314
-314
-315
-326
-323
-338
-335
-335
-346
-351
-349
-339
-341
-339
-333
-330
-329
-329
-326
-325
-331
-331
-329
-326
-323
-317
-314
-313
-312
-300
-295
-283
-279
-274
-285
-275
-272
-281
-287
-283
-268
-275
-263
-271
-261
-259
-272
-254
-253
-250
-252
-251
-254
-245
-239
-247
-239
-240
-241
-236
-238
-243
-230
-224
-230
-224
-216
-221
-224
-219
-221
-231
-238
-250
-244
-237
-248
-252
-255
-269
-271
-274
-281
-286
-285
-282
-289
-291
-293
-290
-291
-291
-305
-305
-301
-298
-301
-306
-294
-306
-302
-295
-293
-286
-287
-269
-278
-277
-269
-270
-270
-264
-270
-266
-253
-266
-263
-263
-256
-275
-285
-284
-284
-282
-281
-278
-271
-277
-277
-294
-294
-287
-305
-296
-308
-315
-318
-313
-311
-314
-322
-317
-320
-336
-327
-330
-330
-336
-345
-347
-346
-357
-348
-343
-346
-350
-360
-355
-364
-369
-363
-364
-368
-367
-370
-386
-390
-397
-406
-392
-402
-400
-402
-404
-412
-415
-417
-421
-418
-430
-430
-445
-440
-436
-438
-438
-442
-447
-441
-426
-425
-434
-432
-431
-432
-434
-440
-444
-442
-439
-439
-433
-439
-423
-420
-429
-425
-425
-419
-431
-426
-421
-425
-418
-417
-412
-414
-409
-414
-416
-411
-418
-408
-409
-405
-392
-392
-394
-401
-402
-392
-390
-390
-380
-384
-367
-367
-383
-380
-375
-363
-371
-370
-363
-378
-367
-358
-382
-377
-375
-390
-385
-383
-390
-384
-388
-383
-387
-386
-391
-390
-381
-388
-387
-385
-386
-389
-388
-397
-394
-378
-381
-376
-384
-377
-383
-385
-376
-375
-381
-379
-372
-377
-378
-376
-378
-373
-366
-374
-369
-364
-364
-376
-370
-378
-364
-369
-379
-362
-370
-373
-366
-371
-373
-362
-358
-354
-358
-353
-358
-359
-356
-357
-353
-355
-354
-353
-360
-352
-351
-346
-335
-337
-335
-335
-340
-337
-330
-327
-316
-309
-303
-304
-300
-302
-296
-288
-291
-275
-269
-277
-271
-268
-273
-274
-273
-288
-287
-280
-287
-296
-304
-307
-307
-307
-310
-309
-309
-314
-302
-310
-310
-301
-311
-296
-295
-306
-297
-299
-301
-301
-299
-289
-279
-288
-279
-276
-276
-276
-274
-270
-273
-256
-262
-257
-261
-270
-266
-262
-255
-266
-285
-287
-293
-292
-297
-304
-303
-291
-295
-296
-295
-305
-297
-290
-288
-301
-295
-281
-289
-278
-281
-282
-268
-274
-268
-259
-259
-252
-252
-251
-251
-244
-231
-242
-224
-238
-243
-231
-248
-240
-239
-225
-213
-222
-214
-218
-228
-233
-234
-233
-241
-234
-239
-233
-240
-245
-253
-252
-239
-252
-250
-249
-243
-248
-253
-248
-258
-256
-255
-268
-268
-275
-279
-272
-280
-282
-281
-277
-282
-290
-292
-297
-302
-296
-313
-301
-306
-314
-308
-324
-322
-329
-332
-328
-340
-334
-333
-340
-341
-348
-339
-350
-356
-357
-343
-359
-359
-368
-367
-364
-383
-378
-379
-374
-375
-379
-382
-379
-383
-373
-378
-385
-386
-392
-396
-393
-395
-390
-388
-398
-399
-397
-394
-408
-414
-408
-406
-416
-411
-421
-426
-420
-423
-428
-435
-437
-441
-442
-446
-446
-446
-454
-455
-460
-454
-458
-456
-454
-464
-463
-466
-473
-471
-465
-472
-472
-470
-471
-465
-456
-439
-439
-437
-427
-427
-423
-415
-402
-409
-406
-382
-387
-385
-370
-381
-368
-372
-380
-362
-369
-369
-372
-368
-368
-365
-369
-376
-367
-370
-365
-375
-369
-360
-358
-360
-365
-364
-370
-382
-384
-384
-388
-387
-393
-391
-394
-390
-391
-392
-396
-406
-412
-403
-400
-396
-391
-387
-393
-391
-388
-388
-394
-385
-380
-382
-373
-366
-367
-375
-368
-380
-380
-384
-377
-386
-382
-379
-375
-387
-390
-378
-385
-383
-385
-383
-389
-393
-385
-390
-395
-394
-400
-397
-402
-403
-410
-407
-404
-406
-395
-389
-389
-389
-386
-388
-376
-367
-366
-372
-360
-350
-368
-360
-348
-343
-337
-340
-340
-328
-322
-321
-325
-326
-318
-315
-317
-313
-307
-306
-307
-303
-304
-301
-305
-310
-298
-306
-292
-301
-295
-295
-301
-306
-307
-300
-305
-309
-319
-320
-317
-316
-309
-315
-311
-313
-311
-304
-297
-290
-299
-284
-288
-298
-303
-298
-287
-289
-298
-302
-314
-305
-305
-307
-300
-305
-305
-314
-308
-312
-330
-342
-342
-354
-353
-359
-350
-339
-342
-334
-343
-336
-335
-323
-321
-314
-337
-338
-327
-330
-321
-326
-329
-336
-342
-350
-352
-361
-363
-375
-370
-379
-381
-392
-392
-399
-393
-389
-389
-377
-386
-379
-375
-381
-378
-372
-376
-367
-366
-363
-353
-361
-359
-346
-346
-346
-351
-351
-339
-343
-342
-324
-336
-341
-353
-343
-344
-336
-339
-337
-345
-348
-337
-332
-333
-323
-334
-332
-335
-349
-346
-351
-355
-359
-364
-375
-363
-375
-371
-373
-369
-364
-370
-363
-356
-358
-354
-357
-356
-362
-367
-351
-347
-344
-332
-320
-309
-306
-309
-307
-299
-299
-296
-295
-299
-297
-305
-301
-299
-298
-287
-283
-275
-281
-280
-268
-264
-268
-262
-243
-241
-245
-243
-246
-236
-237
-247
-242
-229
-226
-221
-214
-208
-197
-198
-197
-192
-186
-189
-176
-173
-172
-167
-157
-140
-152
-147
-158
-156
-136
-150
-137
-132
-125
-125
-120
-130
-122
-119
-126
-117
-117
-117
-116
-107
-113
-105
-107
-94
-99
-97
-88
-103
-105
-108
-93
-88
-93
-81
-76
-78
-79
-84
-74
-79
-86
-84
-97
-98
-86
-90
-88
-88
-84
-78
-77
-81
-65
-60
-53
-54
-50
-40
-43
-32
-36
-21
-35
-24
-21
-26
-15
-20
-8
-2
9
19
19
7
13
29
28
30
31
34
42
31
30
34
28
33
41
39
23
38
34
34
35
24
20
10
23
23
14
9
4
-6
-3
-9
-12
-8
-12
-17
-22
-32
-42
-36
-47
-52
-46
-48
-45
-49
-48
-55
-43
-53
-59
-51
-57
-53
-64
-49
-52
-48
-42
-37
-31
-37
-35
-37
-15
-16
-20
-7
-11
-9
-13
-19
-14
-10
-12
-13
-5
-16
-37
-34
-31
-27
-29
-35
-30
-26
-29
-27
-20
-33
-32
-29
-50
-50
-53
-56
-60
-67
-61
-71
-68
-74
-69
-70
-82
-85
-83
-91
-89
-90
-92
-89
-93
-92
-85
-79
-81
-87
-92
-86
-90
-94
-93
-99
-88
-94
-100
-95
-100
-95
-93
-91
-102
-94
-96
-102
-97
-96
-109
-100
-103
-107
-111
-118
-115
-118
-127
-121
-122
-127
-126
-127
-133
-138
-146
-145
-141
-136
-142
-146
-150
-159
-166
-165
-166
-168
-179
-180
-183
-191
-197
-192
-201
-211
-208
-207
-207
-208
-201
-206
-204
-193
-190
-197
-189
-179
-184
-182
-183
-171
-183
-178
-186
-186
-181
-189
-180
-174
-178
-180
-174
-174
-177
-182
-188
-174
-177
-176
-166
-182
-178
-179
-174
-162
-161
-162
-164
-161
-155
-149
-148
-149
-152
-157
-165
-155
-154
-156
-158
-164
-170
-156
-155
-141
-130
-146
-140
-138
-132
-126
-120
-125
-121
-120
-123
-120
-119
-120
-113
-116
-124
-127
-123
-135
-136
-134
-132
-117
-122
-120
-121
-118
-115
-116
-117
-119
-113
-116
-114
-104
-96
-100
-99
-103
-89
-90
-99
-88
-86
-82
-82
-72
-77
-78
-70
-72
-69
-73
-62
-61
-62
-63
-65
-53
-45
-38
-35
-33
-27
-19
-26
-14
-11
2
-3
-7
6
11
17
11
5
12
16
14
23
17
17
16
13
2
17
3
-1
8
7
13
7
17
10
-2
2
2
15
13
5
11
0
2
4
1
12
5
8
16
10
22
26
31
38
28
40
39
46
42
37
49
45
45
50
52
43
45
39
36
41
36
43
42
42
47
48
50
60
54
57
67
70
70
78
74
77
82
70
75
63
66
84
86
96
95
90
105
105
103
119
110
111
115
109
137
136
144
150
138
141
136
143
141
131
138
128
129
143
130
135
130
127
129
127
125
119
115
116
111
91
93
83
88
80
72
91
75
77
89
85
85
75
78
73
72
67
52
54
60
62
59
41
27
27
38
33
24
24
25
15
13
13
13
1
-11
-26
-26
-31
-41
-33
-31
-42
-40
-30
-43
-51
-54
-59
-46
-48
-52
-50
-51
-59
-66
-52
-49
-59
-50
-62
-65
-68
-75
-80
-78
-77
-76
-76
-72
-73
-77
-70
-67
-73
-78
-86
-98
-87
-101
-102
-110
-128
-116
-122
-122
-124
-134
-134
-143
-135
-137
-145
-146
-159
-155
-161
-154
-156
-152
-164
-171
-168
-171
-163
-176
-193
-198
-208
-192
-204
-200
-196
-216
-203
-200
-203
-208
-213
-211
-200
-190
-189
-191
-187
-185
-187
-188
-178
-182
-181
-182
-163
-152
-150
-139
-140
-133
-133
-115
-108
-107
-83
-89
-68
-67
-60
-61
-51
-38
-37
-29
-26
-18
-14
1
-8
2
15
25
24
32
37
42
57
58
71
70
75
74
84
80
77
83
82
74
72
78
78
76
69
71
63
60
51
51
45
38
30
29
33
35
28
16
10
-8
-2
-13
-18
-16
-22
-34
-50
-39
-52
-52
-49
-59
-55
-64
-64
-52
-47
-44
-37
-50
-45
-44
-39
-23
-26
-28
-20
-13
-13
-10
-24
-22
-18
-16
-20
-1
7
9
14
25
43
23
39
43
46
66
79
79
87
95
107
112
110
127
143
158
173
191
216
229
239
254
278
288
298
320
327
342
356
376
387
398
405
416
419
429
429
421
414
388
385
375
357
329
291
261
237
219
187
154
110
58
22
-3
-27
-38
-96
-154
-176
-201
-229
-263
-308
-354
-402
-430
-446
-477
-522
-567
-603
-610
-603
-587
-560
-562
-603
-595
-535
-435
-343
-358
-354
-344
-268
-186
-137
-37
-26
-4
31
64
182
236
244
231
239
291
320
367
396
415
395
381
416
424
448
444
414
410
413
422
456
488
509
471
407
400
424
468
516
526
505
468
450
490
516
510
493
487
488
500
523
532
525
454
407
382
369
363
322
294
264
220
162
113
55
-25
-111
-177
-215
-265
-314
-361
-435
-517
-618
-717
-772
-842
-924
-996
-1059
-1118
-1208
-1284
-1365
-1419
-1483
-1319
-990
-725
-887
-1341
-1483
-1335
-822
-551
-538
-575
-826
-772
-551
-203
85
-55
-355
-507
-308
96
364
333
94
-76
-122
37
282
328
300
141
28
137
246
351
307
83
-48
24
190
297
246
124
101
98
182
345
341
248
103
27
213
375
419
376
254
245
296
357
409
373
251
197
266
381
459
396
282
223
169
225
254
210
135
32
39
116
142
81
-31
-173
-235
-232
-206
-203
-311
-444
-510
-486
-459
-551
-728
-901
-1010
-1041
-1028
-1034
-1135
-1317
-1481
-1489
-1121
-637
-412
-883
-1454
-1570
-1251
-448
-184
-229
-468
-842
-644
-313
167
390
52
-369
-477
-69
491
754
532
132
-28
-20
286
534
516
463
222
171
362
495
605
406
80
15
186
396
480
342
251
310
341
496
596
449
301
163
270
591
702
680
543
401
511
640
665
659
498
371
456
626
792
788
585
440
388
420
545
528
411
278
220
345
447
415
283
55
-78
-79
-38
14
-56
-219
-304
-315
-304
-338
-550
-794
-916
-999
-975
-976
-1075
-1187
-1339
-1408
-1101
-653
-386
-737
-1376
-1542
-1267
-484
-116
-157
-339
-718
-583
-279
170
462
200
-222
-386
-10
581
883
726
300
74
86
373
633
626
589
383
307
477
607
723
550
173
44
183
386
485
383
316
406
387
395
477
420
332
187
206
466
579
552
520
436
488
543
525
519
431
342
409
525
655
679
530
420
379
356
415
427
338
246
183
276
382
321
194
41
-110
-164
-176
-140
-172
-318
-436
-466
-455
-524
-725
-952
-1106
-1232
-1280
-1284
-1343
-1453
-1545
-1631
-1400
-1009
-731
-1010
-1633
-1816
-1625
-867
-420
-438
-575
-932
-823
-521
-171
144
-2
-375
-579
-308
300
706
592
112
-77
-28
205
455
455
447
280
164
338
484
595
476
82
-74
47
250
335
201
87
200
267
326
363
206
108
29
72
354
466
439
366
286
409
562
544
469
342
275
412
574
744
768
601
505
498
520
579
512
386
285
259
419
558
509
362
157
33
-1
-37
-50
-110
-252
-334
-342
-318
-373
-620
-895
-1061
-1194
-1255
-1339
-1468
-1561
-1644
-1677
-1467
-1096
-814
-1030
-1717
-1952
-1780
-1095
-497
-558
-630
-939
-896
-515
-218
103
-3
-385
-578
-343
273
767
732
238
-17
87
276
500
496
500
385
239
442
619
709
623
246
35
112
293
417
288
133
244
349
354
381
238
150
90
38
270
460
463
438
344
461
628
586
541
438
374
461
596
772
875
742
662
664
679
752
705
588
484
413
541
732
733
623
447
302
256
169
129
103
-37
-154
-192
-180
-193
-375
-644
-832
-1026
-1170
-1283
-1445
-1540
-1662
-1721
-1623
-1326
-984
-930
-1452
-1959
-1979
-1622
-815
-565
-651
-799
-1013
-673
-355
-88
33
-256
-549
-497
-51
569
843
492
63
43
197
433
496
404
386
237
298
552
630
635
345
1
-22
109
259
239
48
46
208
262
289
191
28
-22
-117
-8
242
294
243
204
244
451
523
442
353
189
220
406
565
720
664
549
598
618
653
652
507
398
327
373
574
652
560
429
300
257
186
75
1
-100
-216
-264
-269
-279
-396
-647
-825
-983
-1186
-1366
-1568
-1734
-1841
-1912
-1884
-1735
-1465
-1233
-1263
-1788
-2189
-2155
-1739
-1022
-892
-947
-1038
-1125
-741
-476
-259
-196
-501
-709
-593
-81
491
643
312
-8
20
178
377
400
281
241
170
294
494
562
572
264
-51
-44
116
211
83
-79
-16
138
188
191
88
-49
-94
-155
-55
150
207
159
74
157
376
452
384
248
158
167
325
519
652
627
553
596
681
764
732
592
457
378
477
676
762
680
552
464
429
379
282
180
41
-58
-61
-51
-55
-167
-395
-599
-748
-873
-1071
-1344
-1554
-1714
-1806
-1709
-1562
-1357
-1204
-1138
-1426
-1899
-1971
-1755
-1118
-782
-861
-844
-901
-622
-333
-196
-38
-218
-445
-434
-113
437
764
622
274
229
375
507
591
469
405
378
406
601
650
678
578
239
131
227
319
268
67
21
239
387
369
265
146
105
44
23
159
272
287
232
239
405
535
545
440
362
377
420
561
665
723
741
790
915
959
914
826
698
647
670
780
896
832
771
721
690
668
533
371
228
156
125
68
36
-48
-191
-348
-488
-648
-892
-1175
-1462
-1613
-1728
-1753
-1628
-1478
-1234
-1059
-1129
-1638
-2010
-1952
-1513
-853
-797
-803
-832
-838
-432
-177
40
-42
-386
-508
-356
170
681
736
439
204
286
466
633
551
372
303
289
495
646
657
653
381
168
216
314
336
100
-55
86
308
400
360
253
136
63
75
211
276
223
127
104
262
504
643
563
437
355
403
522
608
691
659
651
755
961
1150
1116
914
721
573
554
744
825
791
687
587
628
587
500
345
98
-71
-197
-209
-173
-252
-394
-601
-833
-1078
-1370
-1728
-1928
-2009
-1968
-1893
-1660
-1345
-1224
-1540
-2184
-2232
-2006
-1440
-1104
-1249
-1114
-1165
-875
-451
-276
-95
-401
-736
-664
-329
269
547
354
59
40
312
494
488
308
193
146
206
422
442
460
388
96
33
164
252
43
-295
-267
7
169
119
13
-68
-95
-163
-167
-52
-19
-88
-169
-79
164
313
271
203
203
249
312
376
459
435
390
512
674
817
873
825
759
649
609
654
718
721
621
612
622
632
583
431
334
199
37
-94
-158
-185
-314
-459
-540
-697
-981
-1350
-1664
-1898
-2078
-2098
-1928
-1691
-1437
-1317
-1468
-1978
-2252
-2116
-1706
-1192
-1208
-1173
-1123
-993
-486
-237
-118
-284
-629
-659
-423
133
528
491
316
122
289
558
594
480
295
173
201
416
573
573
506
338
245
244
352
262
-59
-170
-31
181
262
213
139
54
26
80
136
111
43
-59
-93
67
340
494
455
373
359
456
518
599
622
535
569
688
904
1080
1089
1022
831
734
753
775
808
682
597
584
618
675
576
419
232
51
-92
-202
-261
-377
-536
-684
-859
-1094
-1440
-1792
-2035
-2112
-1954
-1731
-1347
-1116
-1372
-2019
-2310
-2043
-1646
-1262
-1277
-1072
-916
-967
-558
-198
103
-121
-754
-773
-352
252
530
414
561
627
741
987
990
910
679
204
-77
149
399
244
134
343
683
643
282
-3
-184
-241
-392
-516
-348
-138
112
344
408
492
534
410
240
98
123
323
392
531
926
1239
1439
1321
1158
1154
912
739
763
946
1227
1309
1356
1427
1179
782
387
76
49
-111
-143
53
124
133
7
-114
-378
-996
-1524
-1708
-1796
-1984
-2418
-3062
-3789
-4438
-4701
-4502
-4503
-3146
421
1947
-47
-1929
-994
739
-9
-765
-279
378
2148
3433
2928
1586
1126
1550
-344
-2857
-2148
-74
-121
-1483
-1040
1090
1040
-1563
-3095
-2519
-1597
-1395
-1627
-748
822
1518
1416
774
448
506
-386
-1326
-896
632
1903
1574
696
654
731
257
-1001
-2046
-1607
-596
-121
192
1000
1885
1223
-555
-1071
-222
268
-234
-246
1205
2743
2950
2307
1685
1037
751
718
650
863
1106
1391
1451
1233
937
-72
-1164
-1512
-1292
-766
-477
-244
-216
-770
-1222
-1524
-2345
-3423
-4302
-4721
-5012
-5314
-5437
-4960
-4220
-2314
1352
3201
1622
-970
-1721
644
2167
1034
256
1047
3630
4304
1937
70
-638
-720
-2230
-4060
-2705
-250
112
-1333
-1955
-382
523
-1519
-3545
-3079
-598
1395
1412
1157
1993
2540
1763
-47
-602
406
391
-722
-618
1036
2447
1341
-902
-1852
-1494
-1067
-1639
-2065
-829
762
1215
896
795
1424
893
-798
-1118
370
1920
2013
1362
1714
2391
2437
1571
329
-76
276
1111
1712
1668
1614
1178
448
108
-22
-321
-886
-1009
-224
475
563
272
-476
-1403
-2033
-2057
-2402
-3074
-3673
-4304
-4932
-5315
-5743
-5673
-5414
-2423
3122
5030
2482
-1054
-914
2636
3072
337
-997
976
4999
4696
1275
-590
-308
-144
-3536
-5769
-2709
370
106
-2058
-1926
1165
1658
-1444
-3771
-2881
755
2756
1599
1150
2740
3805
1916
-968
-630
859
167
-1453
-1241
1284
2729
858
-1526
-2274
-1274
-428
-1503
-1892
-102
2010
2462
1256
1244
2268
1004
-719
-718
1117
2680
2072
1300
1701
2380
2519
1053
-84
37
833
1824
1768
1838
1956
1040
261
65
84
-174
-754
-351
364
621
629
-49
-1012
-1796
-2063
-2458
-2985
-3812
-4508
-4766
-5446
-5960
-5746
-4765
398
5835
5733
1769
-1793
611
4124
2723
-509
-1336
2796
6233
3621
-192
-2059
-888
-1365
-5302
-5628
-1832
1117
153
-2388
-934
2338
1452
-2110
-4030
-1532
2875
3637
1887
1446
3010
3660
651
-2005
-1086
313
-191
-1899
-1238
1579
2150
-285
-2965
-3118
-945
-363
-1507
-1522
557
3051
2612
857
1100
1445
499
-823
-530
1689
2570
1839
1150
1524
2364
1614
63
-454
472
1872
1805
1366
1407
1164
374
-529
-684
-552
-871
-1010
-556
49
194
-417
-1446
-2167
-2798
-3276
-3903
-4700
-4804
-5363
-6282
-6736
-6060
-1192
5707
6965
3244
-1951
-1319
3411
3804
115
-2984
323
5790
5203
434
-3216
-2398
-1359
-4666
-6497
-3599
873
1462
-1827
-1956
1868
3152
-127
-4104
-3140
2211
4909
3151
818
1730
3682
1746
-1763
-2414
-516
240
-1568
-2132
152
2359
1198
-2480
-3979
-1762
362
-97
-1317
-193
2900
3569
1784
580
625
944
-171
-579
819
2204
2377
1518
1463
1940
1805
583
-224
631
1639
1865
1625
1430
1337
505
-517
-998
-709
-403
-606
-642
-319
-132
-526
-1324
-2253
-3286
-3732
-4148
-5013
-5177
-5965
-6426
-5957
-1552
6738
8701
4701
-2194
-2410
3410
4870
894
-3706
-664
5985
6227
620
-4206
-3128
-976
-4149
-7072
-4217
1699
3184
-846
-2460
1357
4106
1521
-3668
-3953
1975
6012
4337
656
850
3340
1946
-1942
-3315
-916
1016
-626
-2088
-418
2502
2321
-1573
-4254
-2258
1172
1608
-310
49
3175
4473
2538
0
31
992
601
-195
352
2231
3253
2835
1719
1507
1743
1432
500
230
1224
1842
1601
1171
1044
432
-599
-993
-857
-646
-454
-500
-466
-555
-754
-1676
-3280
-3983
-4630
-5038
-5931
-7156
-6816
-4053
4769
10314
8377
848
-4140
545
4976
3355
-2710
-3422
3584
7955
4251
-2826
-5062
-1987
-2463
-6628
-6987
-875
4673
2511
-2083
-993
3576
4294
-1192
-5693
-2003
4943
6830
2689
-351
1823
3252
-26
-4090
-3634
156
1001
-1246
-1872
1166
3802
1388
-3416
-4436
-743
2468
1370
-343
1483
4663
4400
720
-1156
20
1257
383
-485
824
3341
4306
2626
1110
829
1446
888
-132
595
1645
1950
1118
545
194
-626
-1426
-1792
-1169
-449
-350
-551
-879
-1371
-2436
-3550
-4618
-5423
-5800
-7169
-7565
-6056
1985
10388
10557
4099
-3773
-1893
3739
4759
-742
-4920
365
7472
6892
-554
-5915
-3852
-2085
-5431
-8013
-4111
3315
4709
44
-2070
1345
4805
1828
-4660
-4764
2038
7402
5320
163
-104
2317
1286
-2995
-5047
-2013
1104
405
-1747
-979
2699
3257
-1289
-5036
-3255
1499
3015
991
495
3054
4505
2359
-683
-972
612
813
-75
159
3085
4920
3634
1092
354
1432
986
-66
-433
518
1581
1438
807
154
-333
-1104
-1894
-1566
-866
-525
-855
-1284
-1989
-2416
-3397
-5440
-6500
-7707
-7559
-6657
-787
8552
11418
7060
-1809
-3236
2370
5220
1349
-4485
-1768
5990
8041
1903
-5292
-5072
-1680
-3399
-7269
-5987
1247
5337
1706
-2155
-330
4160
3844
-2363
-5156
-199
6472
6810
1233
-1158
1297
2276
-1107
-4863
-3383
660
1455
-932
-2020
896
3328
804
-3714
-4166
374
3850
2408
586
1383
3329
2947
230
-550
344
1347
1019
1087
3256
4678
3872
1620
425
517
776
257
-288
139
1141
1210
371
-172
-719
-1362
-1711
-1262
-417
-368
-767
-2062
-3021
-3339
-4918
-5934
-8170
-8172
-5797
2029
10641
10889
4839
-3212
-2530
3101
4896
109
-4346
-66
7023
6819
-168
-5762
-4272
-1898
-4441
-7134
-3824
3481
5751
974
-2472
452
4872
3262
-3148
-4468
1628
7388
5964
311
-1112
1238
1349
-2107
-4520
-1743
1901
1460
-1533
-1840
1902
3623
-161
-4146
-2818
2437
4654
2443
415
1311
3251
2322
58
-420
1094
2069
1647
2125
3667
4282
2811
935
32
654
1045
431
-5
382
923
211
-786
-1133
-1187
-1202
-1344
-961
-450
-433
-1901
-3272
-4550
-5137
-5725
-7715
-7792
-4752
5910
12658
10068
1286
-4695
-350
4665
3936
-2030
-3696
3345
8413
4196
-4053
-6717
-2554
-2134
-6550
-7395
-936
6119
4613
-1840
-3044
2018
5861
1756
-4331
-2244
5494
8955
3752
-1765
-356
2029
-44
-4591
-4728
514
3387
686
-3134
-1739
2928
2619
-2549
-5027
-775
4791
4870
1574
580
2629
3472
1234
-973
207
2618
3626
2628
2219
3405
3705
2028
-714
-870
581
873
166
-309
178
91
-711
-1364
-1751
-1598
-1448
-1455
-1320
-1185
-1754
-2785
-4904
-5905
-6984
-7960
-7401
-1241
9873
12924
6663
-3312
-4598
2373
5979
1947
-4008
-1422
7173
8453
517
-6760
-5230
-842
-3768
-8321
-5460
3194
6829
784
-5037
-2472
3985
4918
-1622
-4745
1543
8817
7711
464
-1924
1372
1691
-2397
-5069
-1353
3588
2585
-2208
-4121
-149
3281
7
-4717
-3322
2660
5594
2396
-675
809
2915
2290
-219
-34
3006
4918
4285
2489
2290
3529
2905
527
-558
552
1682
980
120
-62
-501
-1335
-2307
-2388
-1700
-991
-790
-1282
-1938
-2839
-3563
-5122
-6431
-7884
-8021
-5610
3723
13231
12164
2402
-6452
-3329
4205
5561
149
-3313
2528
9301
6079
-3102
-7643
-3303
-894
-5766
-7822
-998
7619
6227
-2951
-6341
-718
5115
2859
-3643
-2436
6001
10381
5166
-1874
-900
2571
400
-4248
-3700
3028
6072
1291
-4244
-3516
1951
3067
-2328
-4920
-322
5870
5639
370
-654
2146
3250
726
-1248
1883
6044
6510
3744
1370
2934
4204
2173
-234
-431
2022
2582
796
-201
-397
-377
-1766
-2971
-2066
-801
-262
-1160
-2953
-3409
-3537
-4628
-6858
-8698
-7428
-2540
7667
13706
9373
-1138
-6887
-1239
5772
5388
-28
-1319
5242
8715
2476
-5959
-7286
-2096
-1734
-6375
-5607
2448
8075
2679
-6552
-6630
790
5109
1217
-3069
1587
9113
8903
1391
-3088
468
2844
-899
-4125
-575
5935
5408
-1873
-6058
-2918
1978
941
-3300
-2196
3548
6378
2430
-1591
54
2933
2024
-743
351
5527
8379
6173
2424
1013
2152
2513
871
-16
1384
3249
2221
-135
-762
-877
-1953
-3159
-2752
-969
61
-68
-2098
-4172
-4567
-5069
-7106
-8891
-7695
-782
9730
13363
7411
-3392
-7178
-589
5510
4897
320
1038
7659
7817
69
-7079
-6467
-1523
-2572
-6279
-3868
3877
7358
-167
-8836
-7016
762
4152
-27
-2263
3764
9066
6340
-803
-3063
1320
2762
-735
-2196
2154
7135
3842
-4188
-6538
-2174
1811
-154
-3029
-138
4705
4342
-616
-2855
640
3483
1699
-428
1992
7142
8157
4251
465
211
2524
3186
1846
1566
2644
2659
218
-1634
-1117
-835
-1592
-2328
-1749
-461
-66
-1886
-4777
-5939
-5535
-6096
-7787
-6897
-869
9557
13252
6647
-3531
-7451
-872
5744
5583
1968
1581
6877
7218
-567
-6800
-5971
-1026
-1043
-4373
-2145
3962
5820
-992
-9095
-7332
273
3755
992
-1340
3114
7331
4166
-1533
-2859
1281
3166
160
-438
3456
6600
3140
-4250
-6135
-1599
1975
922
-1452
551
3950
2134
-1819
-2528
1020
3600
1650
561
3279
6634
6849
2829
-362
600
3134
4590
3172
1956
2252
934
-860
-1426
-713
44
-612
-858
-888
-1212
-1105
-3123
-5525
-6310
-5997
-6306
-6537
-4059
3991
11528
9237
488
-6943
-4104
4695
7983
5452
1985
4109
7875
3106
-4583
-6591
-2059
1474
-1553
-3282
891
4249
988
-7070
-9568
-2694
3835
4079
387
550
5174
4697
-566
-2852
355
4540
3372
729
2314
5051
3892
-1764
-5717
-2683
1970
2571
289
-414
1797
1000
-2251
-2533
714
4057
3332
1408
2719
5072
6152
3764
603
1056
3473
4790
3471
1641
1145
-18
-1522
-1158
67
717
36
-990
-1673
-2233
-2370
-3384
-5081
-5804
-6273
-6537
-5588
-1554
7684
10959
4336
-4719
-7644
649
8657
8817
4632
1796
5192
6227
-590
-5636
-3491
2167
2263
-2447
-1287
3143
2156
-4349
-9927
-6145
2281
4963
1893
-1510
718
4136
1165
-2596
-816
4135
5458
1645
473
3644
4386
610
-4063
-3375
2414
5098
2482
-598
-484
371
-1560
-2784
345
3828
3742
1437
852
3006
4547
3265
1070
1008
3819
5930
4176
1361
24
-477
-1116
-1268
-34
1020
142
-1514
-3177
-3816
-3387
-3634
-5039
-6539
-7289
-6614
-5159
-908
7568
8605
883
-7517
-6998
3685
9995
7915
2876
1119
5232
5416
-1406
-5033
-1458
3916
2143
-2949
-607
2989
-383
-7338
-9760
-2800
4747
4525
-168
-3126
-142
2423
-1178
-3020
1384
5947
4558
-75
420
4049
3081
-1294
-3623
-849
4031
4478
1097
-1819
-1973
-875
-1728
-1119
2290
3822
2269
306
934
3568
4049
2784
1854
2036
4187
4558
2153
98
-664
-420
-392
-425
468
26
-1766
-3374
-4257
-4011
-3739
-4289
-6008
-8217
-7961
-5296
-1321
6077
7101
236
-7446
-7399
3124
9585
7348
2608
506
3642
4618
-608
-3339
-522
3959
2686
-2648
-1304
2771
24
-6911
-9141
-2115
5217
3988
-1124
-3803
-1395
1170
-985
-1917
2108
5760
3991
-831
-617
3733
3416
-532
-1853
1073
4923
4527
658
-2715
-2377
104
439
492
2560
3408
1199
-984
341
3333
3775
2707
2386
2870
3910
3541
1193
-618
-317
1101
846
-382
-416
-814
-2680
-3941
-3792
-3544
-3683
-4660
-7235
-9088
-6817
-2340
4185
5854
659
-6050
-8371
166
8406
7886
3283
608
2785
4143
352
-1665
224
3237
3132
-1286
-1804
1552
300
-5369
-8631
-3471
3857
3093
-1751
-4218
-2946
-391
-779
-1221
1806
4439
2678
-1592
-1562
3126
4178
958
-374
1921
4560
3326
-230
-2126
-1325
988
2180
1690
1968
2368
701
-1186
-282
2929
4826
3937
2598
1892
2288
2711
1721
431
798
1892
1330
-248
-971
-1302
-2520
-3324
-3434
-3360
-3992
-5642
-7919
-7874
-5434
145
5262
1820
-4266
-8417
-3953
5808
8732
5110
545
149
3508
2481
-819
619
3839
5056
1394
-1977
107
943
-2821
-6423
-4728
2194
4702
167
-4363
-4883
-1997
-406
-1177
621
3422
2438
-1146
-2608
565
3467
1700
-321
660
3026
3484
753
-1425
-761
1055
2375
1873
1066
1398
817
135
1302
3386
4677
3759
1853
930
1198
2233
2860
2074
1559
1719
849
-680
-1551
-1473
-1424
-1492
-1974
-3265
-4469
-5737
-7690
-7636
-5392
382
5136
1170
-5270
-9120
-4013
5431
7523
3467
-604
-442
2727
1613
-778
1778
4967
4723
-156
-2775
331
1326
-2222
-4620
-1987
3656
3442
-2413
-5878
-4474
-931
292
-569
1057
2632
244
-3430
-3743
863
4294
2199
54
1138
2749
2003
-869
-1309
927
2643
2477
759
127
696
530
439
2111
3726
3551
1650
-225
436
2128
3058
2632
1488
896
465
-527
-966
-950
-595
-453
-1222
-2592
-3932
-4967
-6238
-7073
-5597
-2804
2219
2997
-3056
-8306
-8616
460
7942
6175
500
-2610
-722
2274
779
795
3940
5526
2848
-2670
-2734
1559
1345
-2406
-3359
489
3808
-292
-5693
-5734
-2090
1089
954
-320
487
227
-2529
-4070
-904
4298
4330
-36
-1384
502
1949
873
-354
1156
2723
2475
916
-267
538
2148
2215
2139
2937
2995
1549
-132
294
2644
4027
3509
1615
-173
-356
-283
-296
154
280
-498
-1802
-3246
-3823
-4451
-5127
-5738
-5501
-3981
-830
2615
-1758
-7186
-8487
-1869
6695
6787
1216
-3100
-2452
1896
3056
1177
3067
4836
3038
-2118
-2936
2343
4052
-375
-2854
-1042
2153
577
-3951
-4268
-717
1926
843
-1875
-1590
-410
-2141
-3467
-734
3799
3730
-1191
-3211
-498
2424
2776
842
791
1983
1786
168
-369
1348
3270
3005
1857
2563
2859
1854
791
1192
3215
3974
2841
1245
40
510
1459
1017
493
-154
-1237
-1963
-2317
-2234
-2409
-3742
-5337
-6082
-5376
-2809
1376
-316
-5139
-7560
-3845
4602
5799
535
-3911
-3029
1837
4017
1785
2340
3856
2852
-1196
-2791
2405
5677
1216
-3209
-1990
2166
1755
-3174
-3917
-442
1764
445
-2112
-1870
-113
-1158
-2890
-1416
2564
3321
-1280
-3546
178
3500
2842
-132
-468
1202
1405
620
502
1633
2764
2120
705
963
2227
3122
1785
1797
3043
3214
1617
646
1022
1221
1022
1378
1475
260
-877
-1515
-1833
-2366
-2231
-2935
-4867
-5999
-4275
-2883
-221
-117
-4558
-7894
-6600
2724
6914
1481
-3995
-3246
726
3284
1707
1828
3250
2831
584
-2097
900
5766
2849
-3417
-3361
1769
2820
-2870
-4423
159
2279
-53
-2521
-2318
-631
-1280
-2974
-1646
2152
3235
-1445
-5071
-1337
3366
2955
-360
-541
1656
1170
-492
-30
1722
2597
1849
564
823
2620
3281
1313
359
2207
3501
1644
19
623
1316
989
696
651
-87
-1304
-1737
-1570
-1871
-1877
-2893
-5330
-6423
-4947
-3471
-1739
98
-3296
-7128
-7791
-46
6117
2174
-3824
-4591
-1068
2299
2144
1621
3095
2510
274
-2819
-634
5451
4818
-1974
-3478
1425
3645
-1699
-4800
-532
2441
361
-2523
-2630
-438
-362
-2945
-2790
805
2422
-1243
-4967
-1969
3133
3288
-344
-1645
638
1153
-183
346
2321
2917
1618
-84
544
2351
3413
1928
1087
2243
2567
979
-66
1123
1699
783
84
482
143
-742
-1227
-864
-1212
-1902
-2685
-4380
-5187
-4316
-3006
-3026
-558
-1479
-5659
-8204
-3950
4574
3971
-2330
-5274
-2810
696
2111
966
2104
2480
1212
-1150
-1196
3886
6272
914
-3374
-369
3667
1111
-3430
-735
3234
1348
-2270
-2426
-519
133
-1259
-2293
-668
1747
107
-4386
-3304
2417
3829
479
-1751
153
1684
637
84
1975
3430
2444
373
291
2669
3870
2851
1456
2038
2814
1517
342
1751
2799
1610
216
271
456
-418
-816
-438
-705
-1806
-2488
-3322
-4631
-4409
-3561
-3223
-2535
-468
-3020
-6629
-6626
741
5636
654
-4640
-4328
-637
1782
1862
1499
2336
1370
-197
-1761
873
5743
4428
-1781
-2811
1983
3650
-988
-2527
1981
3130
-603
-2726
-881
1109
377
-1554
-1434
645
747
-2541
-3732
524
3786
1832
-1390
-1363
675
651
342
1707
2937
2077
681
508
2256
3761
3110
2039
2084
3094
2406
1042
1933
3510
2325
300
-16
588
441
2
197
59
-1174
-2581
-3152
-3625
-3823
-4112
-4116
-3884
-2968
-623
-3290
-6392
-5934
-178
4104
503
-4088
-4076
-949
1668
1869
962
1959
1095
-777
-1785
835
5052
3725
-1818
-2843
1020
2740
-525
-1945
1828
2733
-1258
-3087
-277
1954
442
-1828
-1157
673
152
-2464
-2915
739
3036
905
-1710
-1064
747
606
190
1296
2369
1301
-306
441
2702
3884
3079
1500
1638
2307
2011
1659
2259
3328
2231
26
193
1327
1074
355
-26
53
-931
-2212
-2413
-2354
-3084
-3901
-4530
-4066
-3932
-1370
-1297
-5544
-6818
-3601
2993
2412
-2867
-4633
-2207
297
1308
487
1416
2086
41
-1536
-467
4041
5173
-284
-3428
27
2839
693
-2373
-104
2823
325
-3141
-2134
1383
1560
-1881
-2239
1165
1322
-1916
-3240
-271
2904
1586
-1137
-969
905
853
-82
1034
2463
1324
-410
101
2304
3359
2905
1818
1366
1968
2064
1841
2187
3015
2378
581
332
1788
1742
610
383
652
-77
-1451
-1379
-1007
-2120
-3514
-3928
-4349
-3918
-3867
-1437
-1059
-4786
-6153
-4302
1795
2682
-2070
-4303
-2045
749
1652
416
1337
2552
431
-1125
258
4559
5646
306
-3247
-96
3076
1164
-2092
65
3321
432
-3318
-1328
2003
702
-2358
-1783
1106
1205
-1206
-2561
-199
2869
1659
-966
-524
1205
869
297
1656
2896
1560
-505
-57
2169
3282
2816
2107
1540
1847
1959
1990
2413
2658
2296
910
603
2013
2134
808
716
1148
445
-1046
-1135
-194
-1027
-2711
-3520
-3457
-3657
-3499
-3214
-1023
-1851
-5328
-5827
-3091
2546
2074
-2560
-4073
-1754
434
732
427
2339
2471
-325
-1083
1198
4744
4197
-382
-1781
1168
2452
262
-1343
1280
3006
-182
-2626
-253
2266
34
-2594
-522
2007
202
-2093
-1692
844
2386
612
-914
371
1383
188
122
2171
2843
514
-624
1107
2874
2748
2135
2316
2194
2044
1532
2146
2892
2595
1564
623
1216
2365
1621
368
803
1331
393
-992
-685
-272
-1530
-2717
-3180
-3206
-3755
-3770
-3685
-2144
-832
-3775
-5256
-4245
637
2593
-1326
-3564
-1970
-73
460
469
1934
2979
465
-1245
39
3153
4441
1084
-1555
496
2226
756
-1285
309
2939
741
-2264
-537
2212
954
-1946
-1488
1589
1507
-1383
-2358
-290
2261
1402
-730
454
1735
116
-978
1033
3306
1800
-488
278
1818
2102
2151
2238
2274
1925
1489
2061
2933
3295
2469
1113
1307
2262
1749
854
1203
1684
684
-697
-188
152
-1242
-2209
-1968
-2275
-3530
-4260
-3479
-3211
-2724
-1224
-3007
-4581
-4424
-770
1942
-583
-2658
-1941
-620
467
780
1427
2654
1489
-297
-184
2350
4482
2141
-1141
148
2135
1177
-659
393
2681
1264
-1380
-551
1771
1245
-1212
-1556
1198
2335
17
-1567
-298
1714
1040
-513
953
2408
529
-1145
466
2831
2173
135
303
1570
1977
1941
2236
2447
2220
1687
1897
2843
3158
2632
1792
1851
2594
2209
1220
1297
1628
1118
335
415
641
-606
-1751
-1637
-1756
-2792
-3584
-3330
-2712
-3504
-2447
-1038
-2767
-4358
-3946
-158
1474
-929
-1826
-921
-297
49
-32
1532
2991
1406
-433
127
2451
3269
785
-323
1727
2024
-106
-957
1347
2959
652
-1338
544
2205
567
-1263
-487
1520
1336
-671
-906
887
1711
25
-651
1455
2223
130
-748
711
1767
1064
345
1395
2102
1417
1103
1987
2636
2210
1711
2400
3060
2690
1980
1871
2300
2331
1624
1304
1741
1567
526
-54
479
559
-523
-1478
-1312
-1467
-2728
-3453
-2745
-2186
-2918
-3452
-1753
-1060
-2624
-3530
-2515
224
459
-1137
-999
-280
-180
-746
-666
1493
2616
1191
-19
630
1700
1235
-133
472
1991
1450
-248
-562
905
1492
121
-539
853
1709
53
-1398
-221
1219
271
-978
-141
1081
862
-530
-846
467
1036
71
-125
978
1299
488
112
907
1537
1068
983
1790
2134
1690
1353
1731
1894
1614
1508
1673
1668
1199
638
626
969
885
284
123
495
271
-486
-751
-416
-455
-1396
-2168
-2205
-2125
-2337
-2374
-2010
-1375
-1374
-1837
-2115
-1846
-1019
-1383
-1571
-772
-580
-667
-1034
-1210
-700
-401
-135
-43
-130
122
68
-236
-106
239
331
-56
-279
219
527
296
303
401
231
-175
-176
113
258
40
-374
-497
-142
220
3
-145
107
266
-81
38
645
764
517
287
330
529
705
977
1145
1144
1091
922
948
1205
1400
1234
925
970
1018
594
540
990
963
588
327
255
78
-141
-246
-309
-334
-605
-1091
-1421
-1697
-2068
-2410
-2358
-1995
-1672
-1660
-1975
-2130
-1788
-2135
-2383
-1511
-1334
-1339
-1248
-1371
-942
-500
-204
-135
-321
-213
-217
-274
271
653
623
254
-166
-143
196
300
499
611
382
0
-186
-10
124
144
51
-144
-131
303
441
421
480
434
135
150
715
921
862
685
462
583
720
700
750
965
1057
879
640
757
1099
1039
784
807
1102
1031
850
889
897
955
831
698
604
597
538
316
137
26
-302
-619
-869
-1421
-1785
-1943
-1927
-1897
-1685
-1501
-1632
-2227
-2082
-1906
-1890
-952
-1015
-1123
-829
-1058
-795
-268
400
749
268
-26
175
227
378
599
816
754
194
90
540
781
846
570
346
434
757
842
719
985
977
411
390
1163
1258
1000
1093
1096
866
729
1058
1179
1086
947
529
701
1035
911
694
602
885
1038
952
1134
1470
1413
1175
1225
1555
1472
1229
1467
1556
1524
1563
1294
1096
973
765
672
743
706
163
-386
-538
-751
-1337
-1663
-1715
-1654
-1705
-1756
-1386
-1130
-1455
-1609
-1435
-1717
-1215
-753
-859
-402
-483
-718
-660
-235
298
5
-258
42
98
42
376
572
345
71
29
341
688
956
1084
1121
981
888
919
860
1112
1191
627
314
890
1301
890
684
880
669
211
238
594
648
685
381
223
674
787
617
493
826
1207
1225
1258
1595
1765
1521
1407
1594
1706
1491
1498
1700
1425
1253
1292
1189
946
553
252
299
426
254
-187
-383
-404
-799
-1355
-1536
-1565
-1663
-1952
-1984
-1225
-868
-1248
-1810
-1698
-1934
-1874
-1006
-945
-762
-959
-1467
-1184
-540
-2
-235
-640
-434
-270
-329
8
493
684
382
-121
302
982
1087
934
756
841
779
678
728
964
881
195
-276
182
680
377
195
472
373
-106
-184
466
756
547
383
185
571
831
722
802
1085
1355
1196
983
1265
1559
1431
1243
1391
1575
1347
1023
997
1167
1118
1053
1027
836
524
374
409
485
371
175
86
-58
-290
-645
-892
-1083
-1373
-1835
-1963
-1946
-1596
-1344
-1501
-1721
-1868
-1936
-2381
-1741
-1034
-1344
-1308
-1418
-1230
-753
-337
-22
-238
-424
-253
-100
122
751
948
578
216
190
610
799
852
777
628
562
517
426
309
456
382
-57
-83
576
901
555
461
670
609
515
717
1036
971
823
718
538
1001
1326
997
693
815
1144
1104
998
1230
1345
1191
1196
1368
1513
1477
1283
1354
1504
1503
1500
1536
1393
1103
919
991
1111
893
534
397
429
261
-117
-566
-889
-1229
-1481
-1767
-1814
-1744
-1773
-1515
-1411
-1660
-1927
-1868
-1998
-1466
-1000
-1212
-725
-714
-886
-598
-98
288
-60
-338
-85
211
340
475
485
504
283
-96
252
914
1111
813
658
816
943
893
829
1051
1064
618
378
819
1250
1137
930
1027
1073
868
583
721
886
742
577
321
698
1056
834
758
903
1200
1156
993
1332
1659
1515
1412
1593
1942
2059
1700
1655
1758
1798
1745
1588
1796
1718
1227
993
1102
1141
845
498
457
405
103
-84
-363
-698
-1187
-1671
-1664
-1542
-1503
-1904
-1994
-1614
-1347
-1601
-1763
-1621
-2034
-1654
-1252
-1088
-605
-1026
-1247
-852
-309
12
-151
-311
-140
-68
101
683
1126
1072
327
-7
699
1262
1329
1157
1151
1107
894
941
1105
1126
869
338
75
507
967
805
395
365
436
300
310
637
594
223
189
288
733
1136
857
600
645
936
1231
1308
1520
1579
1211
1269
1764
2032
1825
1408
1500
1620
1473
1427
1381
1358
1175
885
964
1164
918
384
50
237
434
150
-54
-209
-521
-982
-1337
-1390
-1414
-1728
-2084
-2287
-2122
-1517
-1325
-1517
-1904
-2011
-2251
-2068
-1096
-1072
-1032
-921
-1042
-724
-283
312
336
-52
-85
249
510
908
1200
961
506
213
615
1174
1402
1309
872
563
637
856
916
953
819
377
-19
208
682
702
409
404
694
797
676
542
546
496
566
749
918
1396
1483
978
842
1212
1461
1398
1323
1528
1610
1490
1677
1914
1874
1594
1361
1429
1572
1470
1368
1291
1146
1173
1188
1202
1165
854
528
466
689
822
674
437
232
-76
-322
-399
-534
-694
-1065
-1532
-1725
-1680
-1852
-1699
-1299
-1150
-1271
-1642
-1601
-1821
-1497
-663
-634
-321
-350
-673
-421
59
557
501
183
180
299
385
722
935
986
720
308
566
944
1006
884
763
833
901
839
898
1130
1135
744
325
548
1072
1199
960
828
910
948
918
973
1042
879
741
719
770
1077
1179
878
853
1139
1246
1108
1028
1308
1347
1171
1439
1750
1866
1651
1367
1453
1590
1593
1523
1588
1578
1399
1287
1340
1434
1345
1104
902
954
912
703
593
626
608
388
184
10
-228
-594
-865
-1038
-1154
-1407
-1842
-1932
-1690
-1313
-1072
-1082
-1500
-1807
-2019
-1886
-922
-646
-580
-535
-887
-590
-58
434
571
227
2
99
447
1129
1538
1223
809
530
653
1150
1503
1451
993
704
853
1083
1143
1151
966
521
221
397
811
947
707
527
639
819
787
805
843
559
454
591
823
1230
1125
666
601
922
1249
1176
1028
1131
1108
989
1312
1745
1887
1526
1144
1136
1418
1736
1373
1251
1386
1165
1160
1235
1303
1141
791
592
642
784
861
572
282
247
80
-12
-61
-225
-520
-1088
-1295
-1174
-1277
-1513
-1741
-1971
-2191
-2304
-2147
-1521
-1133
-1382
-1978
-2091
-1896
-1456
-728
-899
-862
-698
-1132
-828
-109
510
295
-475
-559
-70
400
817
842
592
465
258
422
1019
1309
1172
673
451
735
1074
1138
986
771
585
397
491
779
796
636
584
672
722
818
811
572
600
705
623
846
1102
935
597
651
1065
1167
927
860
916
882
881
1070
1281
1190
1003
940
1094
1289
1085
852
840
807
830
912
925
855
665
479
518
674
680
424
161
133
76
-68
-89
-99
-277
-615
-843
-907
-1004
-1341
-1704
-1863
-1896
-2060
-2230
-2439
-2677
-2856
-2471
-1781
-1516
-1714
-2196
-2403
-2362
-1427
-732
-862
-559
-851
-1061
-541
320
966
477
-239
-292
142
723
1185
1114
879
555
215
540
1139
1370
945
334
372
839
1060
973
887
735
482
267
539
839
659
331
94
319
671
711
634
454
390
321
294
611
808
562
350
514
898
1021
785
744
772
566
601
941
1161
964
615
637
810
874
796
497
290
321
296
307
375
405
161
-115
-20
177
94
-142
-255
-175
-159
-272
-286
-309
-473
-592
-577
-450
-581
-930
-1220
-1337
-1340
-1320
-1586
-1613
-2316
-3828
-2811
-21
-25
-2660
-3218
-1111
-176
-1270
-2333
-1572
-171
421
648
-755
-1025
462
1581
1328
-29
-476
590
1406
1215
517
720
1475
1036
95
468
1159
1132
344
64
754
1093
644
166
452
685
159
-207
298
735
316
14
635
1157
709
-8
231
784
648
228
508
1082
975
384
464
1102
1073
277
53
727
1227
939
837
1280
1363
703
430
999
1166
738
223
700
1371
854
324
533
801
348
-129
214
812
751
298
82
217
267
-151
-386
-73
54
-247
-419
-202
-333
-950
-1114
-761
-913
-1497
-1818
-1410
-1316
-1963
-2372
-2455
-2959
-3301
-2837
-1070
543
88
-1209
-1963
-1488
-114
172
154
809
1243
1603
777
371
1020
1511
777
240
807
1913
1959
771
-30
237
338
125
6
510
1022
715
90
100
104
-313
-532
-314
350
748
659
572
345
23
232
629
866
883
964
1296
1563
1268
1064
1130
1162
1082
1214
1704
2002
1548
1082
1118
1308
1360
1361
1475
1558
1419
1314
1385
1326
1078
971
1106
1265
1329
1222
1130
1031
895
947
983
961
931
861
868
799
629
498
370
237
299
253
298
166
-125
-309
-508
-542
-478
-612
-803
-1136
-1280
-1184
-1395
-1580
-1853
-2017
-2221
-2321
-2614
-2794
-3014
-2297
-1374
-478
-100
-1193
-1586
-1056
-365
692
610
800
1354
845
766
664
978
1545
1367
1071
1457
1543
1491
958
276
582
830
847
1095
1149
1115
781
366
337
592
766
908
945
1097
1386
1357
1140
874
858
1317
1722
1845
1907
1839
1643
1458
1466
1684
1838
1821
1789
1793
1789
1649
1370
1259
1444
1508
1572
1609
1544
1413
1145
990
1136
1254
1380
1350
1210
1096
1002
934
846
684
682
744
807
889
811
568
327
231
299
335
333
255
117
24
-49
-216
-308
-304
-386
-431
-535
-515
-550
-840
-1107
-1070
-988
-832
-913
-1177
-1336
-1479
-1603
-1755
-1883
-1442
-1144
-972
-766
-627
-365
-703
-736
-353
136
550
455
462
626
513
549
532
792
989
1059
916
856
845
740
513
482
748
868
783
728
747
759
600
582
661
751
792
826
859
797
864
811
814
849
1019
1153
1118
1065
1058
935
890
884
1014
1087
1066
1029
1025
952
860
782
713
795
863
836
771
741
719
586
464
466
497
466
419
400
381
328
209
139
93
101
167
148
116
66
-47
-185
-251
-194
-129
-202
-230
-228
-328
-362
-452
-441
-443
-516
-481
-578
-468
-442
-630
-591
-582
-479
-520
-854
-838
-795
-894
-1009
-1174
-1200
-1222
-1462
-1671
-1633
-1667
-1593
-1822
-1713
-1183
-1090
-1057
-1012
-925
-647
-682
-511
-132
47
50
-75
19
201
270
207
254
307
406
462
357
476
597
446
282
326
483
546
486
472
500
357
330
483
452
478
441
360
421
362
477
494
397
532
659
590
617
613
641
588
631
819
791
716
806
863
780
702
689
708
753
808
791
713
665
649
590
478
484
489
410
367
311
272
236
184
159
83
59
128
98
46
55
111
128
57
-23
-24
-18
4
35
11
38
-19
-41
-62
-114
-190
-244
-230
-244
-180
-236
-268
-263
-446
-495
-492
-601
-480
-606
-694
-691
-727
-682
-682
-721
-655
-745
-824
-753
-785
-633
-543
-579
-539
-555
-561
-467
-478
-362
-199
-82
-132
-127
-59
-48
-48
-59
86
154
119
138
178
200
228
161
209
243
199
276
419
464
502
410
378
451
507
623
651
673
743
788
838
857
852
897
890
889
1010
1074
1049
987
920
867
867
909
931
807
763
804
742
701
683
626
575
560
587
603
554
522
518
457
472
537
519
438
381
432
460
390
316
274
281
364
339
198
171
192
134
56
44
100
67
-110
-225
-201
-126
-161
-272
-342
-359
-335
-384
-409
-349
-384
-419
-467
-571
-504
-479
-507
-516
-560
-490
-473
-470
-376
-436
-346
-185
-147
-144
-96
-29
-59
-88
-6
9
-83
-36
96
71
-38
-84
-67
-66
-75
-98
-88
-67
-149
-207
-254
-216
-217
-387
-395
-259
-187
-150
-128
-138
-140
-119
-174
-139
25
91
54
47
117
173
64
-3
69
55
63
136
143
137
174
207
189
172
216
221
158
141
201
184
167
156
143
145
81
71
131
35
-27
-13
-1
-7
-37
-45
-85
-162
-163
-126
-110
-71
-82
-120
-128
-85
-69
-90
-95
-109
-34
54
53
-11
-101
-145
-186
-216
-160
-121
-196
-274
-246
-204
-313
-421
-417
-425
-480
-496
-430
-438
-509
-538
-479
-503
-510
-465
-437
-399
-382
-393
-425
-421
-390
-370
-335
-304
-365
-355
-337
-395
-465
-508
-428
-416
-535
-553
-472
-446
-497
-522
-577
-579
-537
-580
-599
-587
-602
-631
-662
-642
-620
-588
-589
-651
-718
-659
-627
-656
-625
-544
-488
-542
-546
-582
-592
-561
-550
-507
-507
-540
-485
-473
-495
-495
-487
-452
-440
-422
-412
-422
-393
-374
-473
-472
-372
-413
-581
-611
-540
-486
-514
-566
-604
-561
-487
-537
-594
-506
-482
-530
-378
-316
-382
-397
-401
-334
-274
-328
-352
-335
-343
-392
-366
-319
-396
-455
-437
-453
-463
-517
-536
-583
-578
-408
-434
-542
-540
-498
-472
-514
-420
-357
-441
-451
-423
-398
-342
-350
-418
-386
-368
-328
-352
-347
-269
-376
-400
-330
-261
-363
-443
-261
-254
-375
-381
-305
-325
-418
-368
-250
-262
-311
-274
-214
-277
-390
-310
-252
-325
-365
-239
-276
-422
-302
-152
-141
-255
-228
-243
-297
-284
-240
-136
-178
-217
-236
-168
-159
-191
-170
-156
-199
-220
-223
-257
-163
-160
-270
-377
-253
-195
-371
-381
-306
-301
-397
-300
-355
-504
-403
-321
-354
-400
-290
-188
-252
-276
-214
-218
-166
-177
-201
-166
-145
-134
-189
-146
-125
-153
-149
-131
-154
-153
-64
-66
-137
-189
-142
-168
-214
-194
-186
-185
-186
-144
-168
-247
-208
-245
-362
-318
-263
-275
-322
-296
-295
-403
-420
-376
-354
-414
-407
-402
-428
-376
-321
-312
-284
-345
-436
-354
-232
-106
-150
-209
-163
-147
-178
-141
-82
-103
-118
-114
-106
-147
-222
-212
-221
-227
-194
-232
-262
-266
-343
-348
-291
-235
-213
-240
-196
-244
-241
-143
-213
-276
-148
-66
-66
-37
43
27
-81
-30
29
-7
81
156
86
68
140
193
65
44
116
161
142
106
152
144
117
146
176
85
31
75
63
16
72
59
10
-64
-44
-35
-133
-109
-55
-26
-53
-71
-63
0
-17
-39
16
77
96
71
91
90
128
213
213
115
106
40
92
277
218
93
218
272
144
175
281
235
139
196
274
318
307
274
249
187
256
262
278
249
241
292
249
219
150
150
139
96
67
118
96
43
40
-26
-36
10
-23
-59
-33
-37
-35
14
-17
-31
-33
-77
-29
24
17
40
54
66
8
-5
49
60
89
93
116
119
64
136
226
176
199
244
253
268
203
304
374
285
300
301
358
344
277
310
367
297
217
281
303
286
297
334
353
316
336
367
375
387
385
504
529
468
502
513
494
531
575
568
547
513
476
476
491
508
462
434
487
421
401
423
396
286
254
331
359
303
278
274
252
262
248
255
245
171
129
156
137
151
171
99
82
97
45
15
87
100
-32
-33
82
68
-71
30
102
55
62
107
166
121
140
176
192
239
256
324
318
258
311
386
373
392
481
509
418
359
458
515
475
393
446
553
543
507
548
576
559
569
532
553
525
584
635
549
517
535
610
481
415
504
478
465
444
453
479
420
347
310
342
338
327
363
371
382
332
257
217
227
235
206
201
203
208
162
80
144
98
20
42
6
-51
-96
-19
-70
-185
-133
-71
-147
-240
-187
-181
-200
-210
-193
-208
-234
-249
-285
-257
-238
-327
-341
-264
-299
-325
-283
-366
-393
-344
-341
-385
-395
-306
-336
-409
-403
-335
-359
-412
-429
-396
-381
-368
-351
-398
-431
-472
-471
-454
-503
-498
-470
-511
-576
-506
-461
-551
-607
-578
-505
-496
-521
-543
-502
-469
-518
-446
-414
-538
-495
-419
-441
-537
-447
-398
-540
-561
-459
-467
-516
-507
-514
-534
-534
-441
-469
-523
-481
-505
-523
-508
-434
-446
-524
-477
-414
-477
-527
-475
-472
-534
-604
-549
-442
-463
-526
-523
-537
-510
-525
-512
-471
-465
-437
-380
-368
-417
-386
-343
-357
-387
-326
-262
-277
-216
-103
-61
-125
-155
-82
-121
-252
-183
-113
-196
-250
-199
-133
-190
-259
-215
-208
-286
-330
-335
-240
-308
-369
-269
-259
-312
-283
-202
-293
-384
-249
-205
-396
-344
-190
-222
-361
-334
-205
-235
-317
-355
-281
-271
-284
-265
-269
-273
-251
-202
-214
-226
-150
-98
-108
-159
-60
44
2
-20
47
107
67
75
162
140
163
238
201
154
176
197
161
181
217
207
207
188
222
223
215
240
207
179
150
199
231
207
192
216
204
172
170
197
216
171
131
163
189
141
146
158
196
156
61
115
151
137
112
83
53
30
-2
30
60
-7
-61
-66
-97
-167
-95
-94
-180
-203
-150
-143
-226
-219
-190
-225
-254
-251
-250
-236
-233
-189
-248
-279
-230
-224
-205
-230
-210
-169
-142
-159
-158
-132
-148
-162
-165
-124
-142
-140
-143
-182
-159
-165
-190
-177
-160
-262
-325
-272
-217
-323
-317
-223
-302
-339
-322
-308
-311
-288
-243
-265
-276
-270
-228
-222
-203
-137
-170
-217
-210
-174
-190
-195
-212
-219
-227
-273
-310
-307
-266
-309
-342
-356
-364
-364
-373
-410
-389
-352
-391
-433
-442
-383
-378
-412
-383
-335
-326
-364
-348
-293
-335
-343
-285
-279
-298
-295
-274
-317
-325
-311
-399
-377
-331
-423
-487
-456
-449
-535
-594
-545
-542
-658
-694
-744
-788
-801
-864
-923
-906
-888
-973
-1000
-982
-982
-989
-976
-956
-913
-919
-913
-910
-899
-840
-851
-823
-748
-785
-804
-736
-711
-736
-704
-649
-626
-623
-636
-569
-522
-586
-608
-505
-491
-534
-467
-413
-450
-480
-446
-415
-443
-432
-316
-289
-356
-328
-248
-258
-261
-182
-125
-79
-63
-27
3
16
52
101
165
129
167
238
264
261
291
375
347
299
406
438
419
445
430
394
423
468
419
384
440
456
444
411
365
369
369
334
322
322
314
267
239
253
166
144
172
145
100
109
169
128
56
48
24
-13
23
52
56
14
9
38
-26
-55
-45
-44
-43
-8
-35
-86
-97
-134
-166
-186
-200
-224
-224
-202
-198
-241
-284
-328
-370
-383
-354
-354
-374
-379
-396
-390
-371
-400
-372
-332
-365
-329
-268
-269
-254
-215
-233
-276
-240
-245
-301
-260
-222
-307
-367
-336
-327
-383
-441
-367
-359
-431
-428
-422
-454
-447
-399
-429
-449
-410
-384
-359
-324
-298
-299
-305
-278
-236
-206
-179
-156
-167
-164
-174
-174
-151
-165
-146
-156
-162
-154
-186
-155
-112
-130
-162
-145
-82
-80
-82
-12
-55
-89
-71
-43
-36
-39
-9
-26
-10
-71
-70
-23
-26
-57
-53
-41
-80
-122
-117
-96
-160
-186
-132
-140
-195
-182
-186
-231
-264
-270
-299
-387
-387
-316
-380
-474
-431
-451
-506
-512
-449
-453
-496
-466
-478
-458
-471
-487
-482
-470
-440
-380
-350
-381
-408
-386
-374
-383
-331
-315
-384
-378
-362
-388
-335
-328
-389
-415
-383
-340
-360
-354
-348
-367
-375
-320
-236
-248
-276
-189
-125
-182
-151
-67
-96
-135
-79
-29
-29
-31
-18
-36
-59
-43
-24
-33
-24
16
-11
-47
-25
1
4
-54
-17
50
18
0
0
18
11
-3
14
26
6
-8
16
11
-19
-32
-44
-51
-101
-57
-7
-50
-46
-43
-44
1
38
66
52
37
97
127
120
148
213
198
157
154
221
233
175
193
212
180
142
189
195
131
129
157
120
118
178
191
186
203
228
258
234
189
220
259
250
283
322
315
273
266
264
235
263
271
252
258
248
237
247
258
247
212
217
251
236
223
222
260
248
185
186
207
188
151
126
86
64
70
71
50
44
31
9
-28
-33
2
-3
-24
-28
-33
-51
-28
-10
-13
-21
-12
6
-11
-10
23
5
-27
-13
-13
-18
-28
-40
-52
-32
-44
-86
-111
-99
-105
-109
-102
-115
-123
-126
-92
-88
-79
-44
12
-12
-35
-5
44
26
8
63
79
76
93
95
60
35
43
69
78
82
63
58
63
54
39
37
44
49
23
27
40
5
-6
-10
-24
-24
-29
-26
-22
-12
-49
-67
-38
-55
-82
-62
-66
-65
-79
-65
-49
-102
-101
-103
-109
-131
-117
-83
-111
-121
-120
-104
-113
-135
-111
-82
-107
-134
-133
-113
-123
-147
-130
-118
-114
-132
-147
-146
-146
-156
-148
-124
-128
-115
-99
-122
-131
-100
-95
-115
-113
-86
-83
-128
-102
-76
-89
-97
-90
-77
-74
-81
-89
-85
-64
-65
-88
-85
-53
-28
-44
-44
-41
-17
-11
-13
-9
3
-11
-29
-13
2
-1
5
8
-6
-14
-33
-32
-4
-9
-21
-19
-17
-13
-29
-42
-17
-20
-42
-38
-29
-25
-9
-18
-48
-61
-37
-21
-48
-47
-5
12
-16
-29
-37
-47
-64
-39
-28
-40
-63
-84
-99
-107
-105
-118
-138
-144
-149
-159
-146
-135
-131
-135
-137
-133
-151
-149
-133
-135
-112
-87
-108
-139
-146
-115
-113
-121
-112
-88
-102
-123
-117
-98
-125
-150
-140
-130
-125
-120
-102
-132
-156
-138
-143
-139
-117
-72
-77
-136
-131
-103
-133
-160
-115
-91
-115
-164
-146
-132
-144
-151
-144
-155
-154
-124
-125
-118
-94
-95
-90
-70
-33
-46
-67
-36
-30
-42
-41
-21
-39
-55
-44
-19
-32
-41
-34
-44
-85
-117
-106
-91
-115
-133
-126
-121
-126
-143
-132
-140
-167
-142
-119
-124
-118
-109
-134
-152
-129
-100
-100
-118
-91
-80
-92
-57
-38
-41
-41
-24
1
-7
17
28
8
17
61
81
63
50
56
73
53
64
103
81
28
25
45
34
15
9
-2
-15
-22
-10
-18
-11
-1
15
32
33
40
64
71
77
115
132
148
146
156
159
164
181
180
197
203
193
187
205
219
207
202
212
205
182
179
179
172
177
150
122
126
140
120
97
102
88
63
73
79
63
54
45
40
43
53
59
56
33
29
39
63
81
85
68
29
48
96
90
61
73
100
83
79
96
109
86
58
54
63
63
79
64
60
59
46
54
51
44
25
12
13
13
40
39
29
24
26
24
25
19
3
20
4
-16
-35
-27
-11
0
-17
-53
-74
-82
-83
-87
-91
-103
-120
-115
-113
-110
-127
-134
-140
-141
-147
-173
-187
-179
-178
-209
-221
-209
-199
-212
-215
-218
-234
-234
-219
-210
-198
-185
-190
-187
-189
-177
-169
-162
-173
-193
-186
-174
-164
-170
-185
-190
-194
-208
-212
-203
-193
-200
-228
-217
-199
-186
-183
-184
-187
-179
-151
-143
-129
-112
-114
-116
-116
-107
-95
-85
-78
-85
-112
-112
-94
-83
-73
-69
-62
-71
-100
-89
-65
-45
-41
-58
-73
-61
-30
-36
-40
-28
-25
-29
-24
13
36
22
17
12
21
54
63
63
41
36
40
56
76
62
74
96
88
80
90
120
125
111
120
131
142
141
133
120
130
134
117
89
82
81
80
85
91
80
71
62
33
40
49
64
53
52
49
46
41
35
42
47
50
63
54
32
10
32
24
-8
-1
3
16
16
18
13
27
7
3
21
37
59
54
40
51
58
64
62
66
64
48
46
54
70
67
71
57
43
52
58
45
43
60
72
77
81
99
104
113
118
136
139
152
155
170
161
164
175
174
175
174
177
173
187
191
184
171
157
139
140
129
136
160
152
153
154
156
165
172
183
172
167
177
184
178
171
173
161
140
136
143
141
140
130
122
97
92
104
112
108
104
98
91
100
95
89
88
96
85
76
82
109
111
106
104
105
109
113
119
118
124
116
107
104
108
108
117
123
121
118
100
96
86
102
104
107
109
99
101
87
80
79
73
87
77
73
74
69
63
59
80
77
73
68
76
68
85
90
84
89
93
88
86
91
97
103
87
91
78
75
61
56
59
48
42
24
12
12
-3
-44
-68
-90
-86
-95
-102
-139
-161
-176
-179
-182
-188
-185
-196
-199
-201
-219
-232
-222
-215
-225
-223
-224
-216
-216
-223
-217
-209
-197
-189
-197
-196
-193
-192
-184
-176
-177
-190
-196
-195
-205
-180
-189
-238
-261
-267
-263
-274
-270
-274
-275
-270
-271
-276
-270
-251
-250
-242
-244
-234
-228
-221
-221
-208
-187
-187
-179
-179
-160
-126
-135
-130
-134
-135
-119
-116
-102
-95
-89
-105
-113
-113
-109
-104
-107
-114
-99
-94
-96
-95
-99
-106
-117
-123
-122
-112
-105
-112
-110
-122
-117
-111
-110
-109
-110
-103
-110
-109
-102
-91
-101
-88
-96
-94
-87
-81
-75
-82
-83
-93
-92
-85
-86
-84
-96
-102
-106
-106
-107
-97
-96
-109
-99
-84
-79
-70
-75
-65
-59
-52
-39
-13
9
5
13
27
36
48
54
66
73
73
78
91
119
127
129
124
127
162
170
156
159
159
166
161
161
166
153
145
151
147
141
144
154
164
168
181
188
193
206
213
217
221
211
216
233
234
240
249
245
266
277
289
289
289
297
291
294
301
297
293
284
295
293
293
288
284
296
278
291
304
312
318
323
323
320
310
309
323
327
324
312
310
316
309
309
309
303
310
305
300
300
312
315
334
341
340
342
355
366
362
372
378
375
370
378
386
387
382
360
358
367
382
380
368
379
394
390
377
382
386
373
360
365
374
366
354
352
360
374
355
333
335
332
335
341
338
350
333
327
310
315
334
324
327
298
300
319
317
324
326
342
351
353
351
349
336
341
339
336
340
332
308
292
293
283
285
277
254
245
245
252
250
233
227
228
224
246
245
264
279
263
262
268
279
274
275
262
264
256
247
251
250
249
247
246
242
250
240
248
248
249
256
254
264
276
281
288
294
290
280
292
308
311
302
294
291
286
291
281
277
280
264
261
265
273
271
262
263
270
282
292
293
303
299
299
294
292
312
304
305
296
291
295
284
280
272
270
260
261
260
248
240
239
242
239
238
232
235
244
255
260
263
258
257
275
284
278
295
301
280
285
306
301
287
274
269
282
283
269
263
271
269
258
264
276
295
293
277
281
282
271
260
246
246
249
239
233
242
235
226
214
201
203
185
186
194
185
179
166
165
161
178
184
189
180
190
197
200
198
177
176
183
169
158
155
138
137
139
122
124
112
106
111
100
107
98
80
82
90
77
52
32
38
41
54
51
54
57
49
43
45
59
69
69
50
49
55
59
51
47
50
50
43
39
57
67
55
44
42
45
39
27
31
18
5
22
7
-9
-24
-30
-34
-34
-35
-41
-40
-46
-68
-72
-66
-56
-46
-56
-49
-46
-55
-62
-80
-71
-66
-62
-59
-51
-48
-50
-46
-41
-33
-34
-26
-26
-17
-11
-12
-17
-17
-22
-9
-4
18
17
22
21
6
16
15
3
1
10
-3
-2
-6
-19
-25
-28
-25
-25
-27
-29
-35
-34
-42
-36
-34
-42
-43
-35
-39
-45
-48
-55
-62
-67
-83
-78
-72
-81
-80
-83
-84
-81
-78
-74
-63
-73
-79
-84
-86
-104
-91
-92
-84
-84
-90
-82
-89
-85
-82
-90
-101
-109
-117
-119
-109
-120
-126
-129
-130
-142
-155
-141
-145
-147
-161
-169
-164
-163
-170
-172
-169
-180
-189
-192
-202
-193
-182
-183
-187
-193
-196
-200
-204
-201
-207
-204
-208
-202
-203
-201
-208
-208
-211
-200
-176
-181
-184
-194
-199
-189
-190
-206
-203
-204
-201
-215
-219
-228
-222
-227
-235
-232
-227
-216
-213
-223
-223
-212
-206
-192
-192
-178
-179
-166
-153
-139
-123
-139
-147
-146
-144
-143
-152
-156
-161
-164
-175
-181
-174
-181
-188
-202
-209
-212
-209
-212
-227
-223
-213
-209
-209
-212
-205
-204
-196
-197
-180
-176
-168
-161
-169
-159
-144
-147
-152
-161
-151
-136
-127
-124
-118
-108
-119
-105
-99
-90
-89
-99
-91
-85
-84
-74
-95
-83
-74
-77
-63
-77
-82
-97
-96
-101
-96
-71
-75
-75
-88
-84
-77
-74
-63
-55
-39
-35
-24
-23
-16
-11
-13
-15
0
10
10
3
-2
-13
-17
-19
-29
-40
-51
-49
-65
-55
-58
-60
-66
-69
-75
-80
-78
-73
-62
-67
-74
-73
-60
-66
-72
-78
-71
-74
-78
-94
-101
-98
-118
-113
-117
-110
-110
-127
-127
-121
-118
-123
-116
-115
-103
-102
-112
-104
-89
-98
-116
-107
-104
-106
-108
-129
-131
-122
-132
-132
-142
-137
-122
-133
-122
-121
-114
-97
-106
-97
-96
-76
-72
-84
-86
-74
-57
-63
-84
-96
-82
-84
-95
-98
-98
-108
-116
-102
-89
-87
-91
-111
-118
-122
-115
-115
-130
-121
-139
-148
-137
-149
-149
-148
-163
-171
-172
-177
-179
-173
-177
-181
-183
-187
-177
-185
-184
-188
-194
-183
-204
-192
-195
-209
-194
-214
-208
-201
-205
-219
-220
-226
-229
-235
-240
-255
-259
-252
-272
-284
-292
-290
-297
-306
-309
-304
-289
-280
-278
-286
-276
-263
-259
-254
-248
-242
-239
-240
-230
-217
-222
-221
-224
-216
-213
-199
-189
-195
-191
-196
-194
-187
-188
-201
-189
-189
-182
-201
-206
-190
-188
-179
-182
-173
-169
-170
-182
-200
-193
-193
-200
-210
-213
-214
-224
-220
-227
-222
-226
-224
-222
-219
-204
-217
-220
-216
-227
-233
-224
-221
-226
-235
-238
-247
-247
-247
-248
-232
-238
-253
-250
-245
-230
-230
-226
-223
-206
-197
-189
-179
-173
-165
-163
-147
-152
-147
-142
-136
-138
-139
-132
-140
-129
-121
-128
-124
-124
-128
-122
-121
-133
-120
-113
-111
-119
-118
-109
-105
-97
-102
-101
-106
-94
-92
-83
-79
-82
-74
-70
-74
-58
-50
-50
-42
-22
-29
-15
-7
-12
9
17
26
26
33
39
30
29
34
40
26
23
31
25
21
4
-3
-12
-13
-13
-14
-26
-28
-30
-33
-35
-37
-45
-46
-48
-30
-27
-37
-42
-46
-40
-40
-40
-34
-35
-33
-33
-30
-29
-38
-47
-48
-37
-48
-43
-42
-46
-49
-56
-50
-44
-55
-64
-73
-58
-66
-64
-59
-63
-62
-74
-70
-60
-70
-81
-80
-85
-93
-100
-107
-121
-119
-125
-122
-114
-113
-117
-129
-133
-128
-120
-128
-128
-124
-129
-139
-130
-134
-152
-147
-149
-162
-163
-166
-176
-170
-176
-174
-166
-174
-165
-166
-166
-171
-176
-172
-152
-150
-158
-153
-165
-165
-164
-172
-182
-172
-184
-191
-188
-173
-184
-205
-209
-208
-209
-217
-218
-218
-223
-227
-229
-241
-246
-242
-241
-242
-245
-247
-243
-237
-250
-257
-253
-261
-262
-263
-254
-261
-267
-268
-276
-266
-268
-255
-250
-253
-249
-242
-248
-244
-247
-260
-256
-249
-244
-252
-244
-237
-253
-253
-248
-256
-257
-243
-254
-273
-280
-278
-278
-278
-289
-292
-295
-285
-287
-291
-282
-300
-301
-307
-317
-319
-318
-331
-335
-347
-369
-380
-379
-379
-393
-401
-404
-402
-398
-403
-414
-413
-405
-408
-405
-405
-404
-404
-406
-409
-410
-402
-412
-426
-418
-422
-439
-460
-447
-450
-458
-453
-453
-465
-461
-462
-469
-471
-482
-492
-496
-503
-500
-493
-503
-514
-508
-520
-522
-516
-512
-501
-485
-476
-478
-464
-468
-463
-461
-461
-450
-440
-448
-455
-452
-449
-453
-447
-442
-442
-446
-454
-466
-453
-440
-442
-444
-466
-469
-473
-481
-473
-468
-473
-478
-487
-483
-489
-487
-484
-482
-466
-468
-461
-471
-467
-466
-470
-461
-450
-434
-439
-428
-411
-408
-405
-403
-416
-399
-394
-403
-398
-397
-403
-404
-401
-398
-391
-389
-381
-368
-363
-361
-345
-351
-347
-342
-333
-339
-340
-348
-343
-330
-339
-340
-350
-342
-328
-341
-332
-324
-312
-317
-322
-306
-310
-292
-293
-292
-292
