SAMPLES:	7104
BITSPERSAMPLE:	16
CHANNELS:	1
SAMPLERATE:	16000
NORMALIZED:	FALSE
-174
-297
-222
-257
-257
-243
-298
-231
-313
-265
-229
-254
-281
-299
-357
-329
-308
-273
-299
-289
-294
-314
-271
-359
-305
-315
-334
-305
-232
-347
-219
-298
-318
-280
-364
-274
-258
-265
-271
-237
-270
-283
-309
-276
-252
-277
-299
-235
-311
-285
-319
-305
-268
-323
-238
-285
-289
-260
-251
-210
-254
-252
-285
-219
-262
-305
-244
-290
-213
-246
-248
-180
-239
-207
-206
-216
-215
-173
-157
-170
-182
-94
-211
-190
-268
-236
-183
-228
-83
-179
-208
-268
-248
-264
-201
-218
-218
-193
-238
-192
-192
-202
-198
-241
-282
-199
-249
-273
-274
-266
-275
-138
-214
-164
-270
-133
-242
-396
-51
-279
-261
-162
-329
-262
-299
-332
-270
-380
-256
-226
-357
-242
-192
-144
-253
-235
-160
-292
-339
-167
-147
-225
-100
-130
-45
-195
-210
-80
-312
-218
-87
-234
-149
-140
-269
-154
-244
-218
-177
-280
-148
-136
-204
-138
-131
-247
-145
-197
-135
-186
-175
-151
-221
-227
-155
-172
-208
-155
-178
-172
-258
-88
-202
-234
-96
-175
-160
-70
-131
-104
-233
-127
-152
-216
-131
-182
-114
-247
-103
-98
-157
-143
-87
-162
-83
-123
-101
-140
-141
-87
-189
-97
-154
-80
-133
-133
-102
-184
-167
-95
-190
-108
-51
-43
-117
-133
-66
-182
-97
-81
-89
-71
-34
-58
-15
-53
-9
-38
-51
-31
37
63
-88
89
1
-67
75
-14
9
59
48
30
28
78
111
54
58
88
44
13
76
64
45
18
123
16
60
110
23
89
57
89
86
38
74
47
36
91
103
62
110
116
67
55
58
128
87
118
92
54
71
112
111
79
94
97
148
105
166
129
115
106
152
195
214
266
160
186
211
212
198
259
253
310
246
292
295
292
319
235
231
290
293
331
316
222
344
172
239
350
213
336
327
247
236
328
318
299
220
346
322
228
400
300
328
347
277
300
318
294
429
294
326
268
291
280
311
328
281
282
253
151
285
298
212
318
247
274
271
204
301
251
241
236
233
298
161
312
225
170
276
157
269
249
258
209
178
159
185
197
210
193
196
94
170
224
136
272
186
180
197
209
174
216
152
146
178
127
242
184
145
225
171
144
171
167
142
112
208
131
179
167
250
162
144
177
101
203
105
254
133
208
155
166
198
101
195
149
202
252
233
165
194
203
172
225
178
133
178
208
238
164
211
258
189
260
241
182
244
137
205
267
193
237
186
217
225
241
153
174
231
148
195
196
214
253
189
194
314
182
224
195
111
281
226
210
320
216
198
182
201
279
144
179
219
197
156
261
130
115
131
104
129
213
84
210
195
84
167
112
108
106
83
140
221
41
202
105
109
168
103
174
150
75
141
189
97
173
155
161
109
170
162
115
138
119
207
106
193
188
90
114
177
140
108
117
143
144
83
202
7
107
135
137
77
182
60
109
134
33
189
58
175
45
149
212
114
112
91
83
119
117
108
150
128
162
56
141
87
53
172
82
160
136
4
140
36
141
99
30
79
28
157
21
95
68
-25
188
67
125
44
60
73
52
123
68
49
110
158
5
125
85
35
94
65
144
126
56
147
131
3
133
44
18
149
15
116
133
-68
107
106
67
108
50
126
149
53
134
133
82
126
84
47
185
115
143
145
64
133
85
168
125
59
101
50
109
113
188
118
11
70
85
111
184
72
48
135
70
103
85
9
112
77
11
168
170
80
141
53
78
179
47
209
106
142
85
129
119
81
135
121
153
62
165
128
139
118
84
185
96
86
122
128
165
99
64
191
15
136
151
30
152
65
107
49
27
74
82
32
81
122
73
88
51
59
152
-11
31
95
91
84
120
20
74
-14
-5
57
-68
116
23
131
-9
37
81
-77
30
-14
8
33
6
89
18
4
6
-40
55
3
88
-13
36
48
1
118
-4
20
71
56
43
46
32
40
33
47
74
80
-30
199
4
33
135
53
64
10
83
87
54
18
78
76
34
58
101
62
152
32
41
165
105
191
67
162
115
96
162
1
119
138
142
229
269
131
223
37
135
66
159
142
114
169
348
282
-6
44
2
144
209
126
259
55
21
86
61
229
115
120
93
206
163
199
176
149
167
187
147
144
342
97
140
119
126
237
200
181
166
217
153
150
213
163
237
154
207
157
277
272
103
259
37
257
92
119
309
170
260
178
148
169
148
145
145
129
169
184
89
295
146
150
97
126
49
205
209
227
132
190
317
183
220
77
255
90
221
214
194
243
179
179
75
155
147
197
103
281
235
112
236
142
201
241
114
177
169
211
248
106
270
157
161
148
196
199
206
158
169
104
219
196
218
96
87
362
96
231
191
140
278
139
167
235
146
149
82
172
142
25
221
102
183
162
30
120
64
195
229
66
272
86
156
235
115
127
144
179
152
277
223
201
135
134
163
87
207
235
122
233
160
149
239
85
151
136
128
217
62
181
347
120
101
288
219
146
142
227
221
164
394
206
181
338
175
280
218
212
291
308
209
370
191
303
292
244
206
275
294
199
370
307
330
295
179
315
360
208
262
273
399
262
223
312
302
173
226
422
297
276
351
202
234
361
177
303
288
189
267
298
275
214
213
178
193
227
225
264
116
201
277
110
204
314
181
189
274
252
194
193
208
234
208
208
335
269
182
263
207
246
304
268
259
351
265
245
366
302
280
231
314
357
284
303
298
316
314
303
331
358
326
256
242
412
318
242
330
325
330
261
275
305
268
238
276
271
264
227
209
186
188
229
149
151
102
138
124
35
34
8
13
-43
-4
28
-12
-101
-123
-153
-138
-190
-158
-169
-178
-182
-209
-214
-242
-231
-283
-255
-285
-213
-200
-207
-247
-199
153
448
714
558
411
368
456
664
697
760
836
892
807
848
831
760
578
285
258
364
551
559
433
378
323
202
151
164
225
325
287
456
697
819
928
723
709
742
736
840
883
995
1063
971
902
920
798
748
550
506
635
639
714
615
522
441
262
154
99
71
50
-13
-56
12
-50
-168
-294
-484
-563
-625
-711
-756
-859
-954
-1162
-1329
-1543
-1707
-1729
-1240
-119
748
1166
596
84
192
630
1091
1191
1388
1766
2066
2108
2153
1993
1578
781
26
90
534
941
751
211
-84
-268
-468
-754
-976
-1058
-1037
-959
-547
80
456
481
100
-66
113
463
856
1139
1391
1627
1782
1900
1923
1688
1296
828
627
801
1026
1133
929
552
247
-28
-216
-365
-422
-411
-345
-242
11
279
349
383
455
712
1048
1238
1307
1356
1429
1562
1579
1521
1428
1216
1036
872
780
725
552
365
146
-6
-35
-114
-278
-452
-592
-653
-684
-672
-663
-766
-911
-1025
-1101
-1074
-1061
-1163
-1342
-1570
-1724
-1735
-1565
-572
701
1609
1601
626
293
614
1265
1636
1548
1774
2237
2386
2248
1973
1560
829
-261
-739
-321
332
528
-123
-725
-867
-1009
-1248
-1581
-1660
-1442
-1251
-924
-202
466
762
400
-63
67
520
1045
1334
1520
1818
1978
1934
1830
1576
1170
604
135
201
526
715
541
91
-228
-468
-716
-895
-992
-896
-722
-482
-90
455
791
824
542
503
754
1042
1349
1400
1542
1606
1518
1335
1037
729
403
96
0
123
150
26
-342
-733
-969
-1161
-1212
-1266
-1238
-1173
-1179
-1201
-1254
-1375
-1614
-1834
-2028
-1936
-1896
-1843
-1777
-1370
103
1319
2023
1208
185
158
705
1543
1800
1954
2268
2389
2070
1752
1435
912
-34
-1048
-921
-153
509
260
-640
-1100
-1328
-1474
-1663
-1628
-1313
-954
-787
-238
580
1191
1171
507
301
678
1359
1951
2224
2438
2528
2278
2008
1753
1433
950
313
95
396
751
801
336
-216
-610
-823
-916
-785
-508
-158
117
396
890
1268
1424
1243
1047
1265
1664
2038
2186
2084
1980
1769
1498
1211
962
733
495
264
220
232
117
-189
-622
-914
-1013
-1008
-988
-976
-1012
-1061
-1179
-1232
-1320
-1407
-1640
-1876
-2032
-1917
-1720
-482
1062
2339
2285
803
244
473
1434
1919
1762
2064
2542
2648
2327
1812
1290
430
-911
-1433
-847
125
476
-436
-1186
-1437
-1511
-1726
-2087
-2008
-1554
-1241
-839
-63
726
1116
518
-75
31
698
1452
1779
1933
2228
2234
1998
1613
1207
837
193
-285
-171
277
582
245
-415
-835
-1079
-1194
-1271
-1189
-774
-420
-110
256
641
893
719
480
612
1100
1674
1898
1732
1651
1501
1322
1006
669
523
327
167
94
77
22
-303
-837
-1193
-1295
-1232
-1172
-1240
-1240
-1314
-1385
-1479
-1643
-1736
-1985
-2145
-2330
-2120
-1949
-701
815
2178
2299
703
85
186
1268
1910
1703
1951
2405
2586
2221
1581
1036
364
-976
-1612
-1127
-105
531
-365
-1245
-1618
-1672
-1821
-2205
-2168
-1630
-1233
-844
-203
551
1081
506
-227
-303
337
1218
1603
1700
2008
2056
1820
1367
894
622
90
-428
-422
18
537
370
-355
-878
-1156
-1212
-1273
-1223
-858
-480
-210
111
445
767
670
293
297
704
1355
1621
1472
1339
1201
1104
796
468
294
117
-106
-245
-211
-143
-315
-817
-1228
-1362
-1194
-1118
-1197
-1272
-1289
-1332
-1480
-1664
-1757
-1953
-2160
-2451
-2402
-2310
-1335
246
1681
2288
854
-116
-185
773
1746
1639
1736
2188
2519
2299
1722
1218
723
-459
-1448
-1246
-246
754
219
-824
-1340
-1451
-1440
-1799
-1923
-1479
-1010
-740
-254
456
1215
976
110
-300
135
1077
1654
1709
1906
2051
1891
1463
956
744
383
-175
-383
-94
543
666
44
-552
-893
-928
-982
-1076
-763
-267
105
390
791
1209
1340
928
513
703
1237
1765
1674
1472
1377
1239
935
425
179
84
-36
-249
-269
-103
-20
-395
-1002
-1287
-1256
-1075
-1087
-1194
-1143
-1115
-1203
-1478
-1634
-1756
-1902
-2272
-2454
-2391
-1364
441
1903
2425
1070
38
-92
677
1582
1606
1760
2145
2446
2272
1828
1373
823
-371
-1514
-1464
-545
538
301
-658
-1247
-1447
-1445
-1716
-1836
-1470
-1053
-809
-402
333
1288
1357
535
-136
-5
808
1490
1677
1871
2074
2007
1625
1104
911
638
33
-437
-379
298
801
516
-77
-536
-663
-764
-901
-714
-190
258
523
804
1330
1780
1518
1004
728
1084
1638
1780
1750
1675
1665
1369
777
404
299
200
-85
-329
-196
157
130
-340
-832
-1018
-939
-1008
-1083
-1042
-884
-925
-1240
-1530
-1682
-1819
-2138
-2455
-2362
-851
919
2461
2262
926
288
242
1132
1579
1759
2144
2528
2638
2374
2081
1813
1149
-325
-1295
-1282
-295
610
299
-321
-901
-1090
-1289
-1665
-1682
-1331
-1063
-871
-531
362
1450
1663
1032
285
180
757
1287
1639
2046
2322
2364
1938
1472
1310
1051
487
-186
-432
77
608
723
380
-49
-296
-607
-900
-851
-396
168
611
816
1247
1671
1732
1436
992
1048
1283
1441
1591
1734
1954
1775
1202
641
359
266
88
-212
-256
-49
41
-107
-471
-699
-836
-1069
-1301
-1384
-1163
-1005
-1171
-1569
-1853
-2053
-2073
-2303
-1914
-661
836
1977
1391
658
397
833
1439
1399
1476
1903
2423
2428
2142
1923
1974
1459
269
-609
-824
-131
214
-38
-401
-650
-658
-963
-1382
-1526
-1374
-1275
-1303
-1230
-598
320
836
800
434
326
529
658
896
1194
1644
1965
1840
1670
1588
1548
1324
758
227
58
197
406
422
327
212
-87
-493
-817
-854
-567
-303
-123
96
376
774
1036
1050
964
754
662
666
857
1161
1336
1304
1073
794
556
325
91
-99
-282
-397
-458
-421
-344
-407
-659
-1013
-1327
-1456
-1569
-1614
-1746
-1870
-2094
-2242
-2353
-1877
-861
292
1019
591
93
-154
235
778
946
1129
1381
1744
1817
1745
1761
1983
1831
1066
179
-374
-97
196
291
121
-133
-209
-469
-806
-1071
-1087
-1098
-1301
-1599
-1547
-990
-308
140
91
-109
-187
-218
-105
72
462
836
976
971
982
1236
1529
1512
1166
730
473
453
532
641
717
612
350
19
-206
-180
-71
-46
-138
-273
-282
-140
89
276
251
115
-56
-70
39
166
266
303
317
248
113
43
122
199
119
-111
-269
-252
-200
-252
-422
-549
-627
-756
-988
-1163
-1242
-1243
-1397
-1652
-1801
-1632
-1110
-611
-206
-172
-286
-447
-567
-486
-329
-57
133
273
332
420
603
803
1002
879
596
203
-3
57
173
304
303
334
254
129
-17
-68
-76
-207
-480
-795
-829
-645
-369
-232
-231
-248
-329
-357
-362
-265
-174
-180
-203
-238
-109
89
299
438
497
479
423
401
382
406
361
335
342
408
491
491
511
468
381
219
47
-21
-24
0
-18
-16
31
65
32
-96
-126
-130
-125
-198
-225
-167
-63
-29
-47
-46
-27
-69
-216
-335
-321
-243
-240
-352
-462
-484
-517
-585
-702
-774
-837
-959
-1161
-1290
-1099
-742
-460
-402
-498
-612
-654
-559
-478
-364
-288
-179
-75
-63
-9
92
318
491
489
337
190
174
210
259
220
239
327
339
250
124
139
216
193
9
-202
-303
-258
-169
-126
-91
-92
-128
-197
-234
-178
-78
2
-29
-104
-137
-71
39
130
184
152
163
178
215
239
237
247
233
227
219
236
316
380
365
260
182
134
122
73
-3
-17
16
73
48
64
105
184
131
22
-6
40
72
44
15
20
22
31
-45
-189
-177
-206
-203
-320
-406
-447
-428
-492
-572
-661
-781
-896
-1005
-864
-652
-386
-331
-420
-478
-477
-367
-328
-298
-260
-152
-80
-46
0
149
385
515
497
342
226
230
286
359
352
387
446
470
419
365
360
392
362
212
121
68
106
136
82
63
64
76
72
57
129
232
335
345
280
229
245
283
321
367
412
485
510
501
461
452
442
400
335
287
254
265
298
321
276
239
187
144
110
136
209
277
368
374
363
412
491
547
501
440
459
493
514
456
376
351
343
247
113
36
44
52
-23
-119
-201
-259
-325
-440
-535
-638
-647
-538
-387
-188
-117
-174
-236
-257
-197
-177
-194
-140
17
137
230
287
405
559
613
592
499
480
549
578
595
594
662
714
655
550
499
531
592
552
414
337
305
347
310
238
221
234
297
321
337
402
509
547
514
449
447
526
605
666
705
724
770
753
703
621
553
530
470
385
289
278
296
290
226
168
161
184
221
167
152
195
215
312
326
422
473
540
564
600
601
598
585
561
528
488
494
416
372
303
243
194
139
30
-61
-174
-274
-349
-432
-498
-607
-664
-630
-527
-354
-315
-324
-405
-431
-397
-336
-255
-160
-43
36
69
78
175
376
513
566
473
415
459
512
539
489
463
481
488
445
403
407
431
419
310
189
97
91
83
76
101
157
254
252
210
146
195
292
321
320
287
314
379
447
494
527
517
490
392
305
273
283
245
149
51
11
53
105
126
103
75
82
61
22
20
62
119
163
197
239
305
322
373
334
339
277
309
270
233
211
211
227
170
104
32
-26
-75
-154
-269
-363
-389
-397
-422
-463
-546
-643
-769
-820
-797
-642
-528
-467
-483
-466
-398
-313
-310
-333
-295
-238
-191
-153
-33
191
410
505
456
337
258
208
177
170
188
241
277
249
200
203
211
189
82
-26
-99
-92
-18
39
64
72
77
88
89
101
147
217
242
213
170
162
222
262
301
276
275
243
203
134
60
2
-48
-95
-194
-209
-186
-80
-26
-11
-20
-44
-29
-33
-38
41
148
218
246
232
289
356
391
330
218
169
170
175
155
99
53
-18
-148
-276
-382
-429
-430
-489
-504
-558
-584
-606
-687
-785
-912
-1025
-1091
-1027
-845
-570
-417
-374
-433
-489
-501
-489
-434
-366
-265
-181
-107
-17
102
248
352
338
247
150
97
95
99
114
113
127
130
94
82
114
159
177
118
2
-77
-102
-45
1
61
113
203
243
257
255
282
302
228
124
45
130
232
306
307
258
201
113
21
-34
-45
-24
-50
-102
-124
-43
43
84
65
16
-1
52
137
181
215
270
294
324
310
328
348
393
400
336
305
265
239
157
84
-60
-131
-210
-250
-275
-327
-342
-402
-494
-596
-701
-794
-850
-902
-901
-896
-914
-884
-797
-590
-400
-314
-342
-358
-295
-189
-106
-40
85
196
240
207
192
332
558
707
668
518
395
342
305
274
270
289
298
227
167
214
288
311
193
10
-119
-130
-24
82
187
279
339
359
330
293
260
290
279
251
177
151
208
254
284
233
192
144
84
8
-7
29
104
110
28
-21
8
123
231
305
335
323
326
308
296
331
378
414
401
363
358
391
440
400
254
76
-58
-136
-184
-208
-260
-274
-327
-401
-492
-564
-599
-665
-773
-894
-951
-915
-839
-827
-910
-1050
-1225
-1283
-1183
-816
-384
-197
-232
-383
-353
-211
-93
-52
4
115
183
192
194
426
751
926
721
316
62
36
91
98
106
147
174
66
-129
-171
-54
30
-86
-383
-568
-534
-324
-115
-9
22
-1
-74
-142
-161
-84
31
46
-66
-203
-203
-18
187
290
272
183
146
143
143
139
153
149
107
53
60
193
372
432
314
146
65
97
154
173
183
214
255
242
211
200
206
213
64
-133
-261
-266
-181
-171
-240
-322
-398
-519
-670
-800
-818
-785
-810
-908
-1034
-1093
-1101
-1126
-1212
-1366
-1543
-1748
-1677
-1323
-626
-18
124
-117
-404
-379
-195
-12
51
192
358
437
441
444
768
1054
976
436
-186
-358
-193
48
80
2
-29
-48
-155
-305
-270
-197
-184
-470
-816
-870
-612
-207
-10
-37
-117
-152
-151
-181
-170
-68
22
-7
-130
-156
45
417
605
513
260
54
25
46
86
146
191
247
216
154
197
322
368
203
-76
-207
-129
153
302
303
255
150
71
-67
-104
-39
83
41
-119
-258
-228
-84
-96
-327
-633
-853
-914
-911
-894
-878
-887
-1013
-1249
-1522
-1653
-1676
-1757
-1940
-2230
-2393
-2477
-1911
-1008
162
769
454
-123
-422
-54
439
707
781
1020
1246
1245
1096
1027
1245
973
107
-897
-1329
-897
-411
-287
-556
-789
-825
-981
-1174
-1258
-1022
-930
-1028
-1210
-916
-69
654
896
526
186
163
295
505
666
869
1000
912
734
688
824
839
506
-168
-652
-685
-372
-9
60
-1
-146
-336
-453
-493
-359
-132
-3
24
111
417
838
1083
932
591
287
226
359
517
690
747
681
478
213
41
-86
-235
-466
-718
-824
-713
-604
-612
-803
-1053
-1261
-1422
-1529
-1571
-1549
-1540
-1637
-1822
-1973
-2058
-2065
-2020
-1430
-365
902
1438
952
377
284
772
1144
1186
1204
1520
1688
1428
1023
787
759
180
-797
-1510
-1427
-764
-470
-679
-999
-1075
-1025
-1155
-1292
-1104
-664
-414
-363
-170
508
1305
1495
1139
668
596
830
1008
1131
1238
1317
1188
824
481
371
255
-62
-512
-790
-608
-244
12
17
-163
-327
-515
-622
-529
-221
235
566
711
841
998
1162
1121
939
776
766
848
947
1056
1074
998
702
288
-69
-283
-351
-434
-508
-518
-494
-505
-639
-845
-1037
-1152
-1234
-1238
-1136
-926
-802
-809
-995
-1183
-1378
-1538
-1715
-1860
-1902
-1811
-1313
-277
1002
1715
1291
354
-135
87
619
908
1059
1349
1549
1373
907
532
303
-223
-1091
-1661
-1419
-650
-166
-345
-721
-904
-992
-1184
-1307
-1036
-500
-113
78
371
1024
1564
1414
796
340
383
748
1004
1150
1282
1262
979
470
108
-27
-164
-432
-682
-565
-202
105
57
-154
-345
-453
-514
-449
-150
280
606
754
788
975
1111
1009
815
648
752
859
883
854
854
769
503
58
-213
-293
-337
-392
-482
-447
-363
-450
-665
-896
-999
-990
-1013
-969
-815
-654
-567
-708
-876
-1046
-1190
-1437
-1666
-1802
-1787
-1767
-1450
-690
538
1398
1168
220
-391
-212
384
798
933
1262
1487
1366
854
424
222
-189
-924
-1421
-1160
-404
52
-234
-720
-962
-1047
-1194
-1312
-1035
-445
-44
101
293
761
1138
921
357
51
248
661
957
1117
1268
1201
825
310
1
-53
-118
-312
-412
-248
16
145
-26
-228
-416
-583
-668
-600
-219
227
500
541
532
584
547
398
292
448
691
821
716
574
535
464
218
-141
-328
-335
-299
-328
-397
-422
-496
-715
-992
-1123
-1053
-925
-906
-906
-861
-774
-739
-893
-1090
-1288
-1458
-1616
-1721
-1755
-1763
-1943
-2048
-1471
-306
827
856
-84
-700
-522
109
515
650
970
1328
1122
619
311
320
112
-725
-1334
-1098
-401
-27
-421
-881
-1020
-1136
-1366
-1498
-1178
-629
-414
-466
-237
286
653
376
-127
-205
101
387
569
805
1132
1153
660
172
-11
-8
-176
-462
-489
-216
-63
-217
-438
-500
-502
-705
-956
-923
-577
-221
-78
-12
144
266
159
-23
-56
219
470
472
365
332
388
324
54
-212
-337
-407
-464
-517
-494
-464
-584
-833
-1065
-1121
-1049
-1014
-1014
-982
-943
-890
-914
-969
-1047
-1160
-1300
-1466
-1547
-1599
-1697
-1888
-2080
-2297
-2180
-1564
-530
258
196
-450
-754
-492
-28
156
270
591
832
692
381
291
330
-23
-760
-1154
-903
-501
-503
-851
-1029
-1016
-1156
-1457
-1550
-1269
-954
-890
-883
-524
-66
115
-86
-238
-90
138
253
315
557
826
818
505
226
137
24
-202
-397
-344
-232
-273
-450
-570
-534
-633
-808
-940
-856
-676
-526
-389
-205
-39
2
-89
-134
-19
139
245
221
228
273
312
242
98
-87
-218
-345
-413
-460
-464
-459
-567
-720
-863
-911
-937
-1004
-1060
-1064
-981
-884
-884
-926
-984
-1072
-1191
-1361
-1451
-1506
-1572
-1749
-1954
-2145
-2019
-1378
-507
155
-20
-522
-761
-530
-242
-106
83
492
723
567
425
486
516
93
-605
-861
-635
-472
-537
-701
-614
-633
-985
-1345
-1320
-1054
-930
-995
-910
-478
-86
-23
-94
-35
103
109
27
153
454
710
699
551
495
436
265
58
-15
3
-8
-100
-114
-24
-8
-150
-372
-488
-542
-515
-424
-210
14
121
94
47
35
57
76
108
131
180
281
379
463
389
224
44
-53
-155
-212
-214
-164
-192
-289
-388
-441
-512
-669
-773
-793
-706
-644
-597
-569
-553
-657
-850
-1052
-1140
-1170
-1283
-1428
-1554
-1607
-1682
-1393
-805
-69
99
-272
-588
-489
-200
-69
68
441
923
857
600
539
752
747
248
-195
-207
-100
-82
-148
-32
67
-214
-650
-791
-603
-423
-502
-606
-477
-278
-195
-111
67
213
116
-80
-58
216
457
534
525
574
615
559
507
468
438
332
211
221
328
370
304
159
32
-66
-149
-138
-73
-4
61
113
189
182
99
30
17
19
1
56
168
309
293
180
94
59
9
-106
-156
-107
-25
4
-40
-77
-101
-194
-316
-364
-292
-227
-216
-252
-278
-303
-372
-530
-692
-807
-878
-920
-933
-1017
-1054
-968
-784
-538
-468
-499
-552
-560
-597
-498
-244
142
335
129
-79
-110
122
317
255
203
72
-18
-72
27
267
288
38
-288
-357
-154
45
63
-87
-215
-290
-263
-116
54
131
6
-125
-117
42
239
307
230
106
32
43
135
178
185
106
26
17
16
33
-33
-138
-205
-174
-78
27
34
44
20
44
35
9
7
-13
-27
-68
-44
-2
32
-35
-128
-174
-170
-138
-201
-284
-312
-278
-259
-293
-329
-356
-404
-453
-471
-399
-327
-326
-425
-533
-579
-592
-624
-710
-829
-902
-906
-920
-918
-1019
-1153
-1331
-1417
-1373
-1101
-842
-825
-991
-1222
-1107
-804
-477
-369
-527
-656
-686
-505
-168
76
136
-139
-425
-469
-239
72
120
-81
-352
-428
-251
-52
49
-64
-270
-420
-425
-238
-18
100
-15
-243
-321
-214
-14
81
18
-73
-117
-99
-24
43
56
-7
-139
-230
-227
-178
-145
-159
-181
-157
-115
-91
-87
-64
-16
14
6
-7
-33
-24
-15
-28
-32
-68
-120
-167
-200
-187
-156
-145
-206
-263
-300
-320
-331
-340
-338
-338
-357
-351
-296
-262
-281
-393
-508
-559
-552
-518
-547
-595
-661
-734
-810
-845
-888
-987
-1132
-1227
-1144
-877
-689
-721
-907
-1041
-896
-644
-395
-315
-382
-452
-449
-258
13
192
127
-132
-281
-224
20
221
233
69
-111
-179
-118
1
63
-29
-205
-293
-244
-68
68
51
-98
-258
-283
-171
22
137
152
89
21
31
63
99
70
-2
-75
-99
-47
31
65
15
-84
-132
-120
-93
-68
-48
-14
41
65
32
4
-23
-46
-89
-156
-179
-156
-108
-80
-81
-86
-144
-211
-233
-210
-152
-118
-113
-114
-119
-124
-119
-125
-148
-201
-274
-304
-264
-228
-227
-274
-341
-401
-465
-519
-546
-566
-623
-764
-869
-892
-847
-730
-573
-488
-548
-692
-778
-620
-294
-70
-68
-220
-302
-190
49
267
342
297
135
50
109
310
504
495
346
166
154
303
407
393
258
120
55
85
194
302
335
267
151
170
270
352
359
303
319
334
348
363
395
425
384
329
301
344
381
376
370
404
447
437
392
382
407
450
459
423
411
397
387
354
352
348
324
255
216
199
201
212
191
178
170
163
160
154
181
190
181
159
141
143
120
113
114
135
148
127
65
-5
-58
-93
-146
-191
-225
-256
-320
-436
-532
-591
-625
-533
-396
-267
-284
-403
-484
-382
-141
32
89
26
-36
4
179
458
647
619
431
291
370
557
701
673
547
411
347
418
529
596
531
357
228
233
352
505
541
469
385
367
421
504
567
586
560
506
480
531
613
641
600
530
517
541
558
542
557
595
578
520
486
498
532
534
540
538
522
493
458
469
464
447
379
310
280
264
275
285
295
258
202
215
252
297
291
268
237
239
265
290
336
380
376
333
300
296
279
239
170
106
61
24
-40
-101
-178
-277
-408
-572
-679
-663
-502
-324
-183
-238
-369
-467
-385
-184
-3
99
71
39
128
338
575
675
585
397
290
362
517
634
640
537
442
396
433
463
460
406
303
268
312
410
470
447
384
328
347
390
419
416
388
393
414
418
395
387
383
388
385
388
385
365
357
375
407
426
403
341
291
302
370
415
390
298
188
131
130
165
154
101
37
-6
0
67
108
84
14
-61
-48
10
46
47
40
28
54
85
131
150
125
59
3
-18
-35
-67
-120
-173
-235
-297
-379
-462
-560
-632
-712
-781
-820
-863
-855
-768
-596
-455
-382
-451
-538
-566
-446
-233
-65
12
-30
-83
-18
125
312
336
234
61
-25
48
180
288
260
153
68
32
104
184
192
111
11
-26
6
116
202
218
190
136
137
149
177
201
177
172
155
152
174
188
192
192
195
179
166
147
164
179
208
208
190
162
130
121
120
115
93
53
15
18
47
77
77
44
-2
-15
2
47
87
114
86
55
62
101
147
163
153
111
116
108
105
79
38
-8
-44
-60
-81
-113
-158
-212
-288
-347
-386
-405
-413
-400
-380
-366
-371
-402
-475
-520
-526
-450
-323
-210
-198
-264
-307
-294
-188
-99
-83
-94
-145
-114
-14
90
193
173
106
37
46
136
236
287
267
250
264
335
406
428
423
389
394
428
457
509
517
496
451
404
384
364
348
316
294
287
286
315
341
342
312
243
211
191
193
215
259
276
262
256
263
302
318
291
273
275
281
300
319
333
337
333
294
279
277
259
243
214
179
173
163
144
115
76
29
6
33
61
59
26
-12
-8
11
10
-6
-39
-57
-58
-20
38
76
88
47
4
-31
-52
-81
-129
-198
-269
-323
-348
-391
-414
-393
-389
-402
-485
-510
-507
-452
-364
-290
-255
-253
-246
-189
-96
46
124
133
140
143
200
284
355
359
337
312
325
367
375
380
349
290
235
190
195
209
200
159
109
110
113
102
81
42
24
19
16
45
80
131
150
116
71
68
98
151
188
202
217
236
232
202
190
196
174
125
86
78
92
72
23
-37
-90
-122
-125
-138
-153
-161
-172
-174
-175
-153
-151
-147
-170
-175
-152
-132
-126
-127
-115
-90
-47
-33
-38
-64
-76
-81
-89
-101
-128
-170
-223
-270
-309
-324
-363
-454
-559
-660
-722
-763
-812
-848
-857
-767
-687
-622
-655
-687
-675
-618
-516
-433
-330
-266
-241
-183
-99
17
79
78
47
36
82
131
178
196
180
144
106
108
106
102
89
60
57
85
118
147
151
147
122
102
89
118
190
223
254
261
288
310
317
322
326
337
316
281
258
269
291
273
240
202
169
139
103
98
93
86
69
55
76
97
109
106
92
99
114
132
135
153
171
176
153
109
105
101
112
136
155
180
189
170
163
164
196
180
133
107
84
82
63
24
-25
-76
-125
-173
-187
-203
-230
-284
-326
-367
-386
-398
-416
-446
-482
-501
-456
-337
-255
-227
-266
-290
-274
-206
-127
-63
-32
-38
-53
4
63
146
133
83
46
53
127
206
256
228
207
194
215
261
278
277
287
307
341
402
447
456
442
407
384
378
381
368
359
354
359
328
288
248
209
164
157
157
161
156
146
160
171
189
193
179
151
139
155
198
243
256
240
227
215
214
212
218
198
154
134
157
210
229
228
209
183
188
190
202
228
196
170
131
102
98
103
100
61
30
13
15
15
-6
-20
-37
-49
-62
-59
-40
-48
-57
-93
-111
-117
-132
-146
-168
-182
-216
-280
-331
-358
-383
-419
-434
-406
-378
-375
-432
-463
-437
-374
-297
-257
-226
-204
-162
-75
12
98
148
170
177
217
297
364
411
401
366
364
381
411
394
342
308
266
241
218
223
228
188
152
133
149
153
149
145
158
187
201
210
224
239
248
234
228
244
279
297
285
274
263
271
252
227
222
229
233
201
184
200
218
226
192
179
167
161
148
98
100
100
101
65
25
-3
-24
-24
-26
-4
-11
-19
-30
-30
-12
14
38
52
66
76
105
124
118
107
89
55
35
27
22
12
-27
-80
-124
-157
-192
-236
-271
-283
-312
-333
-339
-366
-379
-382
-370
-350
-295
-261
-232
-201
-191
-178
-135
-60
5
56
80
89
120
138
143
134
136
154
162
188
210
230
233
220
203
202
210
222
228
234
268
279
257
235
224
225
243
257
261
260
263
288
301
316
325
322
326
318
324
341
358
375
383
383
390
400
406
396
368
340
314
296
285
254
234
203
178
153
118
97
79
76
63
63
74
94
101
116
125
123
126
158
166
160
155
149
149
131
125
100
71
49
25
8
-3
-11
-22
-51
-68
-75
-88
-98
-105
-94
-86
-114
-133
-128
-121
-105
-115
-138
-146
-157
-171
-178
-179
-188
-232
-262
-282
-269
-239
-247
-266
-308
-300
-257
-210
-156
-137
-133
-118
-85
-31
16
42
62
80
76
87
125
145
151
134
132
172
205
221
216
188
186
189
209
204
219
235
266
289
268
246
235
228
219
214
199
215
221
214
196
180
145
109
67
55
49
51
68
75
82
74
55
46
44
42
61
68
86
116
115
97
79
60
40
21
7
8
14
18
1
-7
-7
-33
-54
-79
-79
-56
-36
-27
-24
-15
-2
14
24
15
14
17
12
18
23
26
26
19
9
-12
-56
-72
-78
-89
-118
-160
-166
-163
-152
-163
-175
-174
-174
-169
-158
-155
-152
-173
-197
-187
-160
-128
-127
-139
-144
-125
-89
-63
-31
-36
-55
-61
-21
52
103
120
105
108
137
181
225
246
250
235
244
277
300
321
305
273
249
235
226
219
229
207
200
194
179
173
160
159
164
169
173
183
201
210
206
221
222
202
182
183
185
194
204
204
194
166
145
131
133
124
130
132
131
150
166
172
166
151
149
166
182
214
215
214
212
204
187
173
158
138
136
112
101
95
101
91
65
31
8
10
23
38
56
75
83
92
89
79
102
106
102
110
112
125
128
105
86
57
28
8
-19
-5
-7
-25
-43
-68
-70
-76
-99
-127
-114
-95
-48
-15
-2
5
-3
7
1
26
63
86
100
115
132
149
173
175
169
163
163
180
192
208
226
231
226
216
221
243
275
282
285
301
337
351
345
338
342
340
332
333
341
344
362
391
393
403
385
371
374
389
405
418
432
451
474
490
501
481
455
408
398
400
400
394
359
318
278
256
237
214
181
143
135
118
134
168
181
169
149
153
182
218
240
250
239
236
226
230
240
235
210
177
156
160
152
138
111
69
28
14
21
22
22
19
35
44
62
70
58
50
59
56
59
72
83
86
86
73
54
66
47
24
-9
-35
-47
-49
-42
-51
-61
-85
-97
-115
-119
-103
-89
-83
-103
-111
-104
-91
-82
-85
-85
-86
-81
-74
-47
-14
7
28
45
45
48
52
59
72
90
97
106
123
138
145
143
131
114
101
94
89
98
108
76
58
34
12
9
-11
-4
-4
0
7
-3
12
26
30
34
43
60
90
105
121
130
129
131
104
108
99
87
70
51
45
40
44
22
-4
-27
-37
-35
-46
-38
-45
-36
-28
-13
-2
2
24
14
6
21
40
50
66
74
72
66
68
50
34
11
-5
-14
-26
-26
-20
-28
-45
-64
-85
-92
-88
-97
-113
-129
-142
-143
-138
-133
-143
-152
-162
-174
-175
-169
-162
-155
-150
-140
-128
-90
-62
-63
-68
-57
-42
-10
3
23
36
37
37
36
28
25
5
-2
-1
-6
9
-18
-49
-67
-71
-82
-79
-64
-64
-65
-60
-40
-17
4
28
45
65
97
117
139
167
175
174
185
186
208
215
208
215
221
229
228
218
219
197
183
179
187
213
224
230
224
245
245
242
248
240
241
236
219
221
219
227
224
209
187
173
180
178
185
190
194
201
213
220
225
218
225
225
223
223
229
246
246
246
234
218
210
203
192
182
172
172
159
154
146
141
129
129
130
128
141
160
180
186
175
188
189
174
184
213
222
218
215
217
229
218
199
192
185
180
174
183
198
217
222
189
179
189
203
228
231
250
286
301
299
302
319
325
330
327
342
377
392
400
411
406
395
392
398
412
422
440
454
488
522
528
523
523
530
537
546
551
563
573
568
554
545
553
545
518
502
493
489
484
480
478
460
453
436
430
429
426
437
446
450
436
435
445
444
456
461
466
475
467
461
457
452
441
408
384
361
355
331
318
324
308
303
288
279
274
257
244
236
226
216
221
242
248
255
244
222
223
211
217
223
226
237
230
234
240
248
249
238
237
241
254
276
293
308
302
273
240
240
256
258
259
251
252
261
260
258
239
214
199
195
222
246
262
283
297
300
304
311
321
340
346
359
382
396
388
381
375
382
383
393
390
387
403
393
377
368
363
369
358
351
368
393
408
395
396
382
400
412
424
436
450
474
478
500
517
507
495
466
434
428
421
403
389
384
362
327
314
299
297
287
278
272
265
258
270
265
261
261
265
268
268
264
258
253
236
225
212
211
198
207
227
227
238
245
217
205
213
202
205
189
181
181
182
195
198
206
204
194
181
180
180
205
215
208
196
183
189
190
197
190
178
191
195
208
222
230
239
240
216
216
228
225
235
231
230
219
213
207
206
197
195
189
181
193
209
219
227
224
225
226
224
232
244
262
276
289
291
315
331
328
320
312
319
317
323
320
308
298
299
288
286
280
281
290
280
291
294
300
312
309
313
322
327
331
335
336
347
343
326
318
304
295
287
279
279
283
278
289
297
299
286
281
276
267
283
290
313
329
333
331
331
334
342
338
332
334
336
336
334
344
332
307
283
277
276
275
274
280
280
294
303
302
293
297
300
301
303
315
326
326
319
317
314
311
317
320
306
304
310
324
326
329
344
340
349
349
367
383
393
404
390
388
384
387
382
381
381
367
363
351
345
336
321
304
285
290
293
292
293
297
289
291
292
286
284
275
283
286
287
299
305
313
309
310
310
323
317
306
301
288
290
297
296
281
285
282
267
269
282
289
298
296
281
286
282
264
256
249
260
277
281
277
264
262
256
252
249
255
260
275
283
277
273
273
271
256
266
274
274
286
298
290
297
288
288
282
272
259
244
258
264
264
256
258
256
254
262
253
252
271
283
301
328
362
375
383
390
395
417
440
447
443
445
442
430
430
437
428
404
392
381
383
385
377
374
370
366
353
351
350
368
357
352
364
367
368
369
356
357
378
389
395
383
405
414
402
405
404
411
424
426
436
435
438
437
436
435
428
421
430
440
439
435
437
446
460
466
462
466
472
470
471
484
505
521
509
507
514
520
541
556
557
560
566
575
576
588
591
580
573
573
573
572
568
560
556
559
558
556
564
552
552
556
545
544
553
556
560
565
585
592
615
619
630
644
647
659
659
659
655
654
638
635
645
640
628
613
593
582
580
569
553
544
536
533
527
536
551
547
543
548
542
544
539
535
540
545
547
546
548
544
539
544
550
536
547
538
541
554
562
567
565
557
544
524
515
517
514
518
507
497
491
490
493
489
477
466
440
437
435
431
437
438
407
403
422
422
427
413
417
423
420
422
419
430
425
425
422
421
421
421
413
397
377
365
365
350
352
351
345
324
310
316
327
322
315
312
323
330
333
338
324
319
317
320
310
300
288
265
249
239
224
220
221
213
200
186
174
172
168
172
178
173
180
177
186
188
193
185
182
186
194
202
209
205
205
202
193
179
167
165
176
179
173
175
178
190
185
193
190
192
202
217
234
247
263
268
270
289
287
287
292
289
299
293
299
308
309
302
296
298
296
308
309
309
315
313
319
308
314
318
318
327
331
340
354
358
358
367
359
374
377
374
369
360
375
374
364
363
364
375
367
366
381
392
402
405
406
417
421
420
407
406
404
417
420
410
416
411
421
