SAMPLES:	9644
BITSPERSAMPLE:	16
CHANNELS:	1
SAMPLERATE:	16000
NORMALIZED:	FALSE
30
24
15
11
-1
-5
1
-20
-34
-45
-58
-57
-56
-57
-68
-80
-74
-93
-98
-97
-107
-118
-122
-120
-129
-134
-133
-138
-133
-129
-128
-135
-139
-137
-140
-145
-145
-157
-163
-164
-162
-157
-159
-166
-171
-173
-173
-180
-177
-180
-188
-192
-196
-198
-198
-198
-192
-191
-201
-203
-206
-204
-209
-203
-204
-206
-210
-218
-221
-224
-224
-236
-242
-231
-244
-244
-249
-254
-263
-264
-264
-276
-273
-261
-259
-257
-262
-264
-273
-273
-267
-275
-274
-278
-273
-276
-278
-280
-275
-279
-283
-292
-294
-300
-311
-310
-314
-317
-318
-301
-297
-295
-296
-301
-298
-294
-297
-305
-298
-303
-311
-300
-292
-281
-278
-289
-286
-291
-281
-288
-286
-282
-279
-284
-281
-277
-278
-280
-288
-275
-283
-280
-291
-291
-293
-287
-294
-305
-301
-311
-300
-291
-294
-289
-294
-294
-288
-291
-290
-283
-283
-286
-285
-284
-275
-273
-264
-270
-255
-245
-240
-240
-241
-224
-224
-221
-230
-221
-220
-204
-197
-207
-204
-206
-193
-198
-196
-194
-191
-201
-209
-212
-215
-214
-227
-231
-228
-225
-226
-226
-219
-211
-215
-203
-192
-189
-172
-172
-179
-187
-184
-194
-194
-193
-205
-211
-209
-202
-210
-224
-227
-217
-231
-231
-226
-222
-225
-222
-236
-238
-233
-243
-241
-246
-231
-239
-242
-246
-235
-229
-232
-225
-232
-247
-243
-243
-240
-245
-250
-250
-246
-252
-249
-255
-255
-255
-257
-254
-258
-256
-264
-266
-278
-289
-287
-293
-292
-293
-295
-293
-304
-297
-292
-298
-306
-298
-295
-297
-315
-327
-319
-335
-330
-342
-357
-370
-382
-384
-395
-400
-419
-432
-439
-433
-451
-454
-448
-464
-465
-460
-465
-470
-475
-467
-465
-466
-471
-471
-472
-464
-467
-466
-469
-470
-456
-453
-437
-444
-436
-439
-423
-429
-422
-422
-423
-418
-430
-428
-425
-435
-444
-446
-447
-445
-452
-444
-445
-441
-437
-433
-436
-434
-424
-430
-425
-428
-427
-418
-413
-414
-406
-399
-399
-395
-394
-396
-395
-396
-389
-388
-383
-383
-381
-375
-369
-366
-371
-368
-378
-366
-360
-363
-360
-361
-349
-360
-369
-368
-368
-360
-363
-353
-353
-355
-347
-365
-360
-365
-350
-355
-365
-358
-360
-349
-343
-350
-343
-330
-343
-336
-333
-339
-353
-348
-339
-342
-344
-340
-334
-337
-335
-334
-324
-340
-345
-347
-346
-355
-356
-359
-361
-349
-354
-343
-336
-331
-330
-330
-318
-315
-312
-312
-313
-295
-301
-295
-285
-285
-292
-288
-283
-283
-270
-268
-252
-262
-260
-254
-246
-240
-233
-237
-231
-218
-204
-193
-179
-189
-187
-176
-190
-168
-161
-156
-154
-157
-148
-131
-146
-146
-146
-151
-149
-158
-159
-162
-158
-157
-165
-157
-153
-153
-151
-137
-138
-134
-133
-130
-121
-112
-122
-117
-102
-111
-111
-101
-85
-96
-95
-90
-83
-75
-80
-69
-65
-47
-53
-43
-34
-37
-41
-35
-39
-46
-33
-35
-30
-30
-38
-33
-16
-22
-26
-21
-16
-13
-16
-9
-13
-12
-23
-23
-25
-35
-32
-35
-36
-46
-48
-42
-56
-46
-51
-59
-55
-55
-41
-44
-37
-27
-21
-17
-25
-17
-12
-18
-19
-18
-23
-23
-32
-36
-36
-28
-29
-35
-34
-30
-27
-45
-42
-30
-38
-41
-41
-43
-46
-50
-50
-54
-60
-63
-69
-68
-62
-67
-68
-71
-65
-88
-83
-73
-65
-71
-71
-67
-77
-66
-69
-67
-72
-74
-75
-74
-51
-45
-45
-28
-22
-3
-17
-25
-28
-29
-27
-12
-15
-14
-6
-10
-8
-14
-9
-16
-13
-8
-22
-20
-17
-16
-8
-9
-9
-5
-10
-12
-9
-12
-13
-16
-6
-2
-6
1
7
15
7
-1
-6
-4
9
-3
7
14
13
14
15
14
9
5
8
9
13
8
1
6
16
17
13
9
20
23
28
32
19
27
15
11
7
5
-3
-5
0
-17
-11
-7
-11
-16
-4
-6
-12
-12
-15
-1
-6
-6
-4
-11
-5
-6
-4
-1
-14
-10
7
6
6
6
2
4
-2
-2
-3
-21
-26
-22
-25
-34
-31
-33
-26
-29
-34
-39
-35
-33
-43
-34
-27
-45
-55
-42
-42
-48
-51
-58
-61
-54
-70
-72
-56
-62
-66
-69
-63
-61
-67
-64
-63
-70
-73
-79
-79
-74
-81
-94
-92
-85
-87
-81
-94
-91
-96
-94
-99
-104
-97
-100
-98
-108
-96
-100
-98
-98
-94
-105
-103
-83
-90
-86
-85
-80
-73
-79
-65
-60
-52
-53
-55
-51
-56
-48
-62
-58
-48
-51
-60
-58
-54
-52
-46
-45
-36
-38
-40
-37
-39
-31
-32
-38
-28
-30
-39
-28
-30
-35
-20
-25
-25
-18
-21
-16
-11
-12
-20
-27
-12
-21
-13
-10
-1
5
-3
6
17
26
33
19
27
46
23
29
24
6
17
28
35
33
42
47
53
65
55
57
61
65
80
79
80
80
86
87
102
102
112
116
110
109
119
126
121
122
126
133
134
135
140
148
146
151
145
146
158
161
170
172
184
179
194
200
204
201
206
215
224
233
236
242
245
250
250
252
245
242
246
256
257
257
255
252
259
256
259
264
266
280
283
281
276
274
269
272
278
281
282
284
284
295
285
284
289
286
300
295
295
294
291
283
278
280
277
284
284
275
274
277
272
267
254
261
260
253
256
256
256
252
245
253
248
243
240
248
234
225
232
216
218
210
210
208
202
202
200
207
203
199
202
208
211
207
205
203
192
206
207
199
202
199
207
206
209
198
202
198
207
205
201
200
197
198
198
203
210
206
203
185
185
188
172
160
158
160
146
156
155
144
139
140
148
145
143
139
138
149
147
148
144
130
140
133
129
131
125
131
126
131
126
121
123
123
131
126
141
140
138
140
141
164
166
172
165
160
167
176
177
182
188
184
188
185
186
186
174
184
182
184
195
194
204
206
201
205
207
202
197
199
208
202
199
202
198
195
200
203
204
219
223
221
232
238
247
253
257
258
262
268
275
277
274
286
282
282
284
282
285
287
297
291
294
305
302
318
318
313
314
321
325
321
315
309
312
313
322
319
335
341
336
342
342
341
353
354
364
366
357
370
365
371
385
377
388
385
380
394
369
386
384
382
368
363
361
342
349
345
343
340
334
333
321
321
333
333
329
319
319
306
302
308
309
321
298
289
285
281
276
255
253
250
243
236
241
231
219
225
224
223
216
217
203
201
203
204
198
194
176
172
178
173
172
168
173
170
162
171
167
165
169
155
153
156
152
146
146
148
140
136
129
118
121
123
118
112
113
113
116
123
115
112
115
104
96
100
94
84
69
76
82
78
77
65
62
50
59
58
55
43
41
53
40
52
52
63
64
54
49
47
59
53
52
47
47
52
40
49
42
35
28
30
25
25
31
39
48
51
41
38
44
46
51
39
51
48
35
41
47
47
39
27
19
14
3
9
9
14
17
18
17
16
33
25
22
25
11
20
22
20
17
26
42
44
48
43
53
50
59
55
70
65
59
58
51
56
63
72
58
65
67
70
68
67
66
67
76
78
74
74
60
69
67
80
76
71
72
71
70
71
80
88
79
77
86
87
87
100
92
89
90
93
98
88
93
87
95
97
101
107
108
107
116
122
123
122
122
124
133
126
119
111
112
124
124
122
114
112
112
109
106
109
108
107
114
118
124
122
115
118
122
116
117
122
128
124
115
110
99
93
99
95
93
91
79
84
81
74
83
79
79
82
94
86
78
77
74
73
82
75
64
66
59
54
42
29
41
47
49
40
26
19
26
25
11
3
1
-7
-9
-5
-5
2
-2
-2
-2
-6
-13
1
12
14
7
14
7
3
9
15
11
6
18
5
10
14
13
4
10
21
22
26
33
47
49
45
48
37
48
66
70
63
68
84
83
84
78
76
87
98
94
94
100
103
115
124
111
103
112
115
124
120
116
120
125
128
139
136
139
143
127
141
154
154
149
154
167
159
134
137
152
155
134
138
152
155
150
125
140
151
143
149
148
162
173
181
180
180
200
209
206
205
203
214
225
220
219
227
225
230
223
233
234
235
221
233
235
233
220
232
228
235
233
226
243
248
244
230
251
241
226
219
216
211
208
223
219
214
221
226
225
222
230
222
230
237
235
248
230
234
230
237
242
240
236
237
224
220
229
233
221
229
240
223
209
225
215
193
209
213
216
214
223
222
222
224
222
218
206
219
200
202
228
219
215
237
230
227
245
255
257
251
255
289
271
275
287
289
283
287
278
298
296
277
291
295
300
282
291
290
301
286
310
293
291
334
338
306
308
338
343
327
323
358
340
335
334
348
366
362
366
357
371
351
357
367
360
369
387
377
377
365
375
378
370
393
356
377
413
379
359
398
407
360
404
400
364
357
385
354
369
387
355
377
345
372
384
371
340
384
408
340
377
399
366
316
372
364
365
333
328
353
335
337
345
360
307
332
342
311
348
327
317
332
342
305
348
324
370
315
324
363
386
330
324
413
366
381
349
408
392
366
418
424
387
383
392
390
360
370
369
356
395
372
370
395
394
393
370
410
414
388
414
421
397
408
404
425
395
388
407
377
390
364
379
370
372
394
370
360
368
370
385
379
377
389
391
359
390
388
389
387
402
384
407
388
393
382
391
389
364
399
399
388
376
400
383
368
361
401
366
357
369
365
401
314
382
347
348
344
359
367
347
334
342
311
324
311
334
299
308
323
307
302
293
314
302
282
315
297
277
289
271
277
260
274
258
244
267
256
225
231
238
260
227
232
255
229
246
259
227
261
246
207
222
240
214
201
238
231
231
227
260
237
237
258
240
230
264
254
254
270
236
241
233
243
235
218
268
235
219
234
239
211
213
223
216
235
202
207
223
190
188
201
214
224
228
210
250
240
228
270
184
200
265
190
228
234
236
209
262
241
225
264
242
267
267
305
251
295
262
279
304
259
303
297
313
290
292
320
305
296
340
313
326
301
315
319
331
326
300
334
346
339
298
317
331
316
307
336
296
272
311
284
261
285
290
283
285
294
294
280
290
286
285
232
297
292
276
262
267
277
250
311
239
293
267
239
270
257
226
268
256
227
254
264
282
220
262
232
263
241
256
226
266
248
209
244
273
217
220
250
237
236
179
239
234
220
192
217
221
213
193
220
226
220
193
191
231
200
191
235
205
228
189
212
232
220
224
212
195
251
239
221
242
244
256
215
254
240
222
268
311
239
293
238
276
236
264
303
250
269
281
278
241
268
301
260
255
218
337
246
223
257
273
229
184
285
242
259
207
265
277
225
282
256
265
238
277
313
253
277
321
240
302
268
293
274
280
328
273
272
278
356
289
283
279
257
292
273
329
296
303
321
289
303
313
335
229
312
327
288
256
324
336
241
278
295
316
272
287
316
279
306
306
270
251
274
306
288
309
301
305
272
315
296
287
333
346
299
305
309
318
298
280
322
249
293
271
265
287
230
261
204
246
243
213
239
231
262
227
233
258
203
253
234
261
267
264
215
230
286
237
245
210
289
230
264
254
285
238
246
285
271
231
291
302
239
300
262
294
247
316
293
273
292
276
291
211
324
240
292
237
284
271
284
248
278
287
257
265
233
303
203
260
238
280
229
224
235
266
199
270
212
250
205
242
205
204
240
164
253
163
210
176
212
218
246
187
197
234
186
203
177
195
146
224
164
168
166
211
129
163
167
178
202
179
182
168
247
190
195
155
204
179
188
213
167
170
197
180
195
197
161
152
180
167
169
176
159
159
172
188
205
173
172
175
198
192
171
202
181
168
159
156
150
166
159
156
132
146
126
169
157
143
164
136
157
157
144
135
143
117
160
128
144
141
121
139
140
127
140
120
143
137
142
153
169
155
164
186
169
166
136
200
217
203
186
177
167
172
207
183
214
175
203
185
191
209
209
215
181
214
217
206
196
218
182
188
200
232
227
200
222
225
181
227
226
208
231
185
224
201
173
196
222
226
220
219
227
226
237
268
222
257
294
272
271
278
309
302
287
291
272
299
307
327
311
291
314
292
274
299
304
311
278
312
330
278
276
299
316
281
331
300
297
268
292
278
283
278
305
290
320
302
276
253
250
305
277
276
251
256
251
260
256
262
215
215
253
250
221
276
245
260
204
278
231
245
256
256
281
263
264
252
255
218
283
285
244
268
291
272
246
246
281
265
239
256
273
255
258
262
269
225
241
227
216
225
240
245
238
227
216
213
190
254
175
161
174
166
148
153
183
99
81
141
168
96
77
138
163
106
60
92
98
103
71
116
106
84
70
62
102
37
42
75
64
33
62
39
4
75
80
71
32
52
29
68
106
45
47
26
58
50
67
59
50
22
49
50
59
58
61
85
3
79
48
61
77
52
44
48
44
82
61
47
17
48
77
66
28
69
99
38
73
30
85
56
51
90
89
98
75
71
74
87
62
88
50
99
58
103
117
59
96
117
146
104
141
139
113
128
147
63
168
140
171
138
137
173
199
133
84
138
129
135
122
150
105
138
147
152
97
100
132
121
136
163
125
126
164
166
182
192
215
206
208
111
177
196
166
119
143
226
242
147
169
166
205
225
188
233
184
215
178
204
185
158
185
209
189
208
192
177
161
191
163
147
188
163
125
186
186
142
132
157
178
133
173
174
171
76
142
108
72
130
149
143
96
71
112
102
85
138
165
64
80
169
124
79
97
121
58
89
156
48
45
114
46
96
29
93
80
95
25
78
127
118
29
94
114
106
88
111
139
54
71
110
250
18
34
162
131
72
156
170
59
129
92
191
165
183
161
183
119
152
200
131
144
146
154
146
183
158
192
144
157
196
131
97
196
221
57
136
202
71
113
278
193
56
194
206
159
135
262
209
150
150
214
176
177
156
189
215
163
201
194
238
149
184
187
166
201
175
140
141
147
196
162
182
152
130
153
188
223
104
154
168
196
50
194
366
119
34
176
216
104
138
195
134
77
226
187
-39
98
303
112
-25
159
335
-17
-20
255
219
-32
65
220
55
126
184
163
14
149
141
61
81
110
156
70
67
121
63
111
121
57
101
109
84
33
56
125
115
63
42
76
79
75
174
2
103
88
155
203
211
8
52
170
184
86
-7
161
116
24
0
121
-3
53
140
20
-19
136
59
41
12
22
43
2
2
-13
54
95
100
-128
-62
67
106
-41
26
65
-92
-62
-74
0
-55
-23
-83
-86
-87
4
-13
-185
-98
-14
-8
-17
-35
-240
-133
-47
-70
-205
69
27
-48
-152
-118
-76
-54
62
-163
-191
-61
5
-135
-115
-37
-82
-190
-33
-64
-1
-76
-188
-124
-1
26
-182
-92
-1
-95
-120
-159
-180
-176
-66
-108
-111
-168
-220
-161
-163
-198
-249
-207
-218
-244
-197
-234
-323
-188
-259
-176
-277
-169
-302
-156
-121
-364
-249
-203
-158
-298
-327
-275
-220
-249
-286
-290
-269
-179
-264
-347
-315
-246
-272
-332
-237
-238
-242
-282
-265
-239
-313
-237
-160
-208
-251
-198
-223
-274
-203
-205
-205
-245
-168
-190
-204
-268
-166
-129
-248
-124
-149
-229
-222
-129
-170
-232
-105
-142
-247
-182
-151
-227
-201
-123
-171
-156
-176
-228
-251
-140
-73
-230
-293
-288
-176
-227
-143
-173
-250
-244
-195
-167
-196
-182
-143
-245
-159
-182
-207
-88
-41
-147
-267
-171
-173
-266
-222
-98
-55
-169
-174
-169
-83
-136
-149
-146
-217
-105
-58
-140
-171
-121
-189
-86
-94
-118
-152
-91
-110
-110
-184
-61
-164
-138
-130
-166
-107
-157
-60
-68
-162
-159
-141
-177
-149
-111
-86
-116
-164
-117
-169
-108
-119
-80
-51
-143
-102
-154
-160
-177
-92
-133
-177
-130
-117
-188
-203
-203
-187
-220
-174
-165
-231
-283
-353
-212
-214
-275
-221
-170
-322
-334
-241
-274
-261
-212
-231
-346
-275
-289
-281
-283
-209
-265
-313
-282
-271
-277
-334
-294
-323
-337
-323
-257
-321
-366
-346
-250
-267
-302
-256
-362
-326
-375
-352
-330
-397
-341
-361
-390
-336
-275
-314
-349
-443
-458
-340
-355
-384
-351
-361
-393
-433
-434
-410
-351
-349
-454
-397
-431
-462
-428
-417
-543
-512
-374
-430
-460
-502
-465
-433
-487
-412
-426
-461
-443
-462
-458
-553
-414
-348
-475
-486
-368
-405
-468
-433
-466
-471
-405
-424
-465
-492
-430
-444
-442
-406
-384
-495
-454
-357
-341
-434
-456
-300
-369
-491
-340
-311
-392
-411
-290
-297
-386
-229
-231
-287
-331
-154
-150
-239
-206
-174
-221
-277
-228
-246
-245
-274
-220
-217
-192
-153
-220
-266
-286
-405
-375
-285
-404
-368
-351
-409
-447
-425
-499
-528
-503
-521
-576
-627
-650
-735
-732
-768
-774
-773
-804
-885
-925
-969
-1019
-1062
-1049
-900
-759
-642
-566
-501
-305
-36
139
204
227
315
370
348
288
221
190
154
61
-22
-70
-15
63
46
-32
-57
30
54
10
-49
-86
-118
-196
-250
-251
-231
-184
-127
-197
-201
-61
47
88
84
107
165
189
201
200
208
247
237
183
183
191
214
202
102
90
82
105
37
-50
-122
-184
-234
-351
-383
-437
-455
-478
-572
-674
-675
-677
-789
-898
-1085
-1151
-1245
-1256
-1060
-922
-914
-907
-735
-372
95
324
382
479
702
857
847
753
674
646
523
262
20
-30
96
184
18
-138
-46
148
258
190
56
-15
-25
-106
-276
-424
-419
-354
-419
-544
-496
-254
-24
99
151
220
376
558
648
627
628
673
611
518
476
493
518
483
421
362
384
482
511
423
377
355
292
217
239
222
150
104
77
34
46
176
153
78
23
26
19
-42
-96
-206
-345
-492
-640
-808
-1018
-1190
-1450
-1645
-1505
-1165
-1058
-1053
-968
-689
-53
532
753
730
900
1280
1482
1341
1108
1062
1079
865
455
141
120
362
364
-4
-231
-59
242
282
63
-134
-150
-107
-255
-518
-679
-615
-503
-645
-832
-677
-294
3
130
151
296
611
896
981
949
958
1006
945
782
716
769
762
631
488
424
456
545
555
417
330
335
322
267
212
177
119
34
-6
-6
48
152
184
120
72
142
178
107
4
-157
-342
-557
-760
-1002
-1317
-1673
-1974
-1895
-1443
-1189
-1158
-1076
-786
27
867
1176
1136
1274
1752
2014
1818
1474
1360
1461
1262
724
280
235
646
755
240
-164
-17
412
456
93
-289
-409
-318
-511
-946
-1161
-1001
-723
-807
-1052
-838
-228
331
566
561
733
1127
1507
1542
1388
1387
1464
1382
1144
988
1062
1139
1047
848
704
751
896
877
633
413
309
215
71
-56
-136
-185
-218
-264
-224
-72
140
263
252
237
272
315
242
62
-189
-486
-813
-1162
-1542
-1933
-2264
-2156
-1552
-1316
-1309
-1091
-690
298
1250
1496
1291
1348
1897
2151
1804
1285
1117
1234
992
433
16
35
634
782
170
-273
3
538
499
-74
-630
-768
-624
-844
-1348
-1575
-1337
-886
-928
-1128
-750
69
733
871
767
896
1338
1689
1492
1132
1029
1081
1005
697
554
738
907
869
690
608
772
963
872
490
181
67
-75
-239
-446
-543
-552
-537
-424
-291
-36
252
410
428
392
426
436
329
27
-375
-732
-1078
-1422
-1771
-2148
-2472
-2611
-2127
-1453
-1247
-1048
-776
-201
882
1509
1450
1225
1401
1844
1727
1256
868
971
1117
750
277
0
366
962
664
-62
-350
-13
236
-212
-880
-1294
-1218
-1129
-1480
-1765
-1607
-963
-487
-631
-570
91
897
1311
1149
975
1115
1448
1446
1018
800
872
980
815
530
668
1005
1167
1020
731
663
782
800
439
-36
-253
-357
-429
-578
-635
-475
-295
-148
-7
195
520
797
836
647
480
436
296
55
-358
-749
-1089
-1443
-1734
-2085
-2360
-2542
-2334
-1593
-1247
-1129
-895
-548
409
1295
1474
1224
1196
1729
2004
1727
1283
1190
1506
1361
877
414
413
999
953
123
-531
-470
-72
-293
-995
-1583
-1581
-1258
-1387
-1678
-1664
-1094
-384
-353
-455
-22
814
1393
1295
1007
1041
1443
1648
1302
984
995
1211
1181
832
825
1076
1240
1080
675
443
499
550
256
-214
-454
-486
-442
-477
-493
-293
-78
113
248
367
629
841
841
610
378
296
178
-38
-406
-769
-1063
-1400
-1699
-2059
-2384
-2613
-2433
-1664
-1338
-1277
-1101
-736
343
1350
1556
1306
1341
1973
2285
1960
1453
1390
1707
1448
833
303
329
961
797
-148
-831
-703
-225
-466
-1185
-1737
-1614
-1249
-1375
-1605
-1511
-801
-66
-104
-159
385
1300
1863
1651
1347
1438
1827
1938
1537
1258
1262
1405
1229
826
866
1140
1236
933
477
347
458
491
209
-166
-286
-240
-125
-66
97
409
652
775
846
1037
1287
1351
1164
801
550
365
171
-93
-481
-801
-1090
-1424
-1747
-2027
-2290
-2616
-2411
-1497
-1097
-1027
-917
-508
781
1916
2136
1799
1864
2668
3031
2558
1899
1880
2227
1851
1013
254
317
1021
701
-460
-1247
-971
-372
-701
-1545
-2029
-1693
-1260
-1377
-1596
-1364
-358
406
259
213
908
1969
2445
2106
1743
1900
2318
2241
1714
1365
1428
1564
1188
695
740
1019
1066
629
145
64
221
216
-111
-386
-387
-213
-90
14
329
721
1000
1119
1174
1366
1594
1601
1310
916
624
374
98
-248
-618
-941
-1309
-1651
-1973
-2282
-2545
-2864
-2506
-1530
-1146
-1043
-941
-364
1108
2217
2322
1974
2208
3053
3268
2656
1991
2090
2304
1735
747
-18
253
820
223
-1032
-1689
-1277
-803
-1244
-2070
-2352
-1868
-1492
-1601
-1700
-1225
-97
488
317
435
1241
2260
2527
2088
1787
1991
2269
2024
1515
1235
1307
1259
695
306
378
564
541
28
-400
-372
-175
-145
-315
-406
-316
-65
108
344
816
1144
1313
1375
1318
1443
1532
1343
951
530
172
-165
-438
-724
-1026
-1405
-1871
-2198
-2523
-2853
-3093
-2706
-1628
-1160
-1069
-988
-338
1464
2749
2817
2320
2405
3329
3548
2828
2003
1936
2094
1446
391
-385
-9
616
-64
-1370
-2055
-1556
-974
-1417
-2200
-2487
-1982
-1535
-1514
-1421
-787
428
969
816
1015
1860
2854
2967
2396
1970
2026
2181
1867
1357
1036
1029
865
296
33
236
418
280
-178
-527
-468
-229
-145
-188
-152
27
300
571
944
1397
1621
1671
1663
1588
1572
1479
1173
752
334
-82
-431
-669
-850
-1118
-1572
-2081
-2439
-2718
-3068
-3493
-3212
-1866
-1092
-993
-909
-284
1669
3282
3421
2811
2727
3590
3808
2868
1801
1644
1843
1109
-100
-980
-645
188
-399
-1787
-2546
-2079
-1404
-1821
-2571
-2772
-2181
-1644
-1578
-1383
-616
782
1454
1243
1343
2087
2997
3008
2276
1712
1562
1527
1138
618
350
327
137
-401
-680
-510
-263
-365
-777
-1033
-964
-666
-404
-251
-87
170
469
820
1265
1642
1776
1819
1711
1516
1378
1148
858
495
71
-425
-829
-983
-1049
-1288
-1690
-2125
-2432
-2673
-2976
-3472
-3990
-4080
-2966
-1372
-834
-493
-78
1213
3325
4237
3898
3265
3433
3804
2974
1583
852
1033
826
-319
-1513
-1892
-953
-477
-1538
-2784
-3056
-2362
-2153
-2768
-3148
-2752
-1879
-1401
-1211
-623
774
2238
2470
2138
2259
2915
3302
2684
1729
1053
789
515
-30
-449
-414
-251
-527
-973
-1071
-820
-602
-731
-1071
-1286
-1172
-788
-352
34
385
746
1101
1496
1947
2219
2173
1980
1610
1093
647
296
44
-328
-839
-1331
-1622
-1597
-1573
-1839
-2314
-2718
-3029
-3468
-3999
-4387
-4224
-2560
-1080
-712
-394
143
2255
4379
4769
4003
3246
3570
3622
2453
895
319
531
-43
-1363
-2483
-2252
-1027
-1046
-2441
-3630
-3461
-2519
-2490
-3163
-3390
-2644
-1589
-1054
-713
208
1927
3086
2864
2376
2529
3180
3157
2085
913
237
48
-215
-725
-1113
-1084
-1018
-1353
-1648
-1674
-1438
-1282
-1439
-1629
-1622
-1072
-232
523
1063
1397
1820
2287
2630
2711
2396
1935
1428
806
151
-336
-544
-698
-979
-1378
-1616
-1512
-1270
-1302
-1764
-2232
-2499
-2720
-3155
-3706
-4227
-4368
-4056
-2679
-627
324
1001
1455
2592
4551
5104
4405
3154
2703
2591
1435
-83
-805
-411
-440
-1477
-2617
-2765
-1616
-1142
-2271
-3616
-3865
-3045
-2694
-3070
-3031
-2066
-665
93
404
1177
2732
4018
3728
2734
2243
2420
2336
1346
201
-481
-609
-781
-1248
-1444
-1240
-955
-1274
-1851
-1912
-1598
-1051
-894
-985
-776
-211
744
1530
2059
2379
2598
2712
2535
2284
1921
1517
1065
376
-310
-682
-686
-576
-703
-1068
-1372
-1382
-1236
-1262
-1537
-1881
-2042
-2103
-2278
-2560
-2751
-2866
-2919
-2868
-2002
-23
1128
1461
1424
1757
3395
4278
3792
2553
1901
2015
1343
86
-806
-573
-348
-1209
-2434
-3073
-2249
-1389
-1977
-3112
-3558
-2803
-2035
-1996
-1935
-1262
-60
658
784
1100
2101
3317
3278
2342
1660
1645
1827
1294
381
-362
-675
-868
-1328
-1624
-1580
-1343
-1461
-1976
-2097
-1668
-948
-471
-327
-116
617
1490
2021
2407
2456
2514
2456
2063
1606
1069
735
370
-206
-789
-1133
-1085
-964
-981
-1277
-1511
-1384
-1192
-1164
-1328
-1429
-1422
-1471
-1594
-1897
-2203
-2485
-2766
-2891
-2389
-541
716
871
836
1054
2670
3820
3484
2375
1536
1681
1235
9
-928
-783
-344
-1051
-2222
-2826
-2047
-931
-1284
-2497
-3175
-2568
-1764
-1763
-1874
-1391
-271
471
579
856
1851
3169
3363
2404
1591
1567
1843
1394
394
-429
-767
-891
-1257
-1545
-1430
-1041
-1003
-1434
-1579
-1172
-439
47
172
291
547
1207
1779
2042
2171
2149
2058
1712
1275
930
796
564
37
-561
-992
-883
-603
-623
-862
-1042
-941
-747
-641
-632
-660
-686
-789
-1006
-1305
-1482
-1657
-2218
-2957
-3301
-2974
-1263
209
383
303
371
1782
3240
3227
2334
1510
1507
1227
157
-759
-625
-33
-442
-1649
-2419
-1824
-621
-723
-2068
-3020
-2766
-2017
-1924
-2204
-1855
-799
81
237
410
1444
2894
3369
2482
1498
1420
1756
1506
516
-416
-706
-758
-959
-1250
-1185
-721
-643
-1085
-1470
-1260
-661
-258
-254
-308
80
686
1359
1806
1916
2061
1956
1627
1240
928
672
304
-234
-867
-1123
-969
-633
-487
-633
-658
-503
-307
-220
-304
-444
-636
-882
-1274
-1584
-1770
-2051
-2577
-3338
-3644
-3368
-1817
-128
137
105
125
1314
2928
3270
2579
1747
1739
1673
857
-73
-59
532
123
-1172
-2242
-1999
-921
-967
-2282
-3417
-3232
-2380
-2105
-2217
-1802
-594
375
576
712
1665
3198
3708
2785
1728
1611
2097
1942
971
88
-151
-166
-513
-1006
-1039
-574
-523
-1189
-1807
-1622
-800
-171
-204
-409
-74
712
1397
1648
1738
1900
1906
1578
1118
948
1092
998
516
-85
-326
-70
248
262
-61
-284
-349
-355
-407
-519
-564
-712
-994
-1318
-1525
-1528
-1644
-2086
-2882
-3513
-3585
-3022
-1128
130
295
384
669
2393
3837
3921
3088
2313
2328
1899
822
8
222
470
-464
-1873
-2487
-1661
-712
-1292
-2729
-3368
-2687
-1941
-1926
-1947
-1128
155
793
865
1339
2788
4129
3944
2710
1970
2305
2558
1825
678
16
-68
-303
-860
-1170
-868
-482
-783
-1469
-1641
-1042
-387
-224
-310
-147
449
1119
1566
1828
2110
2258
2094
1780
1575
1583
1466
1057
553
206
199
306
320
182
-60
-230
-385
-469
-518
-595
-742
-1008
-1215
-1329
-1345
-1370
-1543
-1992
-2569
-3074
-3202
-2893
-1495
181
577
702
851
2063
3858
4236
3559
2417
2080
2016
1058
86
-135
167
-273
-1540
-2344
-1939
-850
-845
-2099
-3009
-2658
-1702
-1413
-1475
-953
156
1088
1259
1539
2647
3939
4139
3020
2028
2072
2382
1911
766
-58
-241
-345
-751
-1086
-876
-478
-627
-1230
-1486
-955
-204
68
-51
-21
493
1175
1683
1989
2248
2446
2330
2001
1774
1790
1769
1391
811
342
246
360
329
127
-136
-355
-475
-600
-622
-601
-649
-854
-1066
-1138
-1060
-943
-1072
-1497
-2015
-2603
-2945
-2862
-2124
-275
650
655
694
1223
3101
4163
3682
2539
1775
1893
1335
259
-306
7
202
-814
-1893
-1937
-761
-41
-1022
-2322
-2576
-1630
-1028
-1218
-1169
-312
865
1199
1161
1838
3230
4020
3216
1896
1541
2059
2132
1180
132
-137
58
-113
-557
-565
-85
54
-602
-1280
-1199
-429
39
-150
-349
27
985
1811
2209
2399
2622
2687
2331
1930
1750
1718
1438
752
142
-27
276
462
258
-41
-215
-227
-324
-441
-456
-455
-509
-713
-843
-708
-408
-302
-622
-1130
-1646
-2019
-2500
-2837
-2647
-1280
83
287
311
579
2144
3743
3621
2568
1692
1879
1948
970
70
143
747
498
-606
-1149
-387
609
93
-1467
-2357
-1809
-1035
-1236
-1695
-1230
68
898
854
977
2136
3383
3233
1992
1274
1766
2313
1754
670
302
767
977
466
-16
140
467
11
-958
-1319
-767
-94
-166
-602
-459
410
1247
1474
1436
1649
1979
1895
1418
1144
1332
1544
1223
653
432
735
1053
867
412
63
-9
-124
-424
-582
-576
-451
-496
-691
-621
-362
-200
-428
-918
-1308
-1674
-2063
-2812
-3574
-3752
-3123
-1356
-182
199
544
1097
2693
3690
3344
2575
2067
2197
1779
799
425
945
1515
935
-270
-710
-90
323
-742
-2302
-2952
-2514
-2155
-2447
-2390
-1306
151
783
688
1197
2631
3666
3255
2075
1702
2256
2534
1884
1105
1116
1509
1284
470
17
240
307
-462
-1523
-1881
-1386
-921
-999
-1142
-724
131
769
948
1116
1559
1928
1840
1468
1391
1714
1916
1679
1264
1072
1209
1186
799
321
-39
-228
-517
-860
-1017
-959
-842
-925
-1115
-1129
-977
-912
-1147
-1526
-1836
-2103
-2445
-2978
-3450
-3416
-2333
-412
655
924
966
1548
3196
3999
3396
2346
1888
2168
1782
850
419
896
1379
457
-1039
-1574
-942
-640
-1892
-3445
-3780
-2856
-2095
-2144
-1891
-575
1059
1618
1364
1802
3104
3941
3203
1811
1522
2214
2538
1788
941
990
1341
946
-140
-813
-690
-673
-1524
-2617
-2778
-1866
-983
-845
-903
-378
644
1341
1369
1307
1583
1917
1747
1204
1063
1474
1838
1608
1026
749
845
856
453
-257
-720
-882
-1163
-1455
-1546
-1313
-984
-943
-1048
-1074
-822
-578
-726
-1101
-1370
-1482
-1714
-2133
-2660
-2953
-2632
-1300
272
944
1071
971
1637
2964
3315
2593
1680
1503
1673
1264
528
335
895
1026
33
-1120
-1268
-605
-534
-1553
-2555
-2480
-1632
-1106
-1026
-595
533
1448
1532
1343
1757
2758
3141
2428
1537
1447
1993
2218
1732
1187
1046
1009
582
-144
-516
-368
-391
-910
-1458
-1380
-628
55
197
104
304
847
1258
1278
1188
1280
1477
1444
1249
1210
1467
1740
1609
1127
726
636
609
368
-99
-448
-506
-408
-351
-344
-219
-41
-25
-204
-450
-570
-598
-790
-1189
-1635
-1973
-2211
-2462
-2480
-1862
-540
727
1141
1062
1209
2120
3095
3067
2310
1773
1909
2125
1823
1376
1418
1755
1548
601
-277
-383
-165
-518
-1505
-2219
-2037
-1368
-935
-805
-442
319
964
1137
1162
1543
2124
2403
2083
1681
1776
2164
2393
2177
1736
1471
1354
1025
483
54
-147
-301
-623
-940
-909
-459
-7
108
3
51
361
631
682
608
672
903
1083
1130
1192
1435
1694
1668
1343
1005
904
885
727
392
78
-16
29
27
-84
-204
-280
-462
-799
-1191
-1481
-1609
-1756
-2038
-2455
-2814
-2867
-2376
-1325
-41
807
1015
1137
1641
2548
3163
3035
2564
2287
2283
2228
2089
2061
2147
1957
1200
259
-287
-430
-666
-1299
-2099
-2457
-2280
-1838
-1330
-816
-234
239
503
722
1057
1558
1977
2048
1932
1890
2089
2415
2608
2550
2219
1798
1366
978
587
190
-247
-670
-979
-1142
-1044
-788
-481
-326
-363
-356
-178
139
415
538
606
748
1021
1273
1434
1632
1792
1790
1601
1315
1137
1057
937
660
293
61
-23
-142
-371
-617
-811
-935
-1139
-1413
-1609
-1624
-1578
-1624
-1842
-2104
-2260
-2244
-1781
-1083
-265
470
809
1092
1564
2162
2680
2815
2606
2348
2211
2086
1923
1721
1532
1257
807
218
-279
-548
-783
-1066
-1497
-1755
-1689
-1481
-1176
-904
-616
-282
50
285
480
763
1080
1362
1530
1617
1766
1926
1990
1927
1705
1484
1254
894
473
71
-208
-326
-398
-490
-570
-539
-446
-371
-361
-356
-281
-215
-188
-149
10
289
610
834
986
1164
1321
1402
1370
1238
1069
894
662
419
242
130
14
-163
-350
-497
-606
-744
-913
-1080
-1231
-1348
-1445
-1539
-1684
-1949
-2276
-2549
-2472
-1899
-1178
-512
34
379
796
1345
1780
2123
2263
2162
2074
2027
2051
2081
1993
1804
1525
1206
751
274
-233
-690
-1044
-1467
-1699
-1757
-1608
-1342
-1225
-1093
-914
-542
-171
26
171
323
597
871
1076
1307
1535
1769
1807
1618
1507
1425
1300
1022
579
230
36
-64
-190
-339
-402
-396
-441
-568
-650
-606
-494
-422
-364
-214
95
421
663
823
995
1172
1256
1210
1046
930
867
754
610
439
339
310
207
73
-120
-272
-408
-625
-870
-1157
-1342
-1470
-1637
-1888
-2258
-2547
-2681
-2620
-2192
-1545
-805
-62
404
801
1341
1865
2319
2506
2415
2407
2489
2536
2398
2108
1839
1616
1306
801
256
-210
-618
-1018
-1447
-1686
-1658
-1524
-1460
-1444
-1323
-1048
-659
-373
-156
50
237
454
646
903
1209
1433
1495
1430
1380
1389
1318
1103
819
588
439
306
167
41
32
19
-82
-208
-231
-132
-77
-117
-164
-72
166
386
495
588
722
820
834
769
732
772
782
679
538
537
635
724
698
583
459
331
174
-81
-314
-495
-653
-824
-1005
-1112
-1148
-1192
-1336
-1529
-1683
-1768
-1599
-1143
-609
-40
410
655
984
1347
1641
1903
1979
1987
1997
1965
1916
1845
1745
1572
1380
1120
850
567
214
-57
-283
-416
-460
-462
-377
-317
-250
-273
-294
-221
-164
-122
-176
-208
-116
50
231
378
599
846
1018
1153
1182
1217
1275
1268
1233
1237
1317
1375
1415
1413
1379
1332
1191
1030
833
617
437
254
132
76
108
144
178
247
302
384
419
447
494
543
556
574
676
801
915
948
933
920
846
739
596
447
350
239
88
-59
-151
-215
-333
-533
-773
-1045
-1312
-1527
-1584
-1341
-940
-509
-108
161
460
793
1001
1143
1191
1213
1251
1271
1314
1371
1514
1632
1737
1758
1640
1469
1132
753
391
68
-126
-282
-384
-456
-511
-542
-569
-536
-529
-556
-605
-685
-661
-553
-394
-173
64
322
604
847
1071
1236
1330
1363
1342
1321
1309
1282
1253
1167
1053
967
884
778
641
460
251
90
-25
-118
-180
-207
-226
-235
-214
-193
-130
-49
45
115
168
239
328
417
477
520
539
540
510
466
406
352
308
247
186
74
-76
-228
-344
-458
-646
-850
-1053
-1279
-1502
-1609
-1515
-1251
-947
-696
-489
-296
-58
130
204
291
405
553
729
864
976
1099
1212
1257
1237
1170
1064
879
628
410
273
220
200
160
100
-4
-121
-305
-510
-672
-806
-929
-1065
-1160
-1134
-950
-701
-502
-348
-155
45
247
356
415
531
661
785
930
1071
1228
1356
1386
1323
1195
1068
867
623
327
101
-44
-166
-209
-258
-264
-263
-290
-324
-340
-312
-297
-275
-221
-140
12
190
356
481
568
635
643
641
591
482
387
289
219
181
162
160
137
75
-42
-165
-299
-489
-723
-988
-1229
-1414
-1514
-1479
-1287
-1033
-811
-669
-544
-326
-73
135
241
374
557
817
1139
1364
1544
1676
1776
1830
1744
1564
1313
1052
798
558
342
136
-4
-139
-270
-391
-514
-609
-693
-715
-706
-683
-582
-442
-249
-39
158
317
460
625
724
788
815
757
724
708
714
741
759
761
737
731
698
668
629
583
561
523
467
427
406
410
429
409
344
310
290
253
233
195
167
166
140
100
103
138
182
184
169
152
165
217
260
258
240
228
199
129
59
-7
-61
-117
-214
-314
-370
-395
-443
-531
-654
-750
-702
-547
-391
-230
-150
-163
-84
38
213
370
396
324
239
290
381
506
554
526
571
624
684
715
709
724
752
783
767
769
752
696
629
507
395
296
166
36
-113
-262
-405
-520
-586
-629
-601
-569
-547
-490
-421
-282
-103
58
226
391
553
699
854
979
1038
1059
1044
1015
997
964
905
824
733
616
479
352
222
109
-32
-188
-295
-381
-431
-465
-483
-437
-385
-339
-317
-276
-210
-187
-192
-215
-182
-106
-65
-24
3
77
170
199
219
224
213
155
25
-120
-278
-399
-512
-670
-815
-938
-995
-974
-936
-837
-790
-797
-818
-814
-682
-466
-258
-125
0
162
336
510
656
755
815
843
834
797
755
692
593
499
422
385
353
261
136
-47
-183
-269
-327
-396
-458
-478
-472
-449
-396
-330
-265
-232
-230
-212
-174
-107
-30
29
136
261
415
546
630
711
731
736
692
641
605
570
531
484
416
341
284
227
157
64
-50
-173
-290
-373
-440
-467
-485
-505
-509
-500
-462
-399
-377
-405
-440
-457
-436
-390
-329
-293
-274
-247
-221
-152
-71
-18
-23
-59
-102
-142
-186
-234
-329
-413
-500
-564
-578
-590
-540
-522
-582
-673
-724
-704
-627
-516
-449
-405
-315
-226
-138
-24
82
200
300
367
409
425
441
420
386
347
362
358
306
299
215
114
37
-61
-136
-185
-208
-224
-248
-230
-192
-127
-50
-5
42
88
154
200
223
249
288
360
445
510
569
610
620
608
556
514
453
348
219
105
21
-47
-83
-122
-149
-200
-278
-353
-407
-430
-451
-497
-491
-433
-349
-276
-190
-66
60
184
260
288
330
390
416
421
411
410
372
316
211
117
51
-40
-168
-303
-400
-468
-519
-585
-634
-628
-597
-573
-546
-535
-509
-477
-452
-416
-357
-292
-221
-161
-120
-53
-15
12
18
5
16
21
16
-5
-41
-64
-84
-99
-103
-121
-128
-127
-111
-76
-57
-42
-39
-17
33
98
135
154
177
230
291
343
357
349
359
356
324
304
285
253
196
128
94
62
46
15
-52
-106
-161
-225
-283
-330
-345
-318
-296
-252
-181
-102
-19
39
100
185
252
282
308
347
400
423
417
414
403
374
328
270
200
144
86
-3
-53
-74
-63
-35
-9
-1
8
12
8
-2
-52
-86
-101
-114
-108
-93
-68
-26
14
25
24
21
41
49
38
28
41
79
106
107
118
155
198
208
187
182
204
248
254
234
252
308
346
355
347
351
387
382
364
337
333
343
350
315
288
308
308
302
253
220
217
215
197
174
175
192
207
227
225
234
234
247
251
261
291
310
327
348
390
433
439
418
394
373
353
313
267
245
246
200
123
69
58
53
23
-15
-15
24
36
46
70
98
131
136
114
121
151
175
157
145
144
154
170
158
137
113
93
53
7
-26
-39
-33
-39
-47
-43
-18
14
54
92
106
132
141
174
219
244
265
268
273
278
294
303
290
277
236
177
137
100
65
18
-41
-97
-127
-141
-161
-170
-162
-142
-113
-95
-98
-60
-34
2
30
58
104
157
200
207
228
239
244
252
250
262
275
280
276
255
259
271
273
257
236
219
204
194
160
148
132
111
102
106
109
96
88
89
83
80
86
98
123
148
147
149
163
184
204
183
172
150
148
132
98
91
94
104
93
89
82
80
84
77
73
89
83
85
74
71
85
95
87
46
39
50
60
73
79
111
131
144
141
122
132
121
93
49
7
9
32
62
63
89
119
134
138
109
104
86
45
-13
-77
-101
-122
-135
-150
-155
-133
-111
-87
-62
-19
17
28
32
58
114
166
201
216
245
278
310
306
273
234
195
139
72
20
-23
-33
-38
-76
-92
-93
-73
-55
-55
-58
-35
2
12
26
52
92
124
141
156
170
181
203
198
178
149
112
79
52
62
52
57
62
46
34
17
20
3
-14
-25
-34
-32
-28
-31
-23
-15
-3
-3
-1
17
38
69
94
120
143
192
238
261
278
276
277
243
182
119
68
28
-30
-90
-109
-102
-91
-95
-95
-96
-79
-62
-47
-26
20
72
85
97
138
201
241
233
193
145
105
75
21
-23
-36
-59
-49
-56
-39
-13
28
49
37
35
37
53
60
51
43
57
79
86
102
114
120
101
80
61
47
53
46
35
11
21
52
71
98
130
144
170
174
192
203
191
186
164
136
140
121
129
116
101
76
57
44
6
-19
-55
-70
-92
-97
-89
-74
-21
32
81
141
207
250
289
316
315
302
277
273
270
273
290
299
313
328
325
318
297
285
256
203
143
96
66
54
52
46
13
-1
-22
-22
7
17
36
39
53
90
137
184
241
276
298
310
311
310
285
228
175
110
42
-11
-62
-88
-102
-117
-131
-133
-97
-27
17
57
122
197
266
296
309
360
407
417
399
373
378
385
358
315
294
281
251
189
112
56
36
-17
-96
-158
-192
-187
-197
-202
-167
-119
-62
-37
6
83
169
205
219
230
256
272
294
344
377
421
385
350
309
309
332
337
276
199
149
129
77
27
3
5
43
69
110
158
207
237
244
272
315
353
378
359
340
334
346
353
338
314
251
190
112
46
-14
-56
-110
-163
-178
-161
-109
-50
15
62
111
170
222
281
318
349
357
365
378
379
397
406
396
371
338
285
246
219
153
80
33
5
-9
-12
-31
-33
-21
-28
-32
-7
13
28
31
41
72
123
161
184
205
220
252
213
176
157
145
122
69
29
-7
-27
-52
-69
-78
-86
-79
-84
-88
-77
-40
14
45
90
131
166
231
270
277
274
278
240
191
177
156
140
88
47
13
-46
-89
-139
-191
-236
-260
-294
-324
-307
-234
-189
-179
-140
-81
-7
23
15
23
43
42
23
-3
3
10
-20
-52
-87
-105
-139
-189
-238
-252
-261
-249
-254
-260
-214
-177
-163
-138
-91
-55
-9
36
45
80
128
150
129
96
95
73
17
-50
-63
-86
-143
-201
-243
-220
-204
-222
-278
-311
-297
-296
-284
-280
-266
-213
-175
-145
-117
-56
-2
15
37
68
107
118
137
135
108
102
94
39
-31
-79
-122
-168
-220
-262
-292
-294
-295
-293
-263
-233
-222
-194
-156
-152
-147
-112
-58
-7
37
57
62
95
85
59
19
-37
-137
-217
-263
-328
-379
-414
-442
-495
-494
-451
-448
-453
-427
-391
-341
-283
-227
-140
-50
19
58
89
127
171
191
165
106
27
-32
-41
-71
-116
-168
-234
-257
-272
-316
-343
-369
-374
-374
-360
-322
-307
-281
-239
-173
-81
-6
34
34
75
146
192
204
176
168
175
157
106
38
13
-48
-154
-247
-312
-336
-345
-364
-390
-414
-373
-292
-250
-212
-153
-103
-81
-63
-26
47
111
140
149
137
125
125
146
130
65
15
-27
-94
-182
-250
-301
-344
-410
-467
-501
-514
-506
-504
-484
-453
-347
-277
-233
-179
-97
12
79
134
180
241
281
264
223
214
218
170
84
-20
-91
-139
-204
-285
-346
-351
-350
-354
-386
-422
-422
-387
-350
-328
-289
-227
-165
-116
-45
28
114
164
182
212
259
261
212
158
90
37
-12
-61
-113
-165
-205
-272
-309
-303
-302
-334
-374
-403
-399
-385
-367
-361
-355
-300
-246
-188
-147
-112
-79
-57
-27
-31
-49
-49
-38
-78
-121
-139
-142
-175
-204
-223
-281
-320
-350
-404
-450
-482
-496
-488
-478
-454
-413
-389
-364
-309
-260
-210
-179
-134
-90
-58
-39
-33
-38
-39
-43
-80
-98
-110
-124
-158
-226
-290
-326
-328
-339
-367
-377
-394
-372
-345
-344
-316
-275
-247
-222
-223
-195
-152
-128
-138
-171
-153
-128
-94
-102
-96
-104
-102
-106
-130
-145
-140
-130
-167
-178
-165
-144
-129
-139
-155
-161
-145
-156
-187
-203
-220
-220
-224
-233
-248
-270
-261
-258
-257
-258
-264
-271
-268
-246
-236
-237
-227
-209
-177
-149
-135
-126
-99
-74
-75
-76
-67
-31
-18
-31
-47
-42
-30
-8
-23
-54
-54
-46
-46
-73
-77
-78
-82
-98
-111
-137
-156
-188
-202
-229
-235
-209
-202
-200
-194
-147
-105
-75
-58
-42
-31
-20
-32
-58
-67
-78
-93
-103
-98
-100
-72
-41
-30
-26
-25
-21
-13
-13
-35
-47
-43
-11
19
28
38
54
79
91
84
67
42
28
19
-3
-27
-48
-64
-77
-84
-74
-82
-87
-88
-106
-126
-143
-144
-150
-152
-160
-163
-149
-124
-82
-64
-53
-51
-42
-47
-66
-70
-72
-64
-48
-61
-47
-26
-15
5
6
24
34
49
26
15
8
7
-5
-37
-61
-68
-73
-92
-100
-95
-78
-69
-88
-105
-99
-88
-86
-111
-112
-124
-101
-86
-112
-101
-86
-63
-50
-56
-56
-36
1
31
30
45
80
114
152
152
145
137
135
129
118
96
59
51
35
16
-1
-23
-51
-75
-92
-84
-84
-99
-101
-100
-103
-85
-53
-26
-14
3
21
35
56
76
85
83
87
97
111
96
91
80
65
50
30
9
-10
-26
-46
-42
-40
-30
-23
-35
-37
-8
14
4
5
21
45
63
56
54
82
120
137
127
103
102
86
49
-2
-27
-47
-52
-77
-108
-91
-90
-88
-117
-132
-138
-131
-117
-130
-116
-101
-74
-53
-33
2
41
63
52
56
63
70
77
44
16
28
29
29
19
13
20
12
3
-26
-41
-29
-54
-86
-116
-120
-99
-106
-108
-113
-92
-75
-69
-78
-64
-52
-57
-54
-65
-40
-29
-41
-51
-53
-34
-16
-5
-15
-11
-5
-9
-2
7
0
-13
-12
-21
1
21
22
28
8
19
10
7
12
4
-10
-25
-55
-81
-97
-104
-110
-126
-139
-138
-142
-142
-113
-97
-66
-48
-24
12
45
68
88
95
109
110
109
91
52
30
3
-12
-51
-88
-115
-138
-144
-162
-191
-206
-228
-242
-229
-212
-199
-177
-133
-102
-64
-32
-2
23
23
32
27
32
13
5
2
-15
-10
0
-3
-18
-40
-87
-116
-152
-186
-227
-273
-292
-317
-349
-344
-338
-307
-273
-263
-227
-206
-176
-147
-129
-105
-78
-47
-20
-2
20
44
52
59
53
35
16
-20
-69
-106
-157
-233
-297
-360
-416
-445
-468
-485
-493
-488
-469
-433
-382
-320
-263
-195
-146
-84
-33
-1
41
61
83
93
73
39
3
0
-40
-95
-140
-178
-200
-237
-261
-301
-332
-344
-363
-380
-392
-381
-352
-329
-313
-266
-206
-153
-116
-97
-79
-55
-19
-4
31
60
84
102
100
94
88
66
20
-40
-113
-163
-212
-264
-304
-330
-337
-343
-353
-348
-335
-313
-297
-292
-279
-248
-198
-163
-115
-56
-5
52
69
85
128
139
108
76
27
-18
-51
-104
-164
-240
-284
-331
-363
-384
-398
-395
-409
-405
-395
-374
-335
-291
-257
-224
-205
-176
-125
-88
-59
-54
-51
-61
-90
-91
-104
-119
-124
-147
-170
-192
-195
-194
-203
-246
-286
-309
-325
-337
-350
-354
-348
-337
-314
-296
-266
-225
-188
-177
-179
-146
-101
-62
-56
-53
-40
-37
-43
-49
-81
-108
-144
-179
-224
-255
-273
-301
-323
-327
-332
-340
-316
-311
-305
-292
-285
-274
-264
-256
-229
-198
-183
-189
-177
-152
-135
-120
-115
-118
-132
-146
-178
-197
-229
-246
-277
-319
-344
-362
-359
-350
-341
-350
-316
-291
-276
-273
-262
-243
-237
-240
-246
-240
-231
-237
-247
-262
-260
-257
-264
-274
-297
-296
-298
-286
-311
-292
-260
-243
-226
-219
-198
-167
-154
-173
-166
-151
-142
-152
-148
-146
-138
-123
-137
-144
-159
-171
-170
-197
-198
-200
-204
-217
-222
-212
-194
-184
-186
-179
-183
-174
-186
-182
-165
-164
-165
-161
-161
-152
-129
-129
-155
-176
-188
-181
-179
-186
-178
-173
-164
-155
-148
-134
-125
-124
-144
-159
-175
-182
-176
-196
-206
-214
-202
-189
-185
-175
-176
-193
-216
-235
-257
-258
-261
-258
-262
-262
-251
-244
-215
-222
-217
-220
-237
-226
-211
-196
-197
-182
-154
-127
-116
-106
-75
-60
-57
-51
-78
-75
-61
-55
-52
-43
-26
-11
-16
-23
-1
16
18
0
-24
-38
-25
-3
6
9
32
66
95
121
136
134
157
143
122
113
111
95
64
56
40
34
30
17
23
18
19
10
15
34
59
63
68
84
96
132
154
151
161
163
143
120
98
82
62
36
1
-18
-15
-29
-39
-49
-63
-58
-72
-77
-81
-83
-75
-56
-32
2
43
77
99
117
134
135
127
128
129
119
91
80
82
86
78
67
63
64
41
20
5
-11
-3
-17
-20
-20
8
26
39
44
50
64
75
86
109
144
173
221
245
274
301
310
309
295
271
222
174
145
111
73
36
19
29
34
20
12
20
34
46
69
79
99
138
167
201
218
251
281
287
286
278
280
261
235
199
167
154
142
124
92
73
66
60
32
33
46
41
47
61
86
99
136
177
209
241
275
308
312
325
338
323
298
274
248
231
221
201
183
178
166
168
159
145
135
133
115
103
102
101
123
135
141
148
169
203
204
206
202
200
183
166
167
165
185
191
184
192
199
203
214
200
187
185
185
162
131
140
141
143
152
155
170
195
211
222
215
201
194
174
151
138
135
125
108
92
80
64
54
33
5
-18
-37
-52
-63
-78
-71
-64
-50
-43
-27
-27
-21
-1
6
4
-10
11
16
22
21
11
6
0
-20
-43
-79
-114
-124
-141
-157
-148
-150
-131
-118
-104
-100
-88
-76
-70
-61
-84
-93
-90
-85
-85
-84
-76
-78
-97
-125
-149
-177
-216
-252
-298
-313
-322
-332
-333
-327
-304
-290
-263
-234
-217
-188
-174
-171
-160
-146
-125
-93
-75
-70
-50
-49
-54
-50
-77
-107
-125
-150
-175
-211
-230
-242
-250
-266
-278
-286
-297
-302
-301
-320
-322
-323
-310
-303
-299
-264
-246
-220
-187
-166
-144
-136
-131
-143
-159
-163
-189
-209
-223
-228
-241
-244
-242
-250
-260
-269
-284
-303
-306
-314
-306
-286
-282
-251
-237
-214
-191
-187
-155
-138
-112
-125
-136
-144
-165
-177
-210
-215
-248
-259
-283
-314
-332
-350
-371
-377
-402
-404
-415
-389
-349
-332
-305
-258
-251
-234
-211
-201
-193
-186
-191
-205
-209
-221
-224
-235
-245
-267
-281
-317
-352
-371
-396
-417
-420
-422
-423
-407
-389
-394
-377
-368
-372
-367
-372
-362
-366
-365
-353
-348
-336
-334
-316
-309
-318
-328
-329
-336
-347
-351
-360
-366
-365
-355
-350
-333
-321
-334
-327
-326
-330
-341
-347
-354
-362
-356
-333
-317
-295
-269
-261
-244
-257
-261
-262
-271
-298
-301
-309
-315
-306
-327
-328
-328
-325
-337
-347
-357
-366
-349
-352
-345
-336
-300
-273
-245
-204
-178
-143
-147
-145
-146
-152
-143
-156
-168
-185
-188
-180
-181
-178
-178
-180
-183
-183
-181
-157
-145
-136
-128
-111
-85
-78
-73
-56
-38
-45
-41
-46
-65
-72
-96
-115
-128
-144
-154
-153
-160
-161
-150
-156
-146
-138
-127
-118
-102
-87
-70
-67
-71
-57
-56
-51
-47
-44
-29
-29
-25
-30
-44
-61
-65
-80
-81
-94
-122
-142
-158
-175
-197
-200
-200
-205
-208
-198
-182
-175
-155
-132
-120
-85
-81
-81
-71
-60
-60
-51
-66
-54
-49
-53
-39
-55
-63
-72
-89
-100
-118
-137
-149
-150
-162
-167
-155
-142
-124
-102
-78
-64
-36
-20
5
20
29
36
21
28
26
17
-7
-22
-45
-73
-100
-146
-186
-212
-232
-265
-280
-280
-268
-256
-240
-229
-209
-180
-164
-151
-144
-132
-118
-114
-107
-111
-118
-104
-96
-106
-108
-104
-110
-123
-139
-155
-168
-203
-238
-255
-289
-300
-318
-338
-353
-350
-350
-348
-337
-335
-316
-287
-271
-267
-250
-222
-208
-201
-214
-216
-207
-211
-225
-234
-250
-260
-266
-277
-283
-283
-295
-301
-306
-318
-311
-305
-309
-300
-284
-268
-240
-220
-206
-176
-155
-142
-150
-134
-118
-133
-130
-136
-142
-143
-169
-193
-192
-217
-245
-257
-279
-291
-301
-298
-289
-298
-301
-292
-278
-275
-270
-269
-245
-229
-223
-227
-222
-216
-205
-189
-193
-169
-170
-174
-175
-175
-162
-173
-194
-208
-217
-226
-233
-242
-242
-249
-267
-269
-256
-274
-280
-277
-286
-283
-277
-278
-279
-269
-262
-242
-227
-225
-216
-212
-206
-221
-212
-218
-228
-244
-246
-253
-254
-235
-238
-244
-239
-220
-224
-240
-247
-238
-234
-240
-244
-231
-224
-212
-201
-206
-197
-197
-200
-200
-197
-205
-213
-220
-222
-209
-202
-196
-188
-192
-184
-179
-190
-189
-190
-192
-189
-191
-194
-198
-199
-205
-217
-226
-229
-219
-217
-228
-235
-232
-226
-215
-212
-198
-179
-173
-162
-160
-155
-130
-126
-129
-137
-132
-125
-131
-124
-129
-128
-129
