SAMPLES:	8825
BITSPERSAMPLE:	16
CHANNELS:	1
SAMPLERATE:	16000
NORMALIZED:	FALSE
-36
-34
-36
-30
-30
-28
-32
-35
-32
-38
-34
-31
-32
-33
-28
-28
-27
-22
-16
-27
-29
-26
-22
-26
-28
-16
-25
-31
-24
-31
-24
-22
-27
-32
-31
-26
-23
-27
-32
-24
-20
-29
-32
-26
-24
-23
-24
-28
-28
-25
-22
-20
-19
-22
-16
-15
-21
-20
-15
-17
-17
-22
-15
-20
-23
-12
-18
-12
-17
-17
-21
-15
-9
-18
-14
-6
-2
-9
-3
-10
-5
-5
-7
-7
-7
-4
-18
-8
-8
-11
-14
-14
-6
-8
-7
-4
-16
-19
-17
-13
-4
-13
-11
-11
-9
2
-3
-6
-3
3
-3
-2
-10
2
-3
-2
-1
0
4
-2
0
-3
2
4
-1
-1
6
6
6
-2
-2
1
-1
9
9
10
4
1
2
5
1
4
3
-9
3
-6
-9
-9
-3
0
-9
-7
-4
-7
-10
-1
-3
0
-4
-8
-16
-8
-11
-15
-16
-22
-12
-10
-2
-13
-10
-12
-4
-1
-1
-6
-6
1
2
-2
-3
-1
-2
-11
-6
3
-6
-11
-11
-6
-7
-4
-9
-16
-17
-9
-13
-15
-16
-3
-8
-11
-6
-18
-16
-7
-14
-15
-6
-11
-8
-13
-8
-4
-8
0
-4
-4
-10
-12
-9
-1
-11
-10
-1
-3
-9
-21
-16
-19
-10
-21
-21
-2
-14
-9
-21
-17
-17
-22
-19
-14
-21
-29
-19
-25
-24
-24
-22
-14
-15
-12
-14
-14
-11
-13
-3
-7
-13
-16
-17
-11
-18
-12
-8
-18
-19
-17
-9
-9
-16
-10
-10
-7
-16
-14
3
-3
-6
-4
-7
3
-1
1
-5
-8
-3
-9
-8
-6
-14
-15
-3
0
-13
-8
1
-3
-3
3
-6
-2
5
-6
-6
-12
-5
0
1
8
6
4
3
9
9
10
16
7
13
6
5
2
-5
-1
-3
0
-4
3
-4
-15
-16
-9
-10
-14
-9
-10
-4
-2
-6
-7
-2
-7
-7
-5
-3
-10
-14
1
1
-10
1
-9
1
-7
-6
-5
-15
-3
-5
-9
-9
-3
-7
-5
-14
-13
-14
-9
-14
-21
-10
-8
-12
-14
-9
0
-11
-12
-3
-9
-2
-6
-3
-2
-15
-10
-13
-12
-8
-15
-13
-9
-14
-14
-10
-15
-16
-8
-8
-4
-7
-10
1
-6
-3
7
0
-6
-3
-3
6
-1
-4
1
7
2
0
1
-4
3
1
1
-2
3
3
6
7
5
3
6
9
13
9
11
13
9
9
8
11
7
5
8
14
16
8
17
21
16
14
13
23
27
15
15
12
10
14
15
17
19
16
10
22
22
19
20
15
7
19
23
31
30
21
20
21
20
18
11
17
13
8
10
9
3
8
7
1
9
2
9
7
7
10
6
6
8
15
19
0
9
14
10
19
18
17
14
12
8
16
14
4
-1
10
9
7
7
6
2
-8
-7
1
4
0
3
-7
-4
2
-6
-9
-7
-10
1
1
-17
-6
-2
-7
-7
-15
-16
-12
-10
-3
-13
-11
-14
-15
-7
-8
-9
-7
-16
-22
-9
-13
-21
-12
-15
-9
-5
-8
-22
-20
-18
-10
-8
-14
-7
-18
-15
-14
-19
-17
-8
-16
-14
-13
-18
-12
-16
-11
-16
-9
-7
-6
-12
-7
-8
-6
-4
-12
-5
-8
-4
-10
-5
-1
-6
-11
-4
-4
-14
-9
-10
-12
-6
-9
-17
-24
-8
-12
-13
-5
-20
-20
-10
-15
-13
-15
-18
-18
-5
-9
-16
-7
-15
-8
-10
-10
-1
-6
-12
-10
-6
-8
-12
-4
-8
-8
-1
-6
-6
-18
-5
-12
-9
-4
-7
-3
1
7
-6
4
6
-1
0
-1
-3
-7
6
6
2
-1
5
2
0
1
3
8
-5
1
8
-6
-13
-7
-6
2
1
-5
-3
5
3
1
-8
-6
2
-5
-1
-2
3
5
0
-10
-5
2
-4
-5
-4
4
-2
-3
1
5
2
3
-2
-4
0
8
6
6
-3
5
12
-2
18
21
12
13
16
10
6
13
11
13
14
10
19
22
14
14
12
9
14
18
29
25
26
22
21
13
17
27
20
14
7
2
18
15
13
11
20
16
17
29
13
17
17
20
16
17
24
23
24
27
26
27
26
22
20
22
27
21
22
31
23
37
30
32
34
28
35
31
32
26
21
21
22
18
21
16
18
19
21
21
20
13
21
24
24
22
11
23
12
12
15
17
21
13
18
11
7
20
21
21
23
13
14
12
18
21
14
12
9
12
12
15
13
17
11
16
15
20
17
15
18
15
13
22
23
19
22
17
23
17
22
20
22
20
18
25
26
28
26
23
23
19
24
22
18
27
12
12
10
14
10
12
15
15
23
11
11
3
0
-2
-7
-7
-3
-5
1
-8
-12
-10
-19
-8
-16
-11
-14
-13
-11
-17
-21
-13
-13
-23
-10
-12
-19
-16
-16
-18
-13
-17
-27
-19
-14
-17
-12
-1
12
24
20
21
34
40
39
45
61
54
62
74
75
80
84
81
85
82
84
81
73
85
81
83
73
72
77
73
69
68
63
68
57
42
51
49
42
41
28
25
30
23
4
12
7
0
-4
-12
-18
-31
-30
-36
-48
-66
-66
-61
-74
-74
-89
-92
-97
-117
-106
-106
-80
-49
-45
-39
-36
-13
-13
5
23
28
39
29
24
28
62
79
89
81
69
54
66
75
71
65
44
40
34
36
37
32
31
29
18
14
35
45
32
28
34
34
52
55
58
72
71
70
64
78
78
89
95
84
82
83
86
88
84
75
79
72
65
68
56
51
51
44
35
34
32
20
27
24
4
7
20
14
15
13
10
19
19
19
9
12
17
21
20
24
26
28
31
33
40
50
50
48
54
51
57
59
62
60
62
76
64
60
69
69
58
56
50
57
64
60
62
57
61
54
60
52
55
55
56
53
45
42
44
40
44
40
33
41
32
37
41
27
38
40
41
44
35
42
35
38
36
48
38
38
46
44
38
43
48
40
38
46
44
38
39
29
39
28
29
26
25
19
15
21
9
10
8
14
19
18
20
20
24
24
30
26
26
29
25
31
19
26
24
27
35
34
32
35
37
43
45
48
50
53
49
60
65
52
66
67
71
66
69
73
81
91
93
94
106
104
100
100
107
106
103
105
104
94
84
87
92
86
75
66
55
53
41
35
26
20
9
-9
-12
-14
-28
-29
-33
-55
-63
-76
-64
-75
-90
-96
-110
-118
-129
-124
-142
-151
-161
-170
-172
-164
-176
-170
-155
-142
-129
-134
-110
-90
-80
-60
-61
-36
-36
-8
9
6
26
28
29
44
45
45
58
53
51
44
59
53
47
47
37
47
23
24
25
17
23
11
2
9
15
9
14
19
19
22
41
36
38
42
42
53
54
60
63
61
63
69
56
58
57
62
66
63
66
52
52
53
57
52
44
46
47
37
50
52
63
66
80
93
88
90
95
98
93
106
93
104
108
102
97
104
105
103
93
84
85
77
69
69
66
59
50
30
26
28
19
16
-8
-20
-30
-42
-42
-66
-79
-92
-96
-115
-122
-134
-164
-180
-205
-238
-253
-259
-271
-264
-246
-240
-255
-238
-201
-179
-174
-167
-144
-113
-90
-78
-57
-25
10
34
48
69
95
112
113
110
126
124
126
123
120
120
117
110
100
86
70
66
52
44
25
23
24
13
19
25
29
33
31
30
23
34
41
46
43
62
73
72
78
84
101
100
105
116
110
122
124
118
124
124
120
116
111
100
97
80
72
65
57
44
35
31
31
20
10
13
3
-9
-6
-15
-21
-18
-28
-24
7
50
66
80
108
136
153
155
165
193
197
216
225
225
244
268
263
246
249
242
228
225
221
199
191
194
177
157
159
162
127
107
94
66
62
60
46
13
17
7
-24
-30
-44
-59
-74
-94
-115
-138
-147
-153
-180
-207
-228
-249
-273
-289
-300
-329
-358
-347
-312
-275
-234
-227
-246
-225
-176
-166
-143
-101
-74
-51
-47
-38
14
98
127
124
123
136
133
132
146
154
163
150
119
121
138
166
163
128
112
97
82
82
88
89
80
80
75
68
90
102
100
88
64
55
61
70
87
86
103
104
102
113
122
160
151
147
131
124
140
175
209
215
233
227
219
217
245
259
254
250
237
229
223
232
215
226
228
200
176
177
172
162
149
139
138
131
123
119
122
121
97
69
74
49
36
41
35
7
-7
1
-8
-36
-28
-31
-78
-103
-106
-141
-173
-184
-203
-241
-278
-272
-308
-366
-398
-400
-387
-312
-237
-292
-347
-288
-215
-216
-194
-164
-140
-81
-53
-95
-62
88
177
146
122
146
163
187
206
225
237
255
243
205
227
289
304
256
220
194
192
197
183
176
176
175
143
132
140
167
181
156
95
87
113
119
115
120
131
132
116
115
137
150
173
150
128
128
161
210
222
210
227
247
237
236
255
272
260
253
231
227
248
257
227
216
233
211
170
173
185
172
161
158
161
147
148
155
152
108
78
107
95
50
78
114
64
23
59
82
41
6
11
7
-22
-38
-42
-59
-68
-71
-104
-141
-157
-171
-202
-238
-275
-320
-349
-368
-391
-421
-386
-273
-263
-362
-382
-299
-255
-226
-216
-210
-144
-28
-47
-122
5
187
201
129
145
189
224
261
261
246
288
336
297
237
290
373
342
274
231
235
248
220
187
187
214
196
132
115
149
168
147
126
90
97
129
149
130
129
164
170
174
161
175
206
203
167
169
215
225
215
215
233
236
236
233
202
223
261
217
166
193
227
192
166
177
144
143
163
136
87
80
104
73
56
68
86
63
-6
22
37
-31
-35
57
1
-71
10
-2
-96
-66
3
-66
-91
-46
-90
-131
-105
-117
-158
-110
-91
-175
-223
-202
-208
-270
-289
-316
-355
-381
-426
-481
-435
-274
-270
-412
-445
-357
-297
-265
-275
-311
-232
-85
-129
-219
-86
104
151
82
46
101
194
211
166
185
268
310
256
227
281
357
329
252
196
217
232
178
154
170
177
161
149
116
140
191
184
112
94
133
166
182
201
212
197
196
201
176
190
263
242
169
172
252
267
221
212
252
272
222
180
203
243
236
183
125
191
255
192
109
105
133
187
77
31
132
122
19
-35
77
15
-27
42
-12
-84
-53
-26
-75
-66
-31
-58
-92
-75
-64
-89
-78
-92
-86
-74
-120
-107
-114
-157
-144
-68
-115
-226
-177
-135
-219
-254
-212
-239
-308
-280
-293
-402
-442
-362
-214
-190
-303
-354
-277
-209
-194
-197
-185
-109
-58
-93
-102
26
158
173
106
87
147
225
240
208
252
323
293
196
221
308
280
197
153
140
145
150
125
120
168
197
159
81
140
228
203
165
172
190
197
204
169
195
302
219
117
184
251
254
197
197
184
192
255
242
182
178
192
233
207
159
168
185
193
99
113
166
109
132
129
107
84
81
71
25
60
57
36
-2
-29
8
-50
-114
-80
8
-18
-187
-124
5
-44
-187
-128
-11
-150
-194
-68
-110
-258
-140
-55
-252
-286
-109
-133
-276
-259
-193
-239
-253
-250
-274
-238
-261
-315
-326
-322
-381
-390
-292
-259
-230
-222
-255
-238
-155
-142
-167
-99
-31
-52
-61
-3
69
124
160
112
105
149
157
126
119
169
166
128
107
117
155
182
159
115
92
132
157
155
123
135
214
202
106
152
256
172
118
224
280
124
95
320
287
60
134
306
205
113
272
256
115
91
198
220
138
100
100
183
83
92
52
93
131
42
39
104
121
5
9
84
14
-35
16
-25
-37
6
10
-134
-100
-16
-55
-127
-76
-35
-161
-135
-57
-159
-196
-93
-159
-228
-192
-159
-235
-202
-198
-298
-240
-213
-302
-319
-208
-253
-373
-312
-221
-310
-353
-292
-281
-347
-379
-382
-291
-248
-299
-281
-220
-194
-215
-160
-169
-175
-95
-74
-138
-91
29
33
-10
34
70
26
61
89
42
57
115
99
61
103
164
110
111
160
145
137
168
139
115
220
233
110
115
226
260
194
99
201
315
176
93
338
352
-12
142
430
244
97
243
236
79
228
234
100
198
181
74
126
133
40
132
154
-45
76
159
-77
-11
147
-18
-130
29
32
-169
-29
44
-190
-116
-7
-73
-180
-97
-55
-173
-215
-92
-57
-144
-241
-177
-115
-243
-235
-233
-193
-237
-275
-284
-251
-287
-355
-275
-255
-353
-327
-277
-387
-342
-266
-318
-450
-352
-320
-388
-256
-205
-242
-261
-167
-182
-181
-104
-80
-86
-50
-17
-40
6
114
86
29
97
112
60
68
110
128
118
138
143
83
121
180
138
93
111
125
99
147
164
139
115
133
144
107
140
119
149
247
119
101
257
271
125
128
302
172
81
237
347
194
-6
89
370
297
5
-7
189
227
67
114
134
56
65
61
46
72
-10
-29
16
38
-45
-76
4
-98
-73
-8
-183
-195
47
-37
-243
-124
-65
-212
-141
2
-215
-249
-112
-206
-295
-164
-67
-314
-395
-163
-150
-366
-373
-210
-304
-386
-358
-315
-367
-332
-335
-429
-356
-418
-494
-454
-241
-220
-328
-317
-305
-259
-158
-138
-258
-143
-24
-34
-109
-68
60
116
57
4
57
80
102
126
147
126
138
151
113
137
170
169
90
134
171
10
141
200
76
111
225
81
-35
178
189
87
115
98
73
186
167
39
98
243
87
35
211
155
24
157
172
112
131
194
92
11
220
262
90
-43
100
189
85
67
139
-12
-66
40
90
57
12
20
-131
-161
44
112
-103
-231
-53
-110
-257
-34
-56
-235
-282
-205
-188
-180
-126
-165
-275
-245
-339
-347
-170
-277
-306
-365
-311
-377
-400
-384
-359
-407
-527
-405
-361
-480
-469
-295
-268
-316
-339
-372
-322
-182
-193
-222
-157
-118
-85
-70
-88
-63
81
79
-33
22
85
106
126
131
118
143
169
109
61
153
281
157
2
81
251
176
78
109
234
100
20
240
231
134
25
188
251
146
99
212
197
19
203
223
104
57
280
229
-50
149
219
161
52
220
260
-74
36
198
215
122
205
58
-1
132
86
223
133
-30
-143
127
193
84
168
23
-284
-201
75
280
75
-127
-17
-226
-333
-150
148
-12
-259
-251
-290
-298
-298
-251
-488
-445
-328
-364
-301
-502
-589
-505
-524
-766
-640
-310
-529
-592
-262
-392
-520
-385
-380
-362
-106
-176
-361
-61
22
-82
56
74
-104
61
199
125
104
138
227
194
48
82
298
195
9
143
194
114
97
163
127
70
60
189
87
-13
168
149
24
-46
207
277
80
134
205
134
57
264
184
80
286
272
119
141
347
197
1
145
327
124
261
330
110
76
318
176
20
325
270
218
214
14
169
325
231
-189
113
325
-106
-34
217
38
-168
-37
-33
-277
-185
31
-282
-216
-66
-65
-112
-410
-408
-205
-255
-502
-403
-250
-495
-443
-683
-916
-593
-833
-867
-838
-691
-503
-562
-336
-596
-722
-445
-481
-480
-38
195
-99
-101
68
135
114
169
297
350
311
351
447
406
434
366
239
107
274
436
160
160
276
149
-27
36
-73
125
280
-143
-54
164
167
-12
41
207
76
-10
136
201
237
316
142
112
270
180
254
334
335
360
375
427
350
378
446
454
510
505
668
558
348
526
624
543
523
527
468
415
431
368
307
352
255
80
160
184
-36
-69
-129
-205
-214
-154
-228
-479
-470
-264
-564
-706
-766
-692
-783
-947
-968
-1131
-1257
-1433
-1620
-1657
-1631
-1558
-1348
-970
-580
-785
-1122
-1163
-938
-297
362
383
235
396
643
678
568
760
1079
1123
915
935
1248
1335
1001
643
314
346
574
532
389
237
72
-208
-559
-624
-461
-409
-541
-702
-668
-542
-498
-601
-689
-641
-431
-312
-145
60
164
207
67
76
322
652
794
797
820
992
1090
1072
1032
1087
1219
1130
1063
1142
1210
1100
886
629
530
615
665
547
351
316
242
57
-73
-50
4
-68
-190
-250
-274
-304
-328
-438
-647
-612
-426
-538
-754
-722
-767
-1098
-1307
-1268
-1248
-1351
-1495
-1867
-2207
-2404
-2041
-1273
-289
-241
-1382
-2173
-1915
-489
547
687
255
401
701
649
580
797
1434
1502
1146
901
1552
2026
1573
526
-27
259
714
875
650
492
63
-540
-1139
-1099
-616
-378
-700
-1081
-1027
-795
-763
-1037
-1147
-1102
-812
-520
-156
223
314
15
-359
-285
259
873
1110
1154
1009
853
788
884
1055
1174
1236
1205
1157
1240
1285
1171
765
349
376
659
922
840
554
135
-110
-196
-206
-102
120
156
-126
-332
-376
-263
-295
-453
-558
-399
-244
-232
-400
-606
-788
-1008
-1146
-1145
-1012
-1062
-1395
-1848
-2013
-2041
-2223
-2447
-1780
-279
-10
-1354
-2697
-2214
-370
762
444
-180
340
1079
895
251
490
1606
1980
1238
735
1526
2276
1701
429
-66
510
1087
904
484
336
130
-462
-1201
-1248
-629
-266
-707
-1252
-1254
-920
-899
-1284
-1424
-1016
-501
-352
-312
-123
93
45
-205
-181
354
1023
1311
1149
956
896
940
985
1074
1327
1454
1326
1076
1100
1332
1240
802
338
343
752
1044
827
331
38
-73
-200
-330
-135
197
247
-134
-521
-543
-291
-187
-398
-496
-337
-120
-291
-544
-618
-580
-776
-1024
-1092
-1021
-997
-1320
-1755
-2077
-2146
-2153
-2076
-1128
102
-393
-2110
-3104
-1840
232
1057
339
-205
457
815
411
-67
850
2120
2137
1022
761
1771
2193
1292
87
148
1072
1517
973
470
255
-103
-896
-1347
-892
-73
-9
-801
-1444
-1467
-1121
-1114
-1319
-1181
-678
-395
-394
-361
-179
-150
-283
-309
165
893
1353
1346
1027
750
719
912
1201
1641
1839
1712
1289
984
1126
1450
1399
926
629
767
1052
1023
586
113
-90
-106
-164
-171
64
221
-29
-631
-939
-645
-232
-138
-358
-537
-472
-396
-669
-807
-629
-564
-825
-1122
-1201
-1054
-1252
-1822
-2295
-2310
-2015
-1166
345
31
-1630
-3276
-2547
-242
1230
878
-53
345
469
86
-454
578
2197
2539
1176
379
1284
2118
1502
189
61
1067
1695
1008
521
450
234
-831
-1621
-1085
308
609
-495
-1518
-1661
-1283
-1277
-1416
-1018
-260
-275
-753
-1004
-579
-165
-263
-527
64
1111
1449
1061
468
406
711
1025
1270
1846
2196
1851
1077
499
666
1325
1947
1819
1181
756
680
678
402
351
495
535
348
-2
-142
-74
-141
-519
-756
-438
69
115
-260
-661
-753
-714
-626
-523
-314
-170
-446
-1145
-1576
-1360
-1120
-1263
-1827
-2196
-1906
-1109
91
-164
-1852
-3249
-2557
-262
1119
917
-9
32
58
-435
-624
697
2509
2774
1313
169
817
1635
1419
661
854
1649
1778
860
331
529
432
-542
-1151
-454
654
676
-649
-1616
-1617
-1344
-1310
-1209
-616
-4
-472
-1414
-1627
-914
-261
-251
-315
100
690
731
491
422
547
708
896
1415
2072
2286
1752
959
684
1123
1855
2281
2150
1530
976
639
611
701
880
1031
808
362
-95
-233
-138
-136
-312
-440
-349
-139
-215
-580
-887
-910
-769
-636
-534
-425
-467
-819
-1406
-1645
-1386
-1172
-1263
-1874
-1816
-1352
-43
167
-1363
-2857
-2670
-335
1103
1117
33
15
157
-358
-754
380
2513
3070
1643
-43
396
1446
1562
851
987
1829
2028
884
13
213
604
99
-741
-459
446
686
-483
-1694
-1865
-1360
-1125
-1021
-719
-238
-540
-1540
-1984
-1369
-428
-44
-99
4
307
227
1
87
525
999
1192
1298
1589
1834
1655
1122
890
1104
1893
2409
2347
1741
1002
610
584
892
1108
1344
1156
549
-188
-545
-360
26
78
-96
-282
-381
-509
-824
-941
-815
-585
-550
-599
-584
-607
-961
-1406
-1671
-1391
-1050
-1177
-1645
-1836
-1566
-333
170
-1089
-2601
-2637
-450
1113
1037
-128
-235
260
-128
-790
51
2277
3167
1664
-308
139
1448
1676
810
811
1906
2114
760
-308
115
897
479
-659
-609
350
724
-485
-1730
-1694
-1023
-913
-1235
-1038
-287
-362
-1497
-2133
-1470
-327
-59
-404
-323
192
219
-279
-285
440
1055
1120
938
1219
1629
1560
1092
879
1159
1692
2223
2260
1754
1151
793
694
847
1122
1454
1359
648
-179
-475
-159
159
112
-54
-117
-218
-569
-871
-803
-629
-504
-559
-674
-615
-530
-757
-1236
-1551
-1339
-1116
-1150
-1553
-1690
-1706
-1000
112
-323
-1737
-3001
-1703
609
1468
333
-569
71
391
-472
-830
1126
3134
2768
153
-583
913
2033
1325
486
1249
2285
1596
-135
-330
784
1245
-115
-1036
-325
845
413
-1233
-1888
-1158
-666
-1134
-1474
-735
39
-735
-1970
-2037
-747
117
-190
-556
-125
370
70
-406
11
901
1202
848
802
1457
1735
1213
658
890
1577
1919
1937
1876
1554
1052
616
603
937
1305
1461
1079
349
-300
-471
-74
165
6
-137
-138
-211
-693
-1006
-788
-454
-474
-692
-718
-492
-565
-967
-1330
-1410
-1249
-1199
-1303
-1555
-1709
-1651
-330
259
-773
-2686
-2994
-640
1363
1116
-448
-382
621
280
-1279
-605
2066
3698
1818
-745
-165
1708
1933
493
375
1987
2603
777
-615
52
1495
903
-866
-1088
292
1074
-201
-1641
-1486
-689
-950
-1700
-1520
-148
142
-1161
-2242
-1675
-435
-244
-699
-468
388
489
-320
-612
327
1081
904
505
976
1882
1773
993
679
1052
1534
1572
1762
2020
1824
1214
514
342
656
1173
1514
1196
378
-294
-422
-159
-154
-210
9
140
-219
-881
-1054
-602
-411
-686
-849
-655
-381
-597
-1038
-1358
-1396
-1380
-1360
-1501
-1530
-1704
-917
345
-23
-1765
-3441
-2166
552
1567
357
-650
280
828
-701
-1711
168
3107
3350
425
-902
664
2024
1086
-329
689
2611
2122
63
-650
761
1571
-6
-1402
-734
942
962
-677
-1516
-980
-671
-1378
-2024
-1040
312
11
-1339
-2027
-1198
-464
-719
-851
-111
726
456
-441
-357
486
830
484
414
1340
1979
1580
941
799
1193
1297
1342
1805
1980
1716
1169
726
557
496
872
1255
1038
311
-263
-86
42
-416
-634
-256
156
-193
-914
-858
-456
-573
-1013
-1140
-653
-372
-649
-1077
-1334
-1362
-1448
-1729
-1753
-1800
-1190
343
638
-716
-3121
-3232
-652
1326
1049
-355
56
1234
271
-1606
-1265
1546
3530
1764
-362
16
1702
1825
97
-272
1270
2140
1191
-79
346
1422
748
-745
-1462
-357
835
490
-402
-834
-822
-1127
-1852
-1695
-604
91
-267
-1246
-1318
-937
-859
-993
-760
29
423
59
-102
290
649
390
-24
484
1345
1706
1385
1165
1284
1291
1167
1307
1518
1613
1528
1447
1311
834
568
717
920
562
50
106
519
295
-445
-764
-419
-225
-609
-789
-472
-279
-704
-1252
-1225
-856
-836
-1044
-1130
-1077
-1194
-1531
-1773
-1797
-1756
-834
278
442
-991
-2689
-2165
-163
1142
455
-428
143
875
248
-798
-422
1345
2003
865
-131
294
1313
1343
618
304
548
574
410
472
969
993
313
-459
-727
-404
-133
-18
38
-61
-464
-1042
-1325
-972
-503
-345
-654
-878
-702
-500
-505
-637
-521
-270
-193
-282
-141
287
611
499
242
241
449
615
697
861
1122
1199
1052
846
710
779
912
1012
927
713
579
523
384
92
-151
-151
-60
-125
-285
-367
-363
-457
-568
-516
-342
-310
-388
-364
-235
-224
-325
-307
-166
-115
-168
-146
-58
-11
-48
-160
-296
-323
-242
-53
109
59
-236
-538
-566
-340
-147
-141
-250
-342
-414
-467
-495
-471
-373
-308
-336
-404
-385
-291
-161
-154
-179
-148
-28
-7
-45
1
138
243
106
-28
26
212
270
134
2
55
120
78
19
81
186
179
84
-19
51
155
196
217
231
280
308
303
291
308
322
368
434
491
451
324
251
273
322
292
217
265
340
263
103
14
125
213
87
-38
57
239
186
-70
-168
21
165
60
-84
-14
169
124
-59
-57
143
212
33
-112
34
210
147
-37
-106
-11
-20
-134
-197
-170
-195
-324
-419
-397
-372
-420
-495
-554
-548
-551
-566
-620
-652
-630
-552
-468
-433
-431
-385
-317
-268
-243
-156
-11
53
64
69
180
256
228
167
226
383
389
239
134
185
270
270
178
203
237
201
76
41
156
249
246
183
201
263
319
306
287
287
334
376
438
458
402
343
320
312
264
252
290
371
326
164
10
11
129
144
67
72
170
178
6
-137
-44
116
153
31
-27
103
157
46
-34
47
179
119
-45
-16
145
188
42
-84
-22
12
-113
-198
-143
-79
-134
-282
-344
-296
-310
-397
-465
-435
-420
-466
-520
-537
-517
-506
-504
-475
-394
-345
-311
-295
-271
-193
-96
-31
9
37
131
212
217
220
239
319
340
276
240
294
351
358
289
250
261
240
205
183
250
280
242
185
190
252
303
299
313
307
277
283
324
404
394
329
315
353
332
249
173
245
322
243
82
1
88
186
113
-16
24
131
104
-73
-109
69
187
90
-77
-54
89
119
49
55
140
169
17
-36
97
250
255
83
8
55
72
9
0
38
15
-135
-268
-240
-149
-161
-281
-418
-486
-497
-468
-369
-323
-385
-508
-631
-617
-459
-238
-75
-93
-223
-311
-266
-100
65
210
309
269
126
47
180
422
513
375
220
194
271
337
380
393
310
161
17
44
225
344
317
179
38
-3
24
143
300
366
294
165
99
114
209
320
407
382
268
159
181
326
438
404
255
169
180
210
233
305
376
343
134
-42
29
247
393
275
90
29
68
108
160
258
308
194
28
-76
54
311
335
121
26
91
-45
-171
-166
-30
-32
-90
-98
-197
-200
-309
-486
-593
-529
-415
-427
-472
-532
-552
-548
-487
-382
-314
-256
-288
-290
-191
-8
203
297
311
312
310
357
459
559
646
635
542
467
462
509
533
450
308
146
83
138
227
278
204
74
-61
-126
-88
72
190
225
110
21
-9
154
455
467
315
178
160
293
414
469
517
472
306
131
254
511
584
512
435
498
534
494
380
427
567
592
465
363
400
458
432
317
319
382
366
193
45
162
375
421
379
146
-43
-190
-153
114
70
-300
-735
-1066
-1199
-1261
-1123
-785
-397
-148
-643
-1361
-1761
-1327
-433
-42
-137
-477
-590
-446
-51
476
817
694
289
159
528
991
1140
1098
1079
1059
916
695
686
870
1002
869
526
167
-67
-136
-76
66
40
-193
-549
-807
-733
-491
-373
-480
-656
-621
-465
-389
-343
-233
47
159
38
-45
131
469
617
613
672
795
779
626
701
1074
1389
1376
1079
916
945
1029
1053
998
983
869
684
508
413
440
422
331
163
21
21
-41
-139
-192
-141
-75
-232
-418
-406
-303
-358
-650
-897
-984
-1097
-1338
-1588
-1738
-1915
-1701
-1030
-247
-130
-987
-1598
-1212
-134
380
19
-210
62
551
684
767
1078
1288
1288
1085
1001
927
738
802
1121
1267
896
246
62
344
513
221
-321
-640
-721
-722
-829
-939
-933
-866
-751
-790
-901
-871
-727
-519
-426
-369
-244
-179
-28
259
658
829
634
510
715
1032
1043
836
887
1140
1181
886
620
714
844
791
629
503
427
348
284
225
129
56
121
230
163
-3
-28
142
198
93
125
267
321
223
259
424
460
267
144
308
398
175
-148
-234
-224
-446
-818
-1053
-1136
-1354
-1781
-2214
-2212
-1637
-940
-699
-1141
-1567
-1253
-496
-74
-346
-436
41
546
549
374
729
1321
1590
1459
1252
1195
1067
984
1114
1115
751
250
190
487
470
35
-361
-393
-445
-785
-1142
-1206
-1022
-944
-1019
-1103
-1099
-905
-622
-326
-275
-364
-318
-82
225
354
409
546
751
948
1019
1037
1058
1151
1270
1160
883
680
684
769
621
372
323
345
268
86
50
124
14
-169
-163
18
-30
-252
-250
62
318
225
129
368
645
583
355
358
604
678
545
376
345
321
176
-4
-168
-329
-532
-761
-1063
-1398
-1732
-2040
-2392
-2376
-1809
-1158
-1058
-1582
-1688
-941
-62
103
-259
-144
400
641
389
345
978
1616
1750
1504
1386
1449
1430
1368
1240
969
548
227
193
123
-188
-534
-598
-441
-521
-903
-1245
-1280
-1101
-1142
-1367
-1504
-1294
-858
-638
-657
-579
-156
292
404
331
474
780
918
834
850
1058
1171
1092
1107
1304
1335
1069
818
836
822
513
165
118
261
119
-183
-290
-153
-53
-121
-143
-71
-28
-52
-27
69
131
159
244
347
399
434
594
747
722
608
535
542
442
247
116
8
-195
-489
-742
-897
-1090
-1328
-1571
-1842
-2193
-2504
-2254
-1660
-1274
-1359
-1535
-1090
-354
114
95
162
661
1066
1032
737
857
1327
1696
1698
1449
1392
1485
1525
1403
1100
791
499
228
-52
-417
-728
-898
-945
-985
-1175
-1394
-1447
-1235
-1032
-1079
-1249
-1214
-856
-627
-651
-661
-299
294
571
543
615
987
1355
1383
1290
1339
1474
1434
1209
1115
1116
1021
820
658
558
417
207
68
-16
-142
-294
-427
-493
-563
-566
-488
-355
-292
-256
-119
48
210
303
461
659
740
724
720
787
810
782
799
817
744
608
439
302
137
-77
-272
-461
-716
-1047
-1329
-1559
-1784
-2048
-2317
-2563
-2508
-2095
-1636
-1471
-1535
-1187
-385
288
364
299
761
1337
1412
1031
960
1398
1713
1639
1385
1349
1400
1316
1188
1060
887
564
220
-57
-407
-832
-1113
-1117
-1105
-1341
-1644
-1710
-1435
-1136
-1046
-1023
-897
-615
-453
-446
-358
-32
402
575
548
592
910
1269
1405
1434
1529
1596
1481
1276
1166
1110
896
583
351
218
7
-258
-363
-299
-348
-536
-601
-467
-350
-418
-441
-287
-98
-39
-53
104
327
484
562
627
738
827
927
990
961
872
810
779
677
502
316
156
-53
-316
-530
-648
-752
-935
-1143
-1323
-1522
-1693
-1792
-1897
-2083
-2329
-2382
-2046
-1591
-1278
-1191
-986
-347
371
846
971
1164
1553
1776
1692
1418
1404
1559
1564
1282
911
699
635
638
592
473
221
-53
-252
-449
-700
-990
-1159
-1185
-1273
-1492
-1723
-1701
-1404
-1024
-827
-739
-515
-138
189
323
432
703
1018
1065
927
874
1027
1156
1089
959
942
963
905
782
724
678
532
306
100
-62
-237
-421
-526
-579
-677
-765
-769
-650
-537
-346
-83
127
237
303
473
641
710
721
780
833
741
605
607
652
584
471
439
462
383
218
78
-29
-211
-442
-598
-701
-849
-996
-1088
-1199
-1373
-1508
-1510
-1467
-1554
-1699
-1767
-1651
-1327
-999
-790
-713
-549
-74
497
832
821
863
1138
1339
1285
1096
1137
1241
1148
849
533
387
317
296
247
122
-120
-329
-384
-352
-434
-605
-691
-705
-745
-929
-1098
-1051
-837
-661
-636
-621
-444
-143
116
210
300
485
693
777
708
698
785
818
718
601
539
501
445
415
446
412
275
150
110
117
70
3
-31
-61
-166
-271
-290
-240
-175
-113
-20
44
84
146
293
441
491
541
624
648
546
422
381
374
325
214
116
36
-9
-25
-63
-143
-201
-221
-248
-327
-389
-381
-405
-562
-789
-864
-861
-934
-1070
-1178
-1232
-1406
-1620
-1602
-1269
-938
-868
-891
-660
-235
110
319
520
841
1087
1114
982
902
949
971
916
764
601
471
388
373
351
273
175
118
66
-5
-110
-235
-329
-440
-633
-845
-979
-962
-894
-858
-857
-840
-715
-547
-352
-116
148
352
460
525
601
683
718
711
723
739
667
531
444
469
492
446
379
363
368
326
265
207
119
0
-117
-163
-170
-209
-293
-336
-324
-295
-263
-176
-22
114
239
307
309
281
313
404
460
414
343
339
325
227
107
77
118
95
4
-81
-88
-125
-223
-353
-445
-492
-596
-734
-895
-1033
-1198
-1385
-1536
-1619
-1651
-1704
-1689
-1457
-1107
-863
-838
-692
-180
397
724
738
873
1194
1359
1261
1121
1172
1261
1176
963
744
554
397
313
302
232
16
-157
-231
-289
-476
-702
-781
-797
-846
-1069
-1246
-1263
-1157
-1020
-1013
-963
-762
-463
-197
-32
184
461
662
722
766
874
994
1000
914
864
783
629
484
467
521
482
332
201
141
69
30
19
12
-81
-198
-278
-350
-414
-434
-347
-312
-362
-377
-240
-57
41
118
269
419
453
439
492
600
588
479
371
314
238
129
67
44
-32
-162
-293
-382
-434
-486
-527
-630
-762
-889
-1028
-1163
-1288
-1396
-1520
-1686
-1766
-1584
-1229
-982
-968
-865
-401
189
540
633
835
1182
1374
1330
1260
1292
1283
1141
968
750
451
196
163
271
183
-103
-243
-184
-127
-275
-457
-462
-450
-564
-812
-975
-998
-964
-897
-885
-875
-807
-616
-339
-94
95
308
520
657
725
785
849
844
823
776
662
502
375
353
362
288
185
151
149
130
110
110
120
73
17
-24
-72
-146
-193
-187
-172
-183
-176
-123
-48
50
161
277
364
410
459
486
458
411
376
351
264
125
14
-6
-69
-156
-225
-244
-262
-317
-343
-329
-321
-378
-472
-547
-588
-663
-748
-828
-934
-1084
-1279
-1435
-1377
-1116
-875
-808
-821
-571
-92
317
481
599
904
1183
1190
1050
1017
1089
1048
851
657
462
299
226
256
261
99
-49
-34
55
44
-94
-146
-154
-254
-466
-653
-731
-797
-838
-847
-871
-905
-882
-712
-454
-260
-158
0
212
395
501
576
661
700
696
672
640
572
550
563
548
456
388
414
492
518
483
466
429
341
240
207
181
89
-45
-139
-207
-274
-336
-322
-237
-183
-149
-117
-64
29
125
230
280
265
257
259
293
240
136
80
20
-67
-155
-180
-150
-186
-287
-366
-399
-415
-505
-598
-693
-847
-1068
-1302
-1470
-1473
-1330
-1203
-1191
-1216
-1032
-591
-156
112
302
608
937
1109
1160
1222
1296
1275
1154
1021
827
585
462
458
448
242
46
59
138
107
-25
-42
-10
-167
-414
-621
-742
-879
-1057
-1113
-1147
-1233
-1311
-1211
-945
-725
-573
-346
-12
258
429
584
766
922
1009
1038
1042
989
924
922
890
780
635
593
623
586
499
443
419
324
189
95
53
-30
-173
-303
-370
-437
-507
-529
-474
-384
-298
-202
-95
35
176
283
370
414
447
482
464
409
345
323
268
173
75
21
0
-75
-161
-184
-184
-242
-350
-440
-462
-548
-705
-846
-946
-1062
-1256
-1424
-1523
-1472
-1326
-1157
-1035
-923
-641
-213
186
449
639
881
1112
1207
1230
1244
1210
1100
971
846
648
423
326
342
295
88
-60
-42
-12
-90
-218
-245
-278
-415
-576
-703
-778
-916
-984
-964
-989
-1021
-981
-772
-539
-391
-208
51
313
469
591
748
869
890
872
889
852
720
622
624
574
437
294
298
350
308
229
186
200
160
68
-8
-39
-80
-137
-187
-216
-241
-244
-214
-144
-78
-12
86
172
246
299
343
366
351
380
391
309
200
112
92
33
-82
-163
-150
-135
-226
-278
-263
-239
-283
-366
-388
-366
-433
-558
-638
-659
-697
-783
-808
-788
-777
-816
-843
-798
-673
-498
-366
-266
-204
-96
59
197
288
332
378
386
389
369
347
311
295
289
259
169
104
182
260
242
132
61
85
102
37
-47
-97
-122
-193
-298
-360
-382
-345
-332
-333
-345
-334
-261
-186
-120
-95
-43
39
79
95
131
196
206
178
171
176
173
136
138
191
196
162
114
129
187
211
205
186
180
155
131
130
141
133
89
43
1
-27
-55
-47
-39
-22
-44
-82
-91
-78
-45
-45
-46
-48
-33
-18
-36
-57
-57
-45
-39
-51
-58
-70
-100
-131
-152
-166
-190
-230
-246
-260
-306
-392
-452
-439
-416
-449
-510
-508
-492
-492
-514
-532
-505
-478
-486
-510
-504
-463
-419
-395
-373
-320
-258
-167
-101
-20
58
108
157
184
216
223
214
199
171
140
101
70
36
5
-4
-5
-25
-72
-93
-90
-79
-81
-89
-106
-127
-139
-153
-147
-112
-88
-105
-111
-88
-53
-23
2
35
63
73
85
114
174
235
252
243
222
216
229
255
265
247
227
193
177
172
181
188
174
156
128
87
39
1
-38
-62
-88
-129
-165
-175
-180
-173
-172
-185
-203
-190
-146
-125
-158
-202
-202
-196
-201
-249
-289
-282
-274
-300
-340
-342
-298
-257
-247
-239
-204
-168
-136
-108
-101
-103
-75
-56
-64
-81
-117
-123
-124
-159
-185
-205
-179
-168
-203
-215
-208
-190
-204
-232
-258
-261
-252
-274
-304
-320
-297
-277
-279
-293
-275
-224
-187
-155
-128
-67
-21
2
27
90
168
175
154
129
107
93
61
35
29
-7
-49
-86
-83
-61
-52
-57
-72
-57
-52
-30
-19
-4
8
17
40
47
76
110
156
176
202
234
266
284
288
300
291
252
194
151
124
90
28
-67
-137
-171
-195
-225
-257
-270
-268
-258
-264
-247
-205
-179
-167
-179
-179
-162
-144
-130
-121
-109
-105
-87
-50
-10
34
66
126
163
167
163
164
165
129
59
-11
-46
-90
-156
-226
-253
-267
-310
-357
-360
-335
-304
-315
-326
-312
-280
-250
-231
-203
-158
-140
-144
-164
-162
-119
-72
-39
-25
-13
18
43
54
74
96
96
45
17
-11
-27
-90
-181
-233
-260
-285
-341
-354
-337
-318
-323
-329
-298
-237
-157
-107
-74
-34
22
67
92
120
153
197
189
182
195
220
251
217
177
158
138
116
58
9
-10
-55
-116
-168
-211
-236
-256
-269
-262
-249
-253
-244
-205
-160
-133
-112
-64
-27
-18
-12
-18
-4
12
22
21
12
16
4
1
17
45
60
44
23
16
17
-21
-59
-87
-85
-91
-148
-214
-231
-212
-225
-243
-241
-204
-170
-184
-182
-143
-69
-14
-23
-12
30
67
82
72
62
64
44
-6
-42
-44
-34
-76
-125
-135
-138
-142
-174
-172
-131
-116
-146
-198
-199
-182
-189
-209
-220
-185
-161
-177
-171
-136
-96
-87
-77
-47
-10
28
47
47
57
55
27
16
12
22
18
-21
-60
-74
-79
-112
-130
-134
-117
-111
-143
-171
-176
-159
-171
-189
-184
-146
-132
-135
-110
-75
-63
-47
1
44
69
71
74
94
101
87
62
41
33
12
-23
-77
-96
-91
-84
-120
-167
-159
-137
-137
-163
-171
-149
-117
-136
-156
-136
-107
-106
-122
-126
-89
-77
-97
-101
-87
-55
-39
-51
-39
-5
-8
-26
-53
-42
-23
-33
-65
-101
-96
-94
-111
-134
-145
-151
-185
-216
-216
-211
-224
-241
-266
-288
-302
-311
-302
-283
-279
-265
-270
-270
-248
-230
-212
-200
-182
-167
-147
-130
-124
-95
-63
-60
-77
-61
-35
-23
-13
-25
-14
-14
-5
-4
-10
-1
-32
-65
-104
-143
-162
-190
-224
-258
-281
-293
-298
-268
-250
-250
-242
-222
-196
-207
-208
-212
-199
-184
-191
-217
-242
-230
-195
-171
-184
-169
-134
-95
-73
-60
-10
40
65
63
78
96
114
106
76
50
24
14
-9
-24
-33
-62
-96
-106
-108
-113
-132
-153
-168
-179
-201
-235
-237
-229
-224
-237
-240
-202
-162
-146
-155
-131
-89
-64
-53
-50
-33
-26
-51
-80
-88
-81
-88
-120
-144
-164
-178
-202
-226
-238
-240
-233
-229
-252
-242
-220
-212
-217
-222
-206
-181
-163
-149
-119
-87
-68
-49
-11
18
63
84
95
110
102
95
84
87
76
43
3
-37
-72
-113
-135
-163
-186
-196
-208
-211
-224
-234
-239
-239
-227
-215
-206
-174
-165
-167
-160
-139
-123
-118
-89
-55
-17
-9
2
55
87
130
145
179
201
200
200
171
171
138
114
77
50
28
-3
-15
-38
-52
-77
-91
-92
-79
-82
-106
-131
-141
-140
-143
-143
-128
-103
-95
-99
-103
-68
-26
9
35
48
62
64
65
58
62
77
77
54
9
9
-4
-22
-66
-95
-92
-103
-96
-111
-103
-96
-88
-86
-92
-67
-16
17
26
21
40
64
84
98
119
155
180
184
164
163
165
158
149
126
96
81
60
31
3
-19
-47
-75
-85
-91
-103
-121
-132
-139
-134
-133
-117
-89
-67
-66
-56
-39
-29
-23
-15
-10
18
32
27
40
62
84
94
119
131
137
147
159
155
153
158
139
141
140
137
104
67
50
44
23
-9
-22
-16
-31
-77
-100
-96
-70
-62
-56
-52
-36
-28
-24
-14
1
30
50
49
61
75
81
92
85
76
80
94
97
87
88
85
67
42
11
31
30
18
8
-2
-3
-27
-45
-49
-30
-22
-31
-45
-39
-15
8
32
46
59
78
95
97
91
99
101
95
100
93
94
83
79
71
68
65
38
39
33
23
12
-5
-7
-5
-16
-34
-42
-48
-48
-49
-53
-52
-52
-61
-55
-45
-46
-34
-27
-13
-6
-4
26
56
83
105
111
131
159
173
182
197
209
197
175
148
138
128
100
71
59
33
-2
-35
-54
-63
-106
-125
-137
-150
-160
-158
-154
-151
-156
-153
-123
-80
-35
0
37
62
81
89
108
141
179
191
186
184
175
182
181
173
177
176
160
137
111
76
75
47
3
-24
-31
-31
-54
-73
-86
-93
-105
-132
-104
-67
-43
-33
-21
-3
24
57
75
116
150
166
157
163
162
160
151
128
136
128
111
91
64
61
50
23
-7
-11
8
0
-24
-75
-83
-76
-85
-91
-107
-101
-94
-109
-104
-73
-22
9
39
74
115
157
189
211
233
246
238
236
217
218
198
179
144
121
107
75
60
44
18
-13
-48
-65
-91
-117
-123
-138
-150
-165
-172
-160
-111
-74
-32
2
47
105
135
153
194
251
266
259
250
270
269
248
216
189
181
167
136
120
108
89
67
31
16
15
18
-6
-28
-48
-51
-74
-91
-84
-82
-68
-79
-53
-12
19
41
53
88
131
170
183
191
210
218
197
159
140
135
128
106
78
56
26
-7
-21
-45
-45
-64
-77
-82
-86
-98
-122
-119
-114
-97
-82
-72
-73
-46
-15
-3
5
52
98
138
147
141
154
161
169
166
163
152
131
113
91
62
48
27
10
7
-6
-27
-38
-38
-40
-48
-72
-84
-61
-56
-58
-56
-47
-37
-44
-33
-5
42
71
90
115
139
170
166
183
207
215
212
190
168
156
144
108
91
82
69
54
23
22
18
2
-14
-16
4
8
-13
-25
-24
-32
-33
-31
-13
20
38
37
38
50
64
88
102
106
121
131
122
116
131
119
109
105
99
102
83
77
66
46
32
30
24
24
26
21
7
-17
-31
-52
-63
-50
-47
-50
-63
-84
-91
-82
-70
-73
-50
-25
2
13
17
39
62
92
96
114
133
154
151
128
123
127
124
117
107
112
119
103
93
72
62
78
64
55
35
14
-24
-46
-56
-70
-72
-81
-67
-70
-59
-40
-21
1
27
47
73
82
107
113
111
117
127
148
161
162
156
170
159
132
130
131
123
118
88
58
37
13
3
-14
-21
-27
-41
-44
-53
-66
-57
-52
-44
-30
-3
16
21
35
46
66
75
105
133
147
151
146
139
127
134
129
135
122
110
89
52
30
2
-16
-30
-50
-63
-64
-78
-103
-123
-132
-124
-122
-123
-95
-61
-40
-28
-18
28
74
113
139
162
189
194
181
174
195
200
198
166
152
162
149
126
102
83
63
46
23
-4
-19
-49
-87
-88
-104
-113
-114
-101
-108
-108
-100
-76
-45
-20
6
23
48
62
86
95
121
147
154
159
159
169
159
136
129
129
132
104
76
65
29
-3
-26
-35
-43
-60
-75
-79
-84
-85
-84
-87
-66
-41
-33
-16
-1
21
39
40
56
69
97
103
92
100
108
108
90
75
76
72
65
50
35
19
2
-16
-27
-50
-59
-67
-69
-76
-88
-92
-89
-78
-52
-25
-17
10
24
46
67
89
117
134
154
161
160
161
166
149
137
139
132
133
114
87
57
37
19
-10
-34
-42
-43
-67
-100
-113
-98
-86
-78
-71
-56
-20
-18
-9
18
48
70
66
76
94
98
99
91
96
103
87
88
93
93
95
61
48
53
60
40
25
30
13
-10
-32
-38
-27
-13
-22
-19
-14
-11
-19
-4
12
27
34
43
48
78
90
75
80
94
101
105
94
85
90
88
70
52
52
45
39
28
15
10
3
-19
-33
-24
-17
-14
-6
10
18
15
1
6
27
37
47
48
78
109
107
96
111
129
134
138
122
128
128
114
88
78
95
89
69
50
47
45
22
-3
-19
-5
-13
-35
-59
-52
-34
-40
-46
-32
-4
6
3
7
30
42
59
52
60
82
82
69
74
85
93
75
68
76
73
68
44
41
51
55
27
14
32
29
4
-19
-11
-8
-3
-21
-29
-12
-7
-4
-16
-3
18
11
19
29
46
59
60
50
65
86
82
83
100
122
120
99
73
75
67
57
40
27
25
23
12
-1
-4
10
7
0
0
7
23
0
-7
8
12
22
24
41
60
55
63
71
94
102
106
105
100
115
121
105
90
73
68
62
45
29
20
14
-5
-22
-24
-21
-31
-36
-28
-23
-29
-36
-33
-14
-8
-14
-21
2
30
29
32
39
59
84
85
78
96
103
105
87
84
95
86
71
66
64
52
26
8
-2
-4
-17
-39
-49
-56
-58
-66
-66
-49
-29
-25
-38
-37
-9
-3
-4
9
34
51
57
55
68
95
118
129
134
141
144
151
153
138
132
116
89
79
76
69
59
27
17
12
0
-16
-16
-11
-15
-24
-48
-29
-25
-15
-6
-15
5
19
11
13
19
39
43
32
36
55
71
78
69
68
76
75
71
63
64
57
33
21
21
14
1
-18
-28
-20
-18
-27
-18
-3
-1
-5
-7
6
8
19
17
20
39
41
36
34
36
47
56
53
56
56
49
54
44
37
37
20
1
-15
-18
-18
-41
-61
-63
-56
-54
-66
-68
-55
-39
-36
-27
-14
-2
26
39
40
56
74
86
89
101
101
106
110
107
133
123
109
94
76
77
70
49
36
32
27
22
-8
-13
-19
-28
-53
-47
-32
-31
-35
-45
-42
-29
-37
-34
-18
5
23
7
11
20
24
27
28
32
50
50
57
48
43
47
43
36
28
26
28
29
26
31
22
13
13
24
32
27
19
18
20
12
10
15
25
25
26
16
13
12
21
20
20
18
22
38
15
11
8
5
-3
-15
-27
-28
-28
-34
-26
-26
-28
-29
-31
-20
-15
4
7
-6
5
6
17
19
35
40
42
34
44
68
67
72
84
78
77
71
51
49
46
41
21
4
8
-10
-36
-38
-36
-30
-37
-48
-59
-51
-51
-62
-63
-54
-43
-34
-35
-24
-9
-6
-5
0
25
32
39
42
44
45
34
34
31
29
27
20
18
16
2
-9
-14
-14
-10
-15
-21
-20
-21
-33
-44
-45
-46
-44
-52
-53
-54
-64
-63
-68
-63
-69
-55
-53
-57
-52
-41
-36
-28
-22
-18
-10
-6
5
8
16
13
10
10
3
8
14
11
4
-6
-8
-9
-10
-12
-17
-7
-17
-14
-24
-20
-23
-25
-22
-26
0
-4
-8
0
9
24
21
24
19
10
11
14
4
1
-2
-18
-11
-28
-22
-21
-34
-38
-34
-29
-34
-38
-38
-42
-62
-65
-65
-66
-53
-50
-52
-49
-47
-40
-45
-30
-17
-13
-12
-7
-19
-10
-2
-1
-2
8
24
21
20
16
10
4
-3
-8
-9
-16
-10
-18
-29
-34
-40
-41
-30
-38
-39
-40
-48
-46
-61
-49
-55
-53
-62
-64
-55
-51
-43
-41
-31
-29
-19
-8
-7
4
13
20
21
14
20
29
25
22
23
21
23
20
7
2
-5
-10
-16
-12
-19
-33
-43
-48
-57
-55
-55
-49
-47
-40
-34
-30
-4
-4
-13
-2
-4
5
-2
-13
-16
-14
-1
-14
-6
-5
0
0
-10
-5
-8
-16
-21
-31
-49
-59
-59
-56
-68
-75
-60
-52
-60
-48
-35
-44
-43
-35
-26
-19
-13
-12
-12
8
4
5
18
35
37
32
34
34
39
41
30
28
30
22
20
6
0
-6
-13
-21
-28
-38
-39
-36
-45
-59
-70
-51
-53
-56
-50
-48
-36
-37
-28
-24
-3
11
13
16
15
26
37
30
24
18
28
32
31
23
18
40
23
25
23
7
9
-6
-14
-30
-38
-45
-46
-44
-32
-28
-28
-21
-11
-3
7
22
15
27
43
37
36
32
28
33
32
26
19
