SAMPLES:	6608
BITSPERSAMPLE:	16
CHANNELS:	1
SAMPLERATE:	16000
NORMALIZED:	FALSE
164
163
172
163
169
166
173
177
171
179
184
191
174
175
168
180
182
179
173
163
179
173
171
177
181
184
182
183
201
195
196
191
191
196
201
198
207
200
194
199
190
192
198
209
207
200
197
201
212
209
203
210
204
214
209
213
215
206
205
208
204
206
208
201
208
205
215
219
220
215
214
213
220
233
231
231
238
235
240
252
243
244
253
254
252
248
240
245
251
253
241
241
242
246
240
236
238
235
242
246
254
248
259
259
259
251
254
252
255
263
256
259
252
255
256
249
250
249
258
256
246
250
253
255
244
239
230
236
236
234
229
220
237
234
227
223
224
223
213
216
206
202
204
195
191
185
195
192
188
175
170
182
184
185
181
186
176
175
165
165
171
164
155
162
165
161
159
154
156
154
151
149
150
147
154
145
138
141
131
138
134
126
132
132
122
129
128
133
134
128
134
132
133
128
131
138
130
134
130
123
123
134
122
121
120
122
126
115
125
122
127
132
133
129
123
129
127
136
137
134
134
135
132
124
119
130
126
122
120
124
123
118
128
125
132
143
146
151
158
153
153
150
164
164
160
153
156
166
170
162
162
163
170
180
161
157
156
163
159
146
149
130
133
138
136
140
141
146
143
137
134
126
123
124
121
120
116
110
113
122
112
109
107
99
90
94
95
83
86
81
77
77
80
82
79
83
80
76
75
74
68
77
78
80
91
89
89
85
80
69
65
58
54
57
55
47
45
55
56
47
38
47
46
42
37
37
43
41
37
43
50
37
38
27
30
32
10
15
20
14
4
6
5
0
-5
-2
-14
-23
-19
-34
-26
-27
-34
-37
-40
-33
-42
-52
-59
-50
-41
-47
-46
-48
-54
-42
-42
-44
-30
-39
-52
-40
-29
-44
-46
-41
-35
-37
-34
-30
-31
-18
-20
-20
-13
-16
-6
-6
-2
3
14
27
25
32
33
22
30
32
23
32
26
28
30
34
38
46
57
52
47
48
48
38
38
44
45
55
48
44
40
44
50
52
59
49
62
61
61
51
43
55
50
54
60
66
55
57
59
57
58
58
62
62
68
62
65
72
67
70
71
70
65
63
56
53
52
47
41
33
34
37
25
26
23
36
34
27
44
51
49
50
48
53
60
47
56
61
69
70
69
73
65
72
78
75
76
65
69
72
65
70
63
66
77
70
80
86
81
83
89
99
103
102
112
107
104
96
102
113
110
119
120
129
122
130
135
135
139
140
146
152
160
159
158
168
169
169
166
169
181
180
187
195
190
186
192
183
175
180
181
182
179
187
189
183
190
189
195
197
198
189
185
183
178
182
179
172
165
171
163
163
157
154
159
149
147
145
147
151
144
140
147
147
138
141
136
139
147
147
144
143
139
135
130
129
126
121
126
134
119
113
116
117
124
117
122
122
116
126
129
124
111
113
120
116
108
101
106
111
115
123
122
123
124
122
129
124
123
129
128
135
124
132
122
121
121
113
111
96
92
88
84
81
85
76
74
59
59
54
49
49
48
50
39
33
34
30
10
1
-2
-11
-23
-21
-21
-27
-35
-36
-42
-53
-60
-72
-83
-84
-95
-92
-84
-93
-95
-111
-106
-110
-110
-103
-113
-118
-117
-120
-112
-115
-120
-117
-121
-106
-100
-103
-95
-91
-99
-94
-86
-82
-79
-74
-79
-87
-80
-69
-69
-66
-56
-57
-63
-62
-48
-48
-38
-39
-38
-27
-21
-22
-25
-6
-14
-14
-5
2
1
-13
-12
-11
-1
-1
-9
-6
-14
-20
-2
1
0
4
3
4
-9
-4
-10
-11
-2
-14
1
-11
-9
-2
-17
-12
-26
-19
-3
-8
-7
0
-6
-1
4
9
12
11
10
12
11
13
17
22
15
27
26
17
27
23
31
21
17
5
13
23
21
15
12
20
14
24
21
23
18
18
27
22
18
16
18
25
32
24
30
25
27
24
25
27
34
32
22
19
28
28
20
22
23
20
25
32
24
22
19
7
18
26
16
5
4
-6
-6
-5
-6
-7
-11
-17
-24
-8
-5
-13
-22
-15
-29
-21
-29
-29
-35
-36
-28
-41
-44
-46
-48
-54
-41
-49
-65
-73
-77
-71
-75
-77
-75
-77
-77
-72
-63
-70
-73
-72
-71
-69
-75
-73
-60
-67
-68
-68
-66
-58
-58
-54
-67
-49
-40
-41
-50
-56
-59
-56
-63
-67
-60
-53
-62
-49
-50
-47
-38
-45
-34
-40
-37
-36
-31
-26
-36
-33
-37
-35
-27
-30
-39
-35
-37
-40
-39
-56
-50
-58
-58
-64
-71
-65
-68
-81
-89
-80
-88
-87
-93
-100
-100
-105
-112
-112
-107
-113
-108
-110
-102
-95
-99
-105
-113
-112
-120
-121
-121
-127
-121
-125
-123
-134
-135
-148
-154
-152
-162
-162
-160
-165
-168
-168
-167
-160
-169
-168
-166
-165
-174
-168
-177
-177
-178
-183
-178
-184
-182
-186
-187
-194
-199
-188
-198
-198
-193
-203
-189
-189
-181
-171
-173
-168
-175
-179
-180
-189
-177
-179
-195
-196
-189
-193
-211
-198
-202
-201
-193
-202
-196
-193
-187
-195
-185
-178
-176
-174
-185
-187
-199
-193
-192
-191
-191
-194
-192
-190
-193
-187
-191
-185
-181
-181
-169
-180
-176
-182
-177
-176
-180
-182
-186
-180
-175
-174
-167
-175
-180
-183
-190
-188
-192
-186
-183
-182
-193
-188
-183
-192
-189
-193
-190
-178
-174
-164
-171
-166
-171
-161
-160
-153
-155
-159
-150
-157
-151
-152
-147
-157
-153
-148
-151
-153
-169
-162
-165
-158
-152
-163
-160
-159
-159
-157
-150
-144
-145
-144
-152
-150
-149
-145
-139
-146
-132
-134
-150
-144
-151
-144
-141
-149
-145
-140
-160
-156
-160
-160
-156
-165
-152
-138
-143
-141
-132
-143
-136
-141
-137
-132
-128
-126
-117
-107
-110
-115
-109
-104
-103
-104
-103
-99
-102
-106
-116
-110
-109
-114
-106
-110
-118
-120
-117
-119
-129
-124
-127
-116
-119
-120
-103
-117
-116
-111
-92
-99
-75
-72
-24
41
-40
-184
-246
-267
-230
-42
50
-67
-237
-306
-358
-282
-64
50
-56
-198
-252
-271
-240
-111
-31
-72
-153
-192
-210
-197
-128
-90
-114
-157
-171
-173
-154
-115
-92
-134
-160
-157
-179
-184
-150
-139
-147
-167
-174
-196
-194
-173
-134
-149
-162
-174
-204
-217
-189
-175
-182
-186
-205
-182
-167
-122
-85
25
54
-84
-191
-209
-216
-145
19
37
-167
-325
-348
-314
-253
-113
-73
-221
-340
-350
-220
-195
-146
-104
-119
-268
-247
-92
-73
-161
-161
-76
-158
-195
-114
-38
-126
-160
-127
-119
-140
-119
-67
-162
-101
-64
-15
-69
-107
-159
25
-36
-229
-293
-107
-33
-166
-203
-209
-178
-289
-167
-81
-75
-189
-124
-130
-244
-233
-149
-172
-276
-196
-140
-177
-183
-151
-261
-202
-244
-168
-185
-173
-108
-171
-220
-220
-193
-281
-110
-11
-45
-239
-249
-150
-180
-62
-7
-64
-265
-156
-30
40
-91
-99
-64
-120
-74
53
-22
-186
-170
-27
-212
-313
-138
-28
-79
-247
-90
-226
-119
-14
170
-139
-222
-263
-11
-41
-5
-79
-206
-222
-53
-35
-281
-86
-17
-63
-205
71
-121
-206
-186
31
-139
-48
134
-176
-460
-258
39
-204
-208
-129
-88
-394
-235
-305
-355
-429
-206
-175
-543
-355
-178
-357
-521
-38
-94
-126
-40
109
-130
-211
29
29
-274
-122
123
-2
-210
-314
-125
-360
-102
-22
-223
-184
-197
-22
-146
-91
-150
-268
-223
150
-96
-285
-281
-325
-180
-250
-75
-385
-302
-124
-178
-416
-283
-156
-115
-247
-205
-364
-299
-111
-1
-7
-171
-42
-60
258
50
-176
-286
-36
188
176
-82
-452
-411
-273
41
-182
-409
-606
-490
-63
-8
-335
-796
-406
-47
-24
-114
-11
-133
-440
-198
331
8
-372
-349
54
-102
-308
-305
-226
-138
-98
-394
-297
-201
-362
-546
-209
143
-429
-813
-363
47
-30
-370
-733
-327
-158
-3
-414
-356
-194
-252
-395
-278
-446
-323
61
1
-363
-826
-399
-126
-80
-262
-257
-403
-337
-65
-72
-460
-371
-168
-170
-145
-131
-448
-394
3
-55
-314
-661
-83
-27
-243
-518
-92
-78
-174
-432
-149
-141
-484
-225
77
-13
-447
-261
-176
-57
-277
-285
-285
-231
-155
-63
-354
-332
-252
-194
-162
-259
-261
-406
-260
49
-25
-431
-503
-240
31
-175
-362
-472
-56
-174
-205
-44
-310
-321
-254
-156
-485
-348
-18
31
-334
-362
-190
-345
-294
-311
-125
-423
-324
-62
-174
-239
-286
-476
-302
-47
-41
-364
-394
111
-66
-409
-454
-237
-50
84
-214
-353
-337
-305
-227
-157
-227
-420
-312
-99
-123
-398
-413
-153
-399
-515
-62
-92
-377
-554
-137
-207
-566
-266
-216
-249
-286
-23
-297
-601
-357
-36
55
-250
-467
-498
-270
208
12
-475
-533
-200
104
-148
-323
-324
-340
-201
-366
-138
-419
-357
-86
-115
-479
-511
-413
-87
-194
-26
-219
-570
-400
32
-2
-393
-268
-379
-176
-150
-64
-359
-322
-136
-133
-578
-412
-91
-295
-180
-112
-380
-601
-301
76
-278
-449
-259
-196
-206
-232
-135
-320
-339
-144
-154
-370
-369
-132
-69
-368
-273
-187
-603
-343
135
-120
-474
-504
-256
-342
-134
-67
-314
-454
-324
-124
-497
-243
-122
-360
-382
-292
-204
-548
-477
-20
-205
-681
-587
-291
-205
-268
-308
-358
-525
-355
-56
-173
-459
-390
-182
-164
-226
-175
-362
-336
-114
-106
-470
-352
-185
-187
-194
-384
-311
-400
-169
-288
-259
-396
-438
-288
7
-57
-540
-550
-143
-79
-351
-236
-126
-176
-317
-215
-297
-331
-129
51
-315
-295
-222
-427
-301
198
68
-523
-520
-11
-130
-283
-98
-179
-422
-249
46
-127
-284
-268
-40
-188
-219
-144
-160
-148
-57
-90
-371
-364
-126
-141
-35
-83
-221
-332
-184
133
-81
-390
-211
7
-3
-137
-220
-144
-284
-105
5
-110
-70
-49
-152
-274
-62
-143
-214
-105
-3
-167
-223
-59
-105
-190
-120
-19
-95
-319
-76
221
-35
-205
-68
-11
-109
-41
65
-10
-132
7
101
80
-86
-184
-38
57
60
-96
-119
-84
11
102
-128
-188
-222
-54
114
69
-50
-278
-204
28
-42
-120
-115
-320
-108
226
-25
-465
-315
169
230
-175
-186
-127
-183
-50
212
66
-334
-294
-11
170
-192
-388
-21
71
-138
-130
5
-157
-210
79
106
-275
-210
130
23
-106
-45
-97
-133
50
113
-35
-135
-24
-9
16
4
-39
-141
-86
127
133
6
-142
-42
-12
-66
39
133
-8
-25
70
-64
-25
134
40
-44
126
182
56
-65
82
28
-39
172
227
-7
-242
56
291
149
-121
-121
86
71
32
42
-13
40
160
128
-47
53
7
-50
99
227
51
-134
77
267
32
-113
2
49
-39
-37
241
161
-129
15
86
-53
-167
7
204
87
-32
85
102
-97
-243
38
277
97
-6
36
18
67
181
143
-54
-126
80
230
261
11
-80
-69
60
172
93
-114
-112
118
254
-63
-170
-46
-41
18
-29
-18
-141
-96
19
-26
-41
-101
-181
-115
37
68
-134
-225
-106
-36
-135
-50
-30
-261
-227
47
1
-180
-144
-75
-96
-132
81
91
-80
-179
57
159
38
24
29
88
33
12
61
116
42
37
120
110
18
-52
47
222
105
81
125
46
27
161
149
-52
15
135
158
-13
-25
65
120
144
-26
-170
-52
87
58
-39
-38
-46
-161
-127
4
-10
-182
-137
-156
-208
-243
-246
-240
-244
-309
-358
-414
-388
-351
-367
-375
-401
-360
-412
-499
-425
-345
-344
-507
-500
-322
-414
-489
-486
-405
-377
-487
-446
-374
-285
-337
-340
-199
-138
-110
-134
-69
60
72
127
207
257
306
392
426
416
412
490
513
499
545
573
559
506
465
456
443
388
302
259
266
300
193
35
69
64
-60
-136
91
-81
-316
-135
-172
-151
-276
-329
-397
-300
-75
-309
-498
-522
-385
-433
-469
-333
-538
-644
-639
-780
-870
-926
-848
-873
-977
-1058
-1240
-900
-553
-239
-320
-755
-982
-1033
-466
39
315
252
-101
-219
-181
139
559
555
340
146
227
566
677
749
500
184
116
113
357
407
345
163
-38
-72
-54
-11
8
-85
-102
-79
3
61
74
75
-72
-58
110
165
223
262
345
311
216
276
358
290
248
325
431
323
339
234
90
142
130
128
99
87
-96
-140
25
-65
-115
-174
-425
-331
-301
-211
-365
-440
-546
-638
-499
-582
-708
-888
-728
-429
-196
-183
-495
-750
-797
-683
-321
-46
74
-73
-207
-225
-101
135
328
294
160
62
288
570
761
752
502
381
357
468
615
702
656
457
292
274
359
436
376
189
51
-10
100
246
311
227
75
2
-29
116
282
368
278
191
147
163
287
438
457
360
312
337
349
442
472
511
433
269
296
446
521
489
361
288
247
348
400
344
304
286
244
139
150
202
134
-35
-93
-21
-38
-107
-170
-285
-280
-185
-42
-17
-201
-330
-357
-338
-244
-140
-31
-41
-151
-163
-160
-70
60
93
75
-14
27
176
326
353
262
179
162
211
322
396
449
408
297
232
232
334
354
316
242
181
218
287
358
389
309
198
164
239
378
446
434
381
336
336
406
500
538
520
483
471
533
618
638
639
586
556
557
588
644
657
603
533
517
505
497
483
437
394
323
278
266
259
265
194
112
92
104
83
31
5
2
11
15
16
-37
-110
-157
-125
-84
-71
-66
-55
-51
-90
-81
-51
23
72
70
40
22
80
150
216
216
208
225
236
256
290
323
359
367
352
341
354
395
423
427
421
407
415
432
434
443
454
463
421
404
446
467
461
434
437
444
429
466
500
500
509
512
519
526
544
576
589
596
577
554
569
590
590
560
542
538
512
489
487
474
440
422
403
393
357
314
293
272
256
223
173
132
125
124
130
98
52
33
75
79
65
41
34
58
81
79
71
89
131
168
147
129
129
165
193
227
204
187
211
260
277
261
285
334
347
331
320
369
393
396
399
422
436
427
440
475
501
470
478
477
500
523
543
525
515
502
544
551
539
519
527
563
541
549
550
587
581
560
570
568
561
566
561
551
539
520
508
505
484
452
458
444
417
395
381
379
344
316
321
313
306
269
220
181
142
137
138
113
83
59
45
37
41
36
42
39
39
40
43
47
76
104
97
91
96
118
123
137
130
139
145
160
191
197
199
219
207
183
195
240
271
280
297
311
301
334
388
397
410
430
459
485
513
539
546
546
556
560
555
576
595
615
600
576
553
552
571
579
585
567
545
552
580
575
566
550
533
539
542
535
500
478
474
477
464
443
413
413
411
376
359
341
339
333
297
269
241
222
216
217
206
173
151
130
143
144
126
111
113
122
102
87
96
123
134
129
130
128
144
161
174
170
170
181
198
222
235
248
243
255
277
281
290
303
315
311
299
331
363
363
363
387
381
413
404
379
364
442
503
395
353
410
546
493
353
338
445
519
420
372
428
515
490
408
425
507
506
454
486
572
574
639
813
773
477
371
601
672
433
281
317
345
200
56
133
119
43
-49
-45
-79
-116
-294
26
573
167
-652
-597
428
535
-85
-208
111
199
-136
-54
235
7
-125
58
397
279
16
164
199
43
-76
255
667
542
163
71
320
475
212
309
564
494
298
241
508
599
333
135
299
532
409
274
507
512
149
-13
320
597
514
314
326
447
368
296
425
612
488
312
445
752
704
368
380
625
600
418
578
780
576
316
353
344
410
442
403
240
120
148
17
-158
-260
-91
-102
-324
-70
106
-296
-655
-679
-411
-312
-191
-51
-117
-399
-535
-306
-132
-191
-15
160
204
152
136
256
251
201
203
385
624
756
657
430
318
388
440
526
603
664
631
433
299
275
354
402
303
246
341
404
291
129
81
46
103
242
448
503
314
122
88
280
444
589
566
546
584
584
592
608
645
670
708
760
802
757
702
510
404
407
427
480
564
257
-213
-319
-164
-112
-335
-420
-192
22
-315
-723
-997
-671
-236
-144
-310
-333
-304
-416
-472
-358
-204
14
174
190
211
151
124
188
327
355
474
720
869
725
422
289
441
679
748
713
737
716
485
293
273
366
482
453
326
311
310
175
-30
-166
-43
188
345
275
84
29
42
135
304
447
518
519
483
488
642
667
562
590
725
783
900
831
534
392
448
553
517
477
392
97
-273
-389
-219
-201
-335
-434
-138
-281
-736
-1135
-1012
-499
-145
-245
-584
-611
-602
-560
-539
-418
-126
171
101
-42
-95
-7
53
172
305
507
721
780
586
349
259
414
732
928
848
644
579
464
298
228
380
554
513
248
74
53
39
-56
-57
-22
88
118
46
-91
-139
-79
-6
170
338
391
330
226
166
275
441
537
545
557
506
452
369
253
228
370
322
135
-93
-314
-396
-417
-443
-181
77
-378
-974
-1366
-982
-216
87
-398
-789
-833
-685
-467
-422
-432
-212
-13
-58
-238
-245
-42
56
-35
-26
328
764
662
106
-211
28
553
880
814
514
384
296
205
258
437
578
556
314
85
106
167
44
-128
-54
144
208
86
-138
-212
-226
-135
63
271
251
70
-81
-104
1
208
357
300
125
85
107
82
-23
-125
-49
-59
-167
-400
-606
-809
-765
-695
-231
-107
-668
-1338
-1605
-951
-180
-5
-468
-850
-1003
-794
-480
-362
-328
-133
-35
-30
-220
-233
-61
94
75
95
419
762
491
-97
-317
83
681
913
567
179
81
71
81
202
392
478
302
-79
-234
-83
56
-92
-113
-64
64
30
-207
-354
-335
-206
-37
175
171
-26
-217
-303
-159
99
285
253
5
-195
-191
-95
-50
-143
-212
-212
-324
-612
-817
-950
-954
-852
-748
-233
-555
-1278
-1976
-1801
-811
-29
-218
-931
-1404
-1345
-936
-590
-515
-363
-206
-233
-421
-670
-468
-158
78
58
89
352
417
-110
-538
-309
427
905
726
85
-212
-228
-101
92
309
454
299
-144
-509
-534
-230
-44
-194
-173
-179
-283
-440
-640
-607
-310
-81
21
-6
-326
-587
-537
-255
63
257
206
-115
-481
-459
-181
21
30
-182
-309
-395
-632
-887
-885
-937
-872
-857
-725
-497
-1113
-1762
-2214
-1546
-450
-21
-718
-1578
-1930
-1546
-884
-506
-532
-506
-548
-662
-880
-853
-363
43
118
-92
-104
150
93
-371
-440
157
867
916
269
-373
-330
-13
297
460
552
415
-6
-482
-532
-94
380
263
-104
-144
-282
-336
-417
-378
-71
148
72
-81
-237
-439
-408
-95
258
418
288
-14
-390
-432
-36
305
392
63
-364
-480
-445
-535
-535
-495
-717
-815
-952
-467
-628
-1238
-1840
-1783
-699
22
-345
-1377
-1870
-1633
-853
-302
-358
-574
-643
-754
-791
-780
-260
163
201
-182
-360
-6
335
20
-252
50
674
944
462
-201
-232
193
523
565
554
490
147
-269
-322
116
626
574
-51
-297
-164
-57
25
-57
9
144
59
-63
-97
-79
-44
60
233
334
274
99
-134
-198
132
479
492
194
-265
-369
-216
-66
-163
-252
-541
-772
-862
-461
-85
-652
-1252
-1790
-1070
-107
67
-822
-1540
-1546
-919
-364
-310
-549
-596
-627
-683
-764
-378
91
141
-133
-447
-192
360
337
-154
-169
350
878
709
94
-126
236
571
579
497
647
529
102
-183
59
642
828
216
-345
-33
213
193
3
-125
79
131
29
-41
-17
-29
-107
25
278
332
197
-5
-234
-67
341
493
319
-82
-332
-201
-15
-13
-227
-383
-693
-746
-703
-61
-224
-889
-1554
-1704
-583
188
-106
-1178
-1637
-1405
-651
-339
-433
-597
-584
-590
-753
-769
-212
95
99
-294
-491
-60
400
76
-282
-54
595
874
367
-167
-76
396
637
489
521
666
330
-68
-134
347
849
681
-57
-214
109
273
224
10
94
168
99
-25
-44
63
50
-24
105
216
175
73
-117
-178
125
376
296
-35
-352
-308
-142
5
-140
-348
-564
-833
-861
-539
152
-376
-996
-1817
-1394
-316
249
-366
-1267
-1507
-1047
-450
-354
-459
-550
-422
-531
-818
-656
-65
199
71
-435
-407
127
352
-127
-313
75
717
613
20
-301
27
479
486
277
474
518
134
-218
-101
503
864
388
-219
-162
148
293
104
82
190
199
32
-71
24
187
98
60
168
210
173
42
-100
-10
255
387
171
-161
-290
-174
-61
-34
-175
-356
-515
-863
-739
-549
88
-322
-883
-1699
-1455
-426
303
-40
-1046
-1421
-1076
-361
-204
-235
-260
-46
-248
-653
-618
91
555
468
-126
-201
220
491
105
-91
273
876
795
185
-215
110
582
628
431
515
576
261
-130
-95
502
920
538
-121
-150
167
302
145
114
285
305
45
-136
27
272
212
122
158
199
170
87
7
95
304
327
177
-71
-151
-72
41
-36
-118
-309
-419
-758
-741
-631
-109
-79
-741
-1414
-1751
-792
22
205
-773
-1366
-1396
-675
-373
-317
-339
-122
-187
-661
-925
-328
440
626
56
-368
-73
394
249
-42
186
788
968
331
-170
-4
568
763
533
424
544
347
-33
-202
262
829
705
1
-393
-182
171
134
-3
47
97
-95
-342
-333
-21
111
-57
-138
-114
-65
-72
-122
-99
33
105
9
-165
-227
-176
-141
-103
-251
-299
-460
-622
-827
-762
-710
-437
-296
-860
-1352
-1906
-1147
-273
163
-762
-1545
-1657
-904
-538
-517
-485
-298
-352
-885
-1195
-566
347
520
-57
-590
-355
163
194
-53
109
614
795
190
-273
-107
559
839
580
285
453
376
66
-132
288
901
866
108
-402
-145
347
375
161
159
174
-9
-296
-258
146
376
141
-108
-189
-73
38
72
26
37
70
21
-139
-165
-112
-32
-10
-137
-288
-375
-502
-514
-625
-564
-720
-199
-328
-750
-1489
-1624
-623
279
177
-1047
-1546
-1219
-398
-327
-283
-268
-85
-418
-942
-855
83
705
485
-240
-462
11
455
269
132
369
863
673
45
-155
319
903
905
448
331
533
358
42
43
670
1042
576
-282
-402
217
529
332
75
176
133
-132
-290
27
446
337
-121
-296
-129
64
123
16
-12
38
32
-87
-214
-126
-20
10
-117
-292
-397
-364
-468
-475
-535
-578
-829
-615
-207
-540
-1051
-1758
-1037
-92
342
-710
-1435
-1420
-687
-362
-331
-322
-251
-315
-777
-991
-357
446
568
28
-518
-318
281
399
96
122
590
780
216
-217
11
733
937
481
128
425
497
227
-20
341
876
751
-15
-381
38
505
450
137
127
181
74
-75
64
397
455
90
-123
-6
236
333
227
106
127
194
184
94
131
190
129
69
-16
-76
-155
-169
-201
-135
-356
-645
-760
-471
173
-249
-780
-1578
-1112
-228
391
-228
-978
-1248
-779
-252
-164
-146
-186
-107
-452
-761
-445
402
732
292
-398
-380
319
603
242
128
508
903
466
-77
-26
658
937
548
141
470
636
285
-135
112
810
953
200
-420
-114
459
572
190
131
261
247
2
-56
297
567
306
-13
-13
212
374
273
149
198
283
259
106
80
166
188
130
87
10
-50
-196
-223
-173
-206
-448
-609
-601
-504
-61
-378
-626
-1407
-1229
-460
396
17
-940
-1412
-866
-150
-128
-237
-238
34
-256
-786
-627
322
905
491
-372
-402
332
701
295
81
472
957
493
-137
-112
634
996
553
77
350
605
303
-145
41
806
915
163
-381
-125
459
515
187
172
311
184
-75
-50
408
656
338
-19
-15
252
397
323
279
316
289
181
81
191
355
298
188
76
57
-68
-142
-91
52
-145
-368
-677
-542
-583
-386
-41
-251
-665
-1589
-1231
-269
643
-124
-1058
-1387
-571
-101
-174
-315
-28
218
-241
-865
-465
612
1017
350
-384
-177
558
583
130
152
777
1029
281
-283
54
860
967
367
36
502
607
134
-232
242
947
773
-118
-499
41
481
374
34
172
274
46
-223
-71
429
562
168
-142
-48
184
269
210
213
264
212
54
-32
113
248
186
76
-7
-76
-163
-260
-202
-102
-215
-551
-696
-719
-572
-858
-335
-326
-485
-1400
-1751
-902
230
279
-887
-1470
-1197
-316
-312
-378
-340
68
-106
-819
-994
12
857
679
-252
-562
16
608
259
-24
267
905
567
-225
-358
366
901
586
-49
151
560
264
-304
-165
621
894
188
-505
-313
217
326
38
85
243
18
-373
-379
83
486
270
-172
-311
-101
84
92
80
142
92
-102
-262
-150
103
114
-104
-198
-259
-291
-405
-360
-207
-225
-554
-806
-800
-693
-682
-912
-250
-362
-634
-1683
-1695
-676
419
98
-1018
-1471
-1024
-376
-424
-364
-124
164
-278
-1113
-979
176
907
499
-417
-554
67
388
-23
-38
474
951
253
-490
-344
499
880
420
-47
277
471
3
-399
2
776
777
-27
-497
-249
136
180
36
192
202
-215
-514
-352
176
456
120
-284
-377
-247
-91
-13
135
138
-114
-368
-331
-64
143
-18
-150
-155
-189
-330
-345
-202
34
-191
-524
-689
-480
-479
-548
-846
-568
-80
-440
-902
-1674
-1090
-220
410
-287
-1026
-1314
-739
-425
-275
-101
115
61
-616
-1135
-453
611
959
250
-416
-246
323
315
135
367
885
813
-15
-287
282
940
842
311
245
607
445
-1
22
576
938
441
-173
-192
170
292
106
83
271
122
-286
-444
-151
295
264
-170
-405
-314
-105
-47
-46
9
-59
-249
-306
-132
136
141
-68
-89
-28
-41
-105
-75
62
48
-185
-306
-258
-218
-335
-511
-516
-545
-193
-278
-466
-1052
-1210
-674
111
195
-559
-1112
-992
-408
-173
-86
-31
96
-180
-721
-649
209
866
649
-65
-269
163
521
363
331
722
987
477
-57
111
776
1023
695
350
498
515
195
116
464
771
505
-2
-169
20
160
115
65
164
38
-303
-427
-193
119
136
-115
-291
-236
-160
-90
37
200
139
-90
-114
86
293
249
113
144
227
163
19
64
191
230
85
-160
-198
-138
-141
-309
-383
-380
-463
-465
-363
-365
-608
-981
-876
-270
81
-288
-847
-872
-444
-150
-145
-109
38
39
-301
-427
91
714
708
237
18
291
605
567
531
740
938
666
257
316
695
894
681
461
452
478
262
137
325
521
423
91
-93
-38
35
40
56
122
79
-155
-292
-161
63
152
89
-29
-55
-46
-10
102
252
286
144
46
115
215
247
239
247
288
173
81
94
189
191
106
-6
-58
-96
-149
-245
-253
-262
-293
-545
-572
-471
-292
-336
-664
-822
-671
-298
-207
-274
-479
-469
-427
-292
-129
92
196
89
-104
-57
155
471
572
497
378
413
447
518
582
711
740
606
463
430
523
630
584
508
436
348
261
270
331
381
302
152
64
62
109
116
119
135
86
-9
-61
-8
108
180
116
52
38
69
121
165
224
231
194
161
140
212
309
313
267
204
197
203
162
154
174
177
93
-8
-87
-125
-124
-121
-165
-304
-389
-446
-498
-394
-408
-312
-507
-631
-683
-465
-325
-293
-386
-417
-358
-336
-240
-119
22
70
-32
-45
84
228
299
329
378
452
432
374
415
524
615
591
539
557
542
518
524
549
605
535
426
372
345
329
297
304
264
179
74
1
25
98
102
16
-37
-56
-21
10
39
50
29
36
38
78
139
197
236
241
222
206
281
321
345
329
303
306
298
254
193
186
185
215
96
-16
-68
-24
-51
-176
-250
-232
-266
-425
-569
-611
-336
-355
-417
-688
-767
-618
-414
-355
-409
-414
-414
-412
-399
-215
12
131
61
-65
32
278
408
445
476
537
575
528
497
649
784
802
667
605
626
625
598
593
588
574
455
312
286
306
308
289
214
136
67
20
72
138
153
99
25
40
88
138
205
230
242
232
231
283
368
446
467
463
461
484
496
474
476
518
513
411
292
287
314
277
144
44
44
24
-78
-194
-178
-205
-264
-393
-395
-374
-424
-523
-576
-526
-491
-508
-609
-496
-406
-361
-479
-572
-411
-179
-89
-180
-193
-103
-21
18
98
257
360
293
177
224
426
509
464
420
418
424
407
384
445
467
422
317
305
334
333
263
219
224
255
210
126
132
182
180
152
157
185
183
164
149
199
286
323
255
228
249
288
310
296
304
314
289
242
219
254
296
260
173
114
129
141
103
51
45
3
-33
-83
-94
-98
-111
-133
-144
-157
-194
-226
-229
-168
-146
-182
-225
-244
-196
-157
-149
-142
-135
-111
-125
-158
-148
-104
-69
-45
-80
-52
-36
-51
-85
-45
40
132
106
47
11
71
137
171
170
170
185
188
207
257
301
338
311
296
336
375
400
393
395
429
457
443
410
393
411
424
435
421
394
353
313
318
344
346
315
268
207
179
173
205
222
199
141
112
115
136
136
115
111
81
76
86
103
108
76
58
74
111
101
74
56
76
102
100
71
43
41
53
43
40
50
46
43
-9
-20
-10
25
21
-11
-24
-26
-24
-54
-58
-50
-47
-49
-73
-93
-88
-93
-69
-87
-97
-83
-58
-75
-70
-38
-5
1
-26
-25
20
75
74
45
38
69
84
118
142
168
175
139
112
161
232
250
214
185
194
193
182
194
236
260
225
171
177
193
198
171
167
187
178
121
93
102
139
153
125
103
85
72
66
55
60
88
90
42
20
44
76
98
76
86
77
72
66
57
82
93
89
74
61
65
67
54
52
27
14
41
48
2
-39
-48
-42
-48
-70
-70
-106
-156
-180
-147
-124
-146
-207
-230
-196
-163
-179
-206
-213
-185
-166
-172
-167
-164
-143
-148
-125
-97
-77
-73
-77
-86
-57
-28
-6
5
-8
-17
1
18
0
-6
-16
-24
-39
-36
-35
-60
-75
-87
-99
-109
-112
-109
-126
-126
-125
-102
-93
-94
-124
-135
-107
-71
-37
-55
-80
-63
-17
21
23
1
1
14
50
54
49
61
48
28
27
34
16
22
41
24
-38
-97
-73
-23
-64
-117
-116
-88
-140
-210
-204
-156
-130
-179
-236
-238
-213
-212
-221
-207
-193
-208
-229
-230
-197
-171
-126
-131
-174
-151
-77
-21
-39
-76
-59
-13
-37
-81
-53
17
2
-73
-92
-78
-71
-100
-95
-79
-116
-163
-191
-164
-158
-148
-156
-192
-227
-227
-177
-175
-172
-151
-106
-105
-137
-132
-71
1
6
-14
3
-8
-7
36
90
102
76
41
38
41
71
96
93
99
66
35
14
25
30
25
30
8
-37
-73
-60
-47
-65
-76
-100
-115
-131
-118
-118
-139
-126
-108
-120
-132
-132
-112
-76
-54
-58
-87
-84
-29
-9
-36
-40
11
52
33
-10
-1
35
20
9
15
25
-22
-66
-60
-42
-57
-73
-77
-85
-112
-135
-122
-132
-111
-107
-127
-147
-117
-66
-58
-71
-77
-50
-42
-28
-13
18
36
22
26
28
34
52
84
79
77
67
49
53
48
53
38
36
34
-5
-43
-63
-67
-66
-73
-101
-141
-160
-141
-141
-203
-217
-170
-133
-190
-237
-218
-162
-145
-149
-144
-128
-123
-120
-91
-61
-33
2
5
-1
15
70
106
83
56
57
95
121
105
86
96
78
51
50
62
48
13
-6
-13
10
6
-4
-5
-24
-25
-19
-25
-9
4
-13
-22
-20
-2
14
11
9
37
68
80
67
81
86
66
82
98
116
95
87
98
94
84
67
67
53
51
43
3
-31
-46
-24
-34
-68
-84
-73
-80
-92
-99
-119
-96
-107
-99
-92
-71
-88
-101
-79
-45
-39
-64
-60
-22
-1
5
8
-6
8
52
62
27
23
51
77
11
-27
31
89
61
-6
-38
-15
21
21
-34
-43
-24
-14
-34
-68
-39
-33
-37
-51
-34
-17
-28
-34
-30
-20
-7
4
-6
-21
-24
-18
9
12
3
2
8
18
-2
-3
9
-3
-25
-33
-34
-50
-58
-72
-88
-86
-104
-111
-141
-157
-167
-169
-177
-201
-197
-210
-238
-253
-237
-228
-248
-253
-234
-227
-233
-207
-200
-213
-212
-189
-172
-188
-188
-162
-131
-149
-171
-129
-113
-119
-114
-91
-89
-94
-103
-89
-85
-100
-112
-104
-92
-124
-144
-128
-113
-137
-170
-175
-155
-148
-142
-138
-143
-153
-141
-111
-118
-111
-107
-86
-100
-92
-72
-61
-66
-65
-48
-49
-59
-69
-48
-50
-83
-98
-89
-79
-100
-132
-139
-158
-175
-178
-163
-157
-202
-249
-255
-246
-243
-282
-292
-289
-297
-299
-313
-314
-298
-296
-302
-309
-307
-316
-307
-291
-279
-275
-264
-269
-294
-286
-237
-195
-199
-205
-215
-198
-195
-181
-137
-95
-101
-150
-147
-114
-71
-65
-64
-79
-77
-87
-91
-106
-115
-108
-130
-149
-163
-140
-129
-128
-171
-168
-142
-145
-167
-181
-165
-140
-156
-165
-133
-133
-139
-134
-105
-79
-78
-107
-110
-75
-55
-54
-54
-65
-87
-99
-92
-79
-67
-76
-100
-112
-119
-132
-146
-140
-137
-130
-164
-200
-219
-203
-194
-209
-226
-231
-234
-239
-249
-248
-235
-209
-202
-227
-233
-199
-174
-154
-134
-126
-111
-119
-107
-75
-45
-41
-55
-39
-12
-10
-6
7
17
19
6
5
16
17
-1
-8
3
-9
-26
-48
-58
-50
-67
-87
-94
-95
-106
-115
-119
-108
-98
-103
-120
-114
-109
-91
-60
-56
-57
-54
-26
-1
4
18
36
64
51
28
39
65
80
75
70
77
91
77
44
60
77
71
49
14
6
1
-12
-21
-24
-26
-48
-64
-64
-82
-89
-97
-76
-55
-41
-70
-78
-55
-36
-19
-19
-17
-1
-1
-23
-3
33
67
53
18
11
38
43
35
21
16
21
-2
-12
-2
-2
-24
-45
-56
-47
-34
-45
-78
-103
-89
-72
-84
-117
-135
-118
-110
-124
-151
-151
-134
-120
-121
-118
-125
-126
-130
-140
-120
-90
-72
-74
-99
-99
-65
-32
-34
-43
-39
-40
-49
-62
-41
-10
-21
-47
-54
-56
-46
-55
-60
-68
-75
-78
-103
-116
-125
-120
-124
-108
-102
-123
-148
-161
-134
-106
-103
-120
-127
-124
-122
-131
-128
-110
-115
-124
-140
-132
-139
-150
-172
-173
-160
-162
-173
-201
-202
-202
-197
-198
-203
-201
-222
-239
-250
-243
-218
-228
-257
-275
-262
-266
-268
-285
-283
-287
-281
-275
-280
-267
-260
-263
-260
-253
-236
-223
-218
-225
-227
-220
-215
-210
-211
-215
-218
-223
-237
-247
-250
-258
-278
-289
-304
-298
-301
-301
-303
-318
-318
-324
-325
-313
-330
-343
-346
-340
-347
-345
-359
-369
-363
-350
-340
-343
-327
-332
-356
-360
-352
-337
-325
-333
-345
-332
-335
-340
-340
-318
-316
-325
-344
-343
-332
-308
-297
-316
-318
-335
-330
-333
-329
-291
-300
-322
-316
-326
-318
-329
-314
-294
-297
-308
-321
-306
-278
-255
-269
-267
-268
-258
-245
-240
-236
-228
-211
-212
-214
-210
-209
-215
-228
-219
-214
-227
-238
-238
-225
-223
-254
-283
-277
-270
-280
-288
-282
-264
-250
-287
-294
-273
-242
-233
-260
-262
-244
-243
-268
-266
-237
-208
-216
-233
-231
-203
-178
-194
-204
-182
-166
-176
-184
-185
-171
-155
-165
-177
-196
-182
-171
-181
-179
-175
-167
-165
-176
-174
-163
-161
-149
-154
-155
-154
-136
-129
-117
-109
-97
-90
-80
-72
-68
-41
-17
-12
-14
3
20
35
16
5
23
30
32
11
-3
4
1
-41
-65
-63
-65
-87
-109
-131
-122
-135
-152
-168
-171
-162
-173
-183
-193
-189
-187
-166
-175
-171
-166
-152
-150
-141
-126
-104
-78
-86
-91
-63
-50
-28
-24
-27
-33
-32
-28
-18
-24
-28
-36
-51
-40
-43
-56
-66
-56
-43
-44
-60
-67
-54
-46
-49
-41
-24
-19
-13
-37
-38
-7
15
12
2
6
29
52
49
48
64
74
65
58
61
88
90
88
69
64
68
53
39
25
25
8
-14
-43
-41
