SAMPLES:	7943
BITSPERSAMPLE:	16
CHANNELS:	1
SAMPLERATE:	16000
NORMALIZED:	FALSE
-78
-66
-61
-71
-66
-63
-65
-66
-61
-70
-72
-66
-68
-69
-69
-62
-65
-72
-65
-70
-68
-73
-70
-68
-73
-70
-73
-76
-80
-78
-71
-60
-70
-72
-64
-70
-70
-67
-72
-71
-72
-70
-73
-69
-68
-76
-71
-72
-70
-67
-79
-65
-68
-68
-69
-70
-67
-64
-56
-57
-50
-63
-58
-65
-69
-69
-66
-61
-62
-70
-63
-60
-64
-61
-64
-62
-66
-66
-68
-58
-61
-55
-65
-67
-57
-67
-66
-66
-67
-63
-76
-61
-58
-67
-68
-68
-65
-66
-71
-70
-67
-70
-56
-61
-73
-73
-63
-72
-67
-69
-75
-66
-68
-65
-68
-71
-62
-70
-78
-58
-68
-68
-66
-69
-74
-64
-69
-73
-70
-71
-70
-64
-76
-75
-74
-70
-66
-78
-71
-75
-70
-63
-64
-71
-67
-70
-60
-64
-65
-61
-71
-64
-70
-75
-61
-57
-69
-68
-69
-62
-70
-77
-73
-75
-63
-65
-71
-76
-81
-77
-75
-70
-73
-72
-71
-71
-65
-66
-71
-70
-67
-67
-73
-62
-65
-67
-68
-77
-81
-80
-74
-73
-76
-76
-68
-79
-71
-71
-68
-60
-70
-61
-67
-60
-60
-62
-66
-67
-58
-58
-57
-61
-53
-57
-70
-64
-58
-62
-68
-67
-73
-68
-58
-68
-69
-69
-71
-67
-73
-72
-66
-72
-78
-74
-70
-76
-78
-69
-72
-73
-71
-71
-67
-68
-71
-72
-71
-71
-71
-64
-65
-63
-58
-57
-62
-58
-52
-52
-59
-63
-59
-62
-62
-62
-66
-64
-57
-60
-60
-57
-58
-60
-67
-65
-57
-61
-63
-67
-53
-63
-65
-63
-63
-60
-68
-60
-55
-51
-58
-60
-62
-60
-62
-63
-68
-62
-62
-62
-59
-63
-59
-52
-62
-52
-53
-56
-52
-62
-56
-64
-61
-58
-54
-55
-58
-55
-62
-53
-50
-46
-55
-46
-50
-50
-50
-53
-50
-56
-48
-49
-54
-55
-53
-45
-55
-53
-43
-46
-53
-51
-44
-51
-55
-56
-45
-56
-50
-41
-40
-54
-55
-50
-56
-48
-51
-51
-45
-46
-41
-46
-48
-46
-55
-47
-50
-55
-50
-58
-55
-56
-58
-45
-56
-62
-54
-58
-54
-49
-55
-51
-55
-55
-49
-56
-51
-54
-51
-48
-47
-50
-44
-51
-54
-47
-54
-48
-46
-47
-57
-53
-50
-60
-50
-56
-58
-51
-59
-52
-56
-55
-58
-56
-55
-62
-62
-62
-67
-61
-65
-67
-61
-62
-58
-60
-55
-58
-61
-56
-55
-59
-58
-64
-63
-59
-65
-61
-56
-60
-62
-66
-61
-68
-56
-54
-59
-60
-60
-60
-63
-55
-54
-59
-61
-60
-60
-60
-62
-64
-47
-54
-55
-52
-54
-50
-58
-52
-52
-55
-50
-51
-55
-57
-51
-54
-58
-53
-57
-53
-53
-56
-65
-55
-55
-52
-48
-50
-45
-56
-54
-55
-54
-47
-47
-51
-52
-51
-49
-44
-41
-48
-44
-48
-45
-40
-49
-45
-54
-53
-47
-48
-37
-37
-47
-43
-42
-38
-35
-43
-34
-42
-36
-32
-33
-40
-34
-35
-35
-22
-34
-31
-23
-33
-30
-38
-32
-34
-39
-37
-35
-30
-37
-35
-34
-35
-37
-40
-38
-35
-30
-31
-41
-36
-34
-35
-47
-42
-45
-32
-33
-32
-38
-24
-24
-36
-25
-35
-27
-34
-31
-31
-30
-28
-36
-37
-26
-36
-28
-32
-37
-25
-37
-33
-26
-38
-41
-35
-30
-28
-23
-28
-29
-28
-31
-30
-38
-29
-39
-31
-41
-34
-26
-36
-28
-39
-34
-28
-29
-32
-28
-34
-41
-40
-28
-34
-43
-36
-36
-35
-41
-27
-32
-33
-37
-34
-25
-36
-29
-30
-24
-26
-28
-24
-26
-24
-26
-29
-23
-17
-20
-24
-14
-21
-25
-29
-32
-30
-21
-17
-13
-16
-20
-25
-22
-22
-22
-22
-17
-24
-32
-15
-27
-21
-17
-25
-26
-24
-17
-16
-18
-15
-14
-13
-9
-16
-12
-15
-18
-18
-20
-14
-20
-7
-21
-19
-12
-5
-9
-17
-22
-21
-7
-21
-18
-13
-10
-9
-21
-18
-12
-12
-9
-13
-21
-16
-15
-19
-19
-19
-15
-23
-24
-20
-25
-16
-14
-15
-21
-21
-19
-12
-17
-10
-13
-17
-14
-20
-16
-14
-17
-15
-16
-26
-20
-20
-18
-18
-15
-7
-12
-16
-16
-13
-4
-11
-12
-12
-15
-8
-9
-16
-21
-15
-20
-17
-12
-18
-5
-25
-8
-14
-14
-14
-26
-14
-27
-6
-16
-25
-11
-12
-15
-15
-26
-12
-13
-12
-4
-13
-13
-16
-14
-13
-22
-21
-17
-22
-25
-21
-23
-26
-26
-24
-20
-20
-20
-9
6
-12
-18
-20
-16
-16
-15
-23
-18
-17
-21
-25
-30
-23
-30
-28
-22
-18
-34
-25
-31
-29
-28
-36
-36
-35
-29
-33
-44
-31
-29
-41
-35
-34
-32
-28
-34
-22
-25
-21
-23
-26
-22
-38
-35
-30
-31
-34
-25
-21
-28
-27
-25
-29
-27
-29
-33
-30
-39
-36
-36
-23
-30
-30
-29
-27
-31
-33
-30
-42
-33
-40
-34
-35
-37
-35
-36
-30
-41
-31
-32
-36
-32
-38
-39
-39
-39
-38
-42
-40
-43
-38
-41
-42
-41
-50
-40
-40
-48
-51
-47
-41
-42
-47
-51
-49
-46
-45
-42
-53
-40
-44
-44
-43
-47
-41
-41
-36
-45
-39
-34
-35
-40
-37
-43
-35
-37
-40
-39
-41
-42
-49
-48
-44
-43
-47
-42
-47
-43
-43
-47
-41
-37
-46
-44
-45
-43
-33
-40
-46
-36
-31
-39
-37
-45
-48
-44
-38
-47
-42
-46
-44
-44
-40
-40
-44
-30
-36
-39
-47
-31
-35
-40
-38
-37
-40
-37
-32
-40
-39
-36
-39
-36
-38
-43
-51
-35
-39
-41
-41
-45
-36
-35
-36
-40
-35
-42
-47
-47
-40
-34
-40
-35
-32
-33
-44
-37
-30
-43
-36
-27
-36
-38
-35
-41
-35
-33
-34
-35
-26
-38
-39
-43
-33
-28
-34
-35
-44
-42
-42
-48
-39
-39
-44
-46
-46
-41
-62
-45
-42
-34
-46
-59
-45
-41
-46
-50
-40
-38
-44
-42
-40
-48
-40
-44
-41
-43
-39
-41
-37
-43
-40
-29
-35
-43
-47
-35
-43
-43
-43
-36
-43
-44
-34
-46
-42
-39
-40
-43
-52
-54
-45
-50
-47
-51
-51
-53
-53
-47
-55
-39
-60
-70
-55
-49
-57
-67
-50
-38
-53
-49
-39
-45
-59
-47
-28
-40
-49
-43
-33
-40
-42
-37
-35
-36
-41
-41
-59
-37
-28
-42
-52
-39
-36
-48
-38
-32
-48
-61
-45
-48
-44
-32
-41
-64
-55
-29
-45
-55
-35
-36
-46
-53
-22
-24
-43
-43
-39
-27
-54
-56
-24
-8
-30
-42
-33
-31
-42
-43
-25
-37
-39
-33
-55
-48
-26
-41
-37
-26
-50
-50
-11
-17
-58
-47
-17
-31
-39
-13
-8
-22
-43
-28
-33
-24
-26
-52
-37
-21
-29
-38
-15
-25
-42
-40
-10
-16
-43
-39
-20
-32
-37
-19
-22
-28
-34
-45
-31
-24
-40
-18
-8
-31
-29
-13
-16
-41
-9
5
-45
-48
-2
-26
-52
1
18
-28
-43
2
-10
-33
-1
-22
-34
-8
-13
-30
-18
18
-34
-29
-5
-19
-31
-20
-7
-37
-10
-15
-16
-12
-23
-33
-13
-16
-28
-4
-16
-37
-22
16
-30
-70
-24
14
-30
-32
-4
-28
-78
-9
9
-57
-66
26
1
-93
-46
-1
-17
-64
-33
-24
-13
-47
-68
-14
-20
-58
-26
-9
-38
-58
-36
-33
-59
3
4
-76
-66
10
-48
-66
11
-22
-79
-12
-23
-67
-19
-36
-82
-55
-22
-45
-42
-25
-52
-67
-19
-30
-89
-42
20
-42
-78
-11
3
-56
-65
-11
-12
-41
-17
-22
-24
-26
-38
-39
-10
-4
-59
-35
35
-34
-54
12
0
-29
3
13
-51
-18
21
-1
-19
2
24
-18
-28
-8
24
14
-32
5
38
18
-17
9
21
8
-3
1
-2
-11
-5
-2
35
-34
-47
-4
4
-61
-27
16
-51
-54
-47
2
-65
-83
-31
-48
-77
-61
-27
-86
-96
-54
-60
-65
-82
-43
-59
-81
-80
-71
-69
-75
-36
-71
-85
-44
-64
-104
-101
-31
-49
-112
-82
-48
-45
-105
-59
-3
-95
-100
-31
-3
-63
-98
-31
-5
-100
-81
22
-5
-76
-45
27
-18
-76
-24
22
-3
-32
-16
36
-11
-14
34
25
42
24
52
35
27
47
60
23
49
102
62
76
64
48
64
113
64
72
110
93
67
108
100
42
93
113
79
99
156
69
5
82
108
14
48
113
83
73
73
25
-1
80
45
6
50
89
-3
-110
33
125
-44
-138
26
1
-112
-31
12
-39
-91
-49
-83
-69
-8
-110
-143
-66
-59
-152
-91
-12
-142
-144
-47
-101
-179
-61
-101
-149
-99
-107
-147
-140
-64
-150
-146
-82
-128
-178
-137
-84
-141
-156
-96
-126
-139
-91
-121
-116
-94
-85
-63
-48
-32
-6
-16
-18
43
64
39
73
120
67
121
177
157
131
165
210
164
189
224
216
168
242
229
160
191
264
198
150
221
189
163
143
110
164
194
101
146
147
37
83
148
106
40
75
135
-3
36
125
-10
-29
79
1
-75
10
3
-51
21
14
-135
-48
10
-60
-76
-36
-28
-49
-52
-117
-90
-48
-118
-89
-43
-60
-157
-153
-37
-131
-128
-84
-134
-213
-121
-106
-167
-169
-226
-161
-131
-185
-231
-139
-189
-244
-160
-162
-265
-228
-140
-228
-247
-167
-145
-174
-92
-42
-121
-114
-4
-29
-49
14
87
89
76
95
132
174
158
166
185
220
242
213
191
273
259
249
288
253
254
270
270
215
269
289
207
222
261
121
192
346
174
73
232
237
35
171
306
114
-91
201
198
32
27
168
124
-64
103
147
10
-14
57
53
-41
-50
39
52
1
-80
-12
-8
-33
1
2
-83
-69
-24
-63
2
-86
-87
-41
-127
-97
-113
-125
-134
-94
-60
-199
-156
-77
-165
-222
-120
-148
-181
-211
-201
-201
-159
-175
-258
-130
-209
-257
-175
-170
-236
-216
-196
-202
-215
-190
-168
-98
-61
-124
-87
-80
-67
-25
36
30
69
71
71
147
129
122
203
267
189
154
296
235
199
297
281
290
276
258
263
343
287
155
278
292
150
230
301
290
217
97
240
165
68
328
147
74
232
89
1
175
274
-133
-16
369
63
-178
96
267
-46
-51
136
-24
-84
2
24
-64
58
8
-63
-13
-78
-19
-21
-46
-9
-31
-41
-152
0
-56
-175
-20
-165
-152
-106
-144
-147
-161
-179
-133
-163
-202
-209
-194
-193
-188
-258
-221
-149
-245
-240
-263
-168
-183
-287
-257
-209
-204
-262
-157
-222
-274
-201
-192
-161
-128
-81
-91
-104
-90
-63
39
27
42
140
78
87
158
188
165
224
230
184
195
298
304
153
273
391
262
160
251
453
211
96
299
409
234
-80
387
412
6
75
342
314
1
93
326
92
14
122
189
121
87
180
-69
52
57
20
-14
-39
40
4
-69
-93
41
-48
-61
-50
42
-95
-107
22
-23
-66
31
-11
-123
-64
-58
-150
-96
42
-164
-205
112
-158
-355
-157
-18
-213
-278
-88
-266
-178
-191
-239
-240
-161
-232
-321
-222
-211
-255
-323
-267
-211
-240
-348
-285
-177
-263
-438
-249
-114
-216
-165
-21
-126
-269
-61
5
-23
-5
80
72
98
84
99
188
220
205
211
254
194
250
325
322
264
251
388
311
232
346
343
296
237
353
234
201
262
307
379
210
378
112
74
453
281
19
223
287
-149
254
250
-76
42
169
205
-161
-141
51
152
-3
-64
107
34
-156
-92
-10
38
10
-29
-24
-143
-69
77
-43
-88
-136
-105
-238
-37
-94
-151
12
-314
-387
-93
-42
-383
-201
-161
-354
-326
-204
-425
-402
-253
-288
-478
-353
-264
-479
-278
-305
-621
-472
-322
-604
-658
-170
58
-159
-239
-420
-386
-155
-32
2
0
164
219
16
-41
164
280
293
303
213
250
388
435
224
301
350
356
359
239
285
459
393
222
248
304
311
393
118
138
454
302
221
250
387
192
122
160
281
347
210
178
143
301
311
488
570
-127
-163
385
599
157
141
424
128
-160
190
279
-64
160
-118
9
222
323
88
-475
49
305
-161
-143
-15
139
-72
-231
-244
-331
-115
-128
-488
-306
-73
-348
-734
-381
-204
-691
-593
-435
-678
-725
-500
-634
-750
-729
-573
-866
-731
-226
-146
-271
-556
-597
-237
26
13
105
216
343
214
80
200
401
635
614
469
474
491
538
553
463
487
591
421
290
359
425
371
389
132
-44
230
270
125
106
212
182
59
6
50
281
348
225
354
384
321
343
403
429
555
694
634
561
610
665
486
516
701
685
579
505
436
439
485
387
278
340
353
122
171
213
127
170
113
22
-127
-155
-96
-78
-238
-183
-158
-423
-561
-538
-410
-543
-655
-720
-887
-870
-1016
-1059
-1068
-1261
-1466
-1724
-1743
-1337
-997
-700
-608
-1109
-1589
-1543
-733
-61
144
261
210
73
-123
-56
408
959
1257
1171
892
773
883
1041
1058
902
859
957
907
795
718
706
467
8
-178
-50
164
175
-2
-162
-460
-718
-704
-607
-377
-114
-151
-393
-526
-392
-223
-212
-109
120
291
422
497
623
670
653
693
881
1195
1345
1382
1297
1139
1010
1009
1064
1143
1142
1078
914
606
485
444
388
291
224
178
156
3
-267
-369
-419
-509
-575
-525
-521
-556
-626
-851
-1131
-1067
-807
-859
-1062
-1074
-1083
-1395
-1648
-1535
-1510
-1731
-1768
-1782
-1209
-415
-335
-1122
-2142
-1839
-545
531
597
219
335
324
-31
-277
436
1606
2061
1453
633
679
1159
1233
886
862
1094
1192
808
452
535
603
218
-462
-599
-151
320
184
-345
-827
-983
-1011
-985
-621
-157
-41
-453
-925
-961
-577
-255
-122
-45
106
272
253
192
339
682
823
886
1010
1271
1548
1423
1192
1108
1266
1421
1363
1283
1257
1191
894
509
374
553
667
493
199
-47
-158
-161
-314
-504
-438
-388
-546
-824
-940
-743
-715
-993
-1195
-1095
-970
-1032
-1225
-1317
-1306
-1392
-1631
-1760
-1622
-1465
-1693
-1500
-725
-456
-906
-1775
-1822
-996
196
662
204
-27
164
309
-47
79
1025
1986
1794
797
488
976
1309
948
732
1085
1471
1075
403
293
455
298
-186
-324
-49
218
-38
-541
-874
-867
-857
-959
-766
-408
-217
-514
-976
-1107
-766
-454
-322
-158
95
253
88
-156
3
477
867
1089
1135
1265
1286
1161
983
1157
1608
1808
1637
1242
1115
1023
917
789
732
852
749
432
96
-82
-194
-208
-215
-376
-504
-505
-665
-973
-1218
-1025
-838
-984
-1097
-1127
-1129
-1348
-1461
-1499
-1519
-1470
-1396
-1494
-1730
-1666
-1271
-937
-881
-1138
-1453
-1420
-790
28
268
39
-146
22
181
161
461
1157
1715
1389
744
605
1029
1305
1176
1123
1300
1339
906
450
425
603
504
161
-19
108
111
-237
-666
-783
-648
-605
-710
-756
-651
-613
-788
-1029
-976
-651
-422
-410
-391
-242
-146
-227
-198
90
517
838
970
1005
1049
1138
1147
1229
1510
1836
1867
1567
1303
1142
1120
1113
1129
1109
937
680
385
103
-40
-24
-14
-109
-314
-564
-767
-841
-963
-1083
-1045
-918
-981
-1287
-1470
-1385
-1375
-1451
-1612
-1515
-1496
-1493
-1525
-1569
-1351
-1065
-646
-951
-1449
-1600
-765
201
346
-69
-375
-18
124
176
335
1064
1639
1358
631
374
931
1405
1336
1082
1185
1341
1110
549
381
575
742
487
184
143
226
-19
-560
-790
-575
-276
-350
-589
-734
-680
-788
-982
-954
-587
-264
-330
-568
-594
-286
-98
-96
-27
312
702
835
806
878
1083
1120
1099
1302
1674
1891
1641
1214
970
1063
1193
1235
1160
977
711
330
50
-57
24
112
-29
-433
-773
-872
-910
-1021
-1167
-1179
-1167
-1269
-1440
-1548
-1659
-1725
-1821
-1789
-1688
-1507
-1276
-1411
-1117
-1309
-1390
-1590
-1242
-366
77
161
-518
-448
-283
215
249
491
1129
1381
1142
406
457
1011
1415
1227
1149
1335
1495
962
372
377
840
926
620
386
429
308
-282
-636
-531
-79
-33
-329
-621
-687
-833
-978
-946
-680
-422
-477
-636
-729
-674
-558
-356
-223
-28
158
430
609
617
637
751
958
1214
1413
1633
1618
1428
1122
1054
1253
1445
1445
1161
931
631
445
272
306
337
206
-130
-528
-789
-849
-850
-977
-1095
-1279
-1445
-1632
-1800
-1930
-1927
-1866
-1886
-1887
-1660
-1444
-1314
-1722
-1896
-1597
-946
-393
-318
-324
-536
-470
-417
-7
449
866
1073
907
686
540
775
1128
1360
1383
1357
1314
1199
916
741
798
910
909
812
644
489
180
-199
-319
-186
34
-19
-292
-563
-744
-931
-940
-842
-590
-473
-664
-950
-1071
-883
-622
-434
-374
-262
-198
-112
12
311
695
923
834
841
1028
1342
1506
1467
1459
1431
1450
1394
1390
1333
1271
1020
797
729
705
624
368
101
-154
-377
-521
-585
-680
-844
-1124
-1422
-1597
-1658
-1664
-1824
-1951
-2158
-2130
-1893
-1495
-1393
-1796
-2115
-2009
-1288
-735
-506
-565
-536
-509
-507
-344
206
866
1082
842
538
662
1015
1251
1256
1310
1436
1476
1241
1009
968
1042
1004
821
722
774
735
357
-150
-310
-111
8
-99
-292
-447
-639
-881
-1018
-893
-644
-545
-721
-959
-971
-885
-782
-702
-643
-459
-269
-68
23
54
173
346
643
955
1197
1305
1275
1192
1177
1375
1606
1679
1550
1356
1225
1073
971
938
923
850
612
286
22
-106
-199
-362
-554
-737
-881
-1075
-1340
-1595
-1695
-1689
-1846
-2088
-2262
-2079
-1717
-1408
-1664
-2129
-2380
-1931
-1091
-595
-547
-748
-703
-662
-523
-227
417
1028
1151
798
506
731
1164
1387
1348
1426
1650
1680
1307
947
939
1130
1084
856
754
836
650
90
-411
-402
-86
-8
-245
-536
-653
-793
-1071
-1220
-978
-680
-649
-891
-1067
-998
-879
-887
-868
-606
-244
-135
-233
-253
77
492
710
879
961
1174
1239
1313
1435
1619
1768
1656
1507
1391
1416
1367
1264
1107
963
851
687
462
223
76
-13
-219
-438
-615
-737
-937
-1190
-1410
-1562
-1634
-1733
-1934
-2168
-2337
-2240
-1980
-1617
-1463
-1740
-2133
-2289
-1717
-854
-256
-326
-607
-628
-383
-101
187
750
1312
1473
1077
754
1033
1579
1769
1574
1439
1679
1819
1476
1018
898
1018
907
593
440
537
408
-188
-763
-863
-570
-459
-681
-920
-1007
-1102
-1354
-1508
-1299
-925
-813
-982
-1091
-982
-802
-744
-726
-537
-163
191
218
393
591
946
1104
1011
1263
1550
1945
1891
1716
1677
1646
1640
1525
1526
1528
1381
1061
742
557
495
455
299
42
-184
-426
-603
-840
-1005
-1066
-1185
-1365
-1621
-1752
-1815
-1976
-2293
-2530
-2327
-1969
-1564
-1275
-1450
-1811
-2387
-2177
-1128
43
413
-167
-585
-375
63
135
466
1318
2092
1878
928
672
1370
1990
1849
1394
1616
2092
1897
1109
514
713
924
594
176
211
455
92
-896
-1549
-1316
-797
-749
-1060
-1251
-1214
-1411
-1859
-1955
-1435
-797
-667
-956
-1067
-761
-573
-642
-557
-105
429
635
626
794
1207
1367
1331
1236
1541
2021
2237
2205
1886
1675
1508
1381
1321
1361
1451
1347
894
367
61
85
173
15
-239
-373
-487
-784
-1099
-1226
-1117
-1183
-1428
-1640
-1597
-1567
-1730
-2140
-2354
-2212
-1914
-1524
-1194
-778
-1041
-1666
-2207
-1597
-183
763
715
44
-62
193
275
254
852
1935
2389
1654
789
855
1563
1780
1332
1109
1561
1866
1354
592
327
486
309
-182
-344
11
212
-278
-1159
-1608
-1487
-1225
-1160
-1142
-988
-970
-1296
-1711
-1753
-1327
-814
-596
-559
-440
-270
-259
-318
-179
261
704
966
1071
1385
1593
1684
1489
1347
1572
1838
2158
2143
1961
1608
1238
946
784
848
1013
1037
747
218
-169
-289
-329
-443
-503
-428
-479
-722
-1092
-1264
-1280
-1375
-1543
-1536
-1419
-1384
-1740
-2120
-2253
-2014
-1577
-995
-585
-767
-1451
-2003
-1440
-237
637
533
168
229
514
378
196
740
1747
2174
1494
805
988
1620
1699
1150
811
1115
1379
1173
723
533
490
133
-441
-659
-357
10
-100
-650
-1142
-1397
-1472
-1417
-1167
-852
-720
-980
-1291
-1394
-1233
-968
-727
-491
-242
-112
-134
-107
53
307
436
568
863
1267
1601
1645
1568
1488
1425
1438
1554
1786
1915
1848
1529
1096
727
554
639
766
743
531
265
30
-216
-482
-575
-456
-366
-497
-684
-793
-882
-1105
-1395
-1469
-1343
-1252
-1352
-1628
-1795
-1855
-1677
-1361
-998
-710
-851
-1166
-1405
-1092
-323
412
595
358
139
238
467
637
899
1337
1654
1503
1094
887
1118
1338
1317
1034
869
845
798
681
537
341
35
-311
-528
-496
-363
-321
-500
-769
-1074
-1277
-1335
-1155
-896
-731
-753
-947
-1125
-1054
-846
-633
-454
-305
-110
-15
38
130
353
589
683
671
781
1125
1546
1784
1685
1448
1250
1210
1336
1538
1648
1568
1290
949
649
453
347
377
448
381
114
-231
-423
-464
-485
-586
-731
-794
-771
-776
-885
-1045
-1161
-1257
-1354
-1388
-1431
-1427
-1490
-1470
-1190
-816
-587
-743
-1034
-1224
-1015
-428
193
509
449
297
193
225
373
630
958
1201
1239
1103
944
886
911
914
822
712
610
551
581
604
500
180
-227
-495
-511
-368
-224
-222
-351
-597
-861
-974
-911
-763
-644
-595
-609
-618
-623
-593
-507
-359
-262
-240
-226
-140
78
283
388
419
406
488
647
889
1131
1256
1214
1060
984
1030
1134
1157
1029
870
710
588
482
417
386
312
177
13
-130
-169
-266
-53
143
-315
-205
-307
-488
-719
-416
-198
-386
-465
-747
-558
-629
-616
-721
-864
-945
-939
-522
-327
-370
-570
-691
-748
-773
-525
-203
62
79
-24
-69
-71
48
135
310
455
481
409
358
387
537
627
583
504
392
325
319
345
421
494
360
163
-14
-86
-51
23
-8
-71
-154
-248
-295
-258
-217
-183
-221
-344
-355
-336
-178
-97
-59
-91
-153
-167
-154
15
181
291
279
294
392
492
618
719
748
702
637
639
740
838
849
778
701
590
504
396
406
537
569
298
273
243
-8
45
-28
172
-105
-144
-151
-366
-239
-281
-112
-409
-540
-655
-680
-587
-673
-574
-642
-531
-509
-512
-581
-755
-766
-738
-498
-251
-105
-79
-198
-223
-157
43
241
300
281
178
167
329
531
709
707
527
319
215
302
537
674
661
488
243
112
87
179
249
194
13
-165
-249
-200
-107
-25
-46
-169
-309
-413
-336
-215
-56
-15
-98
-158
-204
-114
1
99
199
248
292
303
385
454
575
690
770
786
690
655
657
777
862
821
786
557
506
571
492
459
430
387
373
80
1
149
107
-16
-248
109
-367
-443
-239
-256
-250
-522
-421
-677
-729
-649
-608
-544
-669
-534
-491
-474
-442
-495
-536
-661
-535
-329
-100
20
-64
-72
-144
-15
151
326
417
320
223
234
401
633
786
762
569
378
301
323
464
573
552
434
239
86
110
103
88
12
-138
-205
-182
-136
-65
-52
-104
-198
-265
-250
-253
-156
-179
-106
59
120
98
16
-1
82
284
465
524
528
569
602
681
788
869
871
819
701
644
665
802
856
775
567
384
210
323
365
433
518
112
133
-78
7
-18
142
40
-358
-97
-379
-218
-327
-273
-211
-569
-347
-466
-491
-512
-597
-597
-836
-635
-459
-379
-56
-136
-278
-607
-690
-450
-199
224
292
265
49
-72
72
283
584
652
556
358
247
341
571
835
863
743
493
254
183
209
345
412
340
213
85
-14
-131
-189
-239
-225
-173
-204
-226
-297
-270
-243
-167
-124
-167
-153
-186
-110
-74
194
347
363
357
307
372
397
642
849
951
906
825
811
857
1031
1110
1058
893
699
594
603
669
711
603
468
286
144
27
218
327
112
100
69
-130
-319
-121
28
-93
-166
-400
-427
-464
-462
-141
-501
-382
-804
-656
-843
-1077
-785
-1231
-605
-682
-88
30
-348
-472
-966
-386
-71
359
493
304
363
171
473
705
869
915
630
530
481
698
858
890
822
658
581
397
267
130
35
48
53
8
-111
-280
-429
-477
-392
-314
-344
-508
-685
-690
-490
-242
-45
24
-13
-72
-129
-92
103
327
503
619
658
747
739
811
910
1035
1142
1111
1123
1128
1146
1212
1239
1216
1060
841
670
562
578
530
465
352
212
93
7
23
6
-76
-198
-273
-266
-247
-297
-246
-177
-265
-385
-517
-577
-612
-705
-793
-843
-1002
-1238
-1523
-1667
-1526
-1066
-406
-68
-148
-643
-989
-783
-210
465
715
722
570
488
607
837
1207
1316
1253
1064
921
856
689
662
783
973
956
575
68
-339
-417
-319
-226
-214
-435
-761
-1013
-1038
-848
-662
-637
-759
-873
-859
-735
-529
-291
-15
230
296
228
145
220
505
805
1028
1081
985
909
950
1176
1407
1480
1333
1090
961
959
1002
989
873
744
604
455
318
197
146
125
112
15
-103
-210
-241
-151
-77
7
-27
-146
-269
-303
-213
-112
-100
-205
-346
-458
-526
-645
-807
-998
-1213
-1463
-1735
-1865
-1735
-1201
-576
-261
-481
-893
-947
-539
61
399
447
466
537
664
838
1075
1326
1405
1374
1225
1046
802
598
689
905
1034
725
124
-336
-493
-349
-277
-383
-657
-978
-1179
-1225
-1124
-987
-856
-808
-845
-904
-917
-821
-579
-198
191
394
343
162
172
452
895
1128
1120
1016
936
1000
1089
1234
1326
1304
1196
993
836
726
717
761
776
663
415
168
6
4
93
154
88
-138
-313
-316
-184
-70
-46
-3
0
-37
-173
-216
-113
-4
30
-56
-220
-365
-520
-632
-659
-751
-1024
-1443
-1874
-2101
-2000
-1550
-950
-588
-687
-1028
-1057
-654
-80
244
324
392
492
564
628
800
1135
1467
1579
1453
1120
787
671
798
998
992
598
74
-291
-352
-282
-339
-522
-766
-940
-1109
-1286
-1359
-1245
-987
-794
-852
-1039
-1124
-958
-580
-150
153
270
220
154
298
601
920
1094
1156
1167
1126
1039
1040
1204
1403
1443
1270
995
761
645
694
780
696
427
82
-58
-90
-77
-71
-53
-54
-178
-362
-454
-354
-164
-12
56
14
-128
-230
-160
82
252
200
17
-142
-206
-262
-306
-375
-499
-720
-1055
-1463
-1868
-2034
-1799
-1219
-787
-797
-1097
-1233
-842
-246
170
291
295
379
482
506
565
762
1163
1479
1467
1168
814
710
879
1076
1071
715
228
-96
-204
-201
-348
-543
-659
-719
-862
-1157
-1353
-1244
-899
-685
-798
-1048
-1109
-896
-542
-248
-44
75
146
240
390
581
794
1009
1196
1276
1174
995
923
1128
1418
1496
1245
911
763
769
773
684
547
385
229
29
-160
-254
-211
-89
-38
-151
-393
-511
-370
-109
41
51
-24
-71
-49
32
154
243
279
285
233
113
-27
-97
-34
-4
-164
-533
-920
-1213
-1489
-1684
-1716
-1469
-1120
-1036
-1156
-1289
-986
-437
18
182
157
224
387
475
496
642
957
1250
1189
975
812
855
1018
1117
1064
838
467
194
63
-33
-152
-366
-496
-623
-838
-1104
-1223
-1047
-783
-695
-837
-985
-938
-708
-486
-317
-193
-56
90
178
296
479
733
1013
1153
1140
1069
999
1083
1235
1324
1252
1059
939
843
796
680
579
530
415
229
-13
-171
-173
-131
-128
-168
-298
-373
-367
-240
-100
-27
45
113
149
144
165
295
461
529
471
372
318
280
265
238
164
19
-202
-410
-634
-943
-1242
-1507
-1599
-1618
-1581
-1494
-1445
-1238
-1067
-796
-506
-197
66
229
345
500
589
657
801
914
1103
1071
1018
992
1019
1070
1026
924
839
647
484
286
34
-99
-337
-497
-716
-931
-992
-1019
-953
-876
-865
-785
-762
-699
-529
-408
-218
-106
-18
126
212
376
543
715
918
960
999
1030
1046
1174
1202
1216
1212
1085
963
770
645
625
505
394
214
59
-30
-154
-156
-149
-178
-176
-226
-228
-203
-181
-27
89
130
167
165
272
342
394
468
467
450
351
280
280
202
99
-38
-208
-384
-666
-944
-1199
-1481
-1605
-1727
-1693
-1525
-1453
-1284
-1225
-1010
-606
-267
-12
116
298
624
738
780
814
934
1186
1084
1007
998
1065
1180
1038
917
827
649
576
342
160
-6
-289
-444
-719
-942
-1024
-1081
-986
-970
-1004
-926
-906
-724
-546
-429
-244
-157
-19
151
217
338
468
637
811
792
822
906
1032
1162
1145
1165
1195
1114
1011
843
752
721
554
389
165
28
8
-51
-47
-139
-224
-174
-150
-156
-170
-87
99
135
86
85
174
304
353
383
431
421
406
364
328
323
244
165
61
-130
-332
-559
-715
-905
-1188
-1499
-1706
-1811
-1750
-1573
-1488
-1373
-1320
-995
-521
-234
20
211
603
950
872
849
933
1227
1383
1165
1074
1006
1039
1036
905
878
779
674
562
289
58
-150
-287
-394
-662
-914
-1041
-1108
-1079
-1087
-1095
-998
-897
-738
-570
-435
-226
-29
167
299
279
419
648
817
897
794
850
1005
1067
1116
1112
1197
1245
1107
995
879
829
788
607
434
163
-36
-64
-111
-144
-250
-299
-244
-290
-293
-225
-84
101
98
82
141
215
338
383
399
433
395
409
367
311
287
233
205
59
-164
-311
-414
-530
-741
-1042
-1333
-1560
-1679
-1692
-1522
-1432
-1390
-1340
-1146
-633
-257
91
294
574
921
969
1005
1038
1239
1398
1238
1029
901
883
923
827
716
609
484
395
218
45
-58
-157
-256
-511
-831
-988
-1038
-988
-986
-1044
-1004
-916
-776
-594
-437
-195
70
270
420
445
533
722
905
1023
938
864
881
916
967
977
1009
1034
997
893
775
713
699
649
498
258
14
-83
-114
-188
-304
-428
-401
-380
-406
-333
-192
6
113
137
208
310
446
520
551
541
494
431
386
364
331
254
152
56
-97
-231
-319
-405
-511
-681
-892
-1155
-1389
-1528
-1607
-1530
-1395
-1287
-1222
-1197
-868
-418
7
258
396
720
977
1089
1060
1111
1279
1283
1101
866
727
669
603
520
419
238
120
81
20
-69
-225
-267
-275
-427
-620
-750
-739
-650
-700
-803
-834
-741
-543
-378
-196
-27
138
329
456
561
668
788
931
933
858
766
732
761
780
745
686
618
565
550
478
450
421
414
323
143
24
-36
-59
-122
-242
-308
-321
-309
-238
-159
-38
89
185
283
346
423
505
552
582
511
418
342
280
242
149
23
-105
-234
-337
-410
-504
-581
-683
-806
-957
-1111
-1184
-1216
-1206
-1227
-1220
-1149
-997
-841
-633
-357
-74
207
344
518
710
893
1046
1097
1103
1026
895
797
701
586
445
298
205
98
-40
-118
-123
-84
-94
-169
-193
-227
-279
-351
-399
-403
-434
-490
-500
-492
-438
-372
-292
-151
-33
90
202
334
462
566
631
687
722
739
715
636
599
553
536
508
457
412
374
352
328
304
301
278
220
164
107
77
40
1
-21
-18
8
15
17
70
119
179
202
225
256
267
256
212
174
139
82
-4
-107
-230
-321
-403
-477
-551
-615
-694
-754
-833
-921
-996
-1072
-1127
-1108
-959
-835
-806
-860
-716
-340
-7
142
173
357
641
783
773
794
943
1023
923
748
592
455
338
283
248
146
-32
-87
-33
7
-80
-190
-127
-71
-107
-240
-305
-271
-267
-335
-417
-468
-473
-417
-337
-253
-242
-181
-20
151
262
291
372
493
537
518
501
521
522
481
434
380
291
217
220
291
308
237
211
254
311
296
254
278
307
303
253
188
136
101
106
106
71
-11
-39
16
58
2
-31
-14
39
41
-9
-23
-23
-31
-41
-61
-92
-129
-181
-169
-151
-166
-178
-170
-128
-116
-126
-103
-62
-55
-83
-155
-210
-254
-305
-358
-426
-526
-629
-657
-603
-542
-567
-618
-533
-362
-189
-84
4
162
298
376
403
471
550
597
617
570
479
378
345
382
366
278
213
235
263
223
173
180
212
191
145
71
17
-40
-115
-166
-243
-332
-394
-378
-329
-314
-304
-245
-144
-12
97
217
353
445
526
594
645
675
670
663
661
623
540
460
442
416
356
281
207
141
91
47
12
-51
-142
-223
-292
-336
-393
-419
-390
-364
-383
-407
-390
-315
-238
-192
-124
-67
-13
33
65
102
112
113
91
12
-65
-157
-250
-317
-407
-493
-601
-714
-768
-747
-684
-653
-648
-602
-482
-336
-246
-162
-31
122
246
294
331
392
446
492
506
501
462
434
444
459
441
365
320
304
297
258
227
217
195
138
50
-13
-86
-175
-197
-241
-298
-386
-445
-450
-432
-400
-370
-294
-208
-122
-31
44
142
259
355
435
462
479
492
508
519
493
464
434
429
379
318
247
205
210
163
101
41
-51
-107
-156
-187
-198
-232
-248
-261
-259
-265
-249
-200
-125
-43
0
55
107
177
236
279
316
314
318
302
265
212
153
98
50
-26
-93
-143
-169
-190
-221
-270
-313
-354
-379
-388
-380
-395
-431
-460
-462
-470
-473
-464
-447
-413
-401
-353
-296
-210
-142
-103
-17
65
153
215
263
309
340
372
403
434
413
390
379
352
320
271
228
213
180
130
70
47
28
5
2
-19
-41
-62
-53
-36
-18
6
-1
10
15
23
28
41
64
61
53
55
65
78
103
105
97
73
53
67
89
109
122
117
92
69
26
35
52
64
81
55
50
44
42
57
85
125
150
156
118
76
68
61
68
23
-42
-92
-152
-197
-240
-283
-283
-297
-326
-363
-374
-351
-328
-319
-304
-284
-288
-282
-274
-261
-270
-287
-324
-362
-336
-298
-267
-256
-238
-204
-173
-130
-68
-2
64
114
127
147
187
230
247
245
230
227
236
227
217
217
198
166
157
152
152
150
140
120
126
127
136
144
139
136
111
98
82
64
52
28
-1
-31
-69
-91
-102
-111
-125
-136
-146
-170
-174
-158
-132
-120
-110
-88
-62
-42
-18
40
81
109
113
121
163
205
223
247
255
247
211
185
175
164
147
107
56
2
-32
-75
-109
-135
-165
-198
-235
-246
-248
-233
-222
-192
-185
-166
-132
-101
-73
-44
-10
3
27
39
65
80
73
61
46
11
-3
-16
-43
-67
-113
-158
-194
-224
-244
-285
-302
-310
-314
-304
-309
-288
-228
-192
-168
-135
-95
-62
-35
-6
31
75
114
131
158
199
216
247
280
301
316
300
276
265
237
184
123
78
18
-39
-106
-174
-240
-287
-329
-358
-363
-362
-348
-338
-304
-268
-225
-163
-97
-30
17
71
118
193
249
284
311
331
338
341
326
286
269
238
216
152
101
56
-1
-41
-97
-140
-183
-212
-228
-237
-231
-225
-216
-215
-203
-171
-130
-84
-41
-15
-16
1
27
50
76
95
86
62
35
6
-1
-7
-11
-42
-80
-109
-149
-201
-212
-224
-247
-261
-282
-293
-291
-271
-247
-226
-204
-179
-170
-143
-113
-74
-41
-29
-8
41
103
135
151
176
214
242
244
224
232
215
177
135
94
60
22
-38
-112
-165
-197
-222
-234
-236
-245
-244
-241
-220
-205
-173
-146
-114
-78
-76
-38
-12
32
80
115
134
158
166
168
189
193
207
199
174
155
131
100
55
9
-25
-57
-89
-124
-147
-139
-124
-116
-83
-55
-34
-12
11
35
62
103
113
122
132
114
80
63
50
48
50
36
10
12
4
-19
-27
-46
-62
-70
-89
-115
-137
-163
-172
-187
-188
-172
-158
-127
-103
-79
-65
-32
8
44
52
54
57
67
67
65
51
42
35
15
0
-17
-23
-36
-44
-72
-106
-131
-160
-172
-187
-203
-216
-248
-261
-285
-280
-263
-253
-232
-210
-184
-167
-142
-108
-69
-30
-1
27
52
67
71
71
85
83
67
57
37
22
28
3
-9
-30
-39
-56
-69
-77
-86
-86
-96
-96
-105
-93
-81
-58
-42
-31
-2
25
58
68
97
117
108
115
113
106
99
72
43
21
-3
-11
-27
-45
-57
-67
-70
-81
-92
-107
-105
-94
-97
-101
-92
-79
-68
-45
-35
-27
-16
-1
25
38
49
48
21
6
-14
-28
-27
-35
-66
-92
-120
-136
-129
-123
-125
-138
-159
-183
-192
-191
-184
-179
-168
-159
-169
-174
-172
-146
-105
-70
-50
-33
0
27
55
72
82
91
98
98
88
79
54
35
6
-20
-60
-94
-112
-127
-153
-167
-195
-200
-198
-184
-167
-170
-186
-182
-174
-176
-161
-136
-108
-84
-58
-36
-4
23
68
87
117
150
152
148
124
109
96
59
41
2
-27
-47
-88
-95
-109
-99
-82
-71
-70
-63
-50
-55
-52
-43
-30
-34
-30
-29
-20
0
-5
-1
3
4
8
11
26
35
28
6
-7
-28
-45
-58
-80
-97
-118
-144
-172
-192
-199
-177
-180
-182
-181
-166
-173
-173
-150
-116
-86
-58
-47
-80
-58
-29
-20
-8
24
48
45
45
48
55
68
61
47
37
-1
-44
-91
-119
-139
-151
-157
-185
-214
-233
-231
-245
-235
-216
-189
-177
-165
-152
-123
-86
-57
-7
21
39
55
57
82
108
121
141
121
100
70
46
26
-1
-37
-66
-76
-101
-124
-138
-134
-123
-113
-114
-111
-94
-87
-87
-85
-73
-54
-38
-32
-42
-41
-22
-6
17
15
-4
-4
-1
23
21
18
9
-17
-52
-75
-98
-110
-139
-166
-185
-213
-206
-212
-211
-201
-201
-197
-197
-197
-169
-149
-113
-111
-100
-75
-56
-22
3
14
30
48
55
71
90
121
133
123
111
59
23
-11
-52
-93
-145
-184
-215
-252
-279
-288
-275
-264
-266
-230
-205
-178
-143
-102
-63
-30
-8
14
22
33
62
85
92
95
108
117
121
102
90
85
74
57
28
-3
-37
-74
-110
-140
-152
-159
-180
-176
-175
-177
-158
-145
-128
-99
-78
-43
-24
-7
12
14
11
12
36
59
79
64
48
46
51
58
58
51
34
8
-26
-57
-77
-99
-116
-130
-160
-190
-201
-229
-217
-191
-189
-171
-156
-120
-97
-83
-64
-38
-14
-4
9
3
19
33
51
67
76
87
85
84
63
51
57
43
36
2
-32
-67
-100
-123
-126
-126
-128
-125
-126
-110
-87
-56
-22
17
37
52
66
94
117
124
112
118
121
127
133
128
123
110
102
78
63
49
44
19
4
-27
-52
-69
-96
-108
-119
-111
-107
-113
-101
-76
-67
-28
-5
17
46
34
31
60
81
86
91
75
75
63
58
66
73
79
69
46
21
7
-16
-30
-48
-64
-85
-122
-151
-174
-177
-173
-173
-164
-139
-128
-111
-82
-65
-26
-2
22
22
33
47
52
70
89
83
75
65
56
70
84
76
79
62
43
22
14
13
0
-5
-29
-42
-47
-47
-36
-33
-17
-14
-11
9
15
28
40
46
67
60
54
52
51
45
29
33
20
30
25
17
16
23
42
48
43
28
32
21
10
-2
-1
-2
-10
-17
-23
-13
-4
7
9
11
21
14
20
24
27
14
-2
-9
-31
-24
-20
-25
-32
-41
-51
-71
-90
-82
-69
-73
-93
-103
-121
-128
-118
-118
-106
-91
-81
-76
-64
-29
4
43
70
82
91
102
104
98
84
78
57
30
26
6
-13
-13
-19
-27
-21
-29
-46
-66
-66
-64
-77
-83
-77
-86
-92
-92
-91
-66
-47
-12
7
27
49
60
80
100
110
105
102
96
86
87
81
75
80
68
57
63
69
74
79
87
94
88
81
94
73
64
50
39
30
22
20
22
17
12
17
24
52
62
54
63
52
35
30
21
12
-5
-27
-45
-69
-86
-90
-86
-84
-79
-69
-59
-47
-38
-27
-34
-23
-17
6
23
24
33
38
41
63
98
138
163
180
180
186
202
202
202
192
158
119
79
40
24
2
-9
-44
-64
-70
-82
-71
-71
-58
-62
-50
-55
-54
-53
-48
-39
-26
-14
-14
17
37
55
88
126
155
175
194
205
215
218
230
234
222
212
193
167
161
151
143
130
115
121
117
107
96
95
85
89
83
60
50
35
14
15
0
3
3
12
20
13
13
15
26
33
41
37
44
44
40
27
16
12
3
11
1
2
11
11
22
27
42
52
72
95
113
109
123
131
122
129
143
153
154
152
154
147
146
141
126
130
123
106
74
69
52
34
20
-3
-23
-38
-46
-61
-74
-59
-43
-51
-48
-29
-23
5
20
25
48
61
77
86
97
115
126
136
158
162
155
163
179
179
178
162
138
136
135
135
121
106
99
83
77
65
60
68
59
55
50
36
45
26
24
29
34
18
9
1
-5
3
-7
-22
-22
-17
-16
-16
-9
6
11
14
14
23
34
33
37
54
56
51
47
54
58
83
95
106
112
116
121
143
155
160
167
167
161
152
150
130
121
121
112
86
55
29
7
5
-11
-12
-23
-40
-39
-61
-63
-55
-41
-40
-35
-21
-23
-3
8
35
58
86
106
111
125
154
175
189
208
205
193
182
169
165
161
130
109
79
58
49
31
5
-15
-7
-13
-36
-35
-40
-23
-15
-3
0
3
8
12
48
60
78
90
96
104
106
117
120
114
108
94
62
62
44
41
29
-2
-11
-17
-28
-34
-23
-21
-19
-21
-21
-19
-3
4
0
12
30
37
37
47
73
97
117
124
130
143
146
154
158
165
156
140
111
95
68
53
42
17
-10
-35
-32
-36
-51
-35
-26
-35
-45
-39
-29
-10
21
32
42
53
69
84
95
130
153
174
185
188
197
191
186
182
177
157
127
101
75
56
32
10
-22
-32
-40
-50
-73
-85
-82
-67
-66
-71
-47
-35
-30
-23
0
23
28
48
59
77
88
100
115
126
118
113
114
119
104
106
91
66
51
37
26
23
8
4
-3
-24
-25
-38
-42
-36
-36
-46
-49
-53
-38
-37
-28
8
11
23
34
39
55
70
76
74
100
101
85
77
67
61
54
48
42
35
28
13
4
16
18
19
17
2
16
18
15
15
18
33
39
49
46
57
63
75
74
75
85
93
89
91
92
79
64
47
24
10
-5
-16
-22
-32
-43
-55
-51
-62
-58
-52
-51
-53
-50
-57
-53
-48
-48
-34
-33
-28
-15
-8
-5
15
23
32
46
60
72
91
79
83
73
52
49
49
36
23
5
-3
-13
-22
-34
-30
-24
-34
-28
-37
-40
-40
-35
-31
-37
-33
-33
-30
-26
-15
0
20
21
31
24
33
62
62
65
72
72
60
56
45
51
50
48
35
26
29
35
47
40
50
52
49
47
56
55
58
60
45
52
42
47
44
32
41
50
42
35
27
15
13
10
-1
-5
-9
-3
-21
-16
-10
-13
-8
-9
-10
-14
-2
1
-3
15
21
19
14
11
9
15
21
15
17
14
17
10
18
32
32
29
29
20
17
7
11
13
3
4
-3
-15
-16
-11
9
9
9
17
10
11
10
14
27
27
27
24
22
34
28
35
46
43
40
43
47
48
57
65
67
46
37
32
23
16
8
9
3
3
3
-2
2
14
25
49
50
67
82
88
88
92
103
100
92
84
85
74
70
65
50
51
35
31
30
20
29
17
7
1
-2
-7
-11
-26
-28
-34
-48
-50
-44
-31
-22
-11
-10
-6
4
13
22
22
43
38
24
23
19
23
15
20
18
15
7
4
0
5
1
7
2
-7
-7
-7
-2
-11
-9
-15
-9
2
1
19
24
19
30
38
46
46
53
48
51
63
66
65
64
59
61
67
70
65
69
69
66
39
43
40
34
29
6
1
-10
-19
-19
-19
-14
-5
-14
-5
13
17
20
23
33
38
30
52
50
53
57
39
33
29
41
42
34
25
18
18
18
13
11
10
10
-4
-13
-21
-20
-17
-27
-20
-12
-6
-9
-9
9
8
13
19
32
38
35
16
18
15
15
15
3
5
-7
-2
-7
-12
-20
-11
-6
-12
-21
-9
1
-13
-15
-22
-8
-9
-9
-3
-16
-5
3
3
24
22
31
41
54
63
62
59
65
92
95
92
92
96
89
91
89
85
72
60
67
47
30
22
20
6
-7
-27
-41
-40
-54
-49
-44
-40
-30
-28
-17
3
6
13
26
39
41
48
54
57
58
50
53
40
43
46
48
67
57
