SAMPLES:	9783
BITSPERSAMPLE:	16
CHANNELS:	1
SAMPLERATE:	16000
NORMALIZED:	FALSE
-24
-22
-25
-26
-28
-26
-23
-11
-24
-26
-17
-21
-16
-22
-20
-25
-15
-11
-10
-9
-9
-7
-5
-11
-23
-11
-15
-13
5
8
2
7
5
20
21
13
9
7
17
19
23
19
29
30
21
27
16
21
14
12
18
22
16
12
11
9
7
9
-4
-2
9
10
8
9
9
6
18
4
11
15
15
22
19
12
10
12
21
11
6
3
11
18
0
4
10
15
6
9
0
9
16
6
7
7
32
17
7
7
6
3
4
7
2
3
-3
8
2
2
1
2
-2
6
7
8
1
2
3
1
9
5
-2
2
10
8
2
11
10
5
5
-2
6
17
0
-7
2
0
-9
-6
-5
-7
-20
-23
-28
-31
-23
-20
-12
-25
-36
-37
-34
-24
-28
-30
-41
-37
-39
-36
-27
-26
-21
-39
-38
-32
-38
-40
-42
-42
-62
-30
-66
-13
-68
-26
-74
-25
-67
-41
-59
-59
-43
-56
-42
-58
-57
-53
-49
-43
-37
-52
-32
-61
-48
-46
-63
-39
-62
-44
-45
-63
-40
-61
-35
-41
-55
-43
-73
-36
-59
-53
-51
-64
-46
-53
-50
-43
-48
-48
-71
-44
-50
-59
-50
-73
-47
-63
-46
-51
-54
-38
-45
-53
-45
-54
-37
-45
-40
-49
-39
-36
-38
-26
-35
-29
-26
-22
-29
-17
-23
-26
-35
-41
-33
-25
-28
-28
-21
-29
-29
-30
-32
-35
-38
-45
-36
-37
-46
-46
-39
-36
-40
-37
-37
-38
-39
-43
-37
-34
-37
-42
-31
-38
-51
-42
-50
-53
-50
-53
-52
-54
-51
-49
-54
-52
-44
-46
-38
-43
-48
-42
-37
-39
-24
-24
-38
-33
-37
-36
-32
-21
-30
-37
-36
-29
-26
-28
-21
-22
-28
-24
-20
-9
-12
-4
-12
-11
1
-8
-4
-3
2
13
5
0
4
2
3
9
10
6
6
3
12
8
-1
0
-1
-6
-20
0
-7
-16
-9
-11
2
0
0
-12
-10
2
-1
1
-7
5
-9
-13
-6
-11
-13
-23
-14
-28
-25
-13
-14
-25
-26
-23
-21
-16
-25
-20
-19
-19
-22
-23
-22
-9
2
-5
0
8
6
4
5
11
14
12
11
8
16
21
26
22
24
24
24
30
27
21
22
18
27
13
20
33
22
19
19
6
5
16
6
19
19
16
17
10
10
13
6
-1
-3
5
4
9
3
1
-1
0
-5
-5
-3
-7
-7
4
3
0
-4
-8
-12
-15
-14
-11
-28
-24
-29
-38
-38
-40
-33
-48
-52
-47
-45
-49
-49
-39
-39
-32
-38
-39
-27
-31
-33
-41
-35
-33
-39
-29
-40
-39
-29
-24
-22
-27
-32
-29
-28
-25
-24
-31
-34
-27
-31
-26
-26
-37
-34
-30
-31
-30
-30
-43
-43
-35
-31
-33
-38
-25
-25
-22
-33
-28
-30
-44
-45
-38
-37
-30
-39
-57
-41
-29
-37
-61
-60
-48
-27
-43
-75
-68
-43
-35
-43
-69
-92
-74
-46
-30
-48
-75
-91
-78
-56
-43
-53
-72
-71
-57
-52
-58
-55
-49
-37
-41
-62
-55
-37
-24
-31
-46
-47
-44
-40
-25
-11
-17
-30
-39
-34
-14
-19
-21
-23
-36
-26
-34
-14
-7
0
-16
-26
-15
-10
-14
-22
-23
-24
-11
-16
-10
-15
-8
-15
-10
-5
-5
4
-3
2
-2
-2
-13
-2
5
-1
2
-8
-16
-11
-10
-7
-5
-21
-18
-18
-22
-18
-18
-19
-12
-13
-15
-19
-16
-16
-13
-16
-23
-27
-12
-21
-23
-20
-19
-10
-17
-6
-15
-11
2
-2
-2
4
5
11
19
25
19
15
16
10
20
22
20
19
16
19
14
20
14
13
11
13
11
5
1
-6
5
22
18
23
20
21
26
13
23
24
21
21
18
18
16
17
18
21
22
20
9
15
17
5
8
18
11
4
3
2
-2
-2
-5
10
15
12
17
19
21
14
16
15
19
18
20
21
30
31
26
26
29
29
25
24
32
25
30
34
36
37
44
47
34
37
31
41
35
31
32
43
45
48
46
41
46
35
37
42
46
46
44
48
44
35
39
30
32
29
38
34
37
42
29
15
28
32
22
19
14
12
19
15
10
13
12
13
11
9
5
-5
-5
-1
-8
-16
-9
-12
-12
-18
-24
-13
-11
-19
-18
-9
-16
-11
-14
-15
-15
-14
-10
-12
-8
4
2
6
0
-7
0
-4
1
-4
-1
7
6
7
3
-2
0
-3
-4
9
-2
-10
5
2
3
8
4
5
6
3
2
4
4
1
11
-4
1
6
6
-5
0
12
5
1
-1
-7
-12
-14
-9
-8
-18
-16
-19
-11
-12
-17
-4
1
-4
-3
-4
-11
-14
-15
-11
-1
-11
-7
0
-3
-1
-10
0
-3
-5
-10
-11
-2
5
6
9
12
12
13
17
16
8
10
8
5
14
17
22
27
23
20
29
33
29
28
35
36
36
40
41
42
39
41
48
33
30
41
33
33
36
43
52
39
37
50
39
48
39
39
47
33
28
24
25
32
30
30
16
23
29
24
23
21
22
14
22
20
18
18
25
23
19
26
24
15
24
34
22
26
32
26
12
13
23
20
25
31
23
29
39
36
42
31
40
52
51
47
34
35
39
50
47
46
40
45
47
41
43
42
40
36
44
47
49
48
49
46
49
45
55
56
48
55
47
52
49
55
53
40
46
46
41
44
53
44
38
33
38
37
32
37
36
33
33
31
34
38
46
32
41
35
35
36
40
44
37
33
31
38
36
44
30
33
36
30
35
39
40
35
34
39
44
40
44
46
50
49
50
53
52
57
63
54
61
69
64
63
63
74
68
65
61
58
64
59
59
54
55
47
54
51
51
48
46
42
36
50
39
46
33
35
33
24
21
25
32
26
27
26
27
17
17
18
24
16
8
20
17
9
12
14
13
17
20
13
15
-7
4
10
4
8
15
14
17
3
13
11
7
10
15
26
19
15
14
23
19
16
26
28
31
31
22
23
24
26
34
24
27
31
28
31
24
28
23
22
32
22
37
32
28
40
32
29
28
38
27
30
44
34
35
33
31
25
22
19
21
16
10
18
7
17
15
12
11
11
5
7
9
1
16
14
14
15
23
13
15
21
14
20
20
19
12
10
18
10
17
18
10
16
14
21
26
27
19
24
23
24
25
28
27
34
33
26
48
41
51
47
53
45
45
47
46
49
51
56
50
70
62
63
62
58
56
45
54
60
47
55
53
51
61
52
56
63
57
51
55
51
57
58
47
51
42
50
42
38
38
42
43
44
43
32
35
43
35
43
43
48
39
42
41
41
51
51
50
46
47
47
41
45
46
36
41
34
41
41
32
40
38
38
50
49
47
50
34
41
45
41
49
41
43
49
44
46
45
50
44
42
47
51
61
50
54
49
49
46
51
55
51
45
43
54
51
58
59
55
49
44
47
47
55
50
54
47
44
44
52
51
55
56
60
63
54
49
55
55
49
49
48
44
45
47
50
58
50
59
56
51
57
52
58
58
55
49
52
56
52
53
46
49
56
38
49
48
43
46
47
45
45
56
50
45
48
43
47
47
50
48
41
54
46
39
48
45
47
40
38
35
27
26
27
32
24
20
30
20
22
22
19
22
15
7
11
10
22
15
4
13
9
10
10
6
10
-1
5
9
11
4
-2
-1
-12
-2
-5
-2
1
-3
-4
-4
-2
-2
3
-5
-3
-1
-5
2
6
2
7
15
8
9
15
11
2
4
2
-7
-7
-8
-3
-6
0
-5
-3
-11
-8
-11
-9
0
0
3
-1
1
3
-1
4
5
-11
-8
2
4
0
3
4
9
1
-2
-4
1
-3
-4
-4
-1
2
-5
-1
0
-2
-4
8
-5
-2
0
2
4
-3
-4
-4
-5
-2
0
-8
2
-3
2
-8
-5
-9
-17
-16
-25
-20
-18
-20
-15
-29
-28
-25
-29
-21
-12
-8
-13
-16
-27
-20
-13
-19
-19
-23
-20
-23
-28
-32
-35
-33
-18
-30
-40
-26
-19
-26
-20
-19
-27
-9
-9
3
-3
-2
11
-5
11
4
0
12
11
16
17
17
19
22
35
34
40
32
47
62
46
63
59
61
74
77
76
80
81
80
81
79
92
85
97
100
102
100
93
94
88
91
89
92
92
91
85
73
80
76
68
60
68
58
55
60
53
55
48
27
31
15
11
13
12
11
0
5
-11
-15
-20
-24
-39
-36
-49
-54
-55
-71
-77
-70
-81
-72
-81
-92
-92
-93
-93
-109
-92
-99
-107
-120
-122
-125
-129
-135
-146
-158
-162
-143
-147
-134
-131
-124
-108
-114
-95
-78
-55
-33
-35
-19
-4
8
29
48
56
76
85
102
126
138
166
170
188
198
216
226
235
246
246
245
248
253
258
262
259
253
249
253
248
245
233
223
222
214
204
194
174
172
159
141
136
127
129
122
122
117
108
109
90
94
85
81
75
64
66
56
43
31
28
5
-13
-12
-24
-39
-47
-66
-73
-81
-92
-99
-107
-123
-142
-148
-165
-174
-186
-197
-210
-224
-238
-251
-263
-278
-293
-332
-350
-367
-364
-343
-317
-318
-324
-335
-298
-243
-212
-192
-188
-154
-114
-98
-66
-25
24
40
26
40
74
117
149
163
164
174
182
207
247
266
264
237
214
219
237
232
212
183
163
142
132
123
128
113
90
59
44
47
46
39
36
24
-3
-16
-4
5
-4
-9
-31
-29
-9
19
23
22
35
37
47
56
81
94
94
100
98
101
110
123
115
112
101
81
85
92
94
96
85
77
87
86
89
88
92
71
48
41
44
41
35
14
-3
-10
-15
-27
-38
-44
-62
-74
-87
-94
-113
-124
-143
-157
-177
-190
-203
-217
-223
-252
-269
-283
-291
-305
-324
-320
-334
-336
-341
-324
-305
-304
-290
-281
-252
-218
-186
-158
-137
-112
-93
-60
-17
18
44
58
78
92
127
162
180
211
224
227
242
261
282
292
290
284
280
277
262
263
256
231
220
197
188
189
174
162
146
141
121
115
118
111
116
117
114
111
117
114
125
132
118
125
129
125
117
120
121
110
105
105
99
91
91
89
89
87
86
79
79
70
57
57
39
24
5
-5
-7
-27
-35
-46
-56
-66
-73
-89
-102
-107
-130
-155
-166
-192
-211
-237
-260
-287
-309
-343
-384
-421
-461
-467
-426
-411
-427
-431
-395
-309
-250
-225
-205
-162
-102
-53
-59
-35
26
84
63
30
49
125
175
183
190
198
242
268
286
338
377
372
333
311
330
351
336
275
254
241
219
196
179
183
159
131
90
85
101
105
96
69
40
41
33
35
38
13
-24
-45
-47
-32
-31
-33
-54
-46
-39
-35
-13
18
31
39
59
80
109
133
145
152
151
138
150
142
143
135
118
125
123
148
157
160
182
198
194
185
194
191
172
150
120
114
104
90
72
57
39
29
11
-3
-10
-33
-55
-85
-99
-122
-145
-181
-208
-245
-276
-311
-339
-358
-393
-432
-465
-499
-540
-567
-568
-563
-535
-523
-527
-499
-443
-369
-329
-279
-240
-166
-135
-108
-72
-34
19
33
44
56
94
138
160
196
221
256
280
294
328
363
378
363
342
330
328
314
285
252
218
190
162
146
131
111
103
87
56
53
63
66
53
41
24
2
-2
-7
2
-16
-26
-42
-39
-29
-10
2
9
20
27
44
63
90
93
106
105
119
106
119
130
114
108
99
101
110
127
126
133
145
140
144
144
145
138
140
119
97
94
86
63
49
28
27
20
10
6
-12
-22
-45
-58
-89
-115
-144
-167
-196
-217
-247
-285
-313
-352
-382
-414
-452
-496
-530
-551
-536
-490
-467
-471
-459
-410
-342
-263
-206
-164
-110
-71
-48
-32
19
65
70
78
75
95
132
178
210
249
267
284
314
339
378
410
406
374
355
344
337
329
298
251
206
159
138
136
137
126
94
78
71
72
87
102
80
51
30
15
21
20
5
-12
-32
-45
-42
-19
-12
3
1
5
21
39
74
88
102
122
122
128
143
155
150
149
121
117
134
144
163
163
166
177
189
194
196
208
206
183
175
177
162
148
129
116
96
80
74
60
54
24
2
-23
-40
-64
-92
-116
-138
-176
-214
-234
-265
-294
-349
-386
-414
-452
-486
-523
-561
-575
-560
-534
-527
-502
-481
-430
-374
-310
-237
-183
-139
-107
-73
-43
-8
31
53
55
49
68
108
154
192
236
249
284
295
332
386
415
414
391
370
365
367
347
318
260
211
163
142
136
132
118
88
68
66
79
88
96
81
45
22
13
14
18
-4
-26
-54
-63
-53
-45
-45
-44
-62
-66
-46
-22
0
16
29
30
27
45
67
77
79
74
66
71
85
112
136
132
139
147
151
172
176
175
167
146
137
141
140
125
114
95
79
74
56
50
23
-2
-29
-54
-68
-90
-115
-145
-188
-209
-248
-276
-301
-344
-379
-419
-453
-488
-520
-547
-566
-583
-570
-559
-532
-495
-461
-420
-379
-298
-223
-167
-129
-105
-69
-41
-17
3
27
50
57
84
115
169
228
260
275
298
332
374
394
414
417
426
398
373
361
341
311
248
192
156
166
151
137
136
122
128
119
119
137
135
108
78
71
50
50
45
27
-3
-18
-29
-41
-23
-20
-41
-45
-50
-38
-14
6
17
16
30
28
50
68
78
83
86
84
101
126
143
151
158
156
154
167
171
179
177
161
148
146
147
136
126
116
103
84
67
55
39
27
9
-22
-47
-62
-90
-115
-140
-172
-211
-245
-272
-307
-343
-386
-430
-463
-498
-521
-538
-545
-556
-552
-530
-476
-430
-404
-358
-290
-217
-159
-120
-76
-38
-6
-10
-7
23
62
86
95
102
158
210
239
269
304
344
378
381
396
427
442
422
387
349
327
308
257
208
184
169
156
148
145
160
175
156
143
148
146
135
118
94
83
71
52
50
39
26
4
-9
-10
-5
-7
-14
-8
-17
-4
6
25
44
43
54
68
66
88
103
100
111
118
134
138
169
173
171
162
167
182
172
183
177
181
166
154
157
144
132
116
92
70
65
55
20
2
-10
-45
-70
-99
-117
-139
-182
-211
-238
-276
-307
-344
-380
-424
-474
-517
-538
-562
-579
-606
-602
-581
-534
-506
-472
-424
-357
-277
-215
-158
-120
-67
-36
-20
-25
-11
41
54
58
81
118
174
202
227
259
303
350
368
379
396
414
420
398
349
317
289
243
180
137
119
111
124
126
139
144
135
127
134
126
105
102
88
64
56
48
44
35
27
-6
-14
-18
-23
-26
-35
-42
-39
-29
-30
-13
17
34
37
43
46
59
88
99
99
110
116
122
138
140
141
144
149
144
142
144
139
143
141
128
126
119
116
94
70
53
34
31
0
-28
-45
-58
-81
-102
-127
-161
-180
-214
-244
-280
-315
-343
-381
-421
-479
-518
-539
-563
-583
-599
-599
-571
-522
-497
-467
-419
-347
-271
-212
-168
-108
-44
-5
-13
2
37
80
83
71
82
132
194
224
228
267
324
376
375
383
428
447
439
381
339
297
263
216
144
115
115
121
127
116
121
151
138
126
124
125
134
125
106
83
82
72
65
54
27
17
13
6
-5
-21
-13
-15
-19
-14
-21
-6
14
21
34
35
44
63
75
83
92
95
111
117
134
135
132
140
144
149
147
162
169
173
171
162
162
154
145
134
117
92
83
62
47
28
1
-7
-37
-71
-99
-115
-139
-167
-196
-231
-269
-301
-343
-385
-433
-473
-506
-532
-556
-578
-593
-577
-532
-506
-491
-441
-384
-318
-252
-214
-162
-82
-26
-3
6
37
82
115
124
124
162
212
251
267
285
332
378
418
426
436
467
491
444
384
332
295
235
170
123
104
115
118
122
121
140
141
140
116
113
110
110
102
88
77
69
54
55
37
27
12
-2
-1
-15
-28
-23
-4
-19
-17
-14
-2
9
25
34
35
53
64
76
81
102
116
118
114
123
135
135
133
130
130
138
139
134
130
125
122
96
97
87
70
46
29
14
-10
-24
-39
-53
-83
-113
-123
-155
-179
-206
-242
-265
-295
-337
-377
-419
-478
-522
-565
-588
-616
-640
-646
-633
-600
-577
-542
-499
-422
-356
-314
-265
-212
-132
-80
-52
-33
4
58
94
96
94
136
201
225
240
262
317
379
406
415
434
469
477
446
370
306
256
197
123
55
40
64
76
74
68
85
100
103
98
88
96
111
102
80
71
68
64
57
34
13
2
-6
-14
-29
-38
-29
-23
-31
-20
-6
10
21
35
40
49
70
90
106
118
132
142
144
158
170
172
167
170
165
171
170
167
159
162
154
147
144
128
103
91
82
59
45
18
-9
-17
-45
-67
-95
-117
-136
-161
-191
-232
-266
-300
-336
-378
-437
-486
-538
-577
-600
-634
-663
-665
-644
-611
-580
-558
-507
-423
-351
-287
-249
-176
-105
-56
-21
-3
47
105
138
133
147
199
265
293
297
320
396
458
468
475
509
540
530
481
407
333
257
177
67
-26
-33
-23
9
26
41
74
97
116
114
118
121
127
128
102
89
97
103
95
73
55
46
47
55
32
22
33
41
35
27
53
67
76
78
85
94
114
130
149
147
165
193
205
205
216
212
210
204
206
203
202
214
210
204
193
187
166
163
147
106
82
75
58
38
18
-10
-34
-64
-96
-124
-154
-181
-221
-254
-292
-348
-395
-469
-533
-592
-642
-678
-712
-738
-735
-697
-647
-629
-591
-515
-414
-318
-263
-202
-132
-39
22
43
75
131
199
215
204
234
305
365
388
399
429
511
567
574
586
614
632
617
545
464
388
291
159
-7
-134
-178
-159
-133
-96
-71
-19
31
51
57
76
117
133
107
91
100
116
106
81
53
46
55
51
36
20
34
52
61
55
64
92
131
150
132
128
148
180
191
180
184
218
242
261
275
294
298
306
303
292
293
295
294
279
267
255
245
246
218
173
152
141
129
85
48
31
13
-26
-61
-89
-126
-160
-196
-253
-297
-343
-410
-468
-556
-630
-703
-765
-804
-850
-866
-833
-785
-740
-696
-612
-500
-347
-265
-194
-108
6
103
143
149
210
281
317
297
294
343
424
472
473
478
549
639
675
644
645
683
691
617
510
420
342
225
37
-143
-289
-366
-412
-443
-410
-342
-258
-192
-143
-67
-4
52
79
71
67
78
94
88
74
55
49
57
40
20
17
21
44
35
34
53
95
120
121
124
123
134
126
107
86
89
124
157
170
185
218
266
287
287
284
277
285
267
228
188
173
168
133
91
60
34
12
-15
-40
-66
-81
-104
-140
-194
-233
-265
-310
-372
-456
-538
-618
-704
-800
-921
-1014
-1083
-1114
-1143
-1109
-1037
-972
-908
-797
-638
-428
-274
-165
-70
72
205
280
306
339
388
419
371
336
373
460
492
480
464
529
633
681
647
626
639
614
516
385
285
197
68
-135
-341
-489
-578
-666
-769
-846
-866
-822
-746
-656
-547
-421
-311
-213
-146
-89
-30
9
28
9
10
27
64
104
121
163
224
286
327
357
389
413
407
367
300
228
165
81
-11
-102
-149
-169
-147
-107
-50
43
163
265
355
420
463
495
494
468
426
375
335
289
226
175
129
111
87
54
37
16
-5
-31
-93
-162
-232
-332
-439
-573
-720
-875
-1030
-1206
-1365
-1498
-1542
-1473
-1333
-1209
-1120
-991
-717
-367
-53
132
277
460
662
763
768
788
857
897
793
615
577
678
788
749
662
698
830
944
920
861
877
888
740
479
258
145
25
-202
-529
-768
-848
-841
-885
-957
-933
-793
-629
-534
-433
-252
-42
94
93
72
120
223
271
191
113
128
217
289
307
356
476
615
687
701
743
842
911
835
694
571
506
432
279
85
-59
-125
-169
-233
-267
-209
-107
-29
9
71
181
322
400
401
394
424
472
454
409
358
353
331
277
206
137
110
69
-35
-180
-296
-362
-451
-636
-851
-1041
-1218
-1442
-1712
-1991
-2180
-2244
-2139
-1933
-1686
-1467
-1185
-755
-167
367
748
974
1205
1454
1569
1499
1397
1357
1320
1089
756
568
646
747
697
540
511
664
767
688
541
478
415
173
-242
-626
-785
-873
-1108
-1425
-1601
-1508
-1284
-1083
-911
-637
-239
128
351
504
721
974
1069
963
764
663
668
641
463
290
271
369
462
482
506
623
745
747
614
499
452
389
211
-31
-187
-217
-224
-239
-219
-107
95
266
384
525
695
839
896
834
778
747
701
607
482
379
347
348
320
264
235
229
204
94
-61
-216
-351
-502
-723
-988
-1193
-1349
-1511
-1739
-1976
-2187
-2369
-2589
-2826
-2947
-2784
-2287
-1709
-1325
-1099
-674
177
1102
1636
1706
1713
1954
2163
1994
1543
1267
1249
1079
547
10
-9
325
431
93
-257
-155
116
95
-316
-639
-702
-796
-1258
-1809
-1960
-1696
-1494
-1579
-1633
-1246
-495
193
556
829
1204
1598
1747
1636
1490
1411
1267
916
439
74
9
40
-43
-245
-352
-252
-79
-27
-133
-242
-303
-414
-653
-918
-1034
-1017
-994
-1026
-932
-589
-49
459
792
1072
1432
1737
1861
1758
1544
1312
1041
657
266
-19
-135
-188
-271
-346
-283
-109
55
52
-71
-217
-327
-498
-764
-1056
-1267
-1371
-1460
-1557
-1574
-1474
-1346
-1270
-1334
-1445
-1609
-1792
-2118
-2443
-2625
-2399
-1870
-1271
-969
-680
-62
1027
1970
2347
2173
2062
2150
2099
1477
678
166
6
-359
-1019
-1454
-1156
-571
-335
-558
-654
-281
130
44
-428
-728
-733
-857
-1332
-1691
-1452
-815
-342
-166
135
867
1755
2283
2306
2214
2172
2036
1532
800
175
-175
-461
-885
-1273
-1336
-1004
-587
-403
-380
-276
-7
179
85
-227
-462
-559
-646
-806
-854
-554
-36
436
791
1190
1715
2189
2378
2189
1860
1514
1110
549
-45
-499
-739
-842
-874
-796
-535
-174
141
277
293
282
239
74
-254
-620
-887
-1009
-1057
-1084
-1010
-777
-453
-248
-185
-213
-284
-502
-993
-1728
-2502
-3139
-3606
-3857
-3575
-2600
-1358
-468
18
799
2218
3536
3756
2901
1966
1605
1302
339
-924
-1537
-1310
-1069
-1319
-1426
-665
584
1138
703
57
8
159
-299
-1343
-2045
-2005
-1719
-1708
-1576
-691
769
1924
2353
2502
2925
3411
3305
2415
1289
445
-170
-810
-1454
-1699
-1448
-935
-545
-282
108
688
1069
941
444
-84
-404
-645
-920
-1143
-1079
-642
-48
499
1066
1755
2389
2710
2608
2246
1858
1441
890
226
-355
-643
-657
-577
-422
-122
285
649
832
829
721
591
368
34
-337
-557
-563
-471
-359
-193
52
337
542
572
470
317
78
-314
-844
-1385
-1851
-2260
-2763
-3282
-3689
-3713
-3185
-1891
-292
895
1250
1399
2182
3424
3934
3074
1599
780
676
388
-547
-1172
-813
-45
-34
-643
-686
251
1006
453
-897
-1647
-1365
-1090
-1477
-1879
-1380
-250
492
659
1110
2305
3406
3414
2552
1838
1767
1658
896
-196
-817
-779
-633
-743
-828
-431
262
601
329
-94
-161
12
-82
-590
-1029
-971
-470
48
383
716
1297
1907
2204
2031
1722
1482
1297
869
298
-188
-346
-189
-26
61
160
406
623
677
579
434
361
262
121
-37
-89
29
186
251
278
367
441
419
255
35
-154
-285
-435
-624
-746
-807
-813
-907
-1068
-1357
-1717
-2216
-2816
-3465
-3997
-3853
-2612
-591
939
1361
1329
2276
4000
4862
3733
1694
526
442
-46
-1465
-2520
-1884
-566
-229
-1081
-1236
74
1401
909
-908
-2002
-1594
-1029
-1477
-2070
-1342
367
1540
1575
1708
2837
4060
3881
2342
931
542
451
-345
-1496
-1902
-1309
-611
-525
-609
-86
870
1238
585
-347
-619
-306
-207
-618
-910
-504
392
1070
1293
1473
1868
2121
1791
973
357
176
141
-206
-572
-454
64
577
710
778
934
1057
857
360
-14
-13
167
122
-45
53
483
882
873
609
379
324
210
-145
-575
-765
-629
-506
-551
-596
-451
-241
-288
-649
-1150
-1546
-1965
-2602
-3422
-4103
-4358
-3732
-2102
260
2026
2536
2364
2926
4135
4444
2839
475
-736
-702
-941
-2027
-2556
-1241
614
991
-245
-888
38
992
98
-2063
-3137
-2349
-1249
-1111
-1068
336
2465
3495
2924
2293
2737
3276
2398
335
-1119
-1083
-571
-761
-1291
-985
183
957
563
-226
-275
311
377
-541
-1420
-1263
-315
389
461
539
1133
1801
1815
1182
709
758
864
413
-300
-441
64
667
772
687
746
918
819
362
-32
-45
152
78
-187
-60
532
1181
1372
1180
928
800
611
155
-365
-650
-536
-375
-356
-283
-20
325
422
162
-276
-642
-940
-1371
-1830
-2175
-2314
-2479
-2899
-3340
-3579
-3264
-2014
62
1951
2486
1870
1660
2725
3714
2900
639
-845
-520
63
-774
-2080
-1618
428
1493
80
-1852
-1723
-95
278
-1455
-3000
-2325
-477
261
-124
400
2336
3657
2867
1218
939
1968
2106
466
-1228
-1134
69
381
-515
-1014
-178
755
332
-1016
-1552
-739
128
-50
-719
-571
449
1240
1158
748
826
1089
963
314
-141
-33
286
330
135
293
696
975
724
410
497
641
480
-63
-257
91
586
736
514
512
801
1090
898
447
203
245
241
-25
-252
-193
125
349
300
201
117
39
-255
-621
-882
-975
-1112
-1373
-1558
-1554
-1487
-1703
-2212
-2897
-3393
-3677
-3140
-1543
801
2292
2248
1726
2284
3625
3688
1696
-563
-1002
-233
-445
-1963
-2518
-682
1488
1310
-865
-2004
-897
287
-590
-2443
-2697
-1033
283
196
199
1809
3693
3577
1655
405
1021
1733
759
-1059
-1490
-220
763
247
-637
-302
769
778
-549
-1697
-1386
-402
-74
-385
-281
618
1371
1338
901
816
963
668
-163
-701
-473
132
403
279
366
963
1393
1234
629
287
408
401
134
-205
-23
527
961
1015
841
831
861
639
211
-75
-92
-19
-37
-12
244
589
731
524
195
9
-189
-596
-1101
-1338
-1200
-1054
-1057
-1252
-1352
-1398
-1665
-2339
-3218
-3937
-3946
-2894
-765
1507
2491
2322
2134
3026
3743
2739
352
-1262
-922
-191
-841
-2129
-1703
588
2115
1014
-1190
-1813
-841
-495
-1760
-2778
-1841
-14
713
408
995
2856
3835
2515
348
-203
691
961
-201
-1168
-370
1202
1527
465
-253
237
735
-107
-1641
-2209
-1378
-364
-58
19
662
1545
1675
965
263
154
106
-414
-1067
-955
-79
764
1014
963
1202
1472
1262
509
-96
-145
60
121
88
356
940
1320
1248
905
650
487
156
-274
-429
-148
233
443
503
680
903
872
459
-115
-502
-686
-863
-1064
-1119
-879
-548
-433
-602
-999
-1425
-1939
-2521
-3334
-4032
-4393
-3662
-1627
1069
2836
2781
2074
2229
3063
2666
429
-1745
-1760
-294
187
-980
-1600
5
2117
1942
-513
-2354
-2031
-1120
-1586
-2569
-1980
123
1495
1144
759
1865
3111
2325
-35
-1316
-387
852
583
-351
29
1693
2480
1368
-257
-643
-175
-453
-1666
-2358
-1566
-136
594
670
956
1556
1549
581
-499
-831
-612
-685
-988
-834
110
1126
1384
1102
867
950
739
67
-519
-500
52
502
648
802
1145
1377
1120
515
36
-162
-306
-451
-362
122
736
1057
1035
880
779
578
93
-459
-797
-778
-666
-599
-521
-362
-158
-207
-504
-1036
-1637
-2233
-2711
-3110
-3433
-3672
-3558
-2459
-171
2185
2943
1936
952
1484
2319
1514
-781
-1961
-627
1257
1127
-607
-1033
648
1873
426
-2218
-3064
-1811
-950
-1557
-1845
-290
1740
1960
684
318
1482
2039
494
-1442
-1285
626
1750
1085
392
1210
2482
2189
335
-1109
-1033
-482
-764
-1476
-1303
-110
911
987
696
750
870
380
-633
-1234
-884
-232
-9
-112
200
930
1344
1024
328
43
177
257
-8
-180
173
805
1191
1094
852
692
504
118
-272
-386
-196
52
235
492
834
1088
1016
663
331
124
-61
-323
-503
-459
-267
-109
-147
-335
-500
-605
-761
-1193
-1798
-2288
-2617
-2885
-3297
-3464
-2823
-922
1289
2323
1576
502
843
1920
1801
-119
-1616
-798
1153
1614
181
-771
332
1677
873
-1534
-2760
-1817
-763
-1163
-1776
-790
1082
1666
605
-87
729
1533
574
-1233
-1435
305
1796
1522
664
965
2123
2330
965
-512
-818
-353
-301
-816
-840
2
871
969
529
357
488
278
-407
-940
-730
-158
117
67
224
763
1097
859
228
-128
-72
76
99
101
334
678
872
841
753
640
394
54
-143
-87
56
128
211
413
676
749
536
204
38
5
-84
-196
-278
-228
-140
-113
-131
-229
-410
-667
-917
-1122
-1412
-1833
-2311
-2656
-2841
-2919
-2715
-1544
364
1818
1552
246
28
1111
1790
456
-1329
-1133
824
1899
757
-642
-83
1435
1286
-781
-2317
-1713
-530
-682
-1507
-1133
367
1104
310
-463
95
1011
577
-854
-1311
-44
1381
1452
711
642
1410
1765
970
-84
-373
-22
95
-263
-400
27
562
619
334
202
246
74
-384
-672
-481
3
288
205
214
461
784
729
309
-3
29
262
312
252
305
523
672
610
468
409
368
189
17
47
216
318
216
129
245
363
253
-67
-263
-242
-171
-236
-371
-422
-369
-297
-331
-444
-582
-728
-980
-1266
-1650
-2046
-2408
-2658
-2694
-2104
-755
774
1356
585
-134
271
1206
908
-652
-1371
-175
1392
1319
45
-222
973
1593
372
-1272
-1344
-235
71
-751
-1110
-267
604
209
-665
-537
381
599
-317
-990
-306
947
1322
726
386
772
1199
881
170
-61
235
504
312
107
253
560
599
282
-30
-91
-82
-110
-134
-14
165
288
256
232
296
374
368
211
99
116
300
475
534
524
533
571
569
477
413
419
438
391
328
267
252
233
249
263
205
99
-20
-85
-107
-195
-342
-469
-554
-573
-636
-666
-707
-804
-981
-1159
-1342
-1545
-1834
-2112
-1932
-1261
-240
214
31
-402
-238
296
425
-152
-629
-203
575
723
206
49
625
1044
518
-385
-579
-37
295
60
-165
156
506
317
-222
-379
-49
112
-196
-505
-289
339
736
697
516
578
699
579
289
116
243
386
345
251
323
549
615
425
172
60
52
32
5
25
108
171
226
264
238
154
30
8
56
121
127
144
232
356
439
409
306
214
191
235
252
229
194
202
246
286
322
269
156
36
21
94
124
32
-113
-126
11
78
-70
-343
-474
-486
-515
-695
-869
-957
-949
-963
-910
-663
-381
-312
-623
-888
-970
-762
-622
-564
-581
-523
-443
-372
-219
-30
-3
-213
-560
-558
-337
-25
80
51
188
388
526
363
172
135
227
294
182
95
172
373
563
535
484
380
330
264
249
346
423
437
298
229
300
406
373
151
-5
17
146
207
154
132
233
397
428
321
170
81
97
113
103
70
86
152
282
376
366
282
219
228
268
241
128
24
49
111
189
218
199
186
145
144
140
97
10
-94
-116
-83
-43
-70
-133
-197
-249
-355
-550
-786
-1032
-1057
-909
-591
-507
-642
-969
-1030
-702
-288
-176
-516
-903
-903
-529
-161
-158
-368
-538
-385
-76
111
194
82
64
44
104
78
-63
-203
-195
34
267
349
292
250
383
552
624
456
226
153
261
544
684
672
519
447
536
617
597
397
242
264
460
630
596
465
375
421
457
349
99
-108
-51
164
354
336
216
204
314
374
231
-27
-178
-141
-3
112
175
230
232
195
161
152
103
-13
-152
-154
-29
82
77
-5
-10
45
74
-63
-332
-550
-605
-591
-638
-832
-908
-764
-369
-64
-154
-556
-997
-971
-646
-308
-408
-735
-852
-487
61
301
139
-133
-231
-55
45
98
2
-44
4
136
309
290
165
59
177
401
470
289
18
19
219
352
230
-56
-150
-20
249
426
453
406
332
338
404
474
488
394
330
397
561
625
524
381
365
461
499
408
267
303
493
639
577
324
147
121
165
127
14
-43
29
199
319
361
314
189
31
-70
-72
-61
-76
-111
-48
123
232
162
-47
-167
-184
-189
-328
-498
-602
-599
-601
-648
-789
-867
-758
-534
-335
-482
-793
-1131
-1019
-641
-267
-246
-465
-614
-444
-104
45
-108
-347
-501
-349
-148
39
112
140
256
340
406
299
147
38
80
182
228
199
119
182
352
510
528
331
168
116
284
465
473
339
154
134
200
261
214
101
49
94
229
347
387
352
309
294
345
386
332
237
193
248
297
240
141
93
210
372
409
276
135
146
245
249
71
-104
-142
-38
54
51
87
173
250
222
73
-37
-107
-173
-265
-339
-346
-319
-377
-495
-610
-658
-769
-863
-892
-709
-497
-585
-892
-1190
-986
-575
-268
-420
-706
-740
-395
-19
52
-142
-306
-277
-38
114
212
151
100
108
171
225
120
0
-56
121
335
377
277
178
306
517
596
436
237
169
263
443
519
492
372
289
344
477
520
407
271
287
443
562
480
294
196
251
294
219
95
56
139
246
283
227
159
98
113
200
242
198
59
14
87
192
181
41
-59
-21
159
263
202
73
26
54
35
-116
-296
-361
-308
-252
-246
-260
-272
-336
-452
-639
-741
-715
-597
-502
-609
-754
-886
-744
-498
-303
-324
-476
-538
-429
-234
-164
-232
-337
-366
-207
-61
81
112
119
175
242
291
192
108
79
203
307
308
247
184
272
363
381
274
146
110
153
285
390
432
383
322
350
433
490
406
285
267
395
501
465
373
346
413
418
338
243
229
299
343
348
317
298
275
260
254
213
154
49
10
33
44
17
-33
-13
70
129
80
-2
-48
-49
-48
-125
-226
-283
-251
-185
-169
-190
-243
-308
-419
-547
-733
-798
-775
-650
-646
-797
-912
-857
-571
-384
-366
-458
-462
-383
-311
-281
-242
-194
-177
-157
-69
78
234
264
214
170
151
96
9
-33
38
183
261
271
245
249
307
361
351
261
173
165
249
369
399
334
268
269
300
275
204
176
197
240
275
280
295
331
350
347
300
263
230
218
218
208
193
179
162
159
162
146
98
27
-5
14
38
32
40
85
156
192
191
146
67
-24
-122
-215
-273
-294
-294
-285
-269
-269
-320
-460
-637
-802
-868
-815
-692
-598
-668
-749
-700
-474
-268
-282
-425
-446
-368
-336
-383
-385
-280
-188
-228
-236
-128
53
136
81
71
163
202
141
74
145
319
403
344
275
301
381
411
346
282
267
274
275
308
375
404
360
271
266
357
438
424
366
341
398
440
377
294
261
298
321
274
205
189
206
201
170
131
139
157
145
140
176
205
165
50
-25
-9
45
36
-39
-39
19
65
-17
-140
-209
-216
-246
-321
-367
-326
-290
-302
-351
-415
-479
-571
-621
-596
-502
-541
-680
-781
-650
-427
-343
-436
-484
-368
-234
-209
-270
-253
-125
-58
-39
-14
81
214
294
329
331
309
241
182
179
225
254
245
218
208
246
291
326
295
244
222
257
368
436
417
386
408
469
498
447
391
399
404
365
284
228
224
272
321
350
379
363
338
329
315
282
206
160
151
180
233
247
232
209
150
69
20
-21
-41
-65
-69
-51
-36
-52
-99
-120
-127
-145
-226
-309
-360
-372
-365
-408
-524
-627
-649
-554
-485
-608
-814
-890
-724
-547
-540
-643
-560
-308
-112
-162
-234
-135
3
-29
-159
-175
-38
72
91
125
263
372
325
224
253
367
354
224
155
255
393
424
364
359
438
500
479
395
371
410
424
421
390
398
406
407
400
348
300
230
192
198
252
325
358
371
380
417
403
328
192
96
53
17
-43
-76
-45
15
66
55
15
-21
-58
-91
-130
-175
-223
-239
-223
-204
-186
-203
-221
-228
-278
-368
-477
-547
-636
-693
-680
-556
-453
-531
-674
-645
-441
-350
-481
-659
-541
-254
-116
-218
-259
-75
119
116
-23
-84
-28
-7
-29
-12
80
127
102
133
247
352
283
164
146
220
245
185
149
192
273
296
312
360
403
426
421
437
453
447
431
434
455
442
422
382
369
371
355
340
311
292
284
296
312
295
256
200
179
151
91
27
-30
-49
-34
-11
-1
24
64
72
33
-50
-142
-245
-314
-378
-439
-494
-540
-531
-499
-474
-534
-637
-655
-582
-520
-632
-798
-799
-538
-328
-396
-566
-518
-198
20
-39
-210
-174
26
137
101
37
95
170
200
206
218
227
164
138
212
314
305
215
211
330
471
474
360
258
260
313
350
334
290
278
336
429
486
443
363
349
377
395
359
281
227
260
308
341
312
274
276
331
353
304
221
203
244
284
271
197
163
148
137
78
-10
-102
-153
-162
-160
-154
-174
-221
-246
-241
-260
-368
-505
-597
-621
-645
-688
-665
-533
-459
-509
-585
-517
-293
-208
-365
-572
-513
-268
-112
-172
-253
-167
17
114
136
126
151
160
152
165
179
135
108
188
308
365
301
247
306
429
460
412
349
353
424
459
478
474
428
368
339
402
455
421
333
316
388
474
495
434
402
415
452
418
325
270
289
361
361
300
221
220
259
241
156
43
-36
-80
-85
-84
-103
-145
-160
-163
-167
-185
-255
-319
-352
-364
-387
-408
-462
-468
-514
-503
-485
-434
-448
-594
-721
-714
-503
-383
-431
-577
-541
-354
-172
-127
-174
-185
-124
-53
10
36
52
59
112
201
281
279
251
288
330
361
302
217
191
234
305
347
337
291
289
336
421
428
342
269
277
365
408
369
332
377
435
427
399
387
386
405
411
418
416
409
384
356
332
291
208
131
87
62
43
-6
-59
-70
-57
-62
-107
-154
-191
-228
-261
-316
-332
-370
-398
-398
-375
-376
-416
-513
-619
-601
-517
-439
-573
-734
-781
-568
-323
-287
-417
-482
-325
-148
-96
-168
-176
-103
-45
41
95
163
171
169
231
285
267
146
78
129
259
265
185
141
189
308
374
368
335
335
345
366
396
410
394
379
422
482
520
502
471
479
517
515
451
395
377
409
452
426
362
321
329
363
356
287
216
188
192
179
125
52
5
3
-13
-57
-114
-148
-155
-145
-157
-184
-251
-299
-325
-344
-405
-491
-593
-653
-613
-545
-483
-555
-659
-687
-548
-404
-377
-482
-542
-451
-314
-223
-209
-174
-81
29
149
175
159
144
154
208
244
194
99
124
224
333
348
274
239
273
334
352
316
281
288
318
369
424
426
419
405
429
471
449
394
357
367
399
403
388
400
425
470
490
477
429
378
376
393
392
330
274
271
291
311
252
188
159
130
94
26
-34
-68
-103
-137
-189
-225
-262
-306
-329
-363
-385
-437
-498
-561
-557
-520
-423
-443
-542
-629
-586
-424
-350
-389
-476
-389
-231
-109
-108
-146
-137
-107
-60
-17
-22
-6
5
81
134
179
154
148
202
236
246
183
151
163
231
297
343
377
388
401
450
471
467
412
351
342
379
397
387
350
361
400
444
449
382
366
368
380
354
311
278
266
285
287
268
253
210
187
163
139
115
80
38
8
23
12
-31
-94
-129
-123
-131
-162
-232
-265
-265
-274
-312
-374
-429
-505
-534
-527
-452
-412
-485
-560
-563
-430
-341
-354
-452
-483
-409
-331
-296
-317
-306
-273
-226
-162
-121
-76
-47
1
58
91
88
69
104
166
225
254
268
284
308
362
428
435
376
321
329
382
402
373
316
312
356
398
411
382
343
347
344
342
313
286
289
312
350
348
332
302
301
285
256
179
92
56
41
57
36
7
-31
-34
-15
-34
-71
-125
-140
-145
-135
-161
-201
-216
-210
-222
-234
-256
-286
-328
-376
-377
-352
-309
-319
-358
-417
-426
-399
-357
-347
-364
-345
-310
-261
-218
-188
-165
-157
-157
-150
-137
-122
-102
-57
-1
62
78
110
138
180
201
169
129
112
117
119
136
165
193
228
272
315
367
371
352
349
387
435
449
430
445
494
533
548
534
508
500
493
451
418
378
342
308
257
216
187
126
76
37
22
-5
-47
-89
-129
-127
-127
-132
-163
-182
-180
-171
-173
-184
-200
-217
-242
-256
-270
-282
-296
-328
-322
-313
-325
-329
-335
-320
-303
-302
-309
-322
-296
-273
-258
-245
-229
-197
-154
-110
-98
-102
-101
-63
-38
-41
-34
-47
-29
-25
-3
21
51
90
96
105
118
140
133
143
147
169
189
188
209
261
319
378
414
437
469
491
477
454
430
393
355
320
329
334
328
310
308
331
328
283
245
240
250
256
238
238
244
235
217
183
147
131
104
69
22
-9
-40
-81
-118
-162
-200
-249
-282
-309
-326
-337
-345
-354
-354
-355
-362
-360
-356
-352
-358
-357
-357
-339
-331
-326
-309
-276
-258
-265
-276
-277
-251
-260
-258
-244
-226
-195
-193
-186
-191
-178
-161
-138
-122
-127
-108
-68
-3
46
73
87
97
112
131
152
159
160
188
217
249
269
279
264
288
338
342
327
311
315
333
343
333
314
304
300
322
341
371
373
370
372
364
356
316
268
198
163
140
87
29
-17
-35
-44
-69
-102
-137
-133
-139
-153
-157
-162
-164
-198
-209
-213
-192
-180
-180
-190
-174
-150
-151
-184
-240
-243
-255
-278
-327
-325
-302
-287
-293
-314
-300
-253
-230
-234
-248
-235
-196
-177
-163
-147
-120
-125
-145
-147
-114
-78
-49
-65
-70
-39
-4
1
-21
-17
-3
14
8
2
33
78
127
130
145
168
182
203
239
273
284
274
269
298
318
326
303
291
307
326
336
317
303
316
318
294
262
244
225
206
171
155
148
147
148
150
161
158
141
105
83
88
86
44
-12
-58
-61
-72
-105
-161
-198
-197
-195
-197
-215
-208
-205
-217
-199
-194
-188
-202
-207
-196
-158
-117
-104
-95
-82
-55
-42
-39
-65
-99
-99
-90
-81
-75
-82
-85
-68
-49
-34
-36
-42
-38
-33
-17
-19
-1
16
25
28
24
29
32
52
70
80
97
103
97
101
108
114
102
85
83
102
125
129
146
139
146
147
151
157
144
146
133
158
155
147
153
146
140
117
104
101
107
112
111
103
98
99
72
63
55
47
30
-12
-19
-10
3
14
-2
-7
5
32
51
28
29
36
27
20
-13
-32
-39
-49
-63
-85
-90
-101
-104
-97
-94
-100
-100
-107
-116
-117
-109
-93
-93
-94
-81
-53
-44
-41
-50
-40
-23
-31
-50
-65
-67
-66
-65
-65
-75
-83
-77
-69
-68
-54
-34
-33
-4
12
29
40
34
31
36
53
67
75
77
92
104
122
113
85
71
59
59
30
11
-6
-7
-1
-9
-2
0
10
1
-5
-4
0
1
-10
-11
-13
-16
-27
-36
-52
-43
-51
-50
-37
-48
-37
-38
-35
-22
-19
-26
-45
-28
-21
-21
-41
-50
-48
-26
-16
-16
-10
-7
15
13
16
2
9
3
-7
-13
-22
-35
-47
-48
-46
-31
-30
-50
-59
-68
-54
-55
-82
-91
-93
-75
-57
-58
-68
-51
-47
-45
-70
-81
-64
-73
-63
-71
-65
-61
-67
-65
-73
-78
-75
-92
-102
-91
-73
-64
-71
-81
-78
-61
-60
-51
-42
-31
-9
7
12
19
30
43
43
22
19
12
10
0
-17
-19
-13
3
6
14
22
21
32
23
15
22
6
7
1
-8
-8
-2
2
-9
-11
-3
-3
-22
-39
-44
-47
-47
-47
-55
-51
-43
-47
-34
-35
-32
-26
-31
-29
-22
-17
-8
5
14
37
33
27
18
17
33
29
17
4
-7
1
-6
-7
-11
-21
-32
-56
-59
-69
-72
-84
-104
-91
-82
-66
-82
-88
-74
-74
-79
-100
-100
-104
-90
-94
-80
-89
-80
-84
-88
-83
-84
-81
-82
-87
-86
-64
-58
-39
-40
-33
-10
19
31
55
70
90
112
114
122
117
115
124
111
89
59
49
48
40
37
23
25
30
41
30
22
21
13
-12
-20
-28
-32
-37
-33
-27
-30
-28
-34
-40
-45
-51
-56
-67
-80
-77
-69
-74
-75
-78
-78
-69
-59
-55
-43
-40
-18
10
10
-11
-19
-12
-3
-15
-31
-42
-37
-32
-56
-52
-49
-38
-56
-86
-83
-94
-88
-123
-146
-162
-152
-149
-141
-128
-112
-82
-86
-82
-82
-75
-57
-47
-52
-54
-36
-25
-11
-4
1
20
25
19
16
2
-3
3
-9
-27
-35
-21
-24
-38
-36
-22
17
25
13
11
14
39
38
28
18
14
25
13
-13
-41
-60
-64
-68
-82
-77
-89
-81
-70
-71
-62
-78
-92
-87
-92
-95
-89
-93
-89
-84
-92
-93
-103
-102
-92
-99
-108
-110
-104
-108
-115
-124
-118
-126
-123
-130
-119
-104
-99
-92
-86
-73
-75
-67
-62
-56
-67
-68
-72
-59
-41
-48
-40
-30
-17
-6
-8
-14
-18
-15
-23
-42
-47
-40
-31
-32
-15
3
13
29
41
38
39
45
44
36
25
42
70
73
70
61
53
47
46
39
16
8
15
18
3
-16
-21
-19
-27
-39
-48
-40
-24
-16
-31
-31
-19
-13
-6
-15
-19
-6
-22
-47
-64
-81
-78
-102
-124
-121
-124
-122
-117
-115
-123
-123
-116
-106
-105
-99
-86
-90
-88
-70
-57
-55
-60
-55
-41
-28
-22
-23
-33
-26
-27
-26
-34
-44
-41
-33
-22
-14
2
17
38
42
53
65
69
69
59
62
59
66
65
69
69
78
96
95
78
72
67
38
23
5
-10
-13
-25
-22
-18
-9
4
10
45
45
43
39
32
32
20
23
36
36
34
44
40
42
32
23
2
-10
-15
-28
-40
-54
-59
-62
-68
-80
-83
-95
-94
-82
-81
-74
-74
-76
-67
-47
-55
-73
-79
-77
-77
-101
-123
-119
-108
-88
-103
-109
-100
-89
-78
-82
-80
-72
-63
-67
-62
-43
-25
-7
2
8
35
45
66
68
72
84
81
78
74
65
67
61
67
74
61
65
76
77
85
79
65
72
68
54
40
29
17
29
39
37
44
38
46
43
31
31
20
8
-15
-38
-50
-62
-78
-90
-90
-99
-92
-86
-78
-87
-75
-60
-73
-76
-86
-86
-67
-62
-62
-71
-83
-82
-68
-71
-80
-78
-83
-89
-91
-91
-109
-115
-119
-119
-109
-114
-96
-90
-69
-41
-28
-27
-23
-14
-5
-7
-10
-29
-33
-20
-17
-1
-7
2
-2
-6
7
-1
0
-2
-2
0
7
-9
-4
-2
2
12
-4
-11
-1
6
-3
-1
12
32
29
22
16
24
29
25
13
8
15
22
20
29
31
40
35
33
29
37
39
18
21
12
9
9
15
21
9
9
4
0
4
-10
-22
-40
-54
-71
-73
-83
-107
-108
-103
-98
-91
-75
-85
-67
-42
-29
-24
-15
-4
-2
-6
-6
-7
-1
1
12
34
32
39
27
31
40
31
14
-1
-10
8
12
16
30
55
87
103
110
95
98
107
100
85
84
82
86
89
87
85
88
88
84
70
59
58
48
37
27
43
30
28
15
17
10
-3
-11
-25
-23
-19
-10
-6
-6
-9
-1
-7
-11
-22
-26
-27
-33
-18
-24
-8
-10
-7
4
14
29
22
16
20
30
42
43
51
61
61
68
77
84
84
91
83
89
79
68
66
48
47
55
34
24
19
6
2
5
5
20
36
47
75
82
73
80
77
74
67
62
57
60
67
76
92
87
85
67
57
42
39
17
-4
-12
-6
9
25
33
42
62
61
67
58
43
39
31
37
40
41
58
64
63
71
55
47
35
25
25
18
13
19
24
14
15
-1
-7
-22
-28
-33
-36
-24
-18
-20
-14
-11
1
12
0
-6
1
8
9
-1
-6
16
30
33
33
34
42
32
28
28
38
41
38
52
65
70
85
90
92
99
101
101
79
57
64
54
56
62
46
34
25
23
-1
-21
-20
-28
-17
-12
-4
11
13
22
22
23
21
17
10
-9
-5
17
6
10
8
0
2
-8
-34
-56
-71
-94
-107
-112
-96
-83
-73
-68
-59
-42
-42
-52
-56
-60
-62
-50
-45
-21
-15
0
-3
10
17
19
9
-2
9
5
15
16
31
40
52
53
58
55
53
60
51
62
57
69
82
88
84
83
84
76
63
49
51
51
59
55
42
43
44
36
23
0
-7
-24
-31
-32
-25
-19
-8
-3
9
16
10
16
9
16
21
19
16
17
20
29
37
34
20
22
4
-9
-16
-23
-17
-32
-26
-22
-14
-10
-18
-15
-18
-16
-20
-12
0
-4
9
11
11
10
7
-11
-32
-40
-50
-56
-56
-57
-58
-41
-25
-22
-29
-15
-5
2
-10
-5
15
16
38
46
69
87
93
98
98
97
99
101
79
88
77
88
102
96
97
101
106
98
78
79
78
65
74
76
78
79
90
74
52
48
34
36
20
2
21
37
39
32
20
13
12
-6
-23
-27
-43
-51
-59
-51
-42
-44
-43
-42
-40
-29
-19
-33
-35
-22
-13
-9
-8
-7
-3
5
-5
-10
-9
-15
-14
-23
-20
-14
-20
-20
-12
-1
7
1
9
17
27
38
53
68
77
95
111
117
108
104
93
93
87
83
83
72
65
69
74
84
80
65
54
47
44
50
46
45
66
71
76
78
78
80
73
69
60
43
50
45
47
46
43
38
26
18
13
7
3
-15
-10
-14
-12
-10
-12
-5
-6
-10
-22
-30
-45
-42
-38
-42
-40
-38
-20
-17
-21
-17
-23
-30
-38
-46
-49
-54
-47
-44
-39
-20
-16
-11
-14
-23
-16
-22
-33
-34
-21
-2
13
12
25
52
53
53
44
38
39
38
39
27
32
48
53
51
46
50
40
35
36
33
51
61
56
57
69
82
82
70
63
62
47
41
50
45
49
45
49
46
52
39
23
17
16
14
-4
9
22
25
22
11
30
19
11
1
-7
-5
-14
-16
-27
-22
-11
-26
-28
-30
-52
-56
-59
-67
-62
-57
-50
-26
-29
-33
-26
-25
-19
-21
-35
-27
-23
-16
-6
1
10
28
39
45
43
41
47
45
50
51
70
83
86
86
93
103
103
97
89
82
80
75
77
75
86
81
86
79
86
80
73
66
51
43
36
38
20
23
20
23
7
-4
4
-8
-2
-7
-6
6
10
12
31
28
17
21
32
21
16
13
12
15
25
25
18
29
24
19
9
1
9
-5
-7
-8
-4
-6
-3
11
13
21
4
-6
-14
-7
0
-8
2
15
12
11
25
17
23
10
-1
-2
7
23
11
29
42
47
51
43
29
45
38
29
33
37
65
62
86
82
87
96
90
78
76
89
76
75
74
80
93
91
83
83
96
93
73
56
48
53
45
32
20
30
25
37
30
25
21
17
13
21
17
22
20
5
9
-2
-1
-16
-32
-27
-27
-31
-36
-31
-20
-8
-3
-11
-13
-21
-29
-25
-25
-21
-11
-11
-6
3
20
16
9
12
15
29
28
20
9
17
28
32
28
32
32
48
44
34
37
35
52
51
37
60
65
61
63
56
62
52
51
45
39
44
41
36
37
45
51
36
28
9
3
1
7
-5
2
4
6
5
4
1
-4
-5
-17
-14
-9
-22
-28
-23
-25
-9
-19
-26
-20
-34
-39
-29
-46
-38
-34
-43
-46
-47
-42
-56
-56
-49
-41
-35
-31
-29
-27
-15
-13
-12
-27
-26
-34
-38
-44
-47
-40
-36
-31
-17
-10
6
6
6
2
-18
-12
-10
-6
6
17
10
20
37
43
40
33
30
29
24
15
17
14
9
16
5
8
14
6
4
13
9
3
9
19
20
22
29
39
36
28
33
30
30
28
25
27
39
37
24
12
11
5
7
0
-22
-25
-28
-44
-50
-44
-44
-43
-47
-58
-58
-54
-52
-58
-50
-56
-53
-36
-45
-37
-41
-44
-44
-45
-39
-31
-22
-29
-25
-21
-11
-15
-19
-17
-22
-11
-8
-7
11
20
34
39
38
47
47
50
46
40
41
39
25
28
35
39
30
32
33
32
29
19
28
11
14
12
21
13
11
20
20
28
24
20
19
12
10
12
13
15
10
2
-2
1
5
-2
-13
-12
-4
-4
-2
-4
-1
11
8
-2
-3
4
3
4
-8
-6
8
11
6
8
1
2
-1
-9
-9
-11
-21
-16
-26
-36
-28
-31
-26
-28
-24
-19
-15
-11
-7
-3
4
9
4
16
21
16
26
30
37
43
51
54
38
44
49
51
56
43
42
32
39
35
36
32
38
45
45
50
46
53
56
63
59
57
41
40
33
17
20
26
23
7
11
17
18
11
6
-1
-4
-4
-17
-17
-29
-27
-18
-17
-8
-22
-14
-14
-16
-6
-7
-1
-11
-14
-16
-17
-22
-25
-21
-27
-25
-28
-34
-34
-33
-26
-32
-21
-12
-26
-31
-28
-14
-17
-24
-14
-5
4
8
1
15
11
0
-4
-5
-7
-3
-7
-12
-5
-20
-23
-24
-14
-12
-13
