SAMPLES:	13522
BITSPERSAMPLE:	16
CHANNELS:	1
SAMPLERATE:	16000
NORMALIZED:	FALSE
51
55
60
62
83
87
99
106
120
130
137
149
160
163
158
155
162
157
155
158
152
141
135
146
148
144
147
144
150
169
170
173
173
164
184
190
198
206
200
209
201
191
200
190
194
193
195
197
199
208
208
207
212
213
205
206
213
202
205
216
220
214
215
219
226
234
230
234
234
218
222
230
225
225
208
210
209
194
190
182
181
183
174
167
169
184
184
182
194
192
200
207
209
210
221
233
226
227
223
226
218
220
221
227
221
214
213
204
205
205
205
198
202
189
187
192
189
176
174
166
157
159
163
156
157
153
139
135
126
117
124
114
109
109
100
98
91
110
117
121
127
139
140
145
156
163
167
172
187
190
210
214
230
223
228
230
232
226
215
217
219
226
230
252
260
258
261
267
258
274
276
279
285
276
273
277
269
260
259
251
257
254
253
257
269
268
275
279
280
270
284
289
297
301
303
300
288
296
294
298
293
292
296
296
280
281
275
270
264
257
256
249
242
247
242
244
239
228
229
228
225
220
228
221
213
224
233
232
227
240
236
233
239
241
233
227
230
229
221
228
220
206
201
198
201
198
201
202
192
203
210
200
208
201
201
198
190
188
205
200
195
204
206
221
221
228
232
226
232
230
234
243
240
255
259
259
272
283
277
288
276
276
283
280
278
276
291
293
284
282
283
285
282
270
268
271
277
283
284
287
287
292
291
286
287
283
295
287
290
298
304
307
310
321
316
315
320
333
340
347
340
344
339
337
342
336
343
347
356
347
358
352
357
350
336
341
325
339
345
339
335
322
318
302
291
296
285
284
270
269
258
276
276
279
290
277
288
293
283
284
296
287
292
299
304
299
300
324
317
309
307
303
311
314
317
319
333
328
333
328
320
332
326
327
334
341
339
343
346
351
360
357
360
353
350
348
351
345
359
368
359
359
341
347
347
337
344
349
362
370
373
382
384
392
393
393
404
398
385
377
380
389
389
380
376
371
384
374
376
380
373
375
370
368
365
365
365
356
358
357
355
354
353
340
334
339
348
342
346
357
351
353
351
358
358
350
338
342
332
334
344
349
353
347
357
353
351
333
334
338
345
357
358
346
335
341
346
353
356
356
355
353
351
362
375
374
374
380
378
368
371
364
374
372
367
375
367
378
371
366
379
378
384
384
381
389
380
375
367
352
343
332
318
318
323
312
300
295
306
307
298
302
304
293
284
285
286
290
284
288
275
283
283
273
278
269
277
273
270
277
271
270
269
277
284
289
306
316
319
313
322
316
324
330
314
309
301
300
307
316
319
318
327
340
342
363
363
370
363
370
365
375
388
391
396
393
399
403
408
407
411
413
424
413
415
415
410
409
384
384
385
380
373
370
366
369
369
357
349
343
332
329
334
329
325
326
324
315
312
304
307
292
286
282
280
287
288
275
273
280
264
263
256
252
253
257
251
238
237
242
229
228
244
241
244
249
256
266
278
281
281
287
296
287
282
288
285
297
305
307
305
303
317
328
328
335
340
343
347
346
354
356
359
363
359
359
355
367
368
361
358
355
358
355
361
362
370
368
369
374
373
372
368
375
376
383
391
388
382
390
386
373
372
360
356
351
343
347
340
341
332
322
323
325
346
339
342
347
339
338
345
353
348
358
352
341
344
335
332
338
345
339
337
329
325
328
329
338
336
330
320
318
312
302
304
299
287
287
281
283
273
268
265
269
265
258
265
262
254
256
253
261
264
257
266
258
251
249
262
262
255
255
254
266
256
256
253
240
244
242
249
242
233
232
226
227
215
210
194
191
195
196
191
176
191
199
184
171
173
181
169
166
165
163
159
152
153
153
162
162
169
157
152
147
141
144
139
147
148
140
140
140
141
133
138
144
138
138
139
152
139
136
147
154
151
150
152
149
156
162
166
163
162
164
169
166
171
173
175
175
173
181
184
190
201
200
197
209
208
198
206
216
213
211
204
202
195
180
183
185
176
172
165
175
172
171
185
170
166
172
159
158
154
161
155
149
153
162
166
157
151
164
163
155
148
136
153
151
145
156
154
152
163
170
169
168
181
171
169
183
181
190
187
198
211
209
213
217
219
231
233
221
221
221
219
220
225
235
229
259
261
254
263
256
260
252
269
265
263
273
269
269
278
293
294
305
305
303
303
303
296
293
299
303
301
291
292
289
282
280
289
295
285
291
298
287
292
278
272
281
269
272
271
264
255
260
262
247
242
245
247
238
242
237
238
239
231
237
236
238
242
248
243
246
251
258
254
248
255
265
265
267
261
261
268
271
273
275
281
271
268
273
269
276
266
256
251
244
238
235
235
243
236
233
239
238
238
232
240
233
235
249
240
234
238
230
230
233
237
241
232
249
249
242
238
238
239
216
231
236
230
222
221
219
210
214
211
212
198
195
212
228
225
218
224
226
225
226
218
220
233
226
229
238
239
249
247
241
254
265
255
261
264
263
258
268
280
274
277
273
271
269
266
264
264
265
261
252
253
250
246
261
251
234
244
249
244
239
227
228
237
234
240
239
238
240
241
233
233
227
237
236
235
246
237
246
257
258
255
257
265
266
260
247
245
232
224
227
236
238
210
203
205
204
196
197
202
207
207
222
227
219
218
227
229
219
228
227
226
218
225
225
227
228
232
239
240
244
249
257
253
259
257
260
259
270
271
264
271
274
279
279
277
276
287
298
299
303
314
312
314
311
312
306
310
305
297
299
299
294
291
290
275
274
267
269
270
270
261
248
253
235
236
243
233
238
231
236
229
239
237
228
219
230
223
214
223
216
218
204
209
200
205
210
211
206
207
210
203
194
192
208
211
217
217
228
229
218
237
237
235
231
239
247
249
251
252
252
246
251
256
251
248
250
251
267
264
265
271
254
249
250
252
244
253
250
246
237
243
253
252
244
250
250
244
244
229
233
241
245
251
249
259
251
246
261
255
266
268
266
270
267
269
277
287
286
276
271
270
268
262
257
269
265
263
261
263
262
260
253
245
248
255
252
259
263
263
272
274
276
267
272
275
273
262
265
258
251
264
269
278
270
273
275
270
267
274
271
257
270
272
272
269
274
269
270
282
274
274
274
275
277
278
272
268
275
269
273
276
287
279
289
285
274
284
291
302
294
291
285
286
291
288
298
308
328
327
330
347
349
369
359
363
370
377
383
383
381
382
381
388
404
385
394
401
378
389
402
399
384
389
390
385
391
389
377
375
359
352
353
346
344
335
344
343
351
358
362
365
354
351
348
356
346
348
345
333
321
316
319
301
311
307
303
302
302
307
301
310
306
313
312
303
304
296
304
321
317
313
318
322
323
333
327
313
320
322
321
325
330
327
320
316
324
329
330
329
324
320
323
317
316
319
321
318
326
330
326
330
325
332
324
308
311
312
295
295
291
279
283
285
291
284
275
280
276
276
280
274
269
275
279
285
295
295
288
299
298
290
301
285
278
289
293
302
300
299
300
296
285
269
276
270
256
260
259
253
253
250
248
238
242
236
232
228
231
240
225
232
216
208
212
219
214
218
224
217
216
219
216
221
215
229
241
247
251
251
253
247
254
252
262
275
281
274
275
266
262
265
276
272
273
274
275
278
275
292
290
283
276
275
288
282
270
269
267
270
254
257
256
253
254
247
248
242
241
249
249
244
245
248
254
248
252
250
252
241
239
246
241
243
235
237
239
236
240
235
231
230
226
224
206
209
204
187
192
189
183
180
185
172
179
192
180
171
178
169
162
165
155
154
150
135
126
121
127
124
119
127
119
126
130
120
122
117
122
128
122
122
127
120
131
129
129
136
136
141
144
140
129
134
139
141
145
140
143
141
136
135
125
113
118
108
105
99
89
98
89
99
93
92
93
93
83
80
83
88
89
85
82
74
71
67
65
64
69
69
60
68
72
66
82
79
71
86
76
80
67
64
78
72
80
81
67
76
83
74
87
94
100
109
113
114
114
109
112
115
112
121
118
121
120
119
115
110
110
108
101
107
108
93
93
83
78
76
75
63
48
52
46
43
45
43
40
51
53
48
40
40
42
32
37
35
27
37
32
28
27
22
24
14
12
19
-6
-2
-4
-8
-8
-15
0
-16
-19
-22
-19
-14
-25
-40
-34
-26
-31
-32
-32
-47
-60
-63
-70
-73
-68
-80
-87
-91
-97
-99
-102
-102
-100
-97
-87
-84
-73
-79
-77
-74
-67
-61
-55
-52
-50
-46
-54
-42
-35
-43
-39
-34
-39
-51
-58
-51
-54
-45
-53
-39
-34
-32
-29
-34
-19
-8
8
5
9
30
28
38
34
41
41
37
42
44
37
51
46
37
38
41
42
43
44
50
61
48
53
34
41
42
43
35
39
35
21
33
30
36
40
35
29
27
29
31
17
26
24
19
20
18
27
24
21
18
20
17
11
11
12
12
16
16
16
21
9
3
6
7
8
18
22
19
16
15
25
28
26
38
50
39
36
33
29
30
31
37
41
39
30
19
20
27
11
19
22
18
26
30
27
16
25
15
21
23
18
23
27
23
22
15
2
5
0
-1
-4
0
0
0
-4
-5
2
-6
-3
-7
-6
-16
-17
-11
-13
-14
-18
-19
0
7
14
8
8
19
16
16
11
26
21
33
39
34
34
33
38
42
51
55
61
49
46
53
52
58
62
62
74
62
70
74
84
91
102
120
115
135
144
155
159
153
149
157
168
167
169
165
163
164
159
153
151
160
146
147
139
141
145
144
148
149
143
136
137
130
125
123
117
125
119
109
107
96
100
104
118
110
107
103
109
111
116
133
123
115
98
111
113
119
118
109
109
117
126
129
132
132
144
140
143
140
143
152
152
160
169
175
177
172
167
158
158
151
152
148
150
150
141
139
143
134
145
147
149
153
147
162
148
137
137
143
152
158
164
173
177
182
187
184
173
183
181
177
173
160
155
154
161
159
159
154
161
157
159
156
149
159
155
155
151
171
166
160
166
163
167
169
165
166
158
161
168
156
152
157
157
158
165
162
157
162
162
171
173
150
154
156
161
163
148
150
141
158
156
141
136
130
137
136
136
134
130
120
117
121
124
125
133
136
136
139
133
139
142
138
148
138
141
149
160
157
149
148
156
136
141
137
136
141
137
148
154
161
153
162
172
172
180
183
179
188
189
192
194
203
217
219
235
240
248
245
261
277
273
281
294
301
305
296
290
291
289
280
290
299
292
300
296
304
306
308
313
315
313
320
321
318
327
315
320
321
324
329
322
337
344
348
351
357
367
375
374
388
382
378
390
387
388
387
380
378
369
354
352
352
348
346
354
355
356
356
348
338
344
349
337
334
331
339
333
323
327
333
333
329
338
324
321
343
337
338
335
329
339
331
331
347
343
342
354
348
336
336
336
330
337
322
329
334
326
322
320
309
309
312
314
320
311
318
303
309
307
306
312
311
305
299
307
294
291
286
290
280
278
281
282
280
281
281
277
276
281
286
280
285
276
271
265
269
271
254
254
253
256
258
248
239
238
237
233
232
225
217
229
221
211
223
205
202
218
199
200
200
198
188
183
183
191
193
187
188
189
199
196
206
194
185
193
189
190
180
163
165
158
159
166
159
145
150
142
147
145
141
143
139
143
136
156
147
152
161
146
150
148
151
145
142
130
134
137
138
132
132
132
121
122
116
122
108
97
86
79
70
63
69
77
75
81
81
80
75
88
91
73
73
80
78
61
67
66
71
75
70
72
75
72
66
70
63
55
50
60
41
24
32
21
17
15
11
6
10
13
6
-3
-1
-10
-21
-27
-20
-18
-24
-21
-40
-42
-32
-40
-43
-39
-38
-42
-40
-41
-40
-34
-38
-35
-39
-54
-37
-26
-51
-42
-41
-33
-48
-44
-47
-52
-54
-58
-58
-64
-75
-69
-55
-61
-53
-55
-52
-66
-79
-72
-77
-69
-67
-77
-75
-82
-75
-87
-94
-93
-86
-98
-95
-92
-78
-83
-90
-75
-87
-90
-93
-85
-89
-92
-100
-110
-112
-112
-121
-120
-130
-122
-116
-129
-121
-128
-120
-114
-121
-104
-103
-112
-116
-118
-108
-118
-121
-126
-128
-125
-115
-118
-125
-119
-132
-127
-132
-126
-119
-114
-115
-122
-112
-126
-118
-126
-129
-118
-121
-129
-129
-143
-142
-146
-141
-135
-145
-142
-140
-141
-149
-147
-145
-151
-161
-167
-164
-153
-163
-161
-153
-160
-156
-152
-156
-149
-159
-161
-159
-161
-159
-158
-165
-159
-164
-165
-151
-156
-154
-156
-145
-140
-139
-131
-136
-127
-126
-134
-126
-136
-128
-121
-102
-106
-91
-88
-97
-85
-85
-89
-66
-66
-71
-69
-73
-61
-63
-68
-76
-68
-78
-83
-89
-89
-88
-90
-84
-82
-89
-76
-77
-79
-72
-73
-73
-76
-73
-70
-76
-95
-94
-96
-99
-92
-103
-100
-112
-124
-127
-138
-136
-138
-139
-143
-135
-136
-144
-145
-150
-147
-156
-150
-147
-143
-149
-146
-119
-125
-116
-117
-117
-124
-131
-137
-138
-136
-141
-133
-152
-163
-150
-163
-166
-162
-158
-163
-173
-176
-180
-176
-184
-187
-185
-182
-178
-171
-182
-191
-189
-192
-200
-197
-199
-207
-202
-198
-197
-195
-208
-194
-193
-204
-199
-210
-215
-225
-220
-220
-222
-218
-219
-215
-222
-224
-220
-214
-208
-210
-211
-205
-216
-224
-217
-218
-218
-206
-198
-196
-191
-185
-175
-171
-165
-167
-170
-164
-177
-175
-161
-168
-167
-160
-169
-158
-163
-162
-167
-160
-154
-152
-165
-157
-156
-162
-160
-178
-178
-180
-180
-185
-189
-183
-181
-183
-189
-197
-195
-207
-198
-196
-211
-212
-213
-198
-216
-214
-211
-199
-200
-210
-196
-202
-204
-203
-193
-191
-205
-199
-204
-204
-195
-205
-196
-208
-218
-228
-229
-233
-240
-250
-255
-246
-259
-245
-246
-256
-254
-252
-241
-250
-260
-270
-275
-268
-280
-275
-277
-283
-278
-287
-282
-282
-291
-294
-298
-296
-292
-302
-307
-309
-317
-316
-320
-331
-335
-334
-341
-335
-336
-345
-346
-357
-353
-362
-368
-371
-377
-368
-388
-386
-378
-378
-393
-383
-372
-379
-360
-370
-358
-351
-353
-341
-337
-332
-331
-320
-326
-333
-340
-343
-336
-340
-345
-353
-343
-359
-362
-343
-353
-361
-358
-356
-352
-358
-352
-351
-351
-344
-338
-334
-329
-324
-325
-319
-328
-320
-319
-314
-312
-311
-311
-323
-324
-330
-341
-345
-341
-339
-348
-355
-350
-349
-342
-346
-335
-342
-343
-343
-349
-336
-336
-336
-333
-324
-333
-332
-333
-339
-342
-345
-337
-332
-340
-331
-323
-316
-324
-309
-316
-318
-311
-324
-320
-322
-319
-327
-316
-318
-318
-328
-333
-335
-333
-318
-321
-315
-319
-310
-315
-309
-300
-312
-305
-322
-306
-302
-314
-307
-310
-317
-331
-332
-333
-329
-322
-325
-317
-325
-336
-329
-339
-334
-330
-342
-340
-370
-374
-359
-367
-375
-371
-374
-370
-370
-369
-372
-373
-371
-368
-371
-371
-356
-352
-347
-341
-333
-326
-334
-333
-324
-326
-324
-316
-321
-316
-309
-317
-303
-294
-296
-306
-298
-290
-293
-284
-268
-280
-285
-278
-274
-264
-255
-251
-260
-274
-269
-265
-271
-266
-254
-251
-263
-264
-250
-244
-238
-227
-226
-228
-226
-224
-211
-212
-212
-202
-201
-194
-196
-185
-181
-177
-179
-174
-170
-171
-169
-174
-180
-179
-184
-183
-186
-189
-184
-187
-198
-206
-197
-204
-193
-197
-198
-191
-197
-191
-191
-191
-196
-206
-193
-194
-201
-191
-184
-179
-172
-170
-174
-167
-164
-169
-170
-174
-182
-176
-186
-186
-182
-187
-182
-189
-177
-181
-182
-171
-173
-179
-178
-181
-184
-186
-186
-186
-188
-190
-191
-182
-175
-180
-186
-194
-197
-204
-202
-194
-202
-195
-189
-187
-194
-205
-204
-207
-200
-198
-198
-211
-213
-206
-210
-214
-204
-206
-188
-197
-196
-195
-190
-188
-198
-190
-201
-202
-194
-182
-183
-175
-174
-167
-177
-168
-170
-176
-176
-185
-177
-179
-187
-178
-161
-156
-151
-151
-146
-151
-151
-153
-144
-155
-152
-132
-152
-144
-143
-142
-133
-141
-137
-124
-124
-125
-115
-121
-112
-109
-108
-102
-92
-95
-94
-84
-89
-81
-79
-66
-72
-60
-58
-66
-77
-82
-68
-71
-65
-62
-62
-73
-67
-60
-62
-63
-64
-57
-60
-60
-55
-48
-63
-58
-58
-73
-74
-69
-73
-67
-69
-69
-57
-62
-55
-55
-65
-69
-71
-70
-65
-74
-63
-65
-80
-68
-87
-81
-77
-70
-59
-69
-60
-58
-51
-41
-32
-26
-27
-20
-13
0
-6
-12
-1
-9
-8
-26
-12
-13
-8
-14
-16
-21
-31
-15
-17
-23
-40
-44
-35
-35
-55
-49
-55
-61
-58
-66
-67
-76
-88
-88
-84
-78
-78
-74
-76
-75
-68
-76
-67
-61
-63
-61
-53
-54
-40
-38
-42
-41
-37
-38
-40
-19
-32
-30
-26
-24
-31
-23
-25
-18
-17
-22
-8
-18
-12
1
-6
-5
-7
0
3
4
10
8
4
-3
6
-6
-2
0
-3
2
0
10
20
25
24
30
45
55
56
57
56
49
55
51
55
61
70
75
73
87
97
99
87
86
79
80
80
74
85
72
80
92
88
92
99
103
85
93
87
81
77
79
67
73
80
79
83
84
94
94
95
101
104
93
97
107
97
103
100
96
106
109
107
107
113
106
116
125
133
137
138
145
139
140
143
131
121
122
113
119
118
122
108
109
118
113
121
120
124
133
136
137
145
153
159
158
158
154
162
158
161
160
153
160
153
158
163
170
170
180
191
183
195
198
195
202
187
184
184
191
195
194
197
190
191
175
180
179
174
192
197
200
202
199
190
195
196
192
197
179
175
172
177
177
178
181
171
166
172
181
180
181
183
185
182
185
181
182
191
192
190
191
183
204
217
214
208
220
229
242
240
228
241
235
241
244
255
267
273
280
264
260
257
254
264
252
241
238
245
241
235
233
210
204
196
194
186
178
186
170
176
168
170
164
154
156
145
158
159
158
146
145
154
140
144
140
139
132
127
126
120
118
120
130
126
119
121
113
106
106
100
101
92
95
93
77
85
81
80
58
54
43
32
30
27
23
18
23
19
14
3
14
25
19
12
20
23
27
18
30
25
22
33
27
30
26
43
37
35
35
27
23
31
25
26
25
34
32
31
35
31
38
32
29
33
17
8
1
-3
-7
-8
-17
-19
-17
-22
-27
-25
-28
-38
-40
-35
-37
-50
-44
-54
-56
-56
-55
-43
-49
-42
-43
-43
-41
-31
-35
-33
-20
-27
-24
-17
-13
-15
-7
0
4
2
4
5
6
9
19
24
24
26
25
14
16
18
14
16
23
20
14
12
10
9
18
18
14
23
19
15
10
14
14
19
14
12
19
21
28
16
19
28
28
23
35
39
27
12
15
15
12
6
19
14
14
19
13
20
7
16
13
9
15
13
13
11
16
8
8
20
22
27
25
35
28
33
30
31
39
21
33
38
35
29
22
19
12
6
1
1
3
1
-1
-3
-19
-17
-22
-27
-24
-34
-34
-33
-29
-26
-13
-20
-22
-31
-31
-30
-33
-30
-22
-7
-4
14
1
6
16
18
11
22
30
32
41
43
43
51
46
57
62
66
73
81
86
75
83
85
94
85
79
78
78
87
77
89
92
90
95
107
103
101
97
99
108
101
99
88
87
81
73
61
73
79
71
72
73
80
74
81
78
89
80
79
84
74
81
91
88
97
93
80
77
85
75
65
67
54
66
70
69
60
47
60
54
46
56
51
44
42
35
24
17
21
18
9
14
11
5
-1
-5
-10
-16
-21
-28
-33
-39
-35
-29
-25
-27
-36
-38
-42
-42
-44
-38
-32
-31
-47
-47
-46
-60
-62
-63
-72
-80
-81
-89
-97
-102
-103
-105
-113
-118
-115
-125
-129
-130
-130
-127
-126
-124
-114
-107
-114
-104
-103
-111
-108
-115
-115
-113
-123
-127
-126
-130
-129
-131
-138
-134
-136
-134
-145
-140
-132
-140
-140
-149
-145
-146
-146
-145
-143
-140
-146
-138
-146
-148
-147
-150
-156
-163
-162
-177
-172
-162
-173
-168
-169
-151
-152
-156
-151
-146
-149
-151
-142
-138
-135
-125
-117
-120
-98
-91
-76
-66
-66
-62
-55
-49
-41
-32
-16
-20
-18
-6
-3
5
8
19
30
29
54
54
60
63
75
81
66
74
72
73
75
85
89
85
88
105
105
95
119
116
114
114
110
116
112
116
113
123
129
107
91
90
69
63
52
41
24
19
1
-19
-23
-31
-28
-36
-48
-59
-82
-99
-107
-132
-147
-163
-172
-189
-211
-204
-227
-225
-227
-240
-236
-231
-224
-232
-220
-207
-195
-174
-144
-109
-66
-36
-12
14
59
100
152
200
234
259
290
329
374
405
420
440
455
461
480
504
509
503
486
504
497
497
505
492
486
477
469
465
440
434
415
400
398
377
372
361
330
306
292
274
250
212
169
127
84
27
-12
-46
-101
-149
-208
-265
-328
-376
-431
-476
-525
-612
-667
-721
-761
-811
-854
-927
-931
-837
-693
-595
-639
-694
-711
-618
-505
-390
-269
-233
-255
-232
-113
62
155
154
83
75
134
212
308
343
316
221
171
228
300
332
271
206
144
141
196
239
241
166
100
75
90
134
148
119
64
28
45
71
98
85
61
48
37
44
46
59
44
23
16
38
71
51
35
26
29
30
15
-5
-25
-42
-50
-56
-17
-15
-23
-35
-30
-13
-23
-32
-48
-67
-81
-59
-32
-16
-27
-53
-60
-61
-68
-99
-108
-128
-169
-186
-194
-198
-224
-279
-320
-350
-371
-414
-428
-487
-558
-625
-681
-691
-712
-692
-664
-585
-521
-511
-544
-554
-504
-433
-341
-251
-190
-169
-162
-100
15
104
129
107
112
139
188
272
324
311
243
197
213
261
284
273
237
191
174
200
246
249
187
120
98
133
180
213
235
215
171
161
208
240
246
225
203
227
240
259
274
273
246
216
212
238
258
235
214
212
204
179
148
133
102
64
54
60
66
34
7
-13
-39
-84
-151
-210
-280
-349
-394
-414
-460
-547
-656
-743
-785
-844
-912
-935
-783
-588
-485
-566
-667
-686
-610
-460
-342
-182
-134
-193
-194
-24
240
330
269
176
144
204
289
438
492
419
280
203
307
384
378
300
198
149
140
239
314
300
188
90
94
125
176
221
209
189
169
208
280
337
303
253
265
303
347
364
396
412
389
366
364
407
381
318
296
322
339
294
249
224
195
150
100
130
145
113
71
94
118
88
28
-8
-9
-19
-39
-15
13
-1
-68
-99
-105
-144
-257
-347
-410
-503
-605
-687
-744
-828
-966
-1046
-862
-610
-490
-673
-885
-948
-856
-610
-419
-219
-189
-320
-327
-102
234
321
197
59
31
180
310
521
589
451
235
141
305
410
387
291
190
177
204
342
436
376
185
62
105
184
227
268
253
254
235
295
385
416
310
190
231
328
407
423
437
455
445
417
426
458
434
335
274
365
449
428
341
311
296
227
147
144
166
126
65
105
184
182
78
7
-5
-29
-94
-108
-83
-103
-187
-235
-216
-261
-417
-568
-663
-746
-875
-992
-1057
-1115
-1203
-1230
-983
-696
-637
-901
-1109
-1084
-908
-657
-472
-250
-231
-355
-312
-19
283
254
51
-53
31
183
299
478
514
312
80
49
238
278
139
15
-17
30
69
197
283
175
-76
-189
-73
28
-3
-36
1
85
110
144
216
216
56
-83
-12
137
173
138
136
237
265
228
210
236
185
33
12
170
262
206
123
164
219
145
62
56
59
-4
-42
77
217
191
54
11
49
15
-101
-159
-154
-201
-303
-314
-279
-336
-524
-711
-820
-940
-1114
-1272
-1319
-1339
-1254
-1002
-720
-684
-1025
-1228
-1176
-892
-662
-524
-360
-316
-343
-214
161
437
279
-18
-111
84
284
372
489
488
311
137
214
418
370
134
-54
-2
114
201
307
352
254
41
-17
104
166
67
-47
11
169
249
307
364
373
217
105
187
294
271
188
259
424
524
453
402
397
278
117
91
227
265
160
139
258
343
231
96
58
32
-51
-96
30
125
74
-18
9
68
-31
-206
-303
-332
-407
-519
-539
-517
-614
-834
-1028
-1134
-1278
-1499
-1651
-1692
-1544
-1273
-1013
-967
-1225
-1393
-1388
-1106
-817
-676
-570
-566
-536
-350
10
279
153
-98
-201
-53
158
285
368
301
173
72
168
338
274
39
-120
-133
-58
43
149
170
44
-93
-87
12
13
-115
-220
-148
-8
80
138
192
177
71
19
76
99
-16
-100
-3
214
343
298
251
243
158
40
16
105
108
11
21
185
314
265
130
62
43
-23
-74
0
80
47
-28
17
114
29
-154
-292
-360
-446
-589
-654
-681
-796
-997
-1191
-1310
-1438
-1631
-1770
-1744
-1451
-1150
-1030
-1248
-1447
-1450
-1250
-902
-669
-508
-501
-539
-380
7
397
386
108
-16
71
278
458
607
580
402
260
332
556
578
317
121
83
130
200
347
431
319
137
114
235
269
124
-29
21
193
293
342
446
498
393
307
353
407
266
110
142
349
553
573
505
471
405
309
209
252
250
133
65
189
413
465
361
241
215
172
75
55
115
133
61
61
186
226
71
-126
-235
-310
-450
-599
-695
-775
-941
-1173
-1306
-1381
-1515
-1679
-1695
-1361
-1020
-985
-1321
-1534
-1442
-1169
-824
-606
-386
-353
-448
-307
154
563
447
104
6
141
379
536
699
707
548
367
436
682
663
349
136
150
242
288
416
533
460
272
209
327
334
140
-45
30
277
387
403
489
596
534
438
437
464
326
171
183
443
705
725
628
623
652
560
394
349
338
249
178
324
575
658
528
392
399
405
276
161
174
205
129
112
254
328
195
-51
-206
-262
-386
-640
-834
-943
-1130
-1411
-1582
-1575
-1580
-1661
-1468
-1085
-921
-1325
-1746
-1697
-1342
-1000
-873
-598
-340
-339
-364
3
572
575
63
-190
-36
303
410
511
660
669
483
385
624
762
439
32
-61
134
233
259
344
451
396
235
216
301
209
-87
-219
0
247
267
277
455
607
551
374
314
310
183
49
156
498
670
555
475
618
723
516
300
299
316
185
108
317
582
573
369
338
495
452
177
50
122
144
13
-2
147
168
-42
-273
-305
-361
-633
-1021
-1271
-1397
-1588
-1747
-1716
-1521
-1265
-994
-869
-1138
-1549
-1730
-1538
-1085
-812
-594
-423
-327
-225
117
602
696
348
6
-50
196
453
650
779
784
669
635
792
889
711
352
133
177
320
420
474
531
535
473
441
477
479
271
51
110
353
485
449
488
643
722
636
522
523
456
301
281
531
796
775
605
623
787
763
563
508
573
528
372
397
607
705
536
366
476
602
482
279
245
299
224
66
12
60
-4
-262
-431
-456
-605
-1032
-1498
-1742
-2067
-2530
-2563
-1260
324
411
-1204
-2174
-1482
-567
-706
-1350
-1141
-274
238
222
477
1169
1359
713
-24
-219
8
-8
-199
-69
292
339
196
348
758
657
-170
-810
-671
-257
-241
-425
-172
370
704
645
609
810
861
535
291
385
650
754
856
1256
1650
1533
1013
782
895
804
391
215
473
567
394
416
712
661
208
-32
161
261
-19
-74
344
674
528
342
524
671
331
-85
-137
-6
-237
-642
-764
-680
-903
-1453
-1999
-2435
-3074
-3846
-4250
-3913
-2820
-1135
1003
2357
2087
798
594
1263
1298
66
-579
471
1741
1406
606
1129
1962
884
-1380
-2374
-1827
-1569
-2238
-2258
-783
583
634
139
224
633
279
-541
-830
-298
385
805
1144
1660
2098
2000
1088
201
31
293
256
-67
15
839
1497
1430
1066
1023
903
140
-588
-500
211
591
615
934
1468
1562
1120
561
256
105
118
327
602
768
912
1095
1073
689
255
18
-171
-482
-566
-286
-65
-285
-715
-934
-1048
-1445
-2154
-2922
-3531
-4133
-4762
-4992
-4561
-2949
-523
2399
3838
3167
1381
871
1490
1330
-61
-587
888
2446
1935
557
618
1067
-216
-2927
-4000
-2998
-1901
-1951
-1751
-113
1719
1741
601
-144
229
459
-136
-528
183
1550
2175
1716
1364
1570
1337
-268
-1775
-1508
-197
409
106
292
1343
1900
1318
536
288
253
-290
-540
151
1340
2003
1927
1757
1679
1355
737
30
-282
43
682
1251
1387
1357
1285
1077
567
-26
-271
-172
-121
-154
2
347
321
-291
-1010
-1398
-1587
-2004
-2835
-3612
-4174
-4547
-4750
-4398
-2102
1403
4703
4799
2743
1030
1716
2322
999
-848
-150
2144
3027
1339
108
634
631
-1541
-3991
-3697
-1815
-704
-945
-452
1508
3205
2406
424
-340
802
1337
368
-100
1236
2770
2414
1031
742
1131
285
-1721
-2375
-736
1031
1286
818
1117
2040
2170
1217
348
307
586
414
490
1438
2598
2694
1839
1270
1234
1187
667
60
248
1152
2025
2204
1761
1388
1069
638
-24
-301
-58
279
251
175
361
469
-85
-981
-1599
-1710
-1701
-2111
-3022
-3866
-4501
-4649
-4830
-3181
278
4431
5734
3510
1177
1480
3159
2412
-191
-941
1426
3268
1991
-535
-444
443
-376
-3269
-4161
-2189
-58
-158
-841
541
3169
3451
1086
-585
525
2181
1411
-31
370
2211
2651
989
-65
405
563
-1005
-2457
-1496
655
1488
821
609
1678
2351
1585
307
192
829
984
517
801
1741
2304
1647
849
718
1059
1101
516
247
776
1642
1742
1136
619
708
568
94
-430
-166
249
332
40
-10
268
81
-573
-1393
-1512
-1469
-1701
-2674
-3614
-4224
-4358
-4436
-3654
-992
2698
5425
4750
2389
1010
1443
1336
-378
-1619
-274
1767
2216
505
-185
134
-191
-2193
-3798
-2918
-736
387
178
603
2506
3681
2202
22
-482
726
904
-8
-77
1209
2261
1534
150
-136
171
-485
-1857
-1800
88
1801
1907
1226
1336
1999
1866
804
-104
29
624
863
1059
1502
1957
1662
829
130
204
737
944
844
1090
1807
2111
1448
502
53
-27
-253
-509
-402
53
320
109
-256
-421
-554
-1064
-1690
-2158
-2113
-2450
-3281
-4673
-5548
-5751
-4697
-1453
3001
6359
5170
1804
88
1512
2398
343
-2050
-961
2004
3015
438
-1380
-810
-189
-2189
-4620
-3754
-479
1319
456
58
2193
4142
2539
-518
-1344
725
1848
792
-231
767
2319
1788
-204
-993
-144
-79
-1577
-2077
-57
2394
2714
1348
745
1404
1810
1055
126
288
1100
1499
1448
1717
2184
1985
1029
269
388
976
1167
892
858
1428
1859
1437
457
-189
-174
-59
-168
-216
105
431
204
-388
-639
-726
-965
-1785
-2549
-3134
-3568
-4534
-5647
-6258
-4445
-19
4975
7118
4599
1127
154
1625
1815
-372
-1558
254
2613
2362
-420
-1725
-1496
-1717
-3889
-5049
-2871
572
1794
946
1087
3067
3769
1522
-1044
-1001
1062
1842
1023
627
1544
1926
330
-1474
-1427
-410
-646
-1712
-1185
1188
2956
2511
1126
743
1126
932
280
275
1192
1919
1730
1451
1705
1980
1429
417
70
817
1782
2007
1647
1596
1831
1609
692
-182
-402
-228
-163
-90
211
583
518
-157
-729
-860
-848
-1154
-1805
-2274
-2659
-3255
-4434
-5545
-5843
-3421
1165
5901
6895
3612
425
454
2253
1834
-982
-1611
733
3091
1883
-1114
-1973
-1248
-1810
-4420
-5074
-1974
1573
1937
642
1198
3530
3718
899
-1341
-455
1890
2206
990
710
1665
1616
-403
-2005
-1403
-164
-435
-1368
-562
1849
3130
2078
556
377
936
681
143
346
1301
1773
1367
1150
1489
1793
1276
415
382
1403
2369
2424
1854
1617
1663
1317
432
-318
-401
-145
-124
-213
-137
39
-269
-963
-1392
-1337
-1192
-1546
-2506
-3288
-3944
-4620
-5610
-5773
-2513
2978
7444
6556
1770
-941
207
2216
954
-1857
-1228
1908
3506
843
-2422
-2377
-1142
-2325
-5114
-5048
-749
2571
1840
56
840
3353
2750
-399
-1901
-5
2603
2370
873
779
1570
811
-1712
-2807
-1291
163
-149
-820
469
2654
2910
1207
-358
-177
499
476
477
1226
2277
2156
1086
473
675
966
684
380
1093
2371
2989
2390
1451
1081
1012
664
168
52
457
737
413
-58
-222
-225
-726
-1558
-1939
-1535
-1090
-1322
-2287
-3198
-4053
-4921
-5874
-4395
370
6008
7887
4157
-225
-661
1679
2302
-557
-1978
424
3210
2586
-1218
-2912
-1929
-1747
-3744
-5262
-2570
1656
2481
775
45
2141
3169
865
-1332
-767
2080
3289
2117
1267
1229
791
-1188
-2860
-2094
-590
-120
-464
235
2172
2853
1724
98
-322
110
218
603
1465
2337
2198
1187
694
663
688
326
39
713
2020
2938
2872
2216
1759
1435
891
381
304
648
979
818
433
129
-184
-773
-1641
-2014
-1617
-1162
-1327
-2261
-3190
-4160
-5247
-5997
-3748
1845
7396
7759
2884
-1177
-428
2220
2074
-1052
-1518
1565
3713
1771
-2172
-2996
-1909
-2502
-4634
-4820
-851
2629
1955
-178
-94
2252
2313
-282
-1391
405
3122
3417
2101
1750
1470
13
-2315
-2907
-1118
-32
-416
-660
697
2353
1825
152
-778
-328
347
530
1376
2567
2845
1714
183
-143
311
498
191
112
1300
2797
3162
2297
1254
1009
1000
773
664
985
1557
1514
748
51
-176
-442
-1209
-1998
-1727
-916
-637
-1640
-2969
-4084
-4909
-6055
-5246
-586
5920
8798
4802
-948
-1902
1141
2919
465
-1425
1207
4047
3158
-1484
-3791
-2607
-2578
-4432
-5365
-1928
2629
2495
-277
-1479
473
1777
-248
-1544
59
2879
3926
2554
1948
1659
103
-2143
-3119
-1079
795
522
-218
120
1383
1035
-533
-1105
-669
9
237
1062
2653
2914
1426
-483
-945
52
594
489
263
948
2245
2486
1610
385
34
501
878
1160
1343
1498
1332
390
-731
-1277
-1014
-703
-1076
-1277
-961
-482
-1120
-2826
-4597
-5547
-5875
-4842
-785
5125
8383
5288
-640
-2709
33
2494
1312
-685
1359
4367
3860
-597
-3976
-3558
-3067
-4185
-4599
-1823
2186
2208
-862
-2395
-985
691
-194
-1015
796
3299
4226
2834
1375
493
-1163
-2534
-2431
-270
1638
1162
102
-243
-178
-629
-1602
-1279
-189
568
1216
2079
2955
2181
-99
-1662
-1499
-3
1123
1349
1317
1464
1922
1661
391
-729
-905
126
1239
1759
1815
1253
369
-862
-1781
-1601
-877
-447
-757
-1118
-1058
-1194
-2400
-4035
-5336
-5423
-5078
-2512
2366
7153
6965
1325
-3345
-2341
1563
3147
1287
1010
3677
4579
1404
-3437
-4623
-3135
-3014
-3489
-2197
1264
2533
-572
-3756
-3814
-1661
-483
-706
690
3106
4060
3167
1412
369
-1119
-2627
-2083
200
2441
2222
209
-854
-1380
-2024
-2604
-2041
99
1361
1430
1572
2028
1941
6
-1974
-1731
330
2369
2488
1453
803
591
385
-397
-952
-343
809
1776
1799
1169
512
-504
-1350
-1851
-1488
-327
431
109
-924
-2064
-2449
-3098
-3843
-4715
-5153
-4956
-3421
649
4983
5927
1604
-3197
-3109
1056
4035
3351
1892
3000
3750
1422
-2548
-4286
-2747
-1827
-2053
-1237
884
1894
-844
-4288
-4696
-2414
-179
605
1228
2689
2882
1753
372
-285
-635
-1234
-576
1606
3172
2664
349
-1485
-2010
-2308
-1883
-653
971
1621
844
402
648
472
-478
-1485
-691
1448
2960
2772
1162
-258
-755
-521
108
649
1122
1542
1642
1359
542
-363
-924
-1073
-813
-253
342
585
-213
-1498
-2603
-2882
-2877
-3071
-3690
-4369
-4592
-3570
-64
3523
4261
384
-3585
-2794
1489
4418
3520
1802
2465
3154
1252
-1960
-3286
-1885
-1021
-1460
-941
314
554
-2055
-4569
-4169
-1705
216
892
1242
1902
1481
303
-166
62
42
-362
260
2152
2830
1298
-919
-2029
-1638
-1236
-770
268
1235
1052
-220
-1069
-535
52
5
-268
292
1597
2226
1468
-25
-948
-726
126
828
1228
1217
992
493
-116
-456
-361
38
298
190
89
-157
-581
-1295
-2020
-2256
-2070
-1816
-2176
-3001
-4197
-4808
-4561
-1716
2089
3925
1545
-2577
-2998
210
3265
3084
1479
1801
3001
2095
-647
-2280
-1583
-409
-776
-618
107
188
-1936
-4314
-4393
-2263
-181
752
1035
1134
827
-73
-498
-175
127
333
1029
2319
2802
1450
-504
-1577
-1436
-746
42
859
1264
584
-461
-1083
-807
-329
-109
198
717
1304
1436
847
-35
-554
-378
425
1228
1551
1230
525
110
-127
-225
-114
152
346
150
-146
-355
-675
-1203
-1702
-1822
-1643
-1654
-2361
-3299
-4357
-4514
-3928
-1168
2124
3256
722
-3235
-3213
-46
3040
2952
1744
1838
2563
1228
-1137
-2182
-968
364
87
246
554
-131
-2763
-4807
-4111
-1653
82
631
615
545
-309
-1329
-1363
-266
510
726
1231
2286
2359
759
-1045
-1407
-510
309
805
1044
947
-129
-1263
-1427
-596
221
438
366
413
359
103
-373
-658
-231
560
1246
1395
889
221
-350
-314
143
559
865
786
321
-416
-949
-1001
-847
-721
-786
-1001
-1347
-1947
-2926
-3718
-4207
-4195
-3738
-1953
1407
2995
1289
-3245
-4495
-1270
2924
4027
2151
1313
1821
1398
-1091
-2389
-1227
1361
1584
767
179
-344
-2163
-4249
-4179
-1713
657
1244
415
-673
-1326
-1708
-1192
34
1103
1211
923
859
791
-81
-918
-635
740
1767
1769
1064
30
-1110
-1827
-1305
-4
973
1048
491
-146
-610
-769
-573
-248
296
882
1132
781
-168
-888
-753
181
1244
1552
1197
408
-405
-1043
-1284
-840
-9
490
205
-728
-1616
-2308
-2770
-3169
-3165
-3316
-3193
-2953
-967
1066
1068
-1496
-4119
-2137
1599
4090
2597
600
272
1041
482
-650
-490
917
1706
589
-384
-957
-1456
-2590
-2778
-1619
23
359
-293
-1468
-2163
-2044
-949
513
1186
540
-304
-370
43
166
-174
164
937
1469
968
164
-393
-679
-809
-354
539
1132
683
-347
-1199
-1342
-961
-362
105
228
290
60
-241
-650
-761
-408
212
724
831
454
36
-418
-597
-503
-71
292
54
-672
-1390
-1600
-1537
-1529
-1819
-2178
-2711
-3574
-4067
-3601
-900
1035
783
-2044
-3705
-1526
1473
2797
1234
163
493
1226
391
-454
-281
962
1391
665
-3
-669
-1376
-2132
-1863
-807
144
98
-356
-1257
-1928
-1933
-767
451
660
-259
-724
-253
311
224
-38
392
1080
1315
717
350
192
264
211
502
866
663
-111
-757
-738
-247
195
370
365
-1
-248
-558
-578
-412
-119
318
589
806
583
114
-296
-304
-1
138
116
-86
-290
-695
-1122
-1334
-1265
-1252
-1638
-2400
-3018
-3470
-3418
-2996
-1013
487
382
-1971
-3891
-2101
850
2823
1649
382
177
782
282
-388
-52
1212
1789
902
10
-687
-1085
-1716
-1421
-384
612
361
-400
-1287
-1566
-1275
-407
392
461
-341
-1083
-842
-113
390
412
626
953
990
236
-188
-38
608
1049
1233
1283
802
-61
-743
-586
111
639
341
-111
-480
-325
-72
24
82
88
325
312
322
94
2
167
524
875
702
222
-426
-679
-726
-547
-447
-486
-914
-1593
-2363
-2738
-2859
-2762
-2527
-1658
-42
34
-1186
-3556
-2776
50
2575
2335
340
-421
18
581
184
550
1431
2172
1125
-69
-713
-522
-511
-490
66
616
398
-568
-1257
-1329
-668
100
834
674
-250
-1312
-1119
-141
634
659
689
832
742
182
-272
278
981
1332
1091
997
822
309
-228
-96
630
1103
757
-262
-934
-706
185
837
828
260
-151
-248
-4
317
519
740
777
642
183
-276
-393
-179
149
232
75
-347
-937
-1706
-2244
-2222
-1708
-1716
-2324
-3020
-2385
-687
-403
-1426
-3382
-2220
481
2128
1061
-1039
-1049
101
973
504
589
1155
1293
129
-541
-301
261
-4
-475
-61
518
212
-840
-1285
-944
-203
153
304
-13
-603
-1107
-805
11
468
303
195
210
166
-35
-60
494
844
730
462
569
629
265
-233
-75
375
505
97
-427
-543
-199
259
426
358
-21
-162
-208
180
657
682
371
-96
-119
-71
15
81
233
343
95
-390
-858
-1040
-1047
-1048
-1137
-1347
-1745
-2634
-3274
-3144
-2145
-421
-468
-1407
-3333
-2756
-337
1128
621
-1191
-975
173
897
-11
-287
314
1093
344
-362
-303
96
132
-383
-87
331
29
-1000
-1298
-772
112
251
90
-452
-934
-1104
-531
298
543
104
-184
-129
-188
-143
-45
619
893
637
172
7
-75
-293
-276
255
718
374
-315
-837
-632
-87
350
630
623
353
92
19
242
489
391
103
-129
-15
165
107
100
62
63
-127
-336
-354
-275
-265
-588
-1021
-1473
-1748
-1976
-2186
-2328
-2149
-1948
-1197
-1041
-1785
-3009
-3005
-548
1054
826
-1102
-1652
-683
232
110
38
811
1154
260
-849
-401
343
507
-280
-277
328
234
-884
-1453
-675
372
374
-327
-681
-685
-562
-566
-218
74
168
66
-63
-251
-214
43
398
364
-112
-379
-150
228
96
-34
89
206
-184
-584
-304
458
973
695
189
174
406
481
347
358
622
596
205
-240
-233
65
167
176
187
340
213
-228
-437
-241
101
-15
-580
-940
-1010
-1034
-1226
-1481
-1751
-2182
-2473
-1972
-756
-718
-1895
-3274
-2157
234
924
-350
-1771
-1026
213
428
-412
-239
735
911
-78
-396
377
724
-9
-797
-260
433
146
-784
-780
-45
204
-390
-860
-690
-278
-124
-214
-309
-403
-423
-304
-318
-403
-191
79
151
-375
-821
-657
-169
63
-66
75
430
262
-336
-449
-3
475
387
81
63
345
549
410
279
242
227
175
120
253
379
147
-197
-179
169
379
175
-84
-92
1
11
-309
-526
-484
-448
-615
-979
-1186
-1450
-1944
-2352
-2338
-1617
-722
-962
-1960
-2794
-1564
196
310
-906
-1764
-709
342
197
-621
-115
916
730
-436
-388
754
966
21
-758
-71
519
-33
-873
-420
565
372
-678
-1067
-580
-294
-519
-705
-476
-331
-511
-740
-783
-665
-503
-422
-278
-336
-429
-343
-175
-132
-101
282
432
21
-467
-181
439
612
257
54
379
704
448
106
223
500
353
-130
-158
270
743
487
-62
-202
56
173
-30
-33
313
582
374
-209
-637
-582
-490
-582
-738
-681
-740
-1176
-1746
-1971
-1779
-1303
-824
-1032
-1661
-2162
-1205
158
283
-781
-1637
-855
164
328
-193
92
758
562
-194
-28
844
997
223
-288
423
878
216
-624
-241
587
381
-558
-865
-386
-78
-218
-395
-203
-212
-579
-753
-484
-75
71
76
88
-63
-259
-269
7
257
362
525
644
477
208
325
561
536
260
299
628
876
701
532
815
956
731
144
1
318
692
708
496
496
400
165
-81
87
461
681
466
10
-160
-33
20
-206
-378
-292
-268
-603
-1070
-1315
-1274
-1355
-1183
-801
-822
-1449
-1947
-942
352
350
-794
-1431
-612
197
177
-194
438
1169
712
-116
169
1156
1082
95
-331
402
781
159
-351
160
714
174
-620
-614
-54
-57
-427
-385
-17
-108
-648
-795
-433
64
189
84
81
85
15
-40
91
293
462
661
676
396
282
627
867
701
413
460
789
880
619
591
955
1102
616
1
-1
438
700
485
248
378
515
308
143
272
496
464
87
-122
69
356
325
13
-70
-41
-288
-793
-1038
-792
-750
-1154
-1602
-1377
-766
-804
-1640
-2051
-1018
157
20
-927
-1344
-740
-80
-83
-249
279
919
363
-368
-101
744
798
14
-324
132
609
140
-458
-271
303
37
-669
-758
-309
-113
-360
-434
-142
87
-186
-609
-633
-134
138
49
-1
150
395
499
559
568
643
705
610
411
464
719
700
528
448
530
655
649
451
353
506
595
442
284
351
442
438
408
394
417
453
318
233
407
591
406
75
98
348
495
323
58
-54
-26
-195
-490
-496
-338
-477
-993
-1445
-1628
-1516
-1250
-1054
-1156
-1389
-1409
-967
-719
-816
-947
-860
-483
-443
-547
-264
354
372
-330
-467
167
653
348
-184
-108
292
147
-420
-400
268
470
-206
-674
-497
-201
-321
-528
-339
84
217
-28
-162
39
254
227
171
201
305
355
341
344
416
559
638
463
145
30
110
221
254
264
359
427
267
26
24
315
533
429
267
239
352
287
81
135
373
354
67
-31
198
478
516
253
102
275
337
116
-3
151
209
31
-262
-422
-537
-786
-1015
-1087
-1009
-1161
-1615
-1927
-1677
-1301
-1314
-1542
-1449
-1121
-1038
-955
-917
-702
-447
-492
-664
-402
214
397
232
65
-80
-156
-97
67
280
497
349
85
95
253
298
256
290
250
94
19
71
235
379
385
229
95
58
16
100
345
456
374
227
156
181
226
359
428
386
311
245
189
243
257
134
128
238
269
236
301
484
460
312
188
228
522
656
561
481
558
551
440
400
457
512
510
445
398
388
349
271
196
131
20
14
49
-12
-264
-472
-564
-697
-899
-1076
-1143
-1247
-1420
-1521
-1295
-1085
-1119
-1388
-1372
-1293
-1172
-1072
-871
-494
-238
-293
-368
-106
85
161
254
423
498
393
321
466
684
639
344
153
280
467
542
529
553
512
278
10
80
419
692
620
323
59
-39
11
75
176
246
174
5
-150
-195
-95
88
75
-99
-148
14
237
341
269
177
181
168
88
44
221
316
265
93
2
50
155
195
202
179
145
148
184
253
286
307
280
182
65
-15
-14
52
36
-67
-196
-256
-295
-380
-484
-520
-557
-648
-788
-878
-890
-982
-1264
-1596
-1713
-1387
-1010
-904
-990
-1103
-1183
-1389
-1396
-1153
-672
-269
-336
-610
-519
-127
132
203
303
403
479
464
441
563
695
621
396
339
406
407
342
287
209
11
-180
-223
-40
161
200
85
11
-34
-56
-37
115
251
181
-7
-159
-90
32
75
-21
-146
-248
-303
-271
-164
18
64
17
-67
-50
117
314
368
231
84
-18
3
110
141
46
-27
-81
-117
-65
68
88
115
138
111
111
167
163
185
289
322
242
211
154
12
-77
-153
-232
-285
-330
-433
-578
-719
-937
-1174
-1351
-1414
-1467
-1476
-1424
-1226
-1108
-1134
-1212
-1187
-1096
-948
-796
-733
-539
-375
-460
-517
-265
60
251
312
254
231
308
330
334
466
604
469
242
196
265
332
323
134
-122
-230
-245
-229
-118
-59
-87
-179
-244
-268
-219
-80
-21
-48
-102
-99
-16
77
98
-3
-192
-313
-234
-37
157
244
199
133
61
-16
9
229
476
471
328
276
354
412
360
220
212
328
371
289
304
382
383
310
185
159
236
360
367
354
362
241
101
115
196
218
192
120
8
-111
-192
-283
-353
-426
-566
-729
-823
-836
-909
-1012
-1125
-1196
-1199
-990
-822
-752
-767
-716
-721
-759
-645
-576
-477
-336
-342
-370
-155
74
100
181
320
304
206
186
374
541
646
481
314
311
322
143
39
153
137
-15
-154
-122
-6
67
-6
-117
-115
-43
28
144
288
329
235
238
354
424
477
536
518
435
290
246
331
523
636
558
571
659
698
657
631
616
561
516
481
428
456
437
389
398
380
235
114
157
226
258
183
187
320
449
418
386
486
626
625
497
476
632
712
549
306
194
236
194
62
-68
-153
-246
-435
-593
-615
-632
-759
-917
-976
-1023
-1093
-1221
-1195
-1018
-939
-975
-995
-812
-825
-854
-814
-680
-382
-231
-366
-362
-66
228
301
350
348
378
410
417
475
601
694
522
365
331
366
400
421
368
253
219
194
212
325
411
359
266
287
379
466
524
550
540
483
415
400
440
536
562
471
375
345
391
482
536
483
417
467
575
602
581
555
529
490
402
336
387
481
442
333
236
214
184
181
239
306
328
284
241
268
364
406
421
445
447
367
299
330
360
325
231
142
117
97
54
-56
-109
-159
-252
-386
-493
-526
-544
-570
-635
-718
-826
-896
-1021
-1181
-1299
-1276
-1154
-972
-871
-781
-750
-683
-692
-701
-529
-349
-163
-32
19
75
190
343
428
533
527
435
395
434
508
539
549
491
487
525
560
572
612
644
609
548
532
565
633
672
642
624
638
632
569
481
411
377
319
281
316
424
463
356
186
95
132
166
148
178
236
204
66
-70
-80
-12
-32
-148
-244
-182
-109
-153
-225
-208
-148
-114
-117
-111
-30
17
4
-25
43
132
152
94
56
86
148
170
150
85
20
2
-42
-66
-68
-74
-87
-123
-203
-317
-402
-424
-442
-466
-500
-574
-679
-740
-842
-956
-1022
-1003
-1025
-1128
-1315
-1442
-1394
-1344
-1315
-1299
-1151
-1005
-943
-933
-846
-651
-507
-478
-480
-348
-135
8
96
214
370
468
471
407
389
424
519
606
634
588
489
442
397
320
237
140
83
44
-8
-60
-120
-197
-304
-386
-386
-288
-226
-256
-311
-297
-227
-173
-173
-209
-216
-247
-287
-273
-210
-152
-193
-235
-215
-204
-270
-336
-319
-245
-210
-289
-367
-381
-339
-351
-392
-393
-353
-365
-421
-462
-460
-426
-363
-300
-261
-233
-209
-200
-167
-138
-132
-132
-83
5
-5
-37
-22
46
77
-19
-131
-138
-76
-83
-167
-196
-163
-168
-274
-405
-471
-465
-487
-562
-597
-646
-709
-783
-817
-856
-971
-1109
-1215
-1259
-1298
-1289
-1255
-1140
-1032
-986
-882
-759
-701
-789
-790
-660
-488
-310
-224
-191
-141
-114
-141
-135
39
105
68
19
22
75
119
112
75
90
67
20
-26
-15
-15
-102
-199
-229
-172
-125
-136
-161
-164
-140
-127
-140
-159
-195
-195
-153
-81
-88
-126
-144
-126
-144
-214
-231
-228
-212
-211
-238
-243
-238
-284
-331
-346
-289
-271
-297
-302
-225
-129
-80
-89
-103
-75
-73
-84
-61
9
81
90
59
38
25
12
-33
-56
-69
-24
51
99
101
31
-38
-54
-47
-69
-108
-146
-210
-290
-365
-424
-488
-569
-627
-657
-643
-644
-653
-686
-756
-840
-852
-819
-793
-804
-839
-817
-814
-902
-1021
-1069
-1034
-1026
-1047
-982
-844
-715
-697
-713
-672
-589
-530
-532
-470
-357
-197
-85
-35
-17
-25
-32
-53
-89
-61
11
63
82
40
39
48
24
-96
-156
-61
99
201
183
169
180
176
118
61
86
172
199
144
92
71
92
85
25
-23
2
77
114
90
43
32
73
98
110
136
168
185
168
133
102
69
3
-73
-91
-99
-81
-66
-85
-109
-178
-226
-267
-232
-184
-190
-192
-171
-142
-133
-126
-184
-222
-189
-126
-62
-23
5
16
-18
-88
-148
-149
-126
-156
-168
-120
-94
-136
-247
-333
-326
-303
-348
-405
-416
-418
-449
-535
-594
-596
-625
-689
-711
-656
-589
-582
-655
-713
-726
-686
-630
-544
-453
-415
-434
-465
-473
-439
-438
-449
-401
-302
-246
-212
-189
-188
-158
-130
-58
13
39
17
29
78
87
43
29
38
71
101
83
55
49
50
33
17
-24
-56
-46
-7
6
-29
-81
-105
-76
-60
-62
-44
-3
33
75
113
130
127
107
107
100
111
104
96
96
84
74
48
-3
-23
9
42
52
16
-10
-3
21
-1
-51
-52
-30
-47
-68
-63
-22
-51
-133
-162
-155
-120
-166
-205
-194
-175
-188
-239
-242
-232
-265
-325
-371
-347
-310
-318
-355
-372
-334
-291
-292
-266
-244
-268
-294
-337
-332
-336
-332
-320
-319
-320
-350
-388
-447
-462
-465
-508
-575
-623
-606
-586
-627
-700
-721
-703
-676
-689
-698
-619
-512
-446
-394
-321
-265
-217
-161
-93
-29
24
25
46
117
190
210
194
171
133
154
167
132
98
93
114
106
58
41
46
46
27
-10
0
22
21
1
8
32
66
72
80
101
109
123
136
116
93
51
38
48
33
-15
-60
-69
-89
-122
-133
-113
-108
-159
-232
-273
-266
-261
-269
-271
-243
-219
-219
-209
-225
-218
-184
-151
-144
-146
-153
-130
-126
-183
-251
-263
-222
-227
-276
-317
-315
-288
-276
-297
-273
-238
-241
-266
-262
-238
-244
-294
-377
-405
-401
-395
-410
-456
-486
-523
-551
-620
-658
-622
-576
-551
-603
-634
-599
-563
-526
-484
-427
-391
-366
-370
-347
-253
-196
-171
-175
-150
-54
-7
0
13
53
93
89
44
-7
11
24
11
-5
13
75
85
43
-30
-30
-10
-15
-49
-48
51
98
70
-3
18
95
110
99
104
157
194
168
157
183
200
174
124
129
146
130
72
77
134
162
119
74
111
163
160
121
99
118
133
112
96
109
118
82
53
56
65
44
17
-8
-35
-50
-67
-80
-85
-81
-60
-25
-51
-121
-196
-210
-162
-132
-137
-160
-142
-125
-145
-204
-232
-211
-212
-242
-282
-274
-268
-323
-365
-394
-380
-340
-361
-416
-470
-479
-453
-451
-480
-523
-535
-541
-550
-574
-600
-593
-588
-564
-542
-515
-480
-493
-519
-512
-449
-421
-439
-454
-442
-422
-434
-450
-420
-357
-312
-327
-366
-339
-251
-211
-225
-230
-174
-112
-89
-84
-71
-42
-72
-100
-97
-57
-13
-23
-43
-42
-51
-36
-42
-49
-35
-5
34
55
59
22
-6
-2
22
19
-2
-15
-10
-5
19
47
53
29
-21
-59
-79
-68
-107
-150
-150
-138
-149
-178
-203
-201
-193
-210
-203
-190
-212
-286
-304
-282
-260
-256
-273
-265
-253
-262
-278
-280
-279
-307
-342
-350
-321
-297
-335
-423
-486
-520
-542
-574
-587
-591
-626
-671
-716
-728
-732
-730
-750
-748
-730
-711
-724
-767
-783
-753
-711
-695
-668
-613
-573
-567
-582
-563
-493
-425
-399
-399
-362
-296
-235
-215
-181
-163
-161
-146
-123
-82
-55
-39
-43
-27
12
29
22
15
20
35
25
6
-9
-14
-19
-37
-36
-33
-35
-72
-74
-44
-13
-37
-86
-108
-66
-11
-8
2
40
69
54
17
31
104
150
146
107
86
126
130
78
33
25
7
0
-22
-44
-55
-91
-148
-204
-206
-188
-173
-190
-183
-168
-149
-163
-210
-240
-213
-175
-173
-202
-246
-242
-216
-199
-237
-248
-225
-207
-236
-281
-279
-247
-248
-261
-275
-252
-247
-279
-313
-306
-266
-261
-278
-300
-301
-290
-288
-299
-312
-326
-324
-340
-375
-409
-398
-352
-316
-326
-332
-296
-253
-267
-329
-342
-292
-229
-206
-197
-160
-105
-116
-186
-207
-166
-99
-94
-120
-130
-97
-78
-105
-130
-116
-86
-96
-117
-98
-48
-15
-27
-51
-50
-46
-44
-53
-38
-5
29
44
13
-1
7
-2
7
7
2
-2
-22
-64
-95
-78
-67
-78
-92
-92
-77
-61
-66
-82
-49
-33
-62
-85
-60
21
59
40
1
-10
1
-21
-58
-85
-70
-73
-71
-77
-110
-137
-181
-220
-245
-240
-240
-263
-266
-295
-320
-347
-362
-356
-349
-328
-337
-353
-371
-375
-377
-385
-397
-400
-407
-435
-469
-483
-450
-421
-428
-476
-496
-470
-460
-459
-438
-379
-331
-343
-369
-350
-300
-253
-230
-200
-163
-142
-155
-163
-143
-131
-121
-97
-59
-20
7
-10
-16
-28
-50
-50
-52
-25
13
17
7
-6
2
1
-27
-40
-24
22
40
31
43
77
93
67
17
-12
-16
-12
-8
-14
-22
-64
-98
-94
-83
-56
-49
-89
-105
-114
-126
-96
-87
-90
-86
-77
-46
-29
-16
-39
-33
-19
-30
-34
-43
-44
-53
-68
-50
-17
-32
-113
-174
-163
-137
-146
-171
-136
-88
-110
-163
-208
-198
-196
-204
-212
-195
-171
-189
-219
-259
-239
-230
-251
-271
-271
-255
-251
-261
-245
-220
-201
-221
-241
-240
-210
-170
-168
-184
-206
-200
-192
-194
-169
-119
-70
-86
-123
-117
-75
-70
-101
-97
-67
-44
-73
-96
-89
-84
-106
-138
-141
-134
-147
-176
-178
-151
-127
-131
-153
-181
-180
-159
-134
-104
-80
-76
-88
-85
-83
-48
-32
-32
-39
-18
7
-2
-36
-62
-64
-41
-24
-39
-44
-35
-26
-39
-45
-31
5
7
-16
-38
-37
-27
-46
-74
-94
-86
-56
-65
-102
-115
-126
-137
-165
-170
-154
-148
-173
-184
-175
-149
-173
-219
-237
-222
-218
-237
-235
-213
-205
-219
-230
-199
-176
-180
-181
-172
-139
-130
-163
-196
-222
-207
-209
-228
-216
-215
-260
-318
-331
-295
-291
-312
-317
-282
-236
-237
-237
-208
-152
-122
-159
-205
-189
-153
-147
-161
-160
-110
-82
-107
-162
-166
-127
-97
-77
-64
-57
-79
-87
-104
-90
-35
20
28
1
-9
13
33
21
-21
-26
7
37
35
43
36
5
-21
-51
-45
-19
-16
-43
-55
-48
-42
-67
-91
-123
-125
-119
-110
-94
-76
-73
-92
-104
-99
-112
-106
-71
-39
-15
-11
-28
-66
-84
-89
-64
-34
-37
-66
-105
-149
-146
-150
-150
-146
-155
-154
-159
-205
-247
-256
-253
-255
-314
-339
-334
-334
-364
-410
-435
-430
-433
-450
-485
-486
-460
-437
-399
-400
-398
-387
-363
-319
-300
-266
-200
-170
-165
-177
-180
-163
-160
-188
-212
-185
-133
-125
-166
-210
-224
-217
-205
-204
-204
-192
-172
-152
-147
-129
-111
-103
-113
-121
-94
-38
-7
-6
-21
-19
-4
0
31
63
95
116
94
55
38
32
33
38
42
35
18
-16
-46
-86
-85
-77
-74
-75
-93
-92
-80
-62
-68
-64
-52
-27
-17
-38
-46
-46
-55
-67
-72
-75
-73
-78
-107
-132
-143
-149
-151
-156
-184
-191
-193
-195
-177
-173
-173
-167
-166
-156
-152
-152
-135
-141
-160
-176
-136
-108
-125
-155
-164
-139
-129
-137
-134
-119
-100
-105
-137
-152
-143
-112
-111
-119
-105
-78
-74
-127
-119
-91
-67
-60
-80
-45
-10
25
-8
-19
10
29
38
25
53
76
56
9
-21
-8
42
54
37
23
27
50
44
24
23
24
32
47
47
63
72
62
50
35
50
35
8
-23
-40
-29
-23
-38
-83
-103
-129
-135
-141
-156
-155
-159
-162
-185
-169
-167
-174
-164
-156
-140
-121
-120
-125
-153
-173
-167
-149
-133
-136
-153
-144
-123
-112
-128
-144
-142
-131
-125
-128
-116
-103
-106
-137
-165
-157
-129
-109
-113
-96
-53
-19
-12
-35
-51
-14
17
23
7
29
52
46
24
14
15
20
10
-15
-45
-49
-39
-55
-71
-72
-77
-82
-73
-83
-74
-61
-51
-54
-68
-68
-64
-53
-54
-59
-62
-47
-33
-27
-52
-66
-62
-30
-7
-13
-4
8
3
-12
-5
6
10
12
-16
-25
-20
-27
-63
-100
-104
-89
-93
-133
-157
-164
-147
-159
-193
-201
-196
-191
-198
-194
-169
-158
-163
-172
-155
-128
-118
-111
-111
-97
-78
-68
-58
-36
-31
-34
-29
-30
-12
-17
-14
1
-1
7
3
15
30
14
-6
-18
3
-7
-30
-26
-40
-41
-46
-36
-46
-69
-74
-76
-84
-79
-79
-100
-115
-128
-140
-147
-167
-183
-197
-200
-189
-159
-138
-144
-141
-123
-126
-128
-142
-162
-156
-141
-150
-161
-181
-209
-217
-235
-241
-248
-252
-260
-270
-270
-273
-294
-333
-353
-352
-360
-346
-346
-342
-358
-386
-386
-386
-373
-377
-370
-341
-319
-312
-330
-327
-319
-291
-294
-324
-334
-315
-268
-277
-303
-301
-283
-278
-314
-309
-288
-278
-301
-307
-282
-270
-294
-312
-308
-288
-254
-249
-259
-267
-237
-224
-237
-256
-239
-217
-224
-221
-230
-242
-254
-273
-267
-242
-228
-195
-174
-184
-169
-154
-154
-144
-119
-93
-62
-44
-50
-53
-64
-73
-92
-102
-104
-102
-97
-84
-92
-106
-110
-99
-110
-118
-103
-98
-80
-92
-105
-130
-135
-124
-140
-144
-140
-126
-127
-146
-151
-141
-142
-157
-163
-164
-156
-152
-167
-179
-197
-177
-160
-154
-161
-167
-169
-166
-170
-183
-178
-170
-163
-167
-152
-144
-134
-123
-143
-155
-157
-158
-179
-185
-179
-153
-150
-179
-189
-210
-225
-238
-230
-215
-195
-186
-184
-185
-188
-176
-179
-169
-152
-126
-96
-75
-76
-97
-93
-87
-94
-97
-81
-77
-72
-81
-90
-91
-93
-92
-113
-122
-115
-100
-104
-93
-83
-81
-78
-100
-111
-115
-123
-112
-114
-125
-118
-114
-125
-131
-131
-120
-93
-97
-102
-112
-103
-80
-72
-58
-50
-54
-61
-66
-58
-59
-54
-52
-56
-72
-68
-57
-63
-78
-92
-90
-96
-108
-133
-140
-139
-117
-100
-106
-126
-145
-147
-156
-156
-157
-158
-157
-160
-166
-170
-180
-184
-177
-168
-147
-131
-114
-121
-117
-109
-91
-78
-75
-65
-55
-57
-66
-66
-57
-30
-35
-44
-55
-54
-65
-67
-57
-49
-42
-45
-29
-23
-30
-34
-41
-23
-6
-17
-21
-1
23
35
46
52
75
65
58
69
97
124
109
100
95
98
106
108
125
145
143
137
129
151
177
187
183
176
180
178
173
167
179
203
220
233
223
218
228
253
266
271
266
286
283
273
277
282
296
312
296
294
304
306
303
285
287
294
289
270
284
288
276
275
255
259
259
262
268
278
264
261
271
268
280
270
266
276
287
298
303
301
287
267
251
247
250
218
213
225
254
248
222
232
241
249
260
252
260
287
289
304
306
302
312
310
318
323
316
321
317
300
293
278
274
257
244
230
204
208
211
197
183
181
180
190
189
185
193
202
210
194
177
183
178
182
181
186
198
197
213
228
230
228
218
215
229
221
210
229
233
225
206
178
178
182
182
187
194
188
173
173
175
182
190
189
197
199
202
179
159
144
129
125
109
102
95
78
43
36
43
50
58
42
58
52
54
62
70
82
99
111
104
116
124
142
162
158
153
146
151
138
145
140
133
131
129
124
105
97
73
49
43
35
37
44
47
31
13
-7
-19
-12
-27
-34
-20
8
13
7
2
-2
12
5
3
1
13
25
23
11
-4
-10
-20
-28
-49
-43
-38
-28
-42
-55
-46
-40
-44
-62
-60
-43
-50
-59
-55
-60
-59
-70
-79
-80
-74
-63
-58
-57
-48
-21
-28
-26
-22
-15
8
15
16
35
52
64
66
65
56
69
97
109
114
106
98
87
77
79
76
78
99
95
82
70
53
62
58
43
44
56
57
34
18
7
20
31
28
24
26
24
10
6
-2
0
5
21
18
27
24
33
28
24
33
24
22
11
19
27
20
16
10
3
8
21
16
12
25
25
20
24
31
30
33
18
18
7
8
-2
-8
-15
-21
-20
-37
-47
-57
-40
-33
-37
-34
-17
2
13
30
43
67
65
55
70
90
103
107
107
127
137
124
133
141
141
153
127
112
118
134
143
138
145
140
127
106
92
100
100
90
102
109
113
97
74
81
90
95
96
82
59
88
93
83
97
102
99
86
87
99
99
97
78
69
83
85
85
83
75
80
76
72
65
74
73
60
64
65
73
81
79
85
98
99
108
105
110
107
110
115
115
112
111
122
139
163
180
196
210
205
203
206
204
211
211
220
226
238
248
229
206
198
196
193
200
190
205
220
216
211
212
216
215
199
195
205
210
213
203
200
204
217
209
213
216
220
218
204
212
218
214
214
217
209
200
210
209
195
188
192
185
172
153
146
143
136
125
108
127
119
89
81
82
96
79
47
40
41
44
41
34
35
47
54
28
36
50
53
48
45
62
86
76
73
63
68
83
80
92
87
95
97
85
88
85
69
64
66
64
54
44
47
68
55
38
34
46
53
34
43
42
47
49
42
51
46
59
58
53
64
69
63
56
61
66
58
63
51
48
49
49
36
25
24
6
17
24
32
22
2
9
4
-9
-23
-21
-29
-51
-76
-81
-64
-64
-72
-90
-77
-74
-77
-75
-68
-69
-71
-84
-87
-78
-65
-75
-86
-66
-53
-62
-72
-86
-93
-89
-89
-87
-90
-92
-85
-61
-69
-60
-44
-40
-47
-60
-54
-47
-36
-39
-31
-34
-33
-30
-40
-45
-52
-54
-48
-40
-40
-44
-49
-51
-37
-30
-28
-29
-28
-18
-24
-36
-31
-25
-24
-41
-46
-33
-48
-64
-81
-79
-70
-65
-61
-50
-42
-43
-57
-56
-48
-52
-59
-70
-71
-87
-108
-127
-133
-146
-151
-170
-178
-167
-175
-174
-181
-194
-199
-197
-203
-204
-203
-188
-190
-192
-200
-213
-237
-246
-223
-226
-218
-226
-221
-224
-230
-226
-215
-202
-212
-196
-192
-176
-165
-176
-166
-149
-145
-155
-161
-172
-168
-173
-184
-179
-167
-174
-194
-189
-187
-185
-189
-178
-180
-191
-200
-204
-191
-191
-194
-188
-181
-176
-184
-180
-179
-162
-158
-170
-154
-145
-132
-132
-140
-149
-140
-142
-141
-141
-148
-141
-140
-136
-138
-139
-156
-155
-151
-155
-161
-161
-158
-160
-159
-157
-142
-141
-155
-150
-145
-142
-142
-155
-143
-149
-153
-154
-160
-164
-151
-151
-168
-175
-176
-171
-179
-163
-172
-185
-184
-186
-192
-190
-188
-180
-182
-192
-182
-175
-164
-155
-172
-174
-173
-166
-164
-180
-169
-161
-155
-166
-160
-154
-141
-151
-150
-144
-136
-135
-148
-121
-117
-114
-104
-103
-108
-91
-86
-85
-84
-92
-76
-71
-77
-75
-72
-63
-67
-79
-89
-80
-82
-81
-86
-86
-79
-78
-87
-101
-95
-91
-101
-106
-97
-77
-53
-56
-52
-28
-31
-37
-37
-24
-20
-26
-29
-25
-26
-42
-49
-54
-38
-41
-50
-48
-50
-53
-52
-31
-34
-33
-51
-62
-54
-67
-62
-62
-58
-59
-60
-60
-56
-65
-63
-67
-68
-55
-60
-57
-66
-69
-65
-74
-59
-69
-69
-59
-43
-51
-54
-47
-36
-28
-28
-14
-6
5
11
5
13
16
33
16
0
14
17
18
7
10
20
29
18
30
33
41
39
43
37
36
51
41
41
50
49
44
52
53
48
50
58
71
68
65
63
75
83
91
87
103
106
107
126
127
138
134
141
150
139
126
126
148
150
145
143
138
157
156
135
132
123
134
133
128
127
128
119
109
118
125
122
116
116
114
125
130
115
109
127
143
133
131
132
133
137
133
136
146
145
134
121
105
108
124
117
108
105
107
114
100
92
93
91
92
90
84
90
95
83
78
77
80
83
85
93
90
89
80
80
73
82
78
78
73
61
62
64
54
58
58
68
85
85
88
82
87
78
83
74
78
83
72
75
73
78
72
62
64
65
54
53
45
36
28
37
30
24
23
16
12
14
18
18
26
21
18
20
19
14
13
1
12
11
5
7
4
19
26
34
38
39
39
41
45
37
33
42
37
52
59
48
57
55
46
45
59
65
64
53
69
97
85
78
74
68
73
77
79
81
72
71
68
67
62
45
44
40
57
52
44
60
59
76
78
78
104
106
114
122
118
113
111
114
115
120
120
121
100
95
98
105
98
83
89
93
88
81
72
72
66
52
60
64
67
50
32
19
6
-3
-16
-36
-51
-52
-61
-66
-61
-63
-78
-98
-110
-101
-113
-120
-111
-127
-126
-113
-114
-105
-95
-86
-91
-93
-95
-100
-95
-99
-92
-83
-74
-85
-86
-81
-76
-64
-71
-73
-76
-74
-85
-89
-89
-86
-87
-128
-121
-117
-116
-118
-127
-118
-111
-106
-126
-117
-119
-111
-109
-132
-134
-130
-137
-134
-138
-135
-133
-141
-148
-152
-137
-133
-138
-147
-146
-153
-154
-151
-141
-139
-133
-134
-142
-142
-136
-124
-138
-139
-147
-144
-143
-139
-133
-134
-137
-136
-134
-145
-147
-148
-165
-180
-166
-167
-173
-171
-179
-186
-194
-193
-196
-195
-197
-213
-210
-224
-235
-248
-243
-241
-243
-243
-236
-227
-225
-230
-227
-211
-208
-203
-199
-196
-190
-182
-179
-193
-200
-195
-190
-182
-186
-186
-189
-188
-187
-187
-184
-192
-204
-201
-205
-216
-212
-228
-216
-207
-208
-210
-218
-204
-208
-212
-202
-204
-194
-189
-178
-180
-189
-177
-174
-177
-184
-179
-169
-160
-163
-166
-172
-169
-168
-170
-169
-180
-183
-188
-197
-197
-192
-185
-170
-190
-209
-201
-203
-203
-210
-203
-197
-204
-192
-192
-204
-201
-203
-209
-220
-224
-213
-215
-221
-218
-220
-213
-209
-223
-228
-226
-223
-230
-230
-228
-229
-223
-216
-223
-230
-220
-215
-200
-194
-193
-184
-189
-190
-176
-170
-155
-157
-153
-145
-145
-131
-117
-109
-109
-93
-67
-52
-41
-27
-31
-29
-33
-28
-19
-18
-30
-16
-28
-16
-5
-14
-20
-42
-31
-27
-29
-33
-39
-43
-44
-54
-50
-41
-52
-44
-43
-47
-44
-38
-39
-39
-35
-37
-29
-39
-44
-43
-41
-42
-46
-54
-69
-80
-93
-91
-100
-99
-111
-120
-116
-124
-122
-126
-118
-107
-109
-100
-97
-100
-101
-85
-68
-61
-57
-60
-66
-65
-57
-50
-38
-11
-8
1
4
13
24
25
38
44
44
40
40
49
42
32
25
17
12
8
4
-4
-4
-15
-19
-18
-23
-22
-34
-51
-34
-30
-28
-33
-34
-27
-33
-28
-25
-25
-21
-23
-39
-36
-31
-28
-32
-24
-29
-27
-23
-32
-34
-28
-23
-27
-34
-14
-22
-32
-34
-52
-48
-47
-58
-60
-67
-67
-55
-54
-55
-57
-57
-56
-60
-79
-76
-76
-69
-74
-78
-79
-70
-63
-56
-46
-51
-30
-35
-37
-30
-26
-10
-15
-4
7
12
14
7
16
50
57
51
60
75
96
107
126
128
132
149
146
159
169
173
182
184
194
195
186
180
176
187
179
179
178
176
168
173
169
169
176
177
179
174
179
168
170
156
140
144
142
149
146
147
147
148
151
147
149
174
175
178
178
170
172
175
171
163
164
169
169
162
158
157
146
150
133
129
135
125
127
120
122
108
95
96
103
92
85
94
108
106
106
108
111
117
115
114
106
107
109
112
120
113
116
110
104
112
106
108
104
110
125
119
112
125
117
119
121
122
123
113
101
86
107
104
94
86
87
96
84
86
92
88
80
78
82
87
81
73
71
70
62
50
45
58
56
54
59
69
77
63
50
49
44
46
34
34
31
25
20
9
16
11
23
20
1
2
14
7
5
12
2
-2
-4
0
-15
-16
-12
-16
-18
-12
-10
-18
-14
-11
-12
-8
-11
-11
-12
-6
-7
-14
-15
-19
-24
-21
-21
-29
-33
-40
-38
-43
-38
-29
-46
-52
-63
-58
-55
-68
-56
-70
-63
-65
-68
-67
-80
-68
-76
-79
-72
-82
-86
-84
-80
-85
-82
-78
-90
-87
-92
-93
-91
-104
-106
-106
-105
-105
-100
-101
-106
-105
-100
-104
-99
-87
-95
-90
-94
-95
-83
-85
-96
-89
-80
-81
-77
-77
-70
-63
-58
-45
-50
-37
-23
-21
-27
-16
-9
-1
-4
-14
-2
-14
-6
2
-1
-8
4
9
20
20
23
33
35
36
32
44
44
45
53
54
52
49
48
59
61
59
69
62
63
63
70
79
74
83
79
85
91
98
107
105
110
95
101
99
103
124
133
134
132
137
141
146
146
152
167
168
160
156
163
171
173
180
171
171
192
196
212
216
221
238
244
247
265
277
281
290
296
306
301
302
303
304
317
319
316
313
319
324
320
317
322
329
325
319
316
317
314
309
305
293
296
284
275
266
248
236
213
206
199
191
173
171
157
144
149
149
140
153
157
148
132
121
108
118
123
108
104
102
112
94
100
106
105
99
106
118
122
117
107
104
100
99
96
85
76
90
92
85
76
79
81
79
81
72
79
70
70
58
72
73
66
68
58
67
59
53
57
68
73
71
79
92
86
89
95
94
106
119
133
135
138
145
150
167
172
178
183
187
197
191
188
180
185
200
201
207
200
199
194
199
205
192
189
178
185
177
178
179
189
202
190
183
184
180
177
176
170
166
166
164
153
161
157
141
139
139
134
123
126
119
105
97
87
85
76
62
71
73
85
99
106
110
119
120
115
124
131
138
128
127
129
135
125
112
121
131
140
145
147
151
154
164
186
194
189
189
190
194
195
200
206
190
181
172
160
154
142
148
155
147
146
126
129
120
117
120
130
139
135
132
140
137
123
118
117
130
113
108
107
92
83
76
81
72
66
61
56
57
63
64
65
73
75
67
68
69
70
69
68
64
58
60
69
64
62
75
71
60
67
66
67
72
76
76
78
94
86
110
106
93
101
101
98
100
102
98
111
117
127
126
125
129
127
126
146
154
159
164
171
175
167
180
180
191
183
193
209
219
218
216
225
237
250
259
254
256
252
243
252
249
256
258
260
248
226
227
222
217
213
211
200
196
196
190
189
186
182
190
185
187
186
192
200
190
201
199
189
194
189
184
200
197
208
205
213
219
218
223
226
228
216
215
219
226
227
241
243
255
256
252
261
275
281
282
293
289
305
297
303
306
312
329
309
313
306
296
285
278
278
286
277
276
266
260
257
262
269
263
280
277
274
275
276
275
287
286
278
269
271
266
253
267
273
274
277
282
278
279
280
283
291
294
299
305
299
297
290
294
300
282
279
284
275
279
271
284
287
273
288
271
276
275
263
268
272
274
263
254
252
248
228
223
219
210
213
213
222
219
233
244
226
231
225
229
218
230
228
233
239
