SAMPLES:	8237
BITSPERSAMPLE:	16
CHANNELS:	1
SAMPLERATE:	16000
NORMALIZED:	FALSE
-23
-19
-17
-20
-29
-33
-25
-23
-21
-15
-22
-27
-33
-27
-17
-27
-21
-19
-22
-25
-26
-20
-22
-24
-28
-32
-21
-26
-26
-33
-23
-16
-28
-19
-22
-17
-24
-24
-21
-18
-17
-21
-10
-19
-20
-19
-12
-16
-15
-14
-11
-8
-28
-20
-17
-14
-24
-14
-13
-22
-11
-15
-8
-16
-12
-11
-17
-25
-19
-14
-17
-18
-15
-18
-24
-15
-20
-17
-20
-18
-21
-18
-14
-21
-18
-24
-18
-15
-19
-21
-18
-16
-17
-26
-18
-20
-19
-19
-10
-13
-30
-35
-32
-28
-33
-30
-26
-29
-32
-24
-30
-25
-39
-21
-20
-31
-24
-37
-30
-29
-31
-29
-31
-32
-32
-35
-36
-32
-44
-34
-36
-32
-34
-41
-36
-31
-30
-32
-31
-38
-27
-36
-30
-34
-40
-35
-33
-28
-35
-33
-28
-26
-29
-28
-24
-25
-33
-32
-31
-16
-26
-38
-31
-37
-35
-25
-34
-36
-37
-33
-37
-35
-28
-31
-26
-29
-32
-30
-20
-25
-36
-23
-37
-36
-28
-33
-28
-37
-41
-26
-32
-35
-28
-37
-31
-32
-37
-31
-35
-35
-36
-40
-31
-46
-33
-24
-37
-36
-30
-40
-35
-34
-36
-25
-36
-34
-30
-35
-38
-33
-25
-32
-29
-26
-24
-17
-23
-22
-27
-23
-16
-18
-27
-21
-21
-12
-23
-21
-21
-24
-24
-27
-30
-28
-28
-30
-26
-35
-23
-32
-33
-27
-28
-32
-25
-30
-29
-24
-23
-24
-28
-26
-20
-21
-24
-25
-21
-27
-27
-22
-20
-16
-24
-19
-18
-31
-16
-26
-25
-29
-37
-14
-19
-22
-24
-16
-5
-10
-10
-13
-11
-19
-13
-9
-12
-16
-16
-9
-7
-8
-9
1
-6
-2
-6
-9
-1
-3
-2
-4
-11
-8
-12
-11
-2
-7
-9
-16
-5
-10
-10
-10
-3
-4
-9
-2
-3
0
1
7
-5
1
-4
-10
9
11
2
10
17
5
-4
2
4
-3
3
-6
0
-2
-7
-5
-7
-5
-9
1
0
-3
-4
4
-7
-4
0
-9
-3
15
11
2
-3
-3
0
6
5
4
2
5
-5
-3
1
-1
7
-1
-8
2
6
10
11
2
-2
0
-1
0
0
-5
-3
-1
-2
1
-1
5
6
8
5
9
-2
4
4
-1
4
-1
3
-9
-1
-3
-5
2
12
5
2
7
0
-6
-3
7
-5
-8
2
1
4
9
3
-2
-7
-8
3
5
-7
-6
-1
-3
-6
-6
3
-3
0
0
-2
-1
0
7
-7
-4
1
-2
-1
-4
-7
5
0
-5
3
6
11
4
12
4
1
11
0
8
8
5
7
11
5
4
8
6
2
-1
9
5
13
9
14
4
-1
4
0
7
0
1
5
6
10
5
4
9
9
17
11
2
9
4
-3
-1
7
4
14
3
-3
7
5
6
10
9
10
9
9
18
11
13
13
11
14
15
16
5
8
18
14
11
19
16
12
17
12
10
6
15
8
14
8
7
13
8
13
13
7
8
15
12
11
8
5
15
7
10
23
13
12
24
17
17
25
18
24
18
24
26
20
25
26
24
26
29
27
26
25
25
33
36
24
24
31
29
19
22
22
12
15
20
28
23
21
18
27
32
26
26
26
27
32
23
32
29
29
32
41
38
30
34
37
33
33
41
35
33
27
34
37
37
37
37
34
40
42
33
33
38
27
39
40
36
39
38
43
37
50
27
37
39
32
36
38
42
32
38
33
39
35
31
53
54
34
39
37
47
46
33
50
49
39
47
50
41
45
48
56
52
51
57
67
55
54
54
59
55
58
56
49
59
57
51
58
57
51
62
59
57
54
51
59
58
43
53
50
54
49
61
52
61
62
48
47
54
55
38
47
51
44
44
49
55
50
44
50
58
57
49
53
61
45
41
55
60
48
42
60
61
45
51
66
39
35
62
64
50
43
54
57
37
52
62
52
45
63
61
39
43
48
45
50
46
36
42
42
35
34
49
40
40
41
33
40
43
50
35
42
47
46
33
31
51
55
44
39
42
51
46
25
41
48
29
14
39
47
33
36
50
49
25
35
55
24
26
47
29
17
23
45
36
18
27
41
37
22
39
35
27
31
31
30
26
30
14
30
42
32
10
30
40
17
19
31
17
8
15
27
26
5
9
36
31
11
13
38
40
15
30
38
37
14
15
40
30
3
24
70
28
-6
34
70
35
5
41
47
24
2
25
69
25
-4
24
61
52
-5
29
62
21
5
36
68
24
10
47
38
25
31
71
57
4
26
87
62
17
41
68
63
23
38
68
68
32
25
73
68
32
49
80
46
26
90
80
21
26
90
65
11
32
50
56
28
37
62
58
41
58
68
32
47
72
33
27
82
78
18
-1
72
54
7
39
72
39
5
81
58
-2
48
93
18
-7
100
67
-15
52
93
2
-19
73
83
-10
4
99
39
-5
26
54
54
17
23
26
64
22
-8
60
66
-13
-1
99
30
-13
67
79
6
-12
84
73
9
31
71
55
2
37
55
68
51
0
46
90
49
-8
71
103
0
10
101
39
-7
83
101
-10
-15
105
63
-2
26
79
30
-23
52
100
61
-47
6
97
54
-14
32
124
45
-19
16
105
94
-34
11
89
44
-27
43
108
21
11
76
46
14
51
48
10
64
80
20
56
67
35
36
64
67
15
5
66
81
33
5
26
57
50
46
-6
22
66
26
-27
55
91
-15
1
91
69
-52
1
111
56
-19
42
130
19
-36
74
113
-20
-7
107
60
9
20
68
58
61
34
19
69
47
41
28
57
60
65
42
-8
87
55
45
66
56
46
67
70
20
67
93
49
33
78
96
33
64
76
38
64
64
46
48
64
65
88
109
20
13
119
66
32
58
121
15
15
153
30
7
84
124
23
5
118
57
19
81
113
2
-17
113
76
-2
70
85
15
18
77
75
41
52
73
71
4
35
87
98
-1
-12
96
65
21
19
82
21
38
70
47
-8
33
142
27
29
66
90
13
41
79
18
71
84
49
7
64
79
40
37
66
70
47
37
26
106
78
20
95
75
29
88
111
17
22
134
102
18
32
80
73
65
69
80
45
60
92
46
82
67
47
41
93
88
24
78
69
66
79
49
73
67
63
38
77
93
57
43
67
79
35
19
47
126
44
9
81
94
55
-7
99
79
-18
59
75
39
16
61
5
-8
115
75
-23
30
92
30
-10
30
64
-2
-17
31
46
23
-12
59
61
-53
-26
81
24
-43
43
47
-45
-39
53
54
57
-26
-108
71
50
-119
14
106
-41
-132
44
29
-78
5
-30
-28
43
-27
-57
20
40
-61
-66
35
4
-27
14
33
-48
-69
29
13
-3
-7
-11
27
-8
-8
-1
12
-15
56
38
-41
-19
-13
30
23
-13
33
-23
-63
56
59
-52
-43
106
65
-53
22
18
-16
8
25
22
-45
28
81
-34
-71
44
87
-30
-46
65
30
-6
19
64
-40
-16
62
17
-43
-8
96
-14
-8
-3
8
66
-7
-19
31
5
-30
23
87
-46
-50
91
37
-126
11
114
-49
-65
67
46
-140
57
75
-93
-43
38
94
-110
-53
81
-30
-33
-13
-4
-43
-33
36
66
-7
-117
-17
121
-83
-70
93
21
-61
-9
44
-33
-7
-10
46
-1
-55
39
35
20
-8
-6
-9
-19
1
11
9
23
-48
-52
76
60
-68
-39
75
-13
-25
71
21
-63
-42
96
18
-33
81
-26
-56
41
101
-10
-99
84
34
-63
46
106
-50
-51
92
45
-80
35
87
-5
-28
-6
47
4
-15
-2
19
64
6
-46
-16
49
37
-29
10
-6
-9
26
0
-11
-44
-14
50
12
-72
-33
134
-22
-94
38
82
-35
-91
44
18
-7
-25
-42
-14
-20
10
0
40
-64
-58
23
38
-66
-25
61
-60
-18
-3
49
-47
-31
0
9
-9
-46
17
25
-4
-61
-16
107
0
-128
5
98
-36
-99
93
29
-202
38
164
-38
-69
24
-33
-25
105
-27
-63
59
-39
-10
31
-9
-49
42
103
-96
-51
122
-6
-126
15
105
39
-65
49
62
-59
-56
52
180
-50
-10
157
80
-74
-51
34
4
-5
-8
62
73
-117
-128
100
-83
-164
98
138
-156
-123
109
37
-170
-94
185
15
-261
39
133
-144
-58
148
-72
-191
44
96
-115
6
4
-68
-86
-65
58
-28
-115
-38
76
-112
-125
80
107
-203
-90
101
-49
-153
19
89
-160
-118
26
44
-120
-122
60
24
-67
-211
87
51
-221
-33
111
-68
-198
60
21
-117
-122
84
90
-172
-34
42
-28
-92
-23
44
-9
-23
-51
-24
-51
29
-9
-13
19
-37
-36
26
34
-95
-72
75
24
-120
-37
221
-102
-168
64
31
20
-6
-40
-34
94
34
-65
-27
-15
40
-64
55
4
-110
26
51
-29
-63
83
-20
11
-95
84
62
-153
41
56
-27
-24
-20
29
10
74
-91
-94
183
-143
-96
210
-23
-216
203
118
-325
-16
197
-162
-20
154
-109
-123
47
39
-69
-41
12
-12
-70
46
34
-15
4
-152
13
123
-64
-133
20
41
-86
-86
40
-53
-72
-36
-9
-22
-118
52
95
-219
-184
213
181
-220
-164
163
80
-267
43
222
-82
-117
87
-1
-98
18
54
21
28
-80
-88
157
8
-152
-36
242
-77
-154
78
86
64
-100
99
45
-74
-47
147
154
-50
-29
17
41
-34
32
80
-38
-19
136
-2
-22
52
14
19
20
80
139
-93
-1
168
-42
-20
-9
186
-77
-131
117
140
-96
-130
278
-43
-286
163
263
-160
-140
263
27
-147
-10
129
8
-49
67
135
529
-60
-417
108
218
-9
-4
6
59
-82
-68
-213
-140
124
-94
-319
-90
215
-160
-240
112
-5
-199
23
113
-176
-101
220
-54
-103
-106
32
-14
99
-14
-122
223
-114
-80
349
237
-325
31
194
-61
25
197
7
-42
23
0
-94
120
81
-148
-14
163
245
-127
-48
182
64
-96
77
228
-58
-32
261
-18
-181
94
323
-19
-215
219
113
-139
9
275
-21
-28
45
40
162
-7
-5
-38
51
212
-68
122
537
73
-295
137
225
64
136
724
492
-331
-172
-37
36
39
195
106
-216
0
-202
-281
16
-110
-326
-245
229
23
-299
67
-79
-343
-208
-80
-35
-9
26
66
-163
-202
-188
-202
-19
65
123
-16
-124
-167
-210
-146
27
-119
-50
-43
-194
-275
-193
-43
-91
-100
-61
23
14
31
134
217
226
219
295
292
307
496
487
523
444
431
496
485
562
515
628
602
446
485
483
465
534
616
764
468
268
309
392
428
364
431
402
178
-72
92
188
-56
-115
-122
-108
-188
-31
5
-211
-340
-400
-340
-400
-208
-117
-391
-583
-551
-540
-771
-654
-435
-683
-927
-967
-892
-1124
-1208
-1027
-903
-799
-533
-340
-587
-840
-713
-326
-171
-49
93
320
271
132
249
297
444
628
706
616
487
575
684
679
502
326
415
462
362
297
360
311
86
-158
-183
-29
-16
-57
-83
-80
-190
-273
-236
-244
-181
-92
-81
-61
-47
110
176
194
327
454
526
570
692
800
863
931
955
900
957
934
921
951
945
812
718
675
590
555
504
447
191
178
241
11
-120
-241
-306
-369
-516
-565
-654
-723
-805
-965
-1069
-1145
-1184
-1281
-1380
-1432
-1534
-1665
-1733
-1823
-1576
-690
-127
-505
-1521
-1810
-1102
-57
633
395
200
333
504
340
107
617
1447
1779
1218
602
748
1278
1372
913
530
559
851
859
589
340
379
265
-306
-821
-669
-58
171
-110
-665
-934
-952
-779
-710
-619
-281
-151
-292
-599
-633
-329
5
140
66
108
340
518
602
589
691
1019
1198
1148
1034
1236
1458
1441
1365
1208
1133
1041
1053
1016
871
711
523
457
296
160
63
26
-48
-207
-445
-475
-486
-576
-766
-845
-772
-900
-933
-1112
-1184
-1297
-1316
-1386
-1648
-1737
-1703
-1548
-1645
-1317
-572
-407
-960
-1703
-1597
-793
267
725
399
103
224
408
229
230
878
1688
1851
1194
537
698
1198
1237
792
553
804
1032
830
329
62
79
-41
-467
-733
-464
-3
15
-565
-1109
-1242
-1061
-814
-655
-578
-410
-326
-563
-902
-857
-368
-16
87
89
180
331
425
361
366
500
734
1004
1321
1451
1341
1135
899
869
986
1248
1410
1359
1065
574
262
177
239
316
291
166
-34
-235
-440
-631
-762
-757
-667
-646
-767
-803
-898
-1087
-1369
-1485
-1425
-1330
-1366
-1503
-1663
-2051
-2143
-1991
-1389
-670
-431
-1068
-2224
-2312
-1022
479
685
-124
-499
-65
258
-63
-116
712
1698
1619
638
21
492
1244
1284
597
152
555
1024
871
220
-123
-43
-104
-569
-837
-498
75
39
-833
-1554
-1520
-1078
-786
-792
-788
-633
-744
-1072
-1250
-1039
-515
-190
-194
-383
-402
-141
140
159
63
131
427
700
810
996
1204
1234
920
629
708
1101
1438
1391
1099
653
267
118
259
358
321
235
25
-317
-658
-814
-798
-702
-702
-825
-954
-1057
-1154
-1302
-1495
-1603
-1561
-1524
-1533
-1715
-1972
-2188
-2321
-2240
-1670
-702
-525
-1436
-2660
-2503
-990
335
370
-507
-782
-294
133
-201
-365
511
1685
1625
334
-381
436
1515
1389
317
-95
676
1297
862
-106
-329
-10
-47
-685
-1008
-503
74
-240
-1352
-2076
-1803
-1115
-910
-1209
-1391
-1215
-1252
-1629
-1868
-1539
-953
-695
-843
-957
-818
-587
-560
-630
-484
-113
266
393
421
516
741
848
770
662
823
1159
1415
1297
939
645
515
482
434
457
442
352
63
-285
-567
-746
-721
-599
-617
-831
-1052
-1170
-1242
-1427
-1574
-1573
-1467
-1462
-1619
-1898
-2079
-2142
-2186
-2166
-1910
-1041
-482
-879
-2264
-2918
-1716
182
897
-211
-1043
-598
247
49
-583
-102
1381
2036
853
-482
-144
1227
1629
551
-276
399
1412
1265
-10
-669
-283
119
-285
-895
-662
57
-41
-1208
-2135
-1892
-1016
-676
-1018
-1320
-1227
-1245
-1550
-1786
-1475
-925
-645
-737
-850
-730
-544
-557
-638
-517
-137
327
572
592
485
657
780
877
798
919
1319
1588
1511
987
707
656
618
576
652
717
562
140
-253
-491
-656
-695
-560
-453
-638
-1006
-1305
-1362
-1399
-1518
-1598
-1512
-1421
-1667
-1971
-2217
-2220
-2186
-1905
-1010
-414
-754
-2280
-2965
-1712
360
1068
-241
-1191
-500
610
269
-609
-41
1795
2459
952
-538
153
1873
2115
683
-90
978
2082
1585
160
-184
484
723
-25
-561
37
741
286
-1007
-1670
-1188
-478
-399
-680
-778
-751
-997
-1433
-1460
-934
-464
-408
-571
-593
-451
-441
-459
-299
-2
220
333
592
877
862
596
811
1322
1691
1618
1366
1495
1654
1678
1392
1234
1291
1255
1155
973
695
512
486
463
81
-413
-388
-65
-138
-687
-980
-817
-747
-1088
-1402
-1332
-1130
-1319
-1797
-1976
-1866
-1800
-1933
-1272
-268
-134
-1627
-3169
-2247
218
1715
588
-1001
-657
703
760
-346
-209
1863
3228
1914
-250
-219
1711
2679
1412
173
986
2343
2108
388
-342
509
1106
448
-444
-132
808
646
-737
-1756
-1393
-452
-193
-552
-751
-696
-876
-1374
-1582
-1072
-400
-153
-327
-463
-449
-487
-474
-256
139
441
541
625
868
986
805
547
979
1863
2309
1935
1297
1222
1471
1680
1553
1426
1561
1522
1076
462
224
552
830
557
-90
-472
-290
-107
-487
-942
-894
-572
-669
-1241
-1513
-1316
-1182
-1497
-1903
-1894
-1740
-1983
-1447
-235
354
-1090
-3405
-3000
-19
2321
1245
-984
-842
878
1057
-525
-713
1954
4098
2568
-412
-844
1560
3102
1683
37
764
2557
2474
220
-919
273
1476
725
-914
-733
808
1038
-645
-2246
-1805
-352
-113
-784
-992
-483
-406
-1338
-1975
-1336
-166
304
-121
-432
-290
-192
-279
-301
175
755
945
964
983
971
832
734
1127
1760
2115
2065
1752
1438
1264
1292
1428
1505
1505
1577
1410
787
113
77
584
703
177
-220
-76
21
-500
-1073
-903
-401
-465
-1021
-1259
-1094
-1027
-1491
-1873
-1849
-1584
-1740
-1547
-445
324
-407
-2671
-3299
-1164
1677
1962
-56
-916
323
1138
-37
-962
888
3673
3443
587
-969
602
2656
2062
294
398
2104
2618
762
-864
-261
1019
806
-697
-1039
272
981
-165
-1896
-2220
-1057
-384
-704
-1018
-648
-250
-908
-1917
-1848
-742
221
166
-250
-210
-78
-204
-431
-176
568
990
983
933
966
990
650
630
1145
1753
1985
1740
1467
1256
1076
949
964
1125
1379
1381
1012
304
-122
68
319
129
-229
-123
122
-242
-1003
-1205
-752
-493
-925
-1286
-1134
-903
-1345
-2059
-2243
-1824
-1734
-1554
-641
155
-361
-2583
-3452
-1546
1218
1679
-55
-836
341
967
-215
-1131
560
3283
3192
688
-767
615
2400
1775
139
227
1849
2459
820
-745
-252
867
572
-979
-1321
82
908
-114
-1813
-2191
-1258
-841
-1182
-1262
-587
-137
-879
-1915
-1918
-964
-134
-127
-238
17
113
-136
-457
-234
430
798
874
952
1087
1085
756
640
1029
1497
1717
1517
1392
1400
1285
996
679
698
1044
1235
989
408
38
152
124
-269
-535
-253
204
-90
-843
-1163
-879
-693
-1109
-1442
-1155
-819
-1208
-1925
-2294
-1990
-1921
-1571
-536
340
-351
-2697
-3435
-1248
1427
1476
-406
-787
789
1149
-443
-1319
835
3527
2878
149
-843
1082
2714
1583
-167
212
1843
2146
418
-643
183
1035
307
-1359
-1482
-34
748
-174
-1617
-1875
-1176
-1132
-1473
-1356
-476
-10
-804
-1714
-1673
-877
-290
-309
-180
249
322
24
-230
81
588
673
689
930
1270
1200
774
775
1111
1391
1280
1072
1225
1475
1419
1017
559
480
733
943
791
383
234
361
235
-373
-770
-369
206
36
-648
-928
-578
-464
-1025
-1460
-1099
-580
-838
-1604
-1910
-1650
-1600
-1927
-1412
-36
606
-936
-3046
-2703
-52
1678
698
-825
-162
1328
872
-929
-960
1723
3454
1930
-427
-335
1770
2480
892
-257
614
1888
1431
-94
-254
734
1033
-198
-1435
-1042
131
424
-353
-1186
-1184
-1038
-1280
-1388
-992
-267
-163
-812
-1293
-1141
-640
-390
-358
-30
282
262
-38
-90
362
696
608
451
702
1144
1120
849
955
1345
1444
984
656
995
1499
1519
1057
666
615
670
615
460
387
524
524
168
-372
-567
-234
32
-188
-577
-615
-423
-596
-1068
-1190
-885
-729
-1129
-1572
-1562
-1377
-1663
-1847
-1040
247
355
-1388
-2862
-1994
317
1342
227
-752
69
1123
572
-842
-558
1518
2562
1363
-245
49
1572
1926
855
95
530
1179
855
311
457
881
701
-234
-856
-633
-186
6
-113
-280
-530
-1007
-1290
-1164
-685
-358
-510
-765
-828
-720
-597
-599
-496
-249
-80
-115
-259
-118
303
550
411
148
194
501
646
694
864
1213
1291
891
574
648
988
1150
1051
974
926
746
434
234
323
389
202
-99
-218
-114
-162
-444
-636
-458
-355
-509
-732
-777
-539
-318
-339
-621
-826
-670
-510
-629
-653
-594
-494
-349
-100
19
-338
-674
-702
-235
214
218
-44
-172
96
234
96
-94
7
295
398
266
121
131
258
324
223
137
104
116
160
168
132
85
0
-30
-35
-73
-136
-199
-159
-59
-52
-152
-279
-278
-192
-132
-125
-122
-46
-14
-91
-111
-41
96
160
90
49
93
115
115
140
255
346
250
107
93
317
536
492
256
145
271
473
463
327
328
489
536
327
127
189
411
436
223
59
165
323
212
-64
-110
78
149
3
-136
-68
86
57
-153
-267
-133
-18
-97
-216
-197
-86
-92
-231
-319
-274
-221
-261
-318
-263
-189
-207
-289
-321
-249
-156
-163
-177
-167
-120
-89
-133
-129
-66
15
42
-14
-71
-16
68
100
55
0
-9
3
19
12
43
71
54
-51
-130
-117
-55
14
59
70
18
-47
-78
-21
73
147
130
91
61
80
121
182
270
323
316
220
223
342
462
439
356
343
468
537
440
341
372
471
437
318
259
356
401
298
105
65
187
227
95
-23
13
68
-15
-162
-184
-96
-58
-154
-251
-217
-196
-281
-374
-330
-205
-157
-252
-335
-328
-303
-329
-392
-334
-185
-128
-241
-328
-264
-143
-98
-161
-155
-79
-37
-106
-151
-59
88
109
-18
-79
-7
85
81
24
6
43
28
-11
-10
39
99
37
-94
-162
-129
-30
35
33
-2
-52
-86
-115
-119
-29
75
98
31
-61
-60
17
124
190
179
177
163
191
237
277
308
336
379
373
351
321
339
373
330
244
220
260
288
240
156
77
58
59
31
-2
-1
62
42
-48
-138
-131
-72
-47
-69
-90
-51
-52
-118
-146
-95
-19
14
-28
-43
-21
-44
-135
-183
-108
2
2
-76
-132
-119
-100
-136
-181
-162
-91
-95
-179
-216
-160
-89
-94
-141
-184
-160
-108
-110
-137
-155
-132
-138
-121
-129
-136
-109
-112
-163
-217
-218
-138
-30
-2
-51
-115
-123
-102
-99
-60
16
114
136
41
-58
-21
110
200
205
182
209
261
310
298
264
283
374
453
438
383
355
381
404
305
212
232
339
383
247
80
66
148
134
8
-53
58
171
107
-62
-110
-17
49
-7
-59
23
99
69
-26
-32
59
103
85
61
88
122
53
-25
6
97
112
-1
-99
-100
-50
-60
-130
-156
-123
-125
-227
-319
-307
-183
-142
-211
-290
-268
-180
-144
-222
-256
-228
-176
-144
-143
-116
-69
-55
-128
-210
-210
-97
45
93
31
-66
-115
-110
-98
-53
35
144
169
56
-83
-90
25
141
187
165
161
221
263
255
232
229
262
319
358
362
366
379
374
315
214
165
242
335
328
201
107
128
146
79
-5
50
143
133
-7
-90
-21
70
38
-53
-17
86
96
-12
12
217
305
169
4
82
217
255
186
110
180
259
217
74
2
72
96
83
89
110
38
-144
-247
-256
-139
-88
-151
-230
-259
-252
-299
-388
-396
-348
-346
-338
-312
-225
-171
-184
-237
-239
-199
-152
-72
21
57
48
9
10
51
61
76
109
158
126
13
-48
30
161
208
145
75
86
149
174
93
87
154
326
374
293
157
132
281
289
189
160
220
162
259
144
271
115
162
185
82
269
247
487
203
99
136
266
571
352
238
180
322
312
97
207
109
136
270
217
128
-17
248
391
214
-192
59
69
187
79
-338
-548
-350
128
-66
-621
-1046
-980
-891
-434
-155
-3
-200
-580
-802
-962
-627
-287
-3
25
-81
-109
-150
-48
205
416
354
72
-26
132
421
609
658
585
459
241
93
129
171
254
144
-29
-37
-13
13
-64
-190
-247
-327
-378
-417
-317
-125
5
-2
-69
-128
-108
-52
-27
10
24
182
260
252
278
364
422
317
197
227
340
409
432
550
780
888
726
430
314
421
572
696
722
598
438
339
363
347
260
194
251
226
174
57
14
65
-45
-121
-190
-226
-434
-635
-618
-595
-751
-1107
-1392
-1614
-1899
-2179
-1865
-786
330
346
-867
-1877
-1547
-365
400
241
191
703
1176
966
459
589
1166
1459
1142
668
482
524
576
767
929
835
281
-362
-660
-629
-609
-777
-899
-754
-616
-747
-1093
-1317
-1104
-779
-661
-835
-893
-588
-150
109
221
397
602
582
362
358
657
997
1038
1019
1112
1148
908
616
660
879
795
430
224
416
613
470
202
64
56
16
-61
-145
-179
-146
19
124
47
-42
18
164
125
-44
-82
66
106
1
-12
111
24
-323
-628
-629
-716
-1113
-1609
-1869
-2033
-2226
-1835
-731
364
109
-1183
-1852
-1035
7
165
-217
242
1239
1497
856
367
951
1759
1844
1138
507
327
417
520
683
698
559
161
-310
-740
-1099
-1203
-1181
-1042
-954
-1080
-1329
-1457
-1217
-687
-492
-705
-936
-778
-332
-148
-19
386
1026
1318
984
622
716
1035
1160
1074
1087
1130
926
646
606
793
824
508
179
35
-27
-99
-157
-111
-63
-83
-104
-171
-286
-298
-94
194
165
-69
-35
306
524
419
310
473
545
305
62
144
337
191
-105
-275
-327
-556
-962
-1228
-1316
-1620
-2177
-2686
-2389
-1372
-361
-210
-941
-1337
-756
137
250
-123
135
1161
1585
967
257
814
1989
2343
1685
960
832
804
453
92
64
229
158
-318
-765
-1089
-1107
-988
-980
-1066
-1322
-1573
-1657
-1538
-1116
-665
-440
-379
-303
-28
157
178
417
924
1284
1100
677
750
1219
1444
1304
1154
1201
1055
605
262
310
479
344
25
-169
-244
-255
-288
-214
-115
-156
-192
-234
-266
-249
-59
271
406
292
281
472
623
561
510
657
682
463
237
274
383
220
-4
-79
-152
-468
-844
-972
-980
-1219
-1695
-2126
-2450
-2623
-2270
-1404
-582
-553
-978
-843
-108
474
428
372
909
1343
1096
610
638
1477
2138
2183
1765
1269
1009
723
393
133
-38
-33
-295
-839
-1248
-1345
-1022
-890
-982
-1090
-1271
-1491
-1697
-1545
-1029
-707
-613
-492
-201
121
228
474
990
1398
1358
993
852
1023
1173
1183
1120
1123
1029
763
509
430
521
568
393
29
-376
-596
-507
-368
-373
-421
-331
-127
-93
-199
-102
237
512
445
199
161
272
367
442
543
691
634
465
360
313
276
154
63
-70
-361
-606
-772
-842
-885
-1048
-1275
-1658
-2091
-2364
-2230
-1591
-972
-743
-934
-968
-423
272
605
563
732
1141
1230
869
546
970
1657
1816
1406
923
852
883
660
405
234
133
-230
-886
-1269
-1327
-1189
-1146
-1184
-1174
-1256
-1398
-1452
-1214
-764
-551
-598
-664
-514
-234
-59
195
662
1113
1264
1092
991
1178
1372
1364
1169
1001
870
633
392
330
454
501
299
-6
-199
-248
-265
-268
-295
-367
-460
-527
-521
-471
-252
31
224
277
186
255
425
538
594
582
565
419
247
226
305
439
474
372
239
25
-153
-280
-398
-484
-674
-936
-1274
-1644
-1895
-2102
-2205
-2036
-1548
-1055
-1002
-1183
-949
-205
449
581
522
778
1086
1034
728
689
1090
1421
1344
1078
943
979
945
801
631
418
128
-284
-676
-913
-1044
-1101
-1194
-1287
-1298
-1294
-1264
-1154
-913
-659
-604
-651
-592
-380
-129
22
186
475
682
771
792
902
1154
1307
1298
1178
1065
956
811
647
511
378
261
113
-41
-136
-127
-23
-7
-131
-283
-335
-300
-311
-370
-271
-110
9
-8
-29
121
320
460
513
501
528
499
444
422
384
374
270
122
-20
-115
-178
-305
-447
-553
-727
-978
-1310
-1593
-1765
-1951
-2129
-2069
-1681
-1354
-1266
-1232
-777
-19
497
636
662
945
1190
1154
992
995
1208
1256
1069
864
778
849
873
787
669
463
259
-47
-429
-700
-876
-994
-1241
-1496
-1570
-1540
-1478
-1395
-1208
-866
-629
-544
-453
-266
15
177
272
390
498
584
649
768
947
1085
1210
1288
1281
1209
1118
1087
992
768
545
336
163
-1
-160
-234
-300
-404
-474
-481
-391
-310
-243
-176
-127
-79
-49
-13
81
134
195
271
295
334
337
413
494
525
528
449
330
203
53
-73
-256
-454
-649
-860
-1069
-1319
-1561
-1750
-1887
-1864
-1605
-1314
-1137
-1137
-980
-467
39
361
406
581
893
999
957
888
1060
1244
1150
1006
865
833
820
724
696
540
304
49
-221
-356
-499
-678
-864
-1117
-1310
-1449
-1522
-1447
-1348
-1157
-963
-859
-687
-492
-236
26
219
396
485
550
658
810
1042
1164
1203
1226
1203
1187
1093
1042
1096
1067
929
676
413
260
100
-23
-158
-326
-473
-630
-679
-636
-578
-451
-345
-252
-167
-138
-20
95
197
270
251
273
267
275
363
423
481
442
350
332
272
193
87
-55
-159
-352
-616
-876
-1058
-1148
-1342
-1602
-1825
-1853
-1620
-1377
-1207
-1145
-952
-524
-73
270
456
704
969
1055
1054
1054
1152
1212
1105
982
862
751
575
423
459
495
368
118
-151
-252
-346
-535
-769
-1031
-1168
-1295
-1407
-1443
-1408
-1224
-1037
-911
-756
-566
-267
43
287
562
755
894
1005
1099
1229
1257
1205
1165
1095
1042
942
870
886
829
734
575
424
350
214
105
-32
-213
-355
-506
-569
-603
-627
-568
-501
-429
-344
-239
-63
102
217
308
341
394
426
440
477
436
391
318
270
232
123
49
-12
-82
-186
-377
-552
-667
-798
-963
-1197
-1356
-1495
-1591
-1521
-1374
-1169
-1084
-1016
-742
-341
117
415
647
868
1004
1125
1190
1195
1103
981
922
816
588
329
196
232
210
53
-92
-187
-231
-351
-503
-573
-660
-775
-948
-1024
-998
-990
-994
-952
-823
-632
-455
-258
16
315
558
735
904
1066
1197
1272
1233
1140
1050
946
830
657
515
448
378
256
106
22
59
83
51
-3
-74
-135
-237
-314
-346
-354
-349
-377
-393
-381
-334
-184
-4
132
259
362
482
549
565
618
665
689
604
471
366
247
114
-36
-184
-315
-479
-592
-640
-728
-802
-863
-910
-1038
-1255
-1452
-1533
-1426
-1260
-1130
-1055
-1013
-824
-481
-110
214
489
764
951
1022
1112
1234
1287
1207
1034
917
776
550
272
84
6
-96
-279
-439
-447
-417
-453
-485
-466
-452
-494
-577
-574
-497
-449
-478
-527
-526
-471
-376
-257
-96
64
228
387
550
668
788
903
961
931
809
686
599
529
444
339
225
109
-7
-74
-77
-11
61
90
50
-2
-12
77
126
92
42
6
-6
-82
-137
-82
24
100
97
118
217
316
359
365
372
358
281
185
113
82
35
-78
-232
-377
-485
-556
-586
-625
-666
-707
-711
-729
-773
-784
-790
-772
-790
-824
-795
-692
-538
-452
-434
-357
-172
71
267
362
484
586
632
649
661
730
704
568
433
291
199
74
-59
-119
-163
-184
-203
-210
-158
-106
-39
12
-23
-71
-95
-69
-40
-65
-112
-156
-183
-215
-237
-162
-71
-53
-19
32
110
170
196
281
356
398
374
333
341
326
318
308
292
286
258
256
279
290
306
281
270
258
226
221
236
262
239
163
92
77
76
53
9
-22
-39
-66
-100
-139
-140
-114
-96
-112
-172
-197
-194
-199
-231
-270
-286
-285
-310
-325
-317
-267
-205
-217
-268
-300
-304
-324
-381
-446
-537
-658
-781
-821
-750
-682
-684
-715
-652
-500
-309
-171
-34
94
171
221
267
364
453
489
496
469
402
319
282
319
360
354
339
302
274
226
231
280
284
222
120
49
-33
-145
-224
-283
-365
-466
-555
-512
-466
-479
-487
-428
-282
-184
-152
-41
106
249
287
292
398
519
578
563
551
587
617
578
518
502
545
542
467
377
331
339
301
185
92
68
34
-49
-167
-206
-195
-227
-279
-308
-280
-239
-237
-235
-194
-133
-91
-82
-46
-9
31
71
77
90
107
122
144
112
69
7
-46
-108
-210
-315
-404
-466
-575
-709
-829
-904
-991
-1113
-1184
-1131
-967
-848
-768
-671
-495
-229
18
228
405
564
695
777
842
880
882
843
761
664
557
451
377
275
171
86
25
1
-28
-37
-57
-119
-167
-240
-296
-338
-390
-387
-420
-477
-518
-509
-413
-292
-188
-64
67
208
323
437
594
738
825
844
826
823
769
679
580
512
460
351
245
138
62
-15
-70
-101
-136
-172
-218
-243
-262
-256
-223
-202
-205
-188
-162
-117
-90
-60
10
88
164
184
212
240
279
292
300
307
265
214
136
59
-14
-81
-137
-202
-276
-316
-306
-302
-331
-355
-383
-385
-384
-404
-406
-388
-363
-393
-402
-406
-382
-413
-420
-385
-338
-297
-296
-291
-255
-167
-79
33
116
173
182
224
264
306
321
311
311
282
197
96
44
72
71
30
-6
-48
-50
-54
-20
24
92
160
172
166
173
225
270
251
204
173
157
165
135
112
130
122
85
35
31
67
89
73
67
60
66
41
-8
-26
-29
-24
-50
-76
-62
-26
13
22
42
74
127
172
169
200
270
319
327
308
290
292
263
190
99
36
-4
-51
-110
-144
-163
-170
-181
-200
-207
-184
-145
-129
-128
-118
-87
-88
-70
-63
-49
-25
-16
-24
-27
-29
-27
-33
-39
-76
-118
-154
-189
-216
-251
-289
-327
-372
-457
-514
-525
-495
-468
-460
-437
-377
-319
-249
-209
-116
-31
38
129
199
294
337
350
346
343
334
328
329
331
309
255
198
155
127
112
100
60
-12
-67
-122
-151
-167
-192
-215
-303
-365
-383
-360
-306
-264
-213
-144
-89
-30
74
203
301
350
379
418
475
498
501
529
559
520
427
330
307
314
285
214
138
90
43
-34
-88
-93
-86
-106
-177
-229
-217
-202
-198
-193
-150
-100
-83
-70
-31
50
112
142
152
180
209
203
193
211
226
201
135
85
47
-12
-70
-114
-141
-184
-240
-276
-277
-263
-254
-299
-312
-305
-275
-234
-217
-169
-115
-80
-62
-65
-55
-3
50
83
91
126
144
137
119
119
112
77
40
-5
-39
-100
-167
-230
-269
-290
-345
-378
-395
-425
-450
-467
-438
-400
-343
-282
-211
-156
-97
-13
108
211
271
323
374
419
420
430
451
475
434
341
280
253
227
148
76
30
-6
-72
-129
-148
-148
-146
-189
-202
-184
-150
-103
-72
-20
43
99
143
197
246
292
331
335
336
342
374
380
364
331
306
268
213
164
115
65
8
-46
-75
-119
-177
-221
-241
-246
-264
-271
-251
-192
-134
-101
-72
-31
25
69
120
176
219
225
214
209
226
241
242
239
210
177
119
53
-2
-59
-110
-183
-238
-305
-345
-380
-400
-409
-432
-423
-419
-429
-422
-408
-412
-378
-316
-250
-195
-132
-70
-18
42
93
152
206
238
230
205
176
153
112
56
-2
-52
-113
-164
-213
-255
-301
-336
-329
-305
-290
-276
-240
-189
-143
-110
-45
35
124
172
203
247
287
313
297
290
312
331
306
269
247
240
196
128
78
59
41
-12
-54
-97
-119
-135
-174
-186
-174
-155
-157
-157
-130
-75
-20
37
93
153
185
197
207
231
260
273
255
237
240
235
220
166
128
110
100
56
-12
-76
-116
-170
-237
-277
-283
-277
-304
-345
-382
-377
-337
-300
-259
-218
-174
-142
-117
-81
-30
23
39
27
12
15
18
6
5
4
-4
-44
-92
-104
-87
-111
-163
-213
-210
-198
-220
-237
-236
-213
-227
-271
-286
-253
-179
-129
-126
-108
-50
14
46
59
96
149
174
157
121
129
145
128
79
18
-19
-46
-92
-109
-106
-106
-129
-155
-159
-149
-145
-140
-128
-112
-98
-90
-72
-27
31
71
99
141
186
221
254
262
274
284
285
264
230
198
170
143
102
66
22
-25
-84
-131
-137
-134
-148
-178
-201
-207
-215
-225
-225
-195
-145
-121
-124
-103
-71
-34
-17
-2
48
83
82
61
85
120
150
149
129
137
113
58
-14
-55
-70
-111
-163
-227
-232
-237
-267
-305
-307
-287
-300
-294
-286
-249
-194
-156
-122
-77
-22
8
16
24
63
99
112
121
112
118
116
81
33
11
19
6
-30
-51
-54
-51
-82
-117
-121
-115
-125
-126
-117
-112
-111
-137
-143
-134
-92
-61
-26
0
10
35
65
104
134
140
148
140
126
83
43
34
-1
-47
-85
-118
-120
-130
-163
-180
-191
-190
-212
-237
-244
-222
-209
-205
-193
-149
-105
-70
-37
3
61
91
115
131
157
188
197
187
184
185
169
118
83
65
34
-3
-56
-82
-102
-138
-159
-173
-170
-185
-196
-202
-190
-166
-163
-150
-115
-94
-87
-71
-42
-6
15
21
40
83
106
102
83
94
92
88
52
10
-22
-59
-96
-142
-148
-157
-175
-194
-198
-181
-163
-164
-174
-152
-117
-102
-102
-72
-19
18
17
21
51
98
130
146
158
186
203
186
145
103
92
63
3
-46
-87
-130
-169
-206
-232
-228
-233
-253
-266
-272
-260
-238
-218
-203
-174
-154
-142
-133
-112
-61
-26
-6
21
52
92
124
148
173
195
211
210
183
159
139
109
74
25
-2
-41
-100
-145
-185
-212
-235
-255
-247
-230
-208
-195
-173
-138
-95
-51
-19
-7
29
59
82
90
124
178
203
217
219
224
236
220
191
152
110
75
29
-21
-73
-97
-134
-179
-224
-248
-262
-244
-223
-184
-123
-100
-79
-57
-7
38
68
87
113
146
161
159
164
194
203
182
152
130
118
121
105
74
39
6
-27
-75
-123
-159
-180
-226
-247
-274
-285
-272
-265
-252
-220
-176
-147
-119
-98
-50
-17
14
40
62
76
95
100
95
105
105
115
109
91
100
98
95
93
78
49
12
-19
-56
-83
-121
-154
-158
-170
-184
-174
-153
-131
-94
-67
-45
4
42
91
129
160
194
215
218
235
248
235
219
198
184
162
131
92
59
44
14
-32
-65
-75
-93
-102
-110
-110
-105
-101
-101
-91
-84
-63
-36
-24
5
33
54
73
95
119
146
137
138
161
160
154
144
127
110
81
32
-3
-8
-30
-54
-88
-124
-146
-158
-163
-173
-158
-156
-168
-176
-164
-138
-113
-87
-67
-28
2
21
32
42
79
92
77
59
71
75
52
34
43
55
49
31
0
-22
-33
-37
-66
-76
-82
-91
-94
-100
-84
-69
-44
-24
-25
-7
27
60
71
80
103
122
143
135
126
125
117
98
94
90
89
83
60
33
8
-4
-12
-8
-13
-24
-21
-15
-25
-13
-6
9
18
25
36
46
68
80
79
96
117
122
121
112
118
101
91
84
69
61
35
29
1
-37
-59
-71
-83
-110
-125
-135
-133
-128
-133
-122
-102
-81
-64
-46
-32
-15
25
54
82
79
87
99
115
127
106
97
84
59
29
4
16
24
14
-9
-45
-62
-59
-69
-96
-112
-110
-113
-140
-167
-174
-155
-142
-124
-109
-67
-15
10
31
77
134
180
191
183
185
170
167
143
132
123
110
85
37
18
7
6
-8
-34
-44
-49
-46
-65
-80
-76
-76
-84
-81
-70
-56
-38
-30
-19
17
45
77
96
98
123
132
121
109
96
88
77
62
28
-9
-30
-42
-53
-76
-77
-76
-79
-88
-111
-112
-113
-117
-127
-138
-137
-131
-134
-136
-117
-86
-58
-29
-7
39
81
108
133
138
144
158
150
128
84
45
31
-1
-43
-85
-111
-112
-110
-111
-115
-112
-95
-84
-100
-100
-87
-88
-95
-109
-111
-76
-33
-18
-3
31
61
80
97
131
166
191
192
163
156
149
129
110
74
65
59
40
10
-12
1
6
-6
-12
-10
-10
-29
-36
-53
-50
-55
-63
-80
-88
-79
-84
-68
-62
-38
-18
15
33
42
69
90
97
85
70
59
61
44
21
7
-22
-53
-74
-96
-85
-77
-72
-78
-58
-50
-46
-34
-17
3
12
15
11
15
11
18
39
56
72
65
59
64
71
78
52
48
45
32
3
-45
-53
-53
-50
-71
-84
-68
-61
-70
-86
-84
-53
-28
-13
-12
3
5
14
23
35
56
82
87
86
80
85
98
97
90
97
99
66
48
28
31
24
9
1
-18
-10
-7
-14
-20
-12
-8
-10
-3
7
15
32
45
46
42
36
33
26
22
22
20
29
24
-7
-29
-45
-36
-49
-50
-51
-48
-50
-53
-60
-56
-52
-43
-32
-43
-40
-43
-35
-18
-11
6
56
76
75
76
81
107
124
104
92
97
113
98
43
16
27
39
5
-37
-53
-49
-62
-97
-97
-82
-60
-77
-106
-113
-101
-72
-45
-44
-26
10
18
27
53
77
111
137
147
148
165
180
177
177
187
176
152
118
89
69
39
5
-21
-33
-60
-86
-107
-113
-102
-100
-114
-106
-75
-41
-28
-23
-10
30
47
44
49
54
77
103
113
124
125
123
121
119
114
108
90
49
15
-10
-28
-53
-82
-92
-95
-109
-117
-131
-137
-129
-119
-115
-103
-82
-66
-57
-35
-15
25
58
55
81
118
144
153
162
176
180
177
156
126
96
78
54
22
4
-12
-40
-85
-105
-102
-89
-87
-97
-91
-73
-66
-62
-45
-18
8
19
21
35
43
63
97
110
137
158
161
167
169
168
166
157
122
102
89
63
47
16
-19
-38
-66
-102
-117
-123
-115
-121
-128
-124
-113
-93
-80
-64
-37
-11
18
30
56
77
103
129
124
135
154
159
146
138
141
122
101
80
56
34
13
-25
-54
-69
-77
-95
-114
-114
-113
-98
-109
-104
-70
-65
-56
-41
-24
-12
-3
12
22
37
48
51
60
73
72
63
52
69
93
87
65
41
30
26
9
-10
-7
-6
-10
-44
-64
-56
-40
-30
-34
-49
-45
-20
-6
-11
2
42
64
70
82
94
115
120
124
118
123
126
106
84
63
51
29
-9
-40
-42
-57
-68
-89
-95
-79
-76
-87
-96
-80
-58
-43
-49
-39
-19
-7
4
7
24
52
60
70
68
71
96
83
82
68
62
48
29
18
3
-6
-26
-41
-64
-59
-68
-66
-72
-81
-61
-77
-87
-76
-56
-49
-62
-68
-47
-41
-35
-11
6
27
33
21
19
31
50
54
39
31
23
19
-1
1
-1
-26
-42
-52
-72
-72
-67
-60
-55
-51
-38
-27
-15
5
29
38
62
63
69
68
65
70
81
83
95
105
88
95
86
80
69
43
29
22
-5
-29
-52
-60
-62
-76
-89
-101
-84
-60
-73
-64
-48
-24
-15
-17
7
12
18
18
21
29
47
34
25
15
20
32
17
3
8
22
-2
-20
-31
-46
-54
-73
-84
-80
-79
-85
-90
-85
-68
-55
-49
-48
-32
-27
-28
-26
-19
-2
13
17
9
12
34
43
36
16
12
22
11
13
5
4
-5
-19
-24
-43
-40
-43
-63
-64
-66
-54
-65
-60
-33
-10
6
5
14
33
42
50
39
48
58
67
67
52
52
58
58
45
33
26
29
4
-22
-33
-50
-54
-78
-101
-95
-92
-96
-98
-81
-61
-51
-48
-37
-9
13
18
21
42
63
67
60
48
50
62
43
11
3
4
-8
-30
-47
-44
-39
-55
-71
-78
-71
-73
-85
-101
-106
-87
-91
-106
-89
-62
-45
-31
-37
-11
21
30
28
36
59
79
73
48
51
62
67
51
32
31
22
15
-1
-11
-7
2
-2
-15
-13
-32
-34
-30
-33
-25
-37
-33
-29
-17
0
5
17
38
41
61
78
71
91
96
97
81
72
61
56
45
29
9
8
0
-16
-36
-45
-35
-46
-57
-84
-71
-66
-62
-50
-43
-29
-27
-24
-13
6
17
34
37
49
60
61
58
63
70
74
64
50
57
53
44
35
22
24
14
16
5
-20
-28
-36
-34
-44
-41
-43
-46
-45
-47
-43
-35
-13
-7
4
12
24
32
32
54
58
76
85
78
76
76
82
75
83
91
87
73
73
70
70
71
58
48
41
37
31
25
31
20
-5
-3
0
13
16
17
38
52
53
54
57
67
77
74
64
60
62
65
59
46
46
47
56
38
32
29
36
36
35
43
37
38
26
16
15
7
3
-7
-13
-15
-3
-8
-9
-3
2
7
-5
9
14
6
2
-6
-2
11
5
-7
-8
1
2
4
8
10
14
26
28
23
30
30
37
25
19
31
22
22
32
29
21
25
25
28
30
26
25
27
37
40
36
45
52
54
40
41
47
52
47
33
47
47
46
46
37
25
28
15
4
-1
-7
-3
-9
-30
-34
-29
-31
-20
-16
-14
-4
-5
-9
-6
4
22
25
18
20
27
27
25
27
27
36
34
31
28
28
34
29
30
20
25
18
11
-1
-14
-15
-22
-30
-46
-48
-55
-52
-44
-43
-45
-45
-49
-47
-42
-42
-45
-42
-34
-40
-36
-32
-23
-15
-1
0
0
2
17
24
27
21
13
6
1
14
1
6
4
-16
-11
-21
-18
-16
-17
-2
1
-4
-2
7
12
16
15
14
30
22
19
11
9
13
13
9
-5
-1
-7
-9
-20
-25
-23
-18
-28
-35
-29
-30
-32
-39
-44
-44
-36
-44
-40
-38
-30
-38
-34
-23
-14
8
10
8
6
9
11
27
12
10
13
12
8
-4
-3
-11
5
5
3
-16
-23
-25
-42
-51
-49
-57
-61
-56
-71
-80
-86
-76
-75
-68
-75
-83
-73
-58
-49
-46
-44
-38
-16
-12
-5
-1
-5
-3
-6
-4
1
9
12
19
11
9
9
1
2
1
5
4
-14
-13
-16
-25
-28
-23
-14
-9
-16
-19
-22
-16
-18
-15
-18
-23
-25
-19
-16
-9
-16
-7
1
-15
-16
-15
1
-5
-5
6
5
2
-7
-5
16
13
5
-10
-25
-25
-19
-33
-29
-33
-37
-42
-37
-37
-31
-26
-37
-31
-40
-29
-30
-31
-27
-26
-14
-24
-36
-37
-45
-34
-21
-16
-19
-18
-22
-24
-26
-14
-17
-36
-47
-55
-67
-77
-83
-86
-80
-87
-71
-72
-64
-61
-61
-45
-45
-31
-25
-13
-24
-23
-18
-15
-4
3
11
11
5
16
25
20
9
3
5
3
-2
-8
-26
-22
-33
-47
-48
-47
-45
-67
-68
-61
-50
-44
-32
-45
-26
-17
-29
-27
-20
-4
-15
-15
-6
-10
0
3
-4
3
11
10
-4
-7
-9
-10
-14
-21
-33
-18
-3
