SAMPLES:	9282
BITSPERSAMPLE:	16
CHANNELS:	1
SAMPLERATE:	16000
NORMALIZED:	FALSE
-83
-103
-113
-100
-117
-126
-130
-128
-128
-134
-133
-131
-114
-123
-124
-121
-114
-107
-92
-88
-77
-71
-66
-51
-53
-44
-38
-16
-14
-6
3
14
25
39
44
43
46
48
40
45
44
45
40
50
49
53
56
47
47
43
35
26
28
20
22
18
28
14
6
-6
-10
-12
-16
-12
-14
-9
-16
-29
-20
-13
-15
-18
-7
-14
-4
0
-8
4
3
7
7
17
14
21
33
33
34
34
35
49
52
54
52
54
55
53
61
69
66
58
58
52
48
45
42
45
38
26
23
22
17
14
8
-4
-1
-1
-2
-22
-28
-34
-48
-53
-59
-62
-56
-65
-80
-67
-82
-91
-86
-97
-89
-87
-84
-99
-102
-91
-90
-82
-74
-76
-80
-84
-78
-80
-79
-65
-69
-68
-67
-48
-40
-41
-38
-41
-35
-31
-38
-43
-30
-32
-26
-28
-20
-23
-25
-15
-26
-19
-26
-31
-31
-30
-30
-37
-29
-42
-42
-39
-54
-44
-51
-55
-69
-65
-62
-72
-62
-61
-63
-59
-57
-63
-63
-53
-53
-49
-56
-50
-47
-45
-54
-57
-45
-46
-44
-45
-42
-41
-32
-31
-35
-35
-38
-26
-18
-15
-9
2
8
1
9
15
7
-3
-2
2
-8
-2
-7
-3
-2
-7
-13
-7
-23
-26
-31
-32
-41
-41
-45
-52
-47
-63
-58
-65
-64
-63
-69
-81
-78
-79
-79
-71
-77
-67
-63
-62
-64
-63
-56
-61
-59
-54
-57
-56
-45
-56
-59
-57
-59
-64
-60
-56
-50
-52
-48
-34
-40
-46
-37
-37
-31
-30
-19
-19
-18
-11
-9
-1
-8
-6
-16
-23
-28
-25
-22
-20
-25
-31
-32
-27
-35
-24
-37
-37
-34
-37
-30
-37
-23
-10
-5
-11
-14
-5
5
3
-6
9
6
2
14
12
13
22
28
27
36
40
39
39
51
56
61
64
69
79
79
88
80
71
78
83
75
80
80
75
73
64
65
53
45
34
29
20
23
18
19
9
8
-2
-7
-11
-16
-14
-22
-22
-17
-5
-8
-2
5
1
5
10
6
4
4
19
30
29
29
33
34
40
30
21
27
28
30
16
25
29
13
9
4
22
19
8
13
11
19
9
11
8
9
11
7
16
1
-1
2
-1
-3
-4
-11
-14
-14
-17
-19
-29
-30
-28
-31
-31
-36
-32
-28
-31
-29
-26
-29
-14
-16
-12
7
5
11
6
14
16
8
21
23
19
27
32
31
38
46
58
53
58
63
58
68
71
79
76
69
64
66
73
68
64
66
47
54
46
49
47
36
26
11
0
-11
-7
1
-6
-19
-25
-36
-30
-19
-22
-34
-47
-66
-59
-56
-47
-31
-37
-35
-38
-36
-30
-23
-24
-28
-26
-21
-1
-7
0
-3
-12
-6
-4
3
6
15
10
1
16
15
9
7
10
-4
-5
0
0
6
5
-6
-13
-10
-12
-21
-19
-30
-47
-48
-58
-60
-65
-73
-84
-80
-86
-80
-85
-90
-93
-96
-93
-106
-95
-101
-103
-96
-94
-99
-91
-80
-82
-81
-68
-67
-73
-70
-54
-53
-59
-38
-41
-25
-31
-20
-5
-2
3
-2
25
22
25
31
27
32
31
32
29
23
16
14
29
27
16
14
11
0
-5
-14
-30
-25
-35
-34
-38
-43
-41
-43
-46
-47
-49
-53
-46
-47
-46
-43
-43
-37
-30
-25
-23
-20
-20
-24
-21
-25
-25
-13
-18
-10
-11
-4
1
-3
5
3
7
15
14
14
24
24
25
26
25
33
38
30
37
40
36
39
37
39
32
26
21
20
20
8
6
-1
-20
-13
-18
-32
-35
-32
-33
-45
-48
-48
-51
-52
-46
-48
-52
-42
-38
-44
-37
-35
-40
-35
-43
-39
-33
-29
-35
-33
-23
-17
-22
-19
-8
-5
-1
-1
4
22
28
30
30
23
39
22
24
30
28
23
23
22
16
16
12
8
-1
-1
-15
-16
-15
-9
-14
-22
-24
-18
-20
-29
-30
-22
-18
-19
-8
-12
-3
9
6
8
22
20
25
27
24
27
29
29
38
32
28
39
38
33
38
37
35
36
42
44
42
54
47
44
46
44
34
28
25
29
28
27
19
12
4
6
3
-8
-14
-20
-23
-31
-32
-40
-44
-42
-48
-51
-52
-56
-52
-41
-50
-57
-56
-50
-45
-51
-54
-60
-65
-50
-53
-59
-60
-51
-43
-41
-40
-43
-38
-36
-42
-42
-37
-36
-30
-26
-33
-22
-27
-23
-26
-29
-29
-38
-26
-30
-30
-33
-41
-41
-45
-39
-52
-47
-51
-60
-65
-73
-59
-70
-73
-76
-78
-79
-81
-85
-82
-74
-80
-66
-72
-60
-59
-54
-51
-53
-47
-43
-41
-39
-27
-33
-23
-9
-16
-11
-21
-12
-15
-12
-11
-13
-8
-6
1
-3
-1
8
8
1
2
14
8
5
6
5
11
1
-1
-13
-17
-18
-28
-38
-42
-41
-45
-49
-43
-47
-57
-58
-68
-65
-70
-77
-73
-69
-62
-78
-78
-59
-62
-66
-65
-69
-69
-71
-71
-65
-62
-50
-42
-52
-46
-33
-27
-26
-22
-25
-28
-25
-12
-6
-7
-4
-11
-2
-7
-5
1
-12
-5
-3
-11
-4
2
-10
-10
-11
-12
-19
-18
-19
-23
-29
-24
-31
-35
-41
-47
-44
-50
-33
-31
-32
-12
-13
-10
-6
-7
-6
-1
-10
-9
2
-1
11
2
1
8
14
19
15
14
14
8
16
15
28
26
29
39
37
47
38
38
53
46
39
51
41
41
41
47
42
37
30
30
38
14
19
13
14
15
11
6
-9
-4
-9
-11
-15
-17
-23
-18
-19
-20
-20
-22
-20
-21
-16
-15
-11
-20
-8
-12
-14
-12
-11
-8
-10
-6
-6
-9
-1
1
11
14
8
8
6
13
7
13
10
7
9
12
9
3
11
12
7
12
5
2
-1
-7
-13
-16
-9
-20
-25
-24
-25
-25
-23
-31
-36
-42
-40
-49
-44
-32
-35
-35
-40
-30
-30
-24
-14
-32
-28
-19
-20
-14
-12
-12
-8
-4
-17
-14
-11
-9
-14
-6
4
4
2
-11
-1
4
14
10
14
7
11
19
4
11
6
3
8
4
-1
-4
-7
-11
-19
-18
-24
-26
-36
-36
-38
-52
-52
-48
-44
-55
-58
-59
-65
-69
-69
-63
-69
-72
-59
-68
-63
-58
-64
-54
-45
-46
-43
-27
-36
-45
-48
-38
-39
-41
-44
-28
-20
-25
-22
-18
-19
-18
-17
-25
-28
-25
-21
-27
-23
-23
-26
-38
-39
-37
-32
-40
-48
-46
-47
-40
-50
-47
-50
-58
-72
-72
-71
-81
-81
-72
-81
-84
-86
-84
-77
-84
-86
-82
-77
-73
-73
-74
-72
-64
-65
-60
-58
-68
-59
-52
-46
-36
-34
-40
-26
-16
-13
-16
-15
-13
-3
-3
-1
8
7
12
19
21
10
23
10
3
-3
0
4
5
4
-5
-10
-16
-5
-11
-17
-15
-20
-20
-21
-22
-37
-40
-42
-51
-48
-50
-46
-59
-57
-57
-66
-55
-48
-40
-37
-37
-30
-22
-19
-20
-16
-12
1
-2
1
11
22
18
14
23
26
31
16
20
29
25
27
33
32
34
38
34
34
30
38
38
30
31
35
41
31
35
35
24
20
10
-1
-10
-9
-8
-9
-18
-16
-25
-39
-42
-44
-51
-49
-41
-49
-47
-41
-43
-38
-34
-38
-35
-34
-36
-22
-35
-24
-23
-16
-5
-4
7
-3
7
7
11
10
14
13
9
16
19
22
14
13
17
19
26
30
18
14
8
13
8
4
1
-7
-7
-21
-14
-2
-14
-17
-18
-26
-21
-31
-32
-25
-31
-34
-38
-39
-35
-33
-34
-37
-35
-27
-25
-14
-6
-9
-2
4
9
15
14
18
20
11
34
27
42
33
38
37
27
42
35
49
40
45
40
35
36
50
37
38
39
30
37
29
30
24
16
7
2
5
0
-5
-5
-13
-14
-23
-28
-30
-36
-37
-47
-41
-53
-55
-45
-60
-57
-59
-61
-57
-51
-53
-43
-44
-42
-43
-45
-39
-39
-34
-34
-37
-35
-33
-34
-28
-31
-43
-32
-27
-27
-22
-33
-34
-34
-37
-34
-37
-38
-33
-37
-47
-45
-44
-53
-50
-59
-65
-65
-65
-63
-75
-83
-86
-81
-91
-92
-88
-96
-93
-90
-96
-92
-103
-98
-99
-94
-87
-91
-86
-81
-78
-72
-74
-63
-56
-62
-57
-56
-48
-52
-49
-44
-43
-36
-33
-27
-21
-12
-13
-18
-15
-17
-16
-16
-21
-16
-10
-15
-14
-15
-19
-11
-10
-14
-12
-12
-21
-25
-20
-22
-33
-35
-45
-35
-31
-31
-32
-37
-34
-39
-29
-27
-34
-29
-38
-37
-38
-33
-36
-34
-24
-28
-30
-26
-27
-25
-13
-21
-13
-7
-13
-5
-18
-12
-5
-10
-19
-12
-14
-5
0
-7
4
2
-5
-9
-5
0
-6
1
-5
-10
-8
-6
-10
-17
-16
-21
-19
-39
-37
-32
-38
-44
-51
-52
-61
-55
-55
-56
-62
-63
-61
-60
-55
-53
-57
-56
-47
-40
-39
-35
-45
-45
-32
-30
-35
-24
-28
-22
-10
-14
-9
-7
-4
4
2
7
7
4
6
6
4
3
10
4
8
14
16
9
6
10
1
5
3
-1
0
-1
-1
-5
-4
2
-6
-6
-9
-16
-9
-15
-15
-6
-6
-17
-9
-12
-10
-6
-5
-2
-6
-7
-4
2
7
9
9
-2
1
4
13
19
17
21
14
27
15
19
19
15
20
12
16
8
9
6
-1
7
2
-4
-9
-6
-14
-11
-12
-14
-13
-21
-27
-27
-24
-22
-30
-35
-41
-45
-50
-51
-57
-57
-51
-59
-69
-59
-66
-73
-68
-72
-67
-74
-68
-61
-65
-75
-74
-73
-73
-74
-70
-64
-70
-72
-71
-66
-71
-68
-64
-68
-59
-63
-56
-52
-52
-51
-46
-45
-47
-41
-32
-30
-41
-39
-37
-26
-21
-23
-24
-4
-12
-2
8
1
7
2
9
6
11
6
1
4
12
4
7
7
10
10
13
18
9
6
5
10
10
7
7
9
15
11
7
8
9
9
0
-1
-8
-12
-7
-15
-23
-18
-26
-25
-31
-35
-27
-33
-55
-58
-58
-61
-71
-81
-84
-88
-84
-94
-101
-118
-122
-118
-126
-142
-148
-156
-161
-165
-178
-169
-175
-183
-187
-192
-198
-205
-212
-209
-215
-215
-215
-226
-227
-221
-225
-236
-237
-245
-238
-232
-233
-228
-234
-217
-214
-219
-199
-179
-168
-161
-142
-122
-103
-93
-73
-65
-52
-36
-16
10
33
55
64
83
106
120
142
153
171
179
186
202
205
208
197
202
195
189
179
156
148
140
132
124
113
113
106
114
113
112
113
114
120
113
109
112
104
99
101
97
89
77
72
73
65
49
54
45
39
28
8
-1
-11
-26
-37
-50
-58
-64
-77
-75
-79
-89
-95
-104
-106
-119
-136
-131
-140
-147
-142
-159
-172
-180
-195
-197
-211
-219
-227
-239
-247
-252
-259
-268
-282
-291
-315
-330
-350
-366
-368
-366
-356
-360
-351
-348
-314
-301
-273
-252
-219
-201
-183
-162
-129
-93
-75
-59
-40
-24
-4
31
57
86
103
124
151
176
206
232
243
249
260
266
280
277
270
270
240
224
206
195
184
161
129
96
78
60
50
38
20
2
-11
-17
-21
-26
-22
-21
-15
-13
-3
-10
14
22
11
22
28
32
44
47
47
55
51
58
63
65
64
64
54
41
35
27
16
20
12
4
-13
-6
-13
-13
-20
-22
-38
-44
-37
-50
-50
-69
-70
-89
-92
-83
-89
-95
-101
-108
-110
-113
-115
-115
-114
-123
-129
-127
-130
-131
-141
-141
-149
-152
-148
-163
-166
-168
-177
-190
-203
-204
-214
-225
-229
-238
-257
-280
-286
-292
-304
-309
-311
-301
-306
-301
-280
-267
-249
-234
-212
-199
-175
-168
-149
-126
-101
-86
-75
-58
-39
-8
10
31
55
68
86
99
121
141
161
168
168
172
178
180
174
153
141
113
84
61
45
26
8
-10
-22
-17
-18
-2
-9
5
8
11
24
34
38
44
43
33
34
38
37
43
43
37
24
26
27
22
24
22
4
-6
-1
-8
-9
-28
-31
-28
-33
-32
-37
-41
-39
-52
-58
-67
-57
-65
-73
-75
-93
-89
-100
-117
-117
-137
-148
-159
-179
-186
-198
-207
-227
-252
-260
-283
-310
-322
-343
-373
-389
-415
-438
-453
-458
-456
-437
-447
-461
-433
-411
-383
-364
-336
-297
-279
-245
-217
-172
-134
-85
-55
-40
-6
36
76
112
144
165
197
227
259
304
326
349
355
373
390
390
388
387
371
348
324
299
276
257
222
170
128
103
76
58
26
7
-13
-33
-36
-46
-42
-40
-34
-22
-10
6
22
43
52
57
71
76
98
109
109
123
128
131
125
125
121
112
96
87
80
74
72
70
71
52
50
55
50
59
55
45
45
41
35
42
39
38
17
15
16
1
-2
-10
-30
-48
-60
-77
-83
-107
-126
-150
-192
-206
-239
-264
-291
-322
-353
-374
-395
-424
-439
-479
-498
-524
-541
-556
-562
-567
-551
-541
-536
-511
-472
-415
-372
-333
-301
-245
-204
-162
-114
-76
-13
25
42
71
115
174
215
247
262
281
322
359
402
422
430
435
425
425
424
411
384
357
308
266
230
191
157
105
52
2
-29
-43
-67
-81
-105
-129
-140
-135
-119
-108
-93
-98
-82
-63
-48
-26
10
22
26
38
40
62
80
89
89
83
76
78
90
94
88
80
70
56
41
49
52
65
58
57
59
69
88
95
95
87
88
98
108
97
99
79
73
67
55
45
29
18
-6
-35
-56
-76
-109
-137
-185
-223
-272
-305
-355
-393
-437
-474
-532
-570
-588
-638
-678
-735
-760
-784
-786
-789
-800
-783
-761
-707
-634
-553
-519
-453
-390
-309
-227
-166
-117
-51
3
29
56
133
197
260
267
265
317
391
455
479
486
516
516
532
530
540
519
472
418
367
332
278
242
187
127
57
-10
-35
-47
-59
-109
-154
-177
-182
-161
-170
-162
-165
-171
-169
-143
-117
-100
-83
-68
-47
-21
3
38
92
119
115
139
166
211
246
257
254
246
241
243
234
220
203
163
127
133
122
124
130
139
149
143
168
196
230
237
221
223
223
222
223
225
213
182
156
148
131
112
81
44
10
-23
-64
-111
-145
-183
-236
-294
-341
-377
-418
-471
-522
-580
-620
-675
-740
-806
-877
-941
-980
-1011
-988
-951
-910
-840
-756
-684
-592
-495
-388
-260
-179
-117
-54
14
91
154
176
221
259
314
335
362
421
502
551
563
595
623
673
675
671
640
600
557
501
455
390
310
217
141
73
-1
-68
-106
-137
-170
-217
-223
-214
-185
-182
-178
-184
-177
-158
-132
-102
-101
-100
-91
-65
-37
-9
27
67
114
154
180
237
282
345
373
378
393
401
422
417
407
361
305
263
225
194
153
127
107
94
89
101
136
182
220
239
253
282
306
316
307
301
292
270
249
234
212
187
150
115
74
33
-19
-65
-104
-159
-235
-298
-341
-388
-449
-519
-565
-609
-677
-731
-784
-835
-888
-967
-1033
-1121
-1185
-1195
-1198
-1134
-1127
-1019
-938
-772
-662
-555
-430
-272
-125
-27
43
114
206
292
322
339
384
443
477
438
462
506
581
606
592
590
600
622
614
578
517
429
358
259
204
90
-4
-100
-189
-256
-329
-387
-415
-403
-408
-438
-434
-385
-313
-268
-234
-211
-183
-149
-91
-48
-17
3
26
67
133
173
236
295
369
410
423
481
533
580
587
552
531
519
484
437
382
312
229
155
125
86
53
21
16
42
73
97
136
192
222
246
266
291
326
352
330
332
310
307
279
263
230
165
96
38
-26
-95
-167
-237
-296
-374
-471
-549
-610
-660
-732
-820
-901
-969
-1039
-1123
-1192
-1291
-1366
-1443
-1446
-1409
-1350
-1278
-1169
-1012
-783
-584
-391
-252
-46
126
310
394
457
533
628
685
649
617
627
689
708
644
599
613
689
714
655
624
589
567
500
400
296
178
69
-57
-171
-268
-379
-446
-490
-496
-542
-549
-497
-403
-330
-284
-228
-144
-35
44
92
127
158
185
218
250
279
302
334
379
414
456
485
549
587
605
603
606
615
605
566
493
441
376
312
241
175
120
66
51
45
55
78
92
137
186
226
263
310
356
373
394
391
402
407
408
387
370
344
300
273
224
160
71
-30
-132
-221
-318
-429
-534
-630
-729
-816
-880
-955
-1026
-1111
-1190
-1264
-1346
-1437
-1520
-1571
-1608
-1620
-1580
-1482
-1295
-1109
-883
-677
-363
-71
221
405
624
777
951
990
998
998
1017
970
860
734
671
643
590
501
436
420
403
362
295
242
159
74
-38
-154
-279
-404
-513
-588
-660
-704
-729
-686
-600
-491
-387
-270
-105
61
222
332
426
514
565
597
594
589
541
498
459
435
390
352
333
342
361
342
336
323
329
300
264
229
188
134
61
30
3
-14
-33
-6
52
98
156
228
352
467
546
606
654
715
743
770
750
721
670
614
560
502
428
347
268
167
52
-69
-177
-269
-384
-530
-696
-812
-896
-978
-1060
-1160
-1224
-1268
-1286
-1312
-1324
-1383
-1406
-1467
-1541
-1615
-1706
-1705
-1719
-1640
-1540
-1218
-873
-415
-120
212
497
919
1205
1398
1449
1407
1354
1208
1047
797
605
388
208
-12
-183
-248
-183
-124
-113
-163
-185
-158
-121
-151
-258
-404
-549
-653
-684
-692
-652
-595
-473
-320
-92
148
410
680
894
1028
1084
1126
1148
1134
1015
811
592
407
267
132
5
-91
-189
-232
-234
-223
-202
-191
-183
-199
-202
-230
-223
-184
-131
-45
32
136
254
426
603
775
862
924
990
1058
1072
1044
960
902
850
779
682
608
562
531
495
435
380
307
260
180
62
-61
-203
-333
-412
-518
-618
-712
-741
-755
-762
-783
-779
-757
-757
-783
-844
-861
-922
-967
-1120
-1237
-1409
-1528
-1689
-1845
-1955
-2068
-1965
-1851
-1346
-926
-321
62
457
854
1249
1622
1657
1624
1326
1176
863
592
161
-67
-274
-368
-559
-637
-565
-323
-104
-52
-71
-112
-71
-70
-164
-348
-572
-729
-807
-718
-584
-389
-105
194
555
863
1176
1393
1571
1587
1443
1180
897
660
383
91
-226
-488
-612
-614
-560
-467
-381
-268
-183
-117
-80
-87
-113
-191
-279
-348
-279
-164
34
192
399
651
934
1215
1358
1448
1426
1374
1208
1000
766
571
391
248
131
84
126
245
361
446
493
505
508
462
351
167
-44
-232
-373
-497
-580
-612
-562
-479
-381
-321
-288
-263
-272
-352
-538
-739
-986
-1130
-1341
-1542
-1823
-1972
-2083
-2123
-2239
-2343
-2381
-2242
-1874
-1362
-625
-105
547
731
1303
1541
2070
1959
1756
1283
1007
714
314
-127
-478
-585
-673
-809
-932
-800
-556
-304
-361
-467
-598
-565
-569
-626
-751
-866
-838
-648
-338
77
463
907
1263
1600
1778
1854
1818
1621
1307
821
322
-113
-385
-595
-724
-842
-845
-744
-541
-341
-195
-155
-153
-197
-291
-423
-542
-607
-637
-619
-523
-201
270
856
1249
1598
1772
1966
1998
1867
1531
1044
634
230
-63
-336
-430
-385
-198
-1
182
392
621
796
841
693
492
307
156
-21
-204
-342
-371
-268
-116
-14
106
173
230
154
-46
-345
-675
-948
-1241
-1490
-1744
-1822
-1875
-1802
-1850
-1825
-1882
-1854
-1966
-2089
-2305
-2324
-2043
-1250
-342
470
913
1255
1849
2518
3017
2659
2040
1226
898
378
-282
-1071
-1407
-1365
-1241
-1318
-1296
-936
-301
52
-24
-335
-484
-414
-415
-531
-753
-726
-477
25
611
1187
1716
2152
2418
2469
2250
1853
1345
770
121
-571
-1113
-1364
-1298
-1077
-845
-622
-358
-44
215
306
185
-20
-262
-485
-701
-840
-768
-518
-122
242
706
1173
1715
2045
2146
1961
1656
1263
825
384
-33
-310
-425
-372
-245
-18
248
574
798
907
790
635
494
388
260
90
8
21
171
324
480
594
654
636
488
253
-13
-295
-558
-877
-1147
-1352
-1372
-1338
-1261
-1282
-1277
-1337
-1398
-1590
-1856
-2147
-2396
-2591
-2794
-2851
-2589
-1704
-288
1112
2043
2317
2590
2983
3359
3038
1890
608
-309
-676
-1125
-1582
-1834
-1466
-886
-512
-524
-411
-124
179
-74
-717
-1320
-1477
-1218
-945
-636
-261
413
1196
1971
2511
2766
2741
2450
1886
1134
346
-348
-781
-1047
-1158
-1156
-919
-473
79
462
564
429
187
-88
-378
-696
-920
-976
-833
-573
-186
293
850
1301
1506
1423
1262
1040
863
639
403
221
113
175
274
499
620
765
697
598
360
192
6
-82
-145
-141
-64
119
441
739
998
1081
1079
915
754
483
232
-60
-279
-429
-496
-490
-431
-328
-321
-394
-602
-828
-1101
-1339
-1589
-1856
-2051
-2250
-2276
-2337
-2263
-2302
-2287
-2334
-2327
-1955
-1166
300
1412
2197
2004
2153
2438
2947
2572
1441
265
-397
-490
-861
-1285
-1575
-1167
-813
-708
-1024
-984
-709
-365
-585
-1052
-1264
-1020
-415
23
468
800
1314
1754
2106
2243
2169
1826
1314
765
207
-273
-632
-733
-711
-594
-575
-488
-259
20
157
30
-203
-413
-442
-417
-337
-212
52
344
583
707
816
938
960
814
540
382
382
469
469
459
512
632
717
670
525
376
285
142
-40
-194
-170
34
274
466
601
742
891
966
925
778
585
432
311
167
54
9
49
108
104
25
-123
-228
-423
-676
-1091
-1424
-1644
-1705
-1715
-1795
-1778
-1815
-1766
-1895
-2035
-2286
-2466
-2633
-2554
-1966
-589
1148
2454
2774
2567
2714
3088
3125
1939
382
-783
-962
-1016
-1287
-1503
-1115
-381
-97
-401
-815
-773
-581
-726
-1283
-1619
-1352
-583
223
938
1574
2094
2355
2326
2187
1912
1419
659
-61
-492
-623
-648
-619
-399
-55
133
37
-193
-303
-315
-389
-638
-838
-718
-304
120
447
764
1091
1230
1072
702
389
222
62
-229
-459
-445
-23
503
942
1180
1320
1371
1201
869
450
194
-27
-166
-253
-192
86
461
774
872
803
677
550
428
324
234
231
292
430
532
645
674
596
395
75
-255
-559
-802
-1003
-1134
-1211
-1247
-1267
-1296
-1368
-1456
-1685
-1977
-2364
-2621
-2915
-3136
-3298
-3155
-2288
-620
1618
3064
3422
2763
2563
2726
2695
1433
-292
-1375
-1234
-808
-836
-957
-464
368
460
-348
-1374
-1558
-1352
-1362
-1842
-1911
-1127
59
1022
1598
2189
2591
2484
1735
1032
721
650
264
-248
-417
-59
369
416
235
89
-22
-433
-1065
-1508
-1398
-950
-563
-359
-17
568
1088
1238
1025
755
485
124
-355
-634
-515
-96
299
557
748
976
1099
1036
756
440
139
-65
-180
-98
155
469
709
778
716
607
523
436
263
41
-77
20
278
551
789
888
915
819
594
282
5
-167
-248
-327
-384
-372
-281
-276
-367
-651
-990
-1390
-1740
-2013
-2187
-2232
-2288
-2356
-2537
-2656
-2691
-2558
-2253
-1513
-106
1627
2721
2710
2039
1900
2187
2169
1015
-362
-955
-580
-299
-603
-879
-494
81
-115
-1101
-1846
-1635
-1071
-959
-1279
-1039
-14
1091
1481
1447
1628
1967
1837
1031
365
387
814
847
475
209
408
614
371
-235
-690
-824
-944
-1209
-1341
-948
-213
360
490
498
660
789
636
212
-69
-130
-92
-161
-108
189
614
833
769
624
558
535
391
284
275
432
528
612
648
757
762
612
343
152
106
130
176
276
444
612
707
702
683
619
547
377
199
60
18
75
109
146
118
89
-65
-280
-602
-894
-1142
-1376
-1605
-1811
-1819
-1830
-1864
-2199
-2552
-2875
-2940
-2967
-2557
-1425
660
2547
3170
2500
1873
2094
2315
1493
-179
-1093
-667
94
-146
-828
-695
327
665
-505
-2116
-2552
-1725
-1000
-1143
-1337
-487
979
1813
1584
1264
1468
1643
1073
151
-103
524
1197
1252
936
901
1080
848
-19
-935
-1257
-1143
-1108
-1267
-1105
-310
606
954
703
393
300
214
-142
-504
-545
-207
217
484
648
818
929
811
489
121
-96
-154
-72
117
404
705
899
894
752
556
324
69
-138
-136
53
372
669
895
978
927
778
516
202
-67
-171
-110
73
262
394
470
472
387
181
-164
-513
-819
-985
-1016
-990
-978
-1057
-1180
-1342
-1587
-1933
-2408
-2783
-3081
-3088
-3004
-2461
-1259
784
2676
3213
2336
1346
1355
1651
1016
-448
-1063
-175
1020
846
-290
-763
-50
362
-713
-2502
-3167
-2192
-995
-651
-721
3
1184
1665
989
318
437
820
603
47
157
1097
1979
1952
1305
829
733
359
-570
-1489
-1594
-1007
-457
-340
-263
162
618
604
110
-354
-475
-434
-445
-328
72
578
854
834
715
603
424
80
-284
-366
-117
239
481
632
768
865
760
453
106
-88
-132
-85
46
269
554
795
912
855
641
380
176
46
10
69
236
429
568
594
493
313
76
-199
-437
-597
-658
-676
-720
-797
-927
-1143
-1479
-1818
-2140
-2423
-2770
-3099
-3120
-2754
-2007
-856
753
2251
2642
1773
787
799
1290
988
-66
-458
579
1803
1631
283
-625
-343
-22
-781
-2193
-2667
-1740
-592
-329
-530
-141
687
850
135
-450
-183
468
677
566
835
1636
2213
1895
1001
416
348
224
-340
-902
-783
-128
348
290
75
50
91
-158
-664
-942
-739
-281
62
214
413
705
860
669
271
-1
-24
66
95
161
357
646
839
805
605
375
189
51
-14
7
117
286
422
498
561
585
551
425
311
325
403
461
461
450
457
450
370
202
30
-54
-70
-92
-123
-147
-164
-243
-422
-651
-918
-1204
-1529
-1782
-1963
-2217
-2541
-2927
-2918
-2577
-2012
-1065
326
1812
2120
1233
343
570
1363
1128
29
-397
691
2037
1899
525
-445
-161
282
-299
-1525
-1984
-1125
-200
-196
-678
-539
126
274
-310
-754
-336
377
629
527
759
1501
1991
1661
788
212
264
382
132
-268
-222
240
542
408
98
-53
-119
-338
-658
-805
-629
-290
-66
12
90
236
317
218
25
-40
64
182
245
293
400
533
580
529
401
286
191
189
230
233
219
225
230
195
144
116
146
162
152
228
347
467
485
434
422
423
397
234
57
-76
-106
-142
-201
-296
-400
-464
-584
-724
-955
-1210
-1474
-1765
-2108
-2437
-2673
-2658
-2558
-2171
-1281
95
1291
1226
331
-218
415
1174
807
-230
-371
882
2059
1753
434
-342
-45
321
-172
-1080
-1279
-526
122
24
-461
-479
-195
-267
-684
-819
-382
113
227
198
516
1097
1387
1061
515
349
567
731
543
255
297
556
680
492
214
73
-17
-176
-325
-348
-253
-185
-186
-163
-119
-105
-125
-93
-18
64
122
153
162
213
275
290
284
315
364
392
362
345
411
433
371
246
148
142
133
152
139
94
97
137
194
160
69
46
139
261
317
322
315
305
225
51
-106
-242
-349
-491
-667
-811
-973
-1138
-1394
-1661
-1909
-2096
-2180
-2234
-2076
-1440
-318
649
683
-78
-525
59
942
926
32
-378
420
1468
1510
554
-151
51
576
494
-241
-680
-370
180
198
-287
-587
-422
-230
-329
-452
-226
144
221
51
83
418
727
649
347
263
525
843
860
610
437
504
619
578
440
400
465
491
400
303
233
157
11
-120
-178
-208
-192
-179
-113
-42
16
37
37
58
137
233
299
337
346
362
368
357
360
313
231
167
174
224
215
183
155
127
72
8
-7
6
-15
-73
-99
-20
48
84
75
75
100
98
28
-110
-220
-347
-470
-656
-834
-972
-1113
-1281
-1403
-1480
-1497
-1547
-1515
-1107
-462
33
-134
-667
-833
-303
370
426
-7
-169
341
952
940
370
-46
113
474
518
190
-10
198
514
501
112
-255
-296
-134
-69
-112
-154
-85
41
107
127
161
135
66
12
26
159
303
392
413
423
448
437
392
343
316
313
308
301
322
347
368
375
340
249
106
4
-16
32
40
-49
-149
-153
-80
-20
-32
-44
12
94
162
190
201
177
149
96
54
55
57
68
60
54
32
3
-32
-62
-96
-114
-131
-129
-89
-28
57
115
150
189
208
207
212
199
154
69
-34
-118
-215
-337
-459
-562
-677
-811
-920
-977
-931
-831
-717
-727
-835
-1022
-1071
-918
-669
-546
-593
-660
-607
-358
-120
23
-5
-88
-132
-16
199
365
356
253
154
167
256
297
267
188
156
219
303
364
349
308
283
292
322
315
286
284
357
419
434
376
343
387
467
500
444
361
322
318
358
381
387
369
313
267
240
250
270
239
163
107
91
101
108
70
45
32
42
56
72
97
91
86
72
58
22
7
7
43
83
89
51
-1
-27
-32
-46
-94
-164
-180
-141
-86
-66
-108
-128
-136
-124
-136
-161
-186
-213
-285
-354
-395
-427
-505
-631
-690
-711
-669
-735
-830
-956
-923
-796
-609
-546
-584
-613
-567
-471
-386
-345
-314
-268
-182
-37
181
350
338
254
212
309
408
422
325
291
352
460
497
432
353
304
266
208
166
167
224
286
352
395
450
437
379
303
270
280
261
206
208
273
361
390
342
266
265
281
297
279
273
314
344
340
290
243
217
185
129
89
92
136
172
196
207
236
233
199
141
84
46
24
-3
-30
-43
-16
6
22
44
75
93
75
46
-20
-77
-160
-208
-215
-202
-199
-220
-271
-317
-369
-438
-526
-617
-715
-768
-807
-765
-742
-703
-704
-692
-729
-793
-801
-741
-584
-515
-509
-532
-429
-310
-208
-223
-308
-363
-276
-126
50
120
165
211
289
365
411
419
375
326
292
343
410
434
387
336
331
351
328
281
215
209
203
212
206
191
223
253
275
261
263
289
311
294
242
214
201
170
107
74
91
131
145
127
140
177
210
234
212
194
211
244
252
214
161
142
166
154
137
155
180
181
163
156
172
177
119
34
-10
-29
-32
-64
-95
-92
-79
-59
-94
-125
-169
-180
-186
-211
-235
-277
-331
-405
-455
-485
-551
-641
-730
-764
-729
-669
-646
-664
-723
-739
-800
-850
-887
-783
-628
-510
-501
-512
-406
-215
-67
-41
-62
-55
16
117
187
203
217
241
295
317
360
397
436
452
466
454
447
456
424
379
329
313
330
311
278
247
242
261
234
203
192
225
267
282
261
240
234
274
318
329
288
265
263
305
309
247
164
98
95
98
87
86
124
183
224
249
243
278
283
257
249
269
300
317
316
331
361
353
310
247
222
207
202
184
146
122
89
44
6
-38
-85
-129
-172
-178
-171
-151
-193
-271
-334
-405
-438
-507
-596
-682
-741
-759
-710
-659
-615
-609
-573
-575
-609
-666
-674
-578
-495
-451
-489
-482
-398
-258
-135
-108
-121
-97
33
208
298
316
291
339
396
471
524
516
521
520
517
526
496
478
458
427
400
388
402
413
382
306
276
268
241
180
121
133
192
224
205
156
147
181
238
266
261
254
292
339
326
293
224
168
144
149
168
169
174
169
194
223
214
182
132
92
85
110
164
209
245
260
315
363
359
327
308
293
275
242
198
166
110
56
0
-35
-81
-135
-180
-231
-266
-300
-369
-415
-455
-503
-565
-665
-745
-766
-738
-745
-775
-825
-815
-747
-645
-598
-649
-721
-699
-555
-421
-367
-412
-426
-336
-168
-29
8
-14
-22
12
134
217
257
223
191
244
386
518
568
551
505
544
599
625
582
492
424
413
432
413
350
306
278
300
299
268
189
117
108
113
122
92
40
11
34
110
140
134
105
117
194
254
297
274
218
173
183
196
170
144
122
161
204
221
220
191
175
175
173
147
111
96
85
104
146
172
171
173
207
255
293
279
229
177
121
85
38
-47
-119
-155
-172
-189
-234
-317
-389
-426
-441
-476
-576
-694
-793
-831
-842
-848
-857
-887
-883
-839
-706
-601
-594
-676
-701
-599
-443
-349
-373
-407
-354
-204
-1
115
135
123
156
279
385
403
348
287
306
415
517
499
469
451
510
587
610
601
534
491
474
480
493
452
368
305
318
348
302
212
144
145
166
171
111
55
19
15
48
35
44
38
47
86
144
204
223
213
193
202
225
206
167
143
190
223
251
239
215
232
248
253
234
215
210
230
249
241
209
175
133
123
118
133
139
138
139
147
141
104
49
-28
-82
-134
-172
-229
-292
-351
-382
-411
-457
-527
-612
-672
-704
-726
-775
-822
-865
-872
-883
-822
-733
-636
-651
-686
-693
-552
-380
-297
-346
-389
-332
-154
41
140
148
148
228
344
428
463
442
408
444
494
555
567
555
525
545
565
553
504
427
383
393
419
420
353
280
294
330
323
254
164
129
127
146
151
119
72
39
68
102
93
35
-13
7
67
107
98
56
48
92
153
188
175
178
186
221
235
217
211
191
180
170
155
183
168
148
167
202
233
217
197
188
202
201
167
114
87
90
71
20
-19
-47
-48
-51
-93
-149
-184
-245
-335
-433
-459
-486
-558
-678
-765
-771
-745
-757
-810
-879
-926
-921
-861
-790
-710
-684
-749
-776
-684
-502
-406
-433
-504
-457
-271
-49
65
93
97
156
270
376
419
432
408
413
468
550
576
548
517
540
571
584
524
455
423
440
445
383
305
245
255
285
270
209
147
134
162
178
153
106
64
31
39
58
75
52
22
0
20
83
104
56
3
-14
12
46
46
29
43
105
181
184
165
148
188
212
174
142
107
111
118
138
163
195
186
169
168
186
201
180
136
94
87
117
118
83
28
18
28
-22
-85
-158
-221
-282
-352
-417
-473
-543
-617
-694
-728
-744
-748
-789
-841
-877
-875
-791
-688
-644
-730
-807
-769
-565
-406
-384
-467
-473
-365
-158
13
87
70
87
158
300
417
470
453
413
471
559
621
596
544
548
586
609
594
558
528
509
494
472
457
384
319
301
316
323
273
216
187
228
257
229
174
100
60
74
108
92
53
15
14
53
90
94
52
-17
-32
-26
15
27
6
2
33
88
128
149
126
103
93
126
171
165
138
115
163
216
233
218
176
168
194
207
180
141
113
112
138
145
137
109
61
50
61
52
8
-112
-221
-277
-301
-357
-437
-539
-621
-664
-683
-735
-764
-784
-824
-881
-892
-828
-739
-716
-795
-834
-742
-548
-409
-378
-419
-399
-292
-127
-41
4
20
71
161
268
373
447
460
456
470
523
559
561
503
481
516
554
558
513
474
455
457
436
373
313
264
255
255
230
218
206
201
210
247
263
217
147
103
99
119
98
39
6
13
51
55
41
8
-10
-12
-8
-5
-16
-12
-33
-37
-28
1
15
-3
3
28
71
93
78
62
62
80
74
87
86
107
129
125
129
128
128
125
116
118
125
138
127
90
89
67
37
-13
-93
-156
-225
-257
-299
-340
-416
-502
-588
-665
-698
-741
-767
-825
-846
-875
-854
-801
-761
-786
-851
-836
-720
-564
-472
-466
-473
-409
-291
-184
-124
-96
-91
-15
101
238
320
343
327
343
397
456
466
425
389
426
463
485
488
473
463
458
459
438
407
358
319
296
288
257
228
222
251
289
299
276
235
165
124
117
140
124
60
25
41
83
79
71
20
-25
-25
-31
-30
-39
-81
-84
-92
-74
-70
-69
-40
-24
-3
-1
11
13
31
55
76
73
72
91
125
148
167
190
192
178
192
215
251
270
252
226
205
198
169
127
72
38
0
-63
-123
-174
-199
-241
-315
-441
-558
-657
-707
-750
-763
-782
-820
-885
-900
-848
-747
-710
-751
-774
-734
-585
-438
-358
-353
-355
-315
-198
-92
-14
30
77
132
231
331
435
448
417
413
436
474
456
433
438
474
524
540
545
531
506
489
439
394
345
315
303
314
344
355
359
318
305
314
306
263
196
152
162
184
190
179
141
107
91
67
49
17
-27
-65
-73
-46
-39
-51
-87
-116
-120
-106
-110
-106
-92
-52
-17
6
21
36
40
40
55
71
99
130
149
179
241
276
280
259
257
277
294
278
245
212
195
181
139
102
79
53
10
-43
-120
-192
-242
-307
-388
-486
-575
-666
-722
-766
-759
-767
-794
-834
-841
-793
-722
-678
-679
-697
-669
-548
-440
-358
-363
-366
-335
-227
-110
-27
5
47
100
193
268
297
295
284
298
344
390
422
422
435
461
469
461
411
376
319
312
339
344
319
286
290
317
322
284
232
199
192
211
210
204
182
162
162
151
138
91
42
-5
-42
-55
-61
-69
-96
-102
-122
-134
-140
-164
-186
-222
-210
-182
-152
-132
-119
-87
-66
-26
-12
-19
5
34
70
110
152
186
194
220
243
249
224
195
201
200
214
218
217
207
179
159
133
103
49
-6
-62
-97
-113
-147
-204
-281
-344
-398
-448
-517
-624
-716
-763
-790
-791
-772
-767
-772
-792
-773
-742
-675
-669
-675
-663
-587
-479
-387
-343
-326
-295
-215
-118
-29
21
47
92
169
286
345
377
384
394
412
426
429
423
416
419
430
437
442
438
412
403
381
344
306
282
288
301
315
319
298
285
278
262
219
165
132
99
100
66
62
44
20
-9
-35
-49
-81
-102
-131
-137
-150
-140
-122
-119
-126
-115
-100
-54
-30
6
30
47
93
120
153
157
149
168
178
191
202
217
223
237
250
248
246
250
250
244
228
218
202
207
207
178
132
90
69
53
19
-35
-88
-124
-145
-180
-232
-282
-319
-345
-403
-469
-559
-632
-671
-701
-729
-739
-730
-714
-709
-704
-644
-590
-551
-580
-583
-533
-405
-278
-219
-196
-163
-76
43
134
200
191
191
234
306
375
383
378
371
397
414
429
440
430
409
381
379
386
375
363
349
355
339
338
318
283
269
244
225
219
181
134
107
90
82
72
51
8
-21
-38
-22
-26
-38
-71
-75
-75
-92
-76
-68
-36
-21
-19
8
35
67
70
57
57
70
95
110
102
102
97
113
129
131
128
122
143
147
155
186
192
188
187
185
191
203
203
189
172
149
131
109
96
77
44
40
24
-3
-37
-82
-125
-166
-216
-266
-296
-350
-394
-440
-474
-505
-541
-584
-635
-659
-673
-672
-669
-679
-684
-687
-624
-527
-443
-427
-463
-471
-412
-296
-208
-174
-197
-200
-156
-71
38
116
123
111
102
161
245
302
290
255
254
287
321
357
363
340
304
281
295
302
300
274
236
199
188
186
161
125
90
85
62
39
39
32
36
34
27
15
9
-4
5
17
38
49
33
25
23
40
44
41
35
27
31
51
69
71
76
62
51
59
56
74
71
71
88
109
146
156
172
181
195
196
185
193
184
173
171
175
173
177
160
151
132
99
78
57
37
-5
-43
-62
-78
-98
-117
-130
-150
-157
-181
-202
-218
-246
-267
-299
-319
-348
-356
-364
-372
-403
-423
-436
-450
-476
-495
-505
-499
-460
-469
-481
-507
-423
-316
-257
-277
-309
-276
-183
-88
-11
-13
-22
-3
69
166
210
222
215
216
239
265
302
308
279
247
231
260
276
281
251
224
220
227
244
234
216
206
200
201
193
181
172
162
162
158
141
121
110
110
107
102
86
75
62
75
81
76
60
55
45
14
23
38
56
55
38
51
75
113
136
132
116
98
108
128
149
148
135
126
134
145
151
140
138
113
102
87
66
47
32
29
10
9
12
26
22
16
26
14
11
2
-12
-12
-17
-9
-8
-25
-40
-63
-78
-102
-131
-165
-212
-260
-289
-308
-342
-349
-374
-401
-431
-448
-467
-485
-474
-433
-397
-408
-461
-500
-454
-381
-325
-308
-313
-334
-299
-217
-138
-111
-108
-131
-99
-34
27
73
72
71
81
106
149
185
197
185
178
185
217
234
233
221
193
207
209
211
207
195
177
170
169
155
147
148
132
117
93
82
71
52
55
48
64
70
71
77
73
88
102
111
106
107
119
129
148
146
122
107
84
82
68
51
43
17
8
21
11
-1
-26
-52
-51
-61
-39
-29
-34
-23
-25
-4
7
33
33
44
45
51
63
62
60
49
44
32
27
16
5
-8
-2
-1
-1
-28
-37
-50
-68
-76
-78
-108
-141
-168
-181
-196
-212
-226
-251
-261
-297
-321
-357
-389
-443
-471
-454
-416
-416
-464
-500
-487
-434
-389
-373
-371
-386
-364
-300
-239
-195
-193
-194
-156
-109
-60
-20
6
18
21
61
101
142
156
153
167
177
204
211
234
238
234
238
238
243
254
256
265
274
268
265
266
267
260
258
248
251
245
246
228
232
225
222
209
182
165
159
150
120
90
73
81
71
65
58
49
38
18
4
3
6
10
3
-15
-12
7
14
28
33
33
48
52
58
59
76
85
82
83
67
65
91
103
104
115
128
150
150
139
128
103
99
79
77
91
86
87
63
61
44
9
-8
-42
-68
-106
-142
-167
-194
-216
-227
-254
-287
-328
-350
-378
-389
-398
-422
-434
-449
-445
-445
-438
-441
-430
-434
-431
-412
-369
-332
-307
-291
-253
-218
-185
-158
-131
-89
-52
-6
14
42
82
114
148
204
226
245
264
293
301
334
351
347
346
331
334
341
349
340
331
323
306
293
292
272
249
230
221
207
190
169
162
149
143
140
114
112
106
79
82
74
66
57
40
27
21
30
24
9
-8
1
4
-2
5
-1
-5
-7
-3
9
9
34
52
48
62
63
72
83
69
66
75
71
69
81
93
105
103
91
90
88
79
69
51
45
29
29
16
13
10
-7
-24
-46
-56
-84
-117
-147
-164
-158
-175
-213
-256
-304
-327
-343
-368
-399
-435
-453
-452
-453
-456
-450
-455
-455
-443
-426
-401
-389
-373
-375
-353
-311
-258
-204
-187
-170
-137
-95
-38
-9
9
22
37
84
102
125
140
149
168
167
188
208
214
227
223
240
246
259
250
232
220
207
204
198
203
187
190
179
168
167
155
124
101
84
66
57
64
69
65
58
39
34
43
41
39
38
33
40
56
57
53
61
70
65
77
80
74
73
75
94
102
100
92
82
86
94
94
88
79
100
94
92
101
116
122
103
105
98
100
88
79
68
67
60
53
58
42
38
31
0
-27
-47
-69
-82
-112
-144
-162
-193
-216
-233
-234
-242
-247
-266
-275
-284
-306
-280
-299
-306
-307
-312
-300
-300
-298
-290
-289
-273
-259
-255
-259
-256
-234
-229
-223
-220
-214
-199
-170
-108
-69
-75
-73
-52
13
58
82
69
51
60
97
141
170
150
143
121
133
147
165
150
110
85
87
104
86
87
69
51
38
43
67
83
79
74
85
86
104
121
119
130
141
142
140
134
143
160
171
172
164
160
161
168
155
144
124
92
87
72
85
89
98
106
103
96
109
111
100
117
104
91
77
69
77
81
71
46
36
17
29
26
19
4
-17
-24
-30
-41
-42
-41
-52
-59
-76
-63
-63
-63
-61
-69
-66
-59
-66
-95
-114
-126
-127
-125
-140
-142
-147
-147
-163
-184
-215
-232
-234
-247
-252
-251
-243
-253
-260
-257
-251
-228
-227
-212
-227
-216
-205
-180
-166
-170
-173
-187
-167
-156
-140
-133
-125
-139
-116
-107
-103
-96
-92
-106
-112
-105
-84
-49
-53
-68
-53
-20
14
45
56
61
77
99
122
128
124
138
139
156
173
178
184
180
195
192
193
184
152
143
133
144
132
110
98
99
109
128
126
136
121
119
125
114
114
90
81
60
46
35
29
30
18
-9
-19
-11
-14
-13
-12
-27
-27
-38
-41
-43
-57
-39
-38
-38
-20
3
13
20
20
11
-6
1
-4
-3
-14
-22
-23
-29
-30
-49
-50
-57
-57
-66
-67
-77
-84
-104
-109
-115
-133
-122
-133
-121
-115
-106
-97
-103
-105
-119
-131
-139
-134
-144
-163
-164
-169
-170
-176
-184
-185
-207
-222
-222
-214
-210
-223
-225
-223
-210
-177
-153
-130
-107
-109
-76
-41
-24
-2
6
26
39
65
69
71
82
86
116
131
126
125
139
144
145
149
145
140
131
119
137
142
145
152
148
160
164
179
180
161
150
138
118
96
82
75
74
64
48
40
28
31
39
27
11
8
17
12
21
33
38
53
63
58
69
82
70
65
81
90
94
92
86
81
70
63
48
45
42
41
18
28
20
9
-3
-17
-14
-26
-18
-20
-33
-42
-36
-34
-28
-18
-17
-31
-45
-59
-76
-92
-94
-113
-129
-141
-139
-129
-146
-136
-159
-180
-197
-207
-189
-186
-193
-189
-181
-169
-150
-131
-113
-107
-87
-86
-92
-72
-65
-44
-44
-55
-57
-57
-51
-61
-58
-64
-64
-56
-45
-43
-42
-34
-35
-46
-42
-32
-21
-23
-22
-16
-11
-3
1
15
26
21
16
16
0
0
-8
-24
-35
-45
-58
-50
-54
-61
-59
-78
-88
-81
-76
-58
-44
-39
-36
-24
2
14
30
24
33
48
58
72
74
90
102
90
82
84
91
93
88
87
78
83
90
84
82
81
75
60
38
40
45
53
55
59
61
58
53
39
21
1
-15
-29
-40
-43
-48
-66
-90
-112
-136
-139
-144
-152
-166
-173
-178
-171
-164
-156
-149
-156
-147
-132
-118
-125
-106
-89
-83
-83
-81
-66
-61
-54
-58
-64
-59
-54
-58
-64
-76
-80
-73
-67
-72
-63
-67
-59
-61
-74
-65
-63
-55
-59
-57
-46
-34
-25
-27
-36
-48
-59
-55
-64
-71
-82
-95
-91
-105
-113
-119
-123
-136
-153
-153
-154
-149
-142
-131
-118
-105
-92
-96
-77
-75
-57
-53
-36
-23
-15
0
2
14
7
12
32
33
35
47
64
70
67
76
75
88
97
105
107
116
125
132
135
134
131
132
125
110
115
95
93
87
77
63
56
53
34
19
-5
-16
-32
-47
-63
-73
-78
-86
-81
-76
-79
-69
-63
-65
-58
-62
-52
-45
-38
-19
-13
-4
-7
-7
6
4
-3
-10
-7
3
-3
-8
1
4
3
-2
6
-4
-9
-10
-14
-19
-18
-18
-16
-19
-15
0
0
-4
-2
-16
-29
-29
-47
-49
-65
-74
-81
-83
-97
-98
-112
-126
-129
-142
-124
-134
-132
-125
-119
-110
-117
-112
-104
-94
-76
-69
-57
-58
-50
-33
-33
-12
-20
-31
-32
-31
-21
-21
-25
-32
-22
-17
-8
-8
-5
7
17
21
20
35
33
30
41
33
36
28
18
18
7
3
-3
-18
-27
-31
-37
-33
-57
-71
-73
-83
-95
-98
-110
-113
-108
-107
-90
-93
-73
-69
-68
-71
-63
-47
-42
-33
-29
-17
-3
-5
5
13
22
35
28
22
14
16
25
31
25
21
24
27
13
3
8
0
-11
-15
-16
-21
-20
-23
-30
-34
-30
-30
-47
-41
-48
-67
-63
-83
-96
-98
-105
-105
-116
-119
-133
-134
-119
-121
-123
-114
-122
-113
-103
-96
-94
-101
-91
-79
-75
-76
-77
-66
-57
-52
-50
-53
-55
-64
-62
-53
-42
-48
-41
-39
-42
-21
-18
-19
-19
-18
-13
-12
-8
-8
-4
-5
-16
-20
-34
-45
-62
-63
-58
-65
-73
-72
-74
-92
-90
-104
-119
-123
-135
-133
-133
-132
-127
-125
-122
-114
-115
-101
-98
-100
-97
-86
-76
-74
-61
-52
-39
-43
-27
-11
-10
1
1
2
5
8
17
20
27
25
26
25
27
27
26
24
20
14
18
26
28
35
29
12
1
-11
-20
-28
-31
-39
-48
-52
-59
-53
-67
-72
-78
-91
-89
-99
-91
-91
-89
-77
-74
-73
-72
-72
-58
-56
-46
-31
-28
-19
-18
-3
3
4
-2
6
13
12
15
30
34
44
39
39
46
43
45
46
44
43
34
38
34
27
35
13
14
13
-14
-24
-20
-43
-48
-50
-71
-65
-74
-98
-90
-94
-97
-96
-94
-103
-99
-103
-96
-95
-100
-85
-94
-84
-80
-71
-67
-57
-43
-37
-22
-24
-19
-13
-12
0
12
26
34
34
38
52
52
61
63
59
66
86
79
69
73
69
75
74
85
89
82
77
81
77
69
59
50
37
31
37
19
12
2
3
0
-20
-35
-43
-30
-52
-61
-65
-65
-58
-61
-52
-53
-49
-40
-43
-29
-21
-8
-18
-22
-9
-7
10
0
18
26
37
34
32
39
44
54
41
43
31
39
42
35
37
41
36
30
25
14
13
-2
1
-12
-25
-33
-48
-63
-78
-77
-101
-111
-123
-121
-113
-122
-116
-124
-125
-138
-139
-144
-148
-148
-146
-146
-147
-137
-139
-125
-121
-117
-107
-105
-93
-80
-80
-76
-69
-66
-59
-63
-46
-33
-17
-9
-10
5
13
5
7
14
16
23
25
26
19
38
34
42
41
29
44
48
42
34
19
23
22
11
4
-2
-13
-17
-19
-30
-43
-57
-59
-66
-66
-79
-78
-71
-80
-73
-81
-68
-68
-66
-65
-65
-56
-61
-55
-52
-44
-39
-28
-28
-21
-15
-13
-8
-6
-4
7
17
21
17
23
38
35
42
33
34
45
31
33
31
41
33
30
31
15
14
8
5
-4
-20
-18
-24
-35
-42
-47
-52
-61
-70
-83
-85
-93
-93
-111
-114
-109
-113
-116
-110
-100
-101
-94
-84
-78
-71
-70
-76
-69
-68
-69
-54
-52
-46
-36
-23
-15
-8
-10
-3
3
1
14
14
15
20
25
38
56
70
73
63
76
73
79
81
73
88
88
90
69
70
75
76
65
46
46
41
51
39
33
15
12
12
4
-8
-11
-1
0
8
1
14
14
19
22
31
32
27
22
15
23
15
13
18
17
29
25
22
34
25
34
45
49
63
71
69
68
62
70
69
74
65
69
80
76
86
83
80
72
66
54
63
55
41
44
46
47
36
39
31
28
19
14
5
5
0
-9
-9
-17
-18
-10
-11
-14
-17
-16
-18
-22
-25
-32
-31
-26
-29
-29
-23
-24
-13
-31
-21
-24
-28
-16
-21
-22
-3
-1
-2
5
20
33
27
36
36
54
64
71
71
73
74
67
60
57
54
65
53
48
51
39
46
39
28
29
28
31
10
12
22
22
19
15
19
28
22
27
23
19
23
13
21
8
3
0
-2
-6
-13
2
-9
-5
-3
13
13
14
23
25
39
32
32
23
33
18
28
32
39
46
46
47
36
33
31
27
17
12
3
4
2
8
-9
-10
-14
-29
-19
-21
-27
-26
-30
-18
-14
-15
-8
-8
-7
-8
-8
-12
-6
-3
2
2
-8
0
-6
1
-16
-15
-22
-25
-19
-27
-22
-32
-23
-17
-26
-30
-27
-23
-25
-18
-23
-20
-4
-4
0
-1
10
8
-3
4
-5
-14
-20
-12
-8
-15
-9
-16
-14
-14
-13
-15
-26
-21
-20
-13
-9
-7
6
11
2
8
17
15
7
16
27
28
28
23
30
21
21
24
24
26
25
22
31
32
60
59
53
63
63
66
63
