SAMPLES:	9031
BITSPERSAMPLE:	16
CHANNELS:	1
SAMPLERATE:	16000
NORMALIZED:	FALSE
7
0
8
-2
6
10
14
22
15
14
16
9
7
10
0
2
2
-4
-5
-23
-16
-11
-15
-13
-13
-23
-22
-18
-20
-29
-28
-30
-26
-21
-32
-30
-22
-18
-16
-15
-13
-12
-5
-4
-12
-6
-4
-6
5
6
10
11
12
29
23
17
15
20
28
21
31
35
46
43
45
54
51
56
65
61
61
59
61
71
69
71
72
74
76
71
63
51
51
51
44
43
43
38
28
19
18
23
26
22
11
10
12
13
13
20
11
13
11
14
14
15
22
21
23
15
16
23
20
12
10
24
19
34
24
22
31
32
32
33
37
39
39
32
47
41
55
52
53
60
55
56
48
44
45
48
51
47
46
45
36
40
39
39
37
30
22
23
27
20
23
20
25
25
31
34
37
33
40
36
38
38
30
49
33
38
45
43
42
51
53
51
52
48
52
46
44
52
54
61
56
58
67
67
67
65
71
73
71
64
57
61
60
63
57
51
46
50
39
44
29
30
28
18
10
-5
0
-4
-16
-26
-23
-19
-21
-27
-25
-24
-29
-30
-31
-30
-31
-24
-24
-41
-28
-24
-29
-28
-26
-23
-20
-15
-19
-10
-11
-3
3
-3
5
13
19
22
32
19
23
26
35
39
31
38
38
27
34
28
18
24
12
14
16
18
18
9
6
-2
-1
-1
-12
-11
-15
-22
-28
-24
-22
-17
-15
-12
-2
-11
-6
-3
3
-1
0
2
-4
7
3
4
14
12
20
19
21
10
12
12
15
29
25
30
23
24
29
27
34
33
38
33
32
30
31
35
29
30
27
23
26
18
13
19
3
-3
-13
-20
-21
-18
-15
-23
-32
-34
-26
-34
-24
-24
-24
-19
-18
-20
-10
-11
-4
-8
-13
9
-2
6
6
12
11
14
13
16
22
14
27
27
32
34
28
40
40
40
44
52
46
51
57
58
51
51
51
44
49
43
43
42
37
48
43
37
35
25
31
31
38
24
25
29
19
11
12
10
13
17
5
10
11
16
22
15
18
27
27
25
28
22
13
24
27
37
34
34
30
28
36
22
24
22
21
22
27
30
20
24
31
29
26
33
31
29
38
43
35
36
35
37
39
32
37
28
35
34
33
33
17
31
33
22
23
26
28
24
27
24
22
19
20
27
22
30
44
39
31
32
36
39
47
51
49
52
55
46
47
40
46
48
42
46
48
42
48
52
56
59
56
49
51
58
55
64
58
57
59
58
52
53
51
50
51
39
34
36
39
33
34
20
10
10
3
9
-4
-10
-5
-8
-5
-6
-12
-22
-25
-24
-24
-16
-25
-28
-23
-22
-12
-14
-17
-16
-10
-2
-2
-9
-3
-3
-8
0
-5
-7
-3
-3
2
12
10
10
19
15
22
16
30
21
26
31
31
28
22
28
16
26
21
26
23
20
7
10
9
9
2
5
2
-7
1
0
-8
-9
-13
-17
-8
-9
-19
-16
-13
-16
-6
-13
-7
-11
-6
-14
-12
-17
-6
-13
-18
1
-10
-3
1
0
-2
3
6
6
2
5
8
4
7
5
8
17
9
10
4
6
13
13
13
6
8
6
3
3
-2
-11
-6
-7
-10
-10
-25
-24
-18
-11
-15
-21
-13
-13
-16
-21
-18
-20
-11
-15
-12
1
-4
-5
3
16
18
16
17
20
24
25
31
26
32
32
35
36
41
33
34
46
37
47
36
40
40
39
36
43
47
37
41
30
35
37
34
30
33
38
38
31
35
28
20
27
27
28
20
22
21
25
20
23
14
15
10
8
8
8
12
5
10
2
-3
2
6
8
3
-2
2
4
6
-2
16
14
18
11
4
23
12
18
4
21
16
23
25
25
18
27
28
12
24
18
29
23
23
23
20
30
34
34
42
34
29
33
38
35
32
29
42
40
46
51
46
42
40
33
43
35
24
39
36
48
47
46
62
56
53
54
46
52
63
56
57
57
58
62
48
54
47
51
64
58
59
59
59
49
50
48
48
48
56
64
68
55
53
57
52
55
47
51
50
49
34
34
40
33
32
28
18
17
21
7
17
12
13
8
11
12
4
8
2
8
2
12
11
14
13
3
12
13
14
6
6
10
3
12
20
9
4
10
7
-2
13
15
10
8
15
19
14
12
12
18
10
11
14
18
9
13
19
13
8
8
16
8
-2
-11
-8
-1
-2
6
3
-1
-2
-2
-6
1
-2
-9
-7
-1
-5
2
-1
-1
1
3
-1
-2
0
-6
3
5
12
3
-7
0
8
-10
-4
-2
-1
-4
-2
-4
-11
-1
-1
1
-6
-1
-14
-4
-6
-2
-9
5
-13
-10
-5
-11
-1
-13
-13
-15
-9
-10
-15
-7
-1
-6
-3
-13
-10
-12
-7
-10
-14
-4
-7
-7
-3
2
7
0
-3
4
5
7
7
-1
2
6
6
12
14
19
19
6
9
13
13
9
12
11
17
12
5
11
15
18
16
18
14
11
16
14
17
14
18
15
17
15
17
11
16
10
9
12
10
8
1
18
6
3
13
17
13
22
19
19
12
11
14
18
11
14
17
24
23
22
19
16
31
30
30
22
18
31
22
19
26
25
21
29
34
27
34
41
64
74
79
93
91
88
79
60
17
12
46
46
4
-20
-1
15
23
21
32
23
9
21
32
44
5
-21
-3
16
3
-15
-1
6
11
11
27
33
32
30
34
40
24
13
-15
-8
1
-1
16
-1
12
32
41
39
28
27
26
23
23
26
29
20
15
26
36
41
27
27
43
37
36
38
38
40
41
33
23
20
15
9
13
19
11
14
18
26
31
23
21
8
15
13
11
7
-2
11
5
2
7
-1
6
6
8
14
12
17
15
-3
2
5
1
2
7
10
10
12
13
11
2
2
5
-4
0
-2
-12
-16
-7
-8
-16
-6
1
-1
-15
-16
-16
-20
-18
-36
-17
-21
-29
-17
-24
-24
-28
-33
-39
-33
-31
-35
-40
-42
-30
-31
-35
-31
-29
-23
-35
-29
-32
-28
-36
-46
-47
-42
-33
-34
-41
-33
-31
-26
-30
-36
-34
-34
-36
-38
-43
-51
-50
-48
-40
-40
-41
-49
-42
-45
-48
-49
-48
-49
-55
-53
-48
-37
-44
-48
-52
-54
-47
-49
-39
-46
-52
-52
-45
-48
-51
-47
-51
-44
-48
-51
-50
-46
-54
-53
-42
-44
-38
-40
-42
-46
-43
-37
-36
-36
-37
-39
-33
-33
-37
-34
-31
-32
-33
-20
-33
-28
-14
-29
-34
-23
-35
-28
-32
-37
-29
-33
-35
-34
-22
-20
-29
-19
-22
-21
-25
-30
-26
-25
-29
-28
-24
-13
-20
-15
-17
-24
-16
-20
-23
-25
-18
-27
-17
-14
-23
-23
-27
-26
-29
-27
-29
-33
-25
-16
-20
-16
-13
-16
-26
-21
-18
-11
-4
-13
-14
-17
-11
-13
-21
-26
-14
-15
-21
-16
-17
-21
-10
-16
-24
-23
-25
-10
-15
-15
-18
-18
-12
-10
-9
-9
-6
-10
-12
-15
-13
-23
-21
-14
-22
-15
-19
-17
-17
-13
-2
-14
-30
-16
-11
-17
-21
-28
-27
-26
-17
-21
-23
-19
-21
-13
-19
-10
-1
-9
-3
-11
-3
-18
-20
-7
-10
-19
-11
-6
-15
-8
-10
-11
-18
-16
-17
-16
0
-14
-18
-14
-5
-12
-8
-11
-7
5
-3
0
-3
2
2
-11
-9
-2
-3
3
4
-2
2
-6
6
10
4
4
-6
11
0
-1
6
-4
1
-3
1
4
9
8
-2
6
-1
1
2
-1
-4
-5
-4
-6
-8
-9
-6
-8
-8
-6
-4
-1
3
-5
-8
-11
-4
-14
-13
-3
-22
-20
-11
-9
-17
-23
-14
-13
-16
-23
-29
-27
-28
-29
-35
-29
-28
-26
-37
-31
-32
-34
-24
-27
-16
-25
-34
-24
-26
-33
-31
-30
-24
-18
-30
-30
-26
-29
-29
-35
-30
-33
-33
-32
-39
-35
-34
-33
-45
-37
-43
-38
-33
-28
-21
-30
-23
-19
-26
-29
-28
-27
-27
-28
-15
-29
-21
-22
-22
-16
-27
-24
-26
-22
-23
-16
-22
-20
-14
-16
-25
-19
-19
-36
-29
-21
-22
-23
-26
-25
-26
-27
-35
-24
-27
-25
-30
-37
-33
-42
-36
-46
-41
-43
-43
-39
-37
-32
-39
-48
-42
-36
-47
-40
-36
-30
-27
-32
-31
-23
-27
-27
-29
-26
-24
-23
-22
-25
-27
-30
-23
-28
-20
-31
-17
-12
-15
-8
-11
-7
-7
-8
-4
-10
-7
-1
-17
-14
-10
-5
-8
-1
-3
-6
-2
4
5
-1
10
6
15
16
17
16
17
18
17
12
9
17
15
14
11
26
19
23
26
24
33
19
31
30
23
24
18
27
25
21
23
26
19
20
24
14
21
13
5
0
1
1
-8
-6
-6
-8
-5
-6
-14
-15
-25
-32
-35
-34
-39
-30
-39
-44
-46
-53
-53
-47
-63
-53
-46
-53
-46
-45
-39
-41
-33
-36
-33
-39
-31
-22
-26
-29
-23
-26
-14
-4
-8
-10
-9
-16
-9
8
-2
4
10
11
5
10
12
11
9
16
12
12
18
23
33
33
29
25
23
30
36
27
31
23
29
34
40
35
50
58
54
57
63
70
73
71
80
81
91
84
85
98
90
95
88
91
95
91
98
97
99
99
99
97
84
78
71
66
59
58
48
28
22
14
7
2
-7
-21
-26
-44
-40
-54
-68
-72
-79
-89
-93
-102
-117
-119
-136
-142
-157
-167
-178
-188
-197
-198
-211
-218
-220
-230
-245
-266
-279
-294
-299
-295
-279
-259
-248
-236
-235
-205
-172
-157
-127
-103
-82
-64
-54
-30
1
32
52
60
71
90
104
123
138
155
167
163
158
170
168
174
163
164
160
148
160
160
171
168
175
165
157
160
157
158
156
146
136
131
130
130
124
125
130
121
117
118
108
109
94
74
70
53
48
41
21
9
11
-11
-24
-42
-44
-53
-71
-67
-77
-89
-107
-99
-120
-126
-130
-134
-134
-137
-125
-117
-113
-116
-111
-104
-104
-118
-116
-118
-103
-99
-110
-108
-98
-95
-90
-88
-83
-80
-88
-85
-97
-95
-106
-106
-132
-155
-165
-186
-183
-182
-168
-169
-157
-151
-129
-106
-82
-76
-60
-47
-42
-24
-19
5
32
54
70
88
108
140
170
194
213
220
234
228
242
249
254
245
233
230
219
230
233
233
229
226
226
211
204
207
182
177
157
144
130
111
99
83
87
74
69
64
65
43
38
27
20
10
0
-19
-24
-44
-58
-62
-70
-77
-73
-75
-87
-79
-91
-86
-90
-98
-108
-104
-116
-117
-121
-118
-119
-125
-110
-111
-102
-94
-103
-96
-98
-89
-84
-83
-82
-89
-102
-109
-113
-123
-124
-141
-156
-180
-202
-211
-221
-209
-203
-200
-199
-198
-180
-162
-131
-119
-101
-79
-69
-62
-48
-11
25
48
55
74
88
116
139
154
184
203
209
208
202
216
237
236
220
209
209
208
216
216
227
215
215
214
207
202
200
191
172
176
157
156
164
162
159
149
155
140
142
152
140
145
136
129
112
95
90
73
67
48
34
17
15
5
-6
-12
-40
-45
-51
-67
-78
-86
-95
-105
-110
-118
-122
-134
-133
-131
-128
-138
-143
-137
-139
-146
-147
-133
-144
-155
-160
-176
-165
-176
-178
-200
-211
-221
-246
-254
-280
-306
-344
-373
-395
-387
-367
-350
-338
-322
-265
-198
-155
-137
-107
-65
-27
-30
-32
0
44
78
53
57
105
148
165
174
196
226
254
237
237
241
239
218
169
139
130
122
102
87
86
91
100
104
99
103
106
104
91
78
60
51
55
49
44
39
69
88
115
120
138
155
173
176
163
177
168
167
153
127
132
138
126
121
122
132
134
124
120
121
103
80
68
38
14
-18
-39
-49
-64
-73
-77
-72
-63
-64
-63
-52
-46
-53
-67
-77
-93
-109
-132
-140
-156
-165
-180
-195
-214
-222
-241
-280
-298
-353
-394
-457
-505
-553
-614
-645
-604
-507
-403
-372
-383
-357
-241
-110
-53
-74
-60
-3
12
-27
-22
83
190
193
112
105
210
332
373
367
385
406
362
316
304
340
312
218
101
56
76
100
96
97
97
83
63
75
104
129
120
60
1
-23
-32
-8
18
27
0
-30
-11
42
101
123
158
192
207
201
215
243
280
262
220
193
204
237
246
269
280
285
281
271
286
293
278
228
194
155
115
98
86
69
48
23
13
6
22
23
23
23
31
16
0
3
11
8
-18
-52
-48
-63
-73
-78
-78
-79
-120
-150
-182
-209
-252
-313
-375
-460
-537
-609
-688
-760
-839
-862
-808
-679
-565
-515
-524
-446
-310
-160
-111
-93
-55
14
29
3
11
142
256
270
206
217
337
475
532
541
571
569
517
470
459
484
423
294
140
88
99
110
95
73
58
30
22
31
81
113
93
37
-39
-71
-58
-19
-15
-33
-85
-111
-77
0
70
107
146
173
197
230
267
314
331
302
254
218
231
272
293
294
297
289
299
311
340
351
327
283
235
187
156
134
113
75
27
-9
-25
-20
-5
4
-5
-13
-8
-11
-6
12
19
0
-50
-74
-85
-76
-89
-105
-112
-141
-163
-190
-199
-221
-282
-374
-472
-561
-645
-741
-855
-956
-1064
-1103
-1066
-952
-809
-732
-668
-602
-445
-265
-142
-76
-52
-3
31
24
36
130
229
261
226
201
306
458
575
628
631
628
619
585
579
569
528
383
218
95
70
74
49
6
-36
-63
-71
-44
14
70
74
14
-58
-76
-59
-34
-35
-73
-124
-165
-151
-101
-25
18
53
60
99
172
248
332
380
370
322
299
320
356
370
354
334
313
299
320
369
401
388
342
280
269
278
267
236
195
143
101
66
76
101
96
67
37
29
59
80
95
82
57
15
-3
-19
-15
-19
-52
-93
-116
-137
-155
-155
-164
-199
-285
-360
-426
-486
-570
-665
-783
-909
-1021
-1116
-1173
-1187
-1120
-1031
-912
-803
-666
-524
-366
-205
-53
35
94
119
176
206
236
236
277
327
364
378
422
520
628
682
705
696
688
674
634
562
468
352
210
91
1
-49
-71
-112
-149
-158
-145
-107
-73
-13
3
-6
-47
-59
-47
-31
-37
-55
-83
-101
-93
-57
1
66
107
135
191
256
341
400
431
430
428
403
405
400
401
366
352
325
320
331
352
386
382
351
314
306
308
296
276
241
204
181
168
176
194
193
181
174
169
195
209
215
194
158
116
72
27
-4
-49
-101
-167
-219
-252
-274
-307
-356
-402
-487
-558
-643
-736
-843
-966
-1090
-1211
-1288
-1328
-1302
-1242
-1147
-1044
-864
-643
-422
-256
-89
77
237
313
347
348
400
445
425
369
379
447
521
532
549
630
715
741
715
675
652
589
449
301
169
54
-88
-240
-352
-383
-397
-414
-407
-351
-268
-196
-140
-83
-33
10
13
8
8
19
25
17
18
43
71
125
184
240
294
342
377
428
448
466
455
422
383
322
282
267
236
209
183
194
209
241
243
273
290
279
252
244
256
268
271
255
268
275
294
319
346
375
389
393
396
392
376
327
274
192
113
27
-61
-128
-198
-269
-344
-402
-455
-503
-562
-627
-693
-789
-901
-1019
-1135
-1270
-1430
-1600
-1739
-1819
-1771
-1600
-1359
-1108
-875
-639
-306
65
405
609
743
796
834
809
772
730
700
647
553
454
446
508
624
672
696
665
604
539
490
404
249
8
-274
-504
-663
-757
-803
-849
-827
-766
-657
-479
-262
-36
138
234
287
341
392
449
457
403
305
246
244
298
351
403
419
463
507
533
571
563
531
409
254
127
26
-29
-93
-178
-221
-228
-174
-95
35
151
236
281
325
376
445
490
486
479
461
473
515
569
625
677
704
727
734
739
726
668
548
408
254
109
-22
-160
-303
-418
-502
-580
-631
-643
-648
-668
-704
-767
-837
-907
-985
-1094
-1242
-1417
-1578
-1758
-1926
-2082
-2118
-1981
-1593
-1120
-690
-398
-66
407
1008
1383
1522
1440
1415
1355
1221
940
735
619
552
322
107
34
227
430
488
392
298
236
152
14
-136
-337
-646
-1022
-1279
-1277
-1151
-1042
-923
-733
-416
-35
313
663
993
1232
1260
1139
1025
1000
954
796
541
311
196
191
239
298
338
358
349
302
278
250
165
-7
-261
-520
-706
-753
-727
-672
-573
-435
-219
54
379
676
929
1073
1115
1088
1065
1023
951
850
719
626
589
613
663
731
764
742
693
609
536
412
210
-27
-276
-480
-618
-713
-744
-733
-701
-651
-561
-465
-373
-322
-302
-360
-447
-588
-704
-878
-1045
-1303
-1528
-1776
-1960
-2174
-2285
-2237
-1864
-1263
-647
-224
30
440
1042
1636
1826
1666
1390
1285
1125
828
425
251
203
144
-118
-230
-110
250
415
353
151
28
-114
-289
-509
-706
-957
-1285
-1551
-1525
-1194
-821
-497
-191
249
748
1161
1440
1654
1790
1719
1380
952
654
510
343
68
-201
-319
-250
-93
58
149
188
166
82
-57
-190
-313
-457
-637
-828
-923
-843
-596
-283
22
323
638
961
1254
1466
1563
1534
1365
1128
891
707
555
416
317
292
333
400
513
603
637
567
423
258
82
-92
-297
-493
-644
-715
-681
-590
-439
-278
-134
-35
28
42
7
-74
-250
-462
-749
-1037
-1301
-1490
-1697
-1901
-2131
-2315
-2473
-2531
-2409
-1929
-1157
-401
73
295
708
1422
2120
2292
2018
1600
1409
1240
917
474
209
117
15
-302
-490
-370
-31
82
-106
-412
-618
-747
-915
-1072
-1176
-1264
-1403
-1444
-1148
-516
131
583
947
1367
1816
2106
2164
2086
1925
1588
1030
437
40
-98
-199
-391
-584
-614
-452
-251
-121
-114
-190
-320
-507
-692
-824
-848
-850
-843
-791
-576
-161
389
908
1338
1640
1866
1950
1956
1840
1624
1265
826
403
109
-28
-56
-42
23
152
283
410
496
545
509
339
100
-109
-242
-318
-342
-345
-293
-152
11
201
348
442
414
303
121
-82
-325
-579
-855
-1098
-1350
-1557
-1724
-1837
-1954
-2102
-2322
-2512
-2597
-2538
-2286
-1641
-664
279
777
1042
1582
2469
3118
2983
2284
1660
1388
1023
335
-383
-619
-602
-748
-1116
-1167
-752
-250
-241
-602
-872
-890
-973
-1187
-1302
-1145
-966
-885
-666
29
1010
1770
2078
2243
2511
2682
2474
1913
1345
821
212
-531
-1105
-1248
-1090
-951
-911
-830
-583
-254
-80
-118
-234
-397
-609
-807
-919
-841
-616
-289
38
435
946
1502
1886
2043
2006
1866
1585
1178
710
313
23
-214
-383
-435
-262
13
242
368
476
558
567
443
278
130
29
-87
-165
-138
18
223
377
470
543
561
517
356
151
-124
-389
-659
-863
-1008
-1083
-1135
-1184
-1233
-1336
-1477
-1653
-1824
-2068
-2416
-2846
-3149
-3209
-2730
-1626
-83
1179
1791
2048
2693
3742
4242
3576
2150
1002
326
-273
-1197
-1817
-1744
-1283
-1204
-1393
-1182
-331
328
196
-543
-1098
-1284
-1429
-1649
-1511
-955
-349
9
528
1603
2884
3581
3442
2945
2526
2060
1223
182
-657
-1141
-1554
-1955
-2035
-1535
-725
-133
52
63
122
161
-10
-357
-689
-884
-964
-923
-630
-25
724
1335
1657
1834
2006
2101
1880
1342
722
237
-143
-447
-590
-481
-155
142
337
454
644
782
761
511
234
36
-49
-90
-33
158
409
638
767
882
947
910
705
373
36
-226
-446
-578
-644
-611
-572
-522
-505
-533
-623
-820
-1060
-1404
-1764
-2127
-2353
-2547
-2660
-2879
-3014
-2930
-2237
-781
990
2314
2590
2419
2613
3405
3669
2826
1174
10
-490
-758
-1331
-1573
-1162
-436
-444
-926
-1086
-503
-51
-481
-1399
-1943
-1815
-1516
-1217
-563
599
1596
1917
1985
2521
3318
3503
2642
1454
619
204
-334
-969
-1281
-1096
-856
-919
-983
-628
-14
235
-69
-569
-812
-765
-711
-705
-524
-123
343
663
1008
1447
1847
1865
1448
879
499
270
32
-196
-259
-110
83
261
454
742
970
910
566
207
-3
-46
-95
-102
4
265
505
743
948
1128
1165
987
659
327
116
-29
-156
-253
-231
-135
-27
41
80
68
-71
-361
-768
-1151
-1374
-1531
-1655
-1795
-1839
-1854
-1814
-1866
-1921
-2187
-2513
-2712
-2312
-1031
757
2066
2281
2075
2477
3445
3763
2778
1139
12
-500
-1040
-1878
-2154
-1504
-647
-738
-1311
-1334
-475
102
-361
-1239
-1604
-1272
-973
-784
-146
1117
2184
2318
2031
2261
2908
2976
1963
632
-205
-498
-865
-1372
-1515
-1085
-627
-678
-864
-658
-103
146
-187
-693
-848
-601
-354
-185
153
710
1195
1318
1250
1292
1381
1158
543
-96
-438
-439
-372
-297
-111
227
518
603
600
639
684
535
211
-84
-141
44
285
499
705
919
1038
988
852
675
515
268
-19
-241
-259
-91
88
237
309
357
299
124
-105
-358
-625
-906
-1201
-1373
-1390
-1279
-1179
-1151
-1212
-1400
-1594
-1879
-2167
-2636
-3025
-3114
-2412
-730
1351
2821
2987
2723
2951
3583
3396
1869
1
-1056
-1333
-1700
-2328
-2112
-885
311
79
-802
-1056
-372
-52
-887
-1908
-2025
-1187
-526
-107
814
2373
3503
3243
2301
1849
1991
1740
515
-794
-1337
-1083
-870
-883
-641
6
464
103
-610
-921
-650
-508
-857
-1176
-878
-80
595
970
1341
1780
1918
1364
573
98
8
-207
-677
-958
-702
-80
417
731
956
1166
1090
637
140
-49
33
69
-36
19
352
843
1131
1223
1131
969
683
290
0
-61
95
238
329
394
560
733
719
513
171
-163
-453
-690
-831
-821
-656
-542
-549
-612
-668
-711
-949
-1301
-1716
-2018
-2345
-2694
-3027
-3169
-2860
-2067
-398
1665
3384
3568
2770
2318
2720
2828
1523
-444
-1456
-1246
-915
-1455
-1643
-590
898
802
-802
-1902
-1476
-600
-1008
-1985
-2037
-696
634
1059
1405
2492
3620
3283
1673
411
364
732
283
-625
-923
-298
360
310
37
105
329
-164
-1323
-2080
-1737
-808
-291
-225
118
976
1723
1750
1348
1080
904
350
-576
-1182
-984
-335
69
133
299
740
1043
917
529
265
154
-73
-361
-351
150
768
1047
1002
949
985
901
584
218
44
63
123
180
337
669
972
997
740
376
76
-173
-401
-535
-569
-455
-280
-116
-41
-59
-184
-514
-912
-1293
-1543
-1652
-1731
-1798
-1903
-2005
-2115
-2393
-2680
-2742
-2027
-346
1600
2816
2601
1994
2122
2837
2736
1171
-487
-1035
-739
-920
-1788
-1842
-539
772
282
-1278
-1955
-1137
-402
-929
-1717
-1428
-49
900
1000
1192
2160
3035
2437
913
-36
208
638
297
-313
-299
380
721
271
-270
-268
-88
-589
-1535
-1924
-1318
-349
173
399
805
1357
1507
1040
488
234
103
-312
-833
-893
-411
177
459
612
793
878
658
215
-48
-26
97
61
39
312
805
1137
1109
927
731
531
260
3
-74
102
360
532
627
751
874
824
629
334
45
-192
-339
-350
-239
-69
69
67
-41
-217
-455
-750
-1034
-1285
-1443
-1507
-1485
-1505
-1608
-1787
-2043
-2501
-2987
-3098
-2438
-635
1481
2939
2861
2201
2227
2735
2618
1037
-616
-1143
-699
-677
-1509
-1594
-284
1161
752
-992
-2017
-1513
-729
-1016
-1674
-1355
63
1202
1299
1315
1994
2728
2183
647
-354
-196
433
467
183
344
1016
1313
676
-199
-543
-483
-789
-1544
-1858
-1224
-58
676
861
1042
1377
1392
685
-162
-538
-403
-356
-553
-469
159
910
1184
1016
826
706
389
-202
-609
-508
-64
339
546
813
1158
1327
1099
680
367
188
45
-105
-7
371
810
1026
985
884
751
512
156
-124
-209
-177
-78
34
208
371
416
276
-60
-459
-870
-1144
-1266
-1285
-1251
-1191
-1160
-1247
-1473
-1876
-2369
-2933
-3232
-2998
-1698
436
2412
3159
2595
2131
2325
2492
1447
-329
-1173
-733
-103
-510
-1100
-491
1007
1464
24
-1737
-2176
-1525
-1235
-1606
-1511
-349
1088
1562
1342
1480
2085
2032
831
-424
-599
139
670
630
698
1228
1671
1251
111
-791
-1005
-965
-1217
-1451
-1073
-107
771
1051
1029
993
892
357
-471
-954
-828
-400
-123
108
591
1203
1403
1012
479
165
12
-268
-577
-527
-28
607
908
931
909
862
613
99
-271
-303
-70
184
432
783
1119
1252
1080
718
377
89
-187
-406
-404
-102
267
446
435
353
266
67
-269
-688
-1009
-1129
-1110
-1053
-1056
-1089
-1182
-1372
-1750
-2223
-2857
-3318
-3254
-2441
-704
1247
2677
2781
2139
1778
1815
1522
266
-905
-932
-51
440
-26
-354
352
1286
890
-821
-2171
-2157
-1491
-1331
-1396
-796
519
1487
1377
935
984
1324
968
-57
-579
-20
937
1312
1164
1194
1545
1554
668
-590
-1257
-1140
-838
-749
-608
-76
606
963
866
517
228
-72
-437
-750
-704
-302
134
488
788
1055
1092
764
261
-114
-211
-133
-57
89
370
765
1005
966
726
434
120
-202
-421
-410
-133
239
585
862
1081
1148
942
608
345
208
102
-17
-12
172
437
543
389
141
-59
-194
-385
-609
-736
-739
-672
-670
-778
-1056
-1361
-1630
-1901
-2252
-2786
-3200
-3108
-2265
-484
1404
2602
2488
1667
1294
1272
1056
-11
-870
-574
491
986
416
-32
441
1084
542
-1024
-2120
-1918
-1168
-934
-963
-455
623
1319
995
417
348
634
423
-258
-397
412
1455
1775
1437
1196
1320
1233
447
-584
-1053
-781
-341
-135
-8
301
692
760
403
-151
-535
-708
-728
-617
-320
167
586
839
974
1013
866
471
5
-227
-207
-28
149
375
678
944
976
738
416
141
-29
-177
-244
-199
-5
249
459
640
710
655
516
351
259
269
317
378
420
473
475
379
185
-62
-247
-360
-415
-509
-557
-576
-569
-654
-890
-1282
-1675
-2019
-2313
-2684
-3104
-3085
-2471
-896
857
2080
2116
1424
1008
972
809
-67
-799
-559
533
1225
934
348
431
800
406
-893
-1881
-1777
-1040
-708
-735
-438
285
844
600
68
-111
100
55
-316
-355
357
1302
1693
1460
1184
1137
986
389
-408
-768
-494
24
340
434
525
632
573
237
-251
-634
-801
-754
-662
-508
-231
143
450
603
616
558
417
197
63
81
254
424
503
556
616
656
558
356
172
71
51
25
5
-9
31
89
120
118
132
186
202
219
246
289
330
346
370
390
379
280
100
-61
-157
-207
-279
-421
-566
-709
-815
-955
-1185
-1491
-1818
-2113
-2467
-2854
-3002
-2543
-1288
289
1458
1615
1088
753
874
880
241
-518
-465
443
1142
954
443
473
853
567
-552
-1479
-1360
-620
-330
-575
-593
-14
500
287
-248
-348
41
177
-218
-433
169
1158
1549
1198
808
880
1026
695
58
-267
-24
356
427
310
391
668
696
281
-232
-368
-233
-216
-381
-456
-251
11
103
29
107
269
345
238
119
247
463
620
629
603
598
594
508
404
335
342
344
304
256
222
213
158
53
-59
-131
-114
-35
-8
2
29
124
203
225
217
221
261
229
129
36
-31
-111
-289
-507
-703
-838
-988
-1214
-1486
-1752
-1989
-2253
-2482
-2440
-1765
-522
648
971
545
121
302
602
397
-195
-265
465
1218
1212
681
522
758
656
-163
-951
-889
-212
125
-182
-476
-177
281
162
-449
-715
-374
43
-32
-286
-42
699
1200
989
514
397
615
701
470
241
323
594
706
604
514
556
555
287
-92
-256
-103
123
162
101
116
227
211
-2
-219
-257
-152
-91
-67
44
296
523
602
563
499
459
406
355
333
385
464
486
457
420
392
316
193
61
-6
-25
-50
-91
-160
-197
-224
-225
-217
-211
-177
-102
2
56
57
56
52
-14
-190
-398
-562
-704
-918
-1179
-1422
-1581
-1680
-1789
-1688
-1319
-604
3
241
-36
-454
-528
-334
-144
-249
-318
-66
460
821
902
807
688
428
-2
-324
-245
128
373
241
40
50
197
136
-210
-468
-423
-181
-71
-154
-154
114
449
532
345
161
143
219
249
238
228
293
325
369
454
561
557
362
146
64
156
253
271
243
236
269
250
176
52
-59
-126
-127
-68
14
93
168
236
284
295
269
231
226
254
289
264
188
143
172
231
254
233
210
196
196
209
190
133
29
-55
-75
-67
-76
-86
-62
-7
42
47
51
40
8
-60
-156
-232
-327
-470
-646
-826
-941
-1005
-988
-889
-692
-510
-591
-918
-1224
-1093
-686
-371
-482
-778
-801
-440
13
204
103
-44
-71
99
326
509
539
439
351
328
394
346
224
107
135
281
354
280
143
178
356
432
297
59
8
190
438
550
504
392
337
370
440
424
296
180
188
313
427
447
427
404
435
472
444
339
192
120
165
248
225
120
64
124
225
230
128
14
9
110
240
288
244
167
128
149
136
79
-34
-93
-31
88
176
193
167
146
134
77
-26
-140
-203
-209
-180
-160
-151
-152
-180
-206
-280
-414
-617
-825
-916
-862
-698
-542
-400
-416
-580
-857
-973
-821
-518
-429
-621
-760
-549
-112
149
19
-262
-392
-265
-113
-47
12
134
353
495
571
551
511
425
312
246
259
280
247
226
324
456
507
342
96
-30
40
206
220
133
94
235
459
588
515
375
320
365
426
429
364
273
251
288
333
311
213
127
129
202
264
248
195
163
203
237
198
85
-12
6
80
159
147
127
150
205
263
249
203
147
126
105
73
51
16
-49
-96
-99
-58
-42
-85
-140
-145
-111
-158
-271
-395
-459
-477
-585
-712
-804
-803
-791
-774
-720
-580
-394
-383
-536
-796
-884
-731
-480
-389
-526
-636
-559
-270
-69
-109
-246
-299
-190
-27
121
200
199
183
149
162
193
190
172
203
317
429
493
498
500
502
470
388
199
63
52
179
346
409
354
215
157
189
208
124
-29
-39
104
316
408
389
388
450
491
391
243
154
178
254
293
264
218
210
219
195
150
96
48
28
58
134
220
235
185
124
101
125
117
75
62
140
232
272
235
189
181
136
49
-83
-201
-271
-296
-322
-356
-366
-391
-430
-518
-604
-704
-836
-964
-1043
-961
-799
-631
-581
-618
-677
-779
-760
-586
-327
-205
-282
-385
-277
50
269
222
-24
-184
-91
86
221
218
203
241
312
370
347
295
223
196
200
197
211
226
306
426
548
588
491
414
351
389
394
323
238
176
221
301
354
343
273
218
161
140
107
65
49
52
117
155
201
199
209
246
253
253
219
205
222
242
239
214
213
234
269
296
284
242
184
160
179
180
178
150
119
114
116
113
102
98
103
98
80
70
75
61
-2
-95
-168
-257
-377
-533
-665
-790
-891
-974
-949
-817
-702
-673
-719
-728
-752
-797
-828
-723
-545
-441
-462
-478
-325
-120
-29
-80
-162
-85
46
202
329
398
427
384
367
355
375
369
348
359
394
455
477
453
470
485
456
313
178
155
238
358
421
441
440
453
486
501
457
353
239
202
241
293
287
246
225
243
205
125
44
-13
-16
-24
-73
-124
-111
-51
6
25
32
59
98
144
213
281
300
271
196
140
150
176
166
130
113
152
207
216
169
101
69
37
-15
-90
-173
-250
-295
-330
-390
-454
-546
-625
-693
-705
-661
-592
-547
-608
-672
-697
-729
-827
-925
-864
-659
-528
-544
-591
-472
-280
-161
-224
-335
-306
-195
-45
60
143
173
121
92
122
196
226
202
236
318
430
461
420
400
413
474
463
400
383
445
544
607
590
485
386
337
329
342
321
290
286
328
376
413
388
332
288
240
207
173
132
120
128
147
132
76
27
-9
-16
-31
-54
-95
-109
-79
-50
-55
-111
-160
-179
-139
-89
-54
-16
36
129
181
172
146
104
66
-3
-58
-131
-179
-202
-221
-257
-325
-422
-564
-663
-725
-673
-590
-556
-645
-721
-675
-550
-530
-627
-669
-515
-322
-259
-313
-309
-198
-112
-137
-221
-226
-157
-58
11
79
117
113
65
96
154
184
143
117
176
288
365
333
264
237
258
270
291
321
345
397
462
492
452
376
347
375
415
414
427
493
571
609
570
488
404
331
261
226
214
221
227
237
267
288
244
157
95
85
91
79
62
51
77
106
110
76
54
41
28
-37
-94
-88
-39
-4
-52
-113
-152
-156
-180
-232
-295
-333
-356
-379
-429
-467
-499
-567
-670
-698
-580
-404
-374
-550
-670
-590
-381
-351
-490
-598
-480
-270
-185
-244
-269
-184
-81
-71
-73
-42
29
81
182
297
356
325
234
235
280
339
293
247
257
325
415
395
322
264
260
271
249
247
250
294
327
337
313
262
232
211
209
226
273
310
322
317
299
280
241
173
114
111
163
223
262
273
278
277
270
227
167
115
88
85
80
83
76
98
120
131
98
39
-3
-10
-10
-22
-51
-81
-90
-99
-99
-115
-145
-171
-215
-304
-404
-496
-571
-669
-803
-869
-764
-547
-448
-634
-840
-853
-593
-449
-574
-768
-768
-509
-304
-265
-303
-282
-163
-80
-29
8
27
60
103
215
232
144
37
65
216
306
277
192
221
333
405
395
320
273
250
278
356
420
419
365
380
430
451
377
286
289
332
354
305
251
251
288
331
292
223
148
144
168
195
173
90
35
6
40
57
44
-8
-47
-38
-38
-54
-93
-106
-75
-14
22
14
11
12
57
104
71
0
-72
-87
-74
-52
-67
-116
-159
-179
-193
-244
-397
-558
-662
-650
-536
-420
-397
-520
-625
-609
-430
-301
-360
-503
-550
-387
-207
-137
-177
-237
-211
-153
-86
-42
-44
-4
49
160
196
129
56
44
138
204
219
155
167
265
382
444
380
296
251
285
365
377
341
264
260
325
395
413
333
281
294
358
384
348
284
273
329
363
355
333
334
408
438
412
320
209
158
118
112
97
92
94
96
130
151
119
19
-81
-119
-127
-138
-176
-186
-174
-144
-119
-145
-182
-224
-254
-278
-312
-347
-373
-392
-414
-436
-488
-537
-545
-496
-428
-387
-434
-482
-467
-344
-248
-252
-315
-320
-223
-127
-63
-57
-50
-22
24
92
155
182
169
164
206
252
264
218
217
288
381
385
332
290
310
341
311
251
212
221
243
306
348
348
320
294
303
301
277
252
248
249
279
316
326
327
323
318
314
274
218
190
206
247
248
204
168
169
182
169
107
39
33
38
52
73
91
102
93
72
58
45
-7
-89
-171
-228
-251
-265
-300
-322
-329
-350
-379
-446
-539
-607
-629
-621
-599
-582
-593
-658
-705
-649
-516
-440
-472
-515
-471
-323
-196
-152
-189
-212
-177
-115
-46
-20
13
51
147
240
272
271
272
325
375
364
321
275
304
363
424
445
437
416
403
434
442
426
379
300
264
269
303
329
332
358
376
397
374
327
261
219
210
193
174
150
160
196
213
169
108
65
74
74
39
-12
-65
-91
-101
-102
-121
-160
-178
-178
-149
-120
-131
-153
-186
-188
-208
-256
-310
-351
-353
-357
-388
-475
-521
-517
-490
-426
-388
-342
-381
-392
-374
-306
-259
-283
-343
-355
-295
-208
-151
-132
-107
-70
-26
16
44
35
49
62
92
93
94
90
117
161
176
175
171
194
273
342
351
297
274
295
331
352
323
298
311
341
350
375
396
407
410
405
394
391
392
353
331
342
355
362
344
333
334
347
312
234
148
99
78
64
30
-6
-7
-8
5
-13
-48
-99
-138
-173
-189
-204
-220
-237
-264
-287
-301
-318
-336
-370
-413
-458
-506
-564
-576
-552
-483
-477
-549
-600
-581
-466
-380
-353
-367
-367
-304
-217
-123
-74
-75
-72
-50
46
85
114
132
195
273
286
268
260
295
328
350
345
321
309
305
342
375
372
346
294
296
342
385
377
305
259
261
311
334
308
274
281
301
301
285
260
262
259
257
242
221
200
198
200
196
169
117
62
30
26
17
4
-25
-47
-49
-18
-32
-57
-89
-118
-107
-116
-123
-140
-158
-166
-179
-182
-213
-264
-321
-357
-404
-429
-411
-362
-341
-386
-440
-462
-387
-312
-288
-323
-322
-282
-234
-204
-202
-205
-173
-140
-99
-87
-80
-62
-16
8
20
22
21
58
85
114
130
113
92
134
192
245
262
266
267
311
370
398
407
380
403
430
467
467
473
475
459
434
391
370
337
321
298
266
239
206
203
199
195
172
118
53
8
-29
-59
-70
-100
-146
-169
-165
-155
-170
-196
-222
-249
-265
-274
-293
-302
-316
-344
-368
-383
-380
-385
-403
-425
-440
-473
-487
-483
-409
-363
-399
-437
-444
-347
-254
-233
-236
-238
-189
-134
-80
-20
-11
-31
-46
-35
-6
12
18
16
24
40
57
73
74
76
78
85
75
80
108
150
197
210
206
191
209
231
245
248
220
183
171
178
221
273
266
242
228
225
228
214
192
199
191
188
203
205
211
212
204
191
157
138
143
153
186
179
168
147
113
68
28
-32
-85
-124
-155
-168
-181
-177
-199
-238
-259
-257
-260
-276
-303
-334
-345
-337
-359
-385
-399
-411
-406
-358
-316
-302
-322
-336
-304
-251
-213
-241
-287
-272
-232
-151
-127
-153
-162
-155
-93
-40
-15
-30
-48
-26
12
48
37
20
57
113
191
221
220
221
251
313
315
268
208
207
234
281
295
270
256
250
272
276
243
203
171
157
185
213
221
212
207
204
212
206
172
138
123
119
113
92
66
53
50
16
-12
-44
-77
-79
-67
-54
-70
-100
-124
-104
-94
-115
-144
-155
-128
-93
-76
-83
-95
-84
-82
-102
-123
-136
-133
-137
-169
-209
-216
-215
-215
-218
-217
-221
-238
-233
-207
-176
-147
-143
-153
-147
-133
-108
-99
-113
-123
-119
-97
-63
-51
-45
-44
-14
10
5
-15
-49
-60
-41
-31
-31
-38
-21
12
37
56
54
63
67
92
116
109
103
107
134
184
210
225
232
243
263
263
256
233
217
205
193
169
146
128
123
103
99
94
65
46
25
33
37
43
31
1
-20
-18
-15
-12
-37
-39
-35
-16
-27
-58
-79
-104
-120
-161
-192
-232
-244
-252
-249
-255
-278
-290
-303
-309
-305
-271
-250
-241
-221
-207
-175
-145
-126
-128
-132
-130
-102
-81
-61
-38
-25
-22
-22
-43
-56
-49
-54
-77
-83
-77
-56
-31
-39
-27
1
8
15
27
30
56
73
63
62
70
80
77
95
110
133
141
114
94
89
90
69
44
31
24
20
17
7
11
32
48
39
41
42
44
52
55
54
51
71
77
93
87
91
94
85
69
35
17
14
-9
-43
-72
-80
-84
-87
-87
-93
-70
-66
-67
-79
-84
-83
-82
-97
-125
-130
-127
-112
-102
-97
-100
-102
-108
-131
-148
-172
-193
-215
-230
-220
-220
-214
-208
-194
-189
-187
-152
-129
-96
-69
-49
-28
-5
23
22
31
41
43
58
41
52
77
96
104
91
94
89
79
55
38
30
25
17
-4
-4
4
36
42
54
61
64
80
87
95
64
73
80
89
89
89
89
82
80
66
52
33
12
-10
-38
-48
-56
-68
-78
-98
-96
-83
-67
-68
-63
-49
-21
-19
-21
-27
-12
9
27
29
22
20
16
24
30
10
-37
-79
-95
-87
-100
-129
-149
-140
-136
-114
-105
-111
-90
-88
-78
-74
-73
-71
-68
-53
-49
-27
-4
5
1
10
12
10
6
-16
-33
-35
-36
-33
-44
-65
-65
-54
-30
-20
-26
-22
-2
14
28
28
17
34
39
37
33
40
49
59
61
60
59
63
65
56
64
41
25
6
-2
-2
0
-15
-28
-10
9
11
3
14
17
25
16
17
24
39
49
66
68
64
64
42
30
-4
-14
-24
-43
-63
-74
-65
-81
-116
-133
-131
-129
-153
-158
-159
-158
-142
-141
-133
-126
-92
-79
-72
-75
-84
-83
-85
-86
-98
-84
-93
-112
-121
-121
-117
-129
-131
-123
-109
-85
-79
-70
-49
-30
-18
-31
-33
-25
-5
26
44
40
49
49
46
37
14
-13
-31
-48
-67
-80
-91
-91
-105
-119
-110
-118
-107
-101
-109
-108
-103
-94
-97
-99
-107
-90
-77
-79
-80
-69
-41
-11
2
5
16
25
35
19
2
-6
-25
-20
-26
-24
-13
-6
-4
-6
-2
6
7
-12
-14
-30
-29
-14
-20
-24
-18
-7
-20
-33
-54
-69
-73
-93
-134
-159
-161
-170
-165
-181
-195
-195
-183
-178
-178
-182
-175
-170
-171
-165
-145
-119
-86
-59
-40
-6
6
7
11
26
33
12
3
0
6
13
-1
-6
4
11
22
33
21
29
31
15
-3
-16
-23
-20
-5
-12
14
27
37
41
34
14
-2
2
-12
-14
-37
-45
-59
-77
-82
-90
-88
-79
-76
-78
-64
-53
-54
-39
-29
-16
-11
-13
-4
-6
-5
-16
-10
9
29
32
37
41
37
35
13
2
-16
-17
-19
-42
-46
-39
-32
-24
-27
-39
-41
-59
-75
-96
-101
-94
-91
-108
-121
-117
-107
-100
-119
-120
-120
-117
-119
-102
-85
-77
-64
-64
-54
-38
-25
-24
-13
5
23
34
40
22
39
62
66
68
58
76
81
101
112
107
87
80
82
79
77
58
46
40
38
33
38
27
27
35
46
38
24
17
11
25
21
22
10
11
16
15
23
14
3
-6
-2
-1
9
5
-1
-16
-20
-28
-39
-44
-55
-72
-74
-62
-77
-81
-70
-55
-59
-58
-55
-64
-74
-82
-78
-78
-84
-80
-78
-79
-83
-98
-95
-91
-90
-92
-116
-110
-110
-102
-99
-96
-94
-83
-61
-48
-48
-44
-29
-40
-39
-39
-52
-33
-12
-15
-15
-27
-25
-16
-9
-15
-22
-27
-23
-7
-15
-15
-1
4
-1
-16
-23
-20
-6
8
9
3
19
32
31
22
0
-9
-4
0
-15
-4
9
23
23
18
9
3
1
-1
-20
-17
-21
-11
-11
-26
-16
-27
-12
-33
-33
-32
-30
-20
-39
-39
-53
-52
-67
-97
-108
-116
-115
-116
-126
-125
-124
-124
-113
-124
-130
-127
-123
-126
-135
-140
-146
-129
-120
-116
-117
-109
-93
-86
-78
-86
-92
-86
-82
-75
-73
-80
-54
-43
-35
-17
-24
-9
-13
-16
3
1
16
18
19
28
32
40
35
31
30
34
30
16
16
16
8
5
-12
-14
-17
-31
-31
-23
-15
-13
-12
-9
-1
0
9
15
7
5
14
13
21
27
36
42
44
40
22
22
4
-5
-25
-31
-28
-41
-30
-40
-52
-55
-67
-68
-59
-58
-62
-47
-40
-39
-39
-49
-41
-41
-49
-55
-62
-65
-48
-44
-33
-35
-33
-36
-55
-69
-79
-90
-90
-101
-103
-95
-90
-73
-62
-49
-49
-51
-44
-48
-51
-35
-40
-32
-27
-2
11
0
2
-20
-28
-22
-31
-32
-33
-33
-26
-9
-5
-8
-6
1
15
16
17
31
61
71
74
76
67
77
77
75
80
81
81
82
80
81
74
55
42
36
31
31
21
25
24
28
18
7
9
10
20
6
7
8
8
7
5
11
4
9
-8
-18
-17
-20
-20
-27
-27
-38
-38
-44
-39
-53
-60
-57
-68
-55
-58
-62
-55
-41
-38
-26
-9
-3
10
5
1
-5
-8
-8
-15
-15
-26
-34
-25
-24
-18
-10
-17
-21
-37
-48
-61
-64
-64
-61
-68
-69
-64
-56
-34
-41
-42
-33
-19
-20
-18
-12
-3
-9
-11
-23
-34
-34
-40
-53
-57
-58
-46
-51
-48
-47
-35
-21
-23
-22
-27
-14
-2
6
5
24
56
60
68
72
65
63
56
52
48
58
48
47
31
24
22
9
0
-15
-11
-12
-16
-26
-24
-29
-27
-34
-33
-26
-28
-22
-26
-11
2
-8
-24
-41
-40
-37
-51
-76
-75
-64
-50
-44
-65
-68
-74
-73
-83
-83
-88
-93
-90
-94
-79
-70
-33
-35
-22
5
16
43
42
53
47
46
42
43
25
11
18
14
17
6
9
6
1
-7
-21
-40
-47
-51
-45
-46
-39
-44
-39
-17
-3
6
23
35
30
37
32
21
14
13
20
5
-13
-5
4
-4
-19
-13
-2
-2
8
10
25
23
36
39
44
64
81
91
87
105
97
102
101
93
101
86
78
70
63
44
13
-2
2
-3
-20
-34
-45
-45
-42
-41
-68
-63
-72
-62
-55
-49
-35
-29
-15
-10
-12
-14
-12
-13
-20
-38
-31
-41
-28
-24
-34
-17
-26
-25
-27
-36
-20
-24
-29
-28
-28
-16
-6
7
21
48
69
92
95
100
91
86
91
85
87
84
72
62
59
55
48
36
33
36
39
38
24
19
37
33
32
31
36
52
70
73
75
82
99
99
115
120
121
117
91
83
65
54
63
58
39
38
38
33
24
11
4
12
7
5
2
18
33
35
34
40
46
30
28
28
30
26
15
13
1
-3
-14
-33
-42
-54
-55
-55
-51
-55
-47
-39
-37
-30
-22
-18
-18
-10
-11
5
18
26
47
63
68
72
62
54
47
34
30
32
16
14
13
14
17
8
3
-2
4
-14
-13
-16
-9
4
12
18
24
45
55
65
69
74
67
71
68
72
76
77
64
60
53
49
46
32
31
32
27
24
26
16
12
14
16
16
16
12
9
3
13
27
25
33
27
17
22
4
-13
-22
-30
-35
-55
-75
-80
-86
-94
-94
-109
-120
-117
-118
-111
-107
-86
-76
-64
-53
-49
-37
-22
-11
-2
6
16
24
24
31
37
35
30
33
29
21
4
16
14
22
30
32
32
46
55
49
64
58
63
64
63
72
80
79
70
68
54
44
45
16
18
15
13
21
4
-4
-22
-15
-23
-33
-35
-21
-10
-22
-11
0
8
23
21
32
31
38
50
42
53
65
68
50
59
38
44
53
33
23
21
20
10
10
8
4
16
-5
-7
-3
-13
-16
-30
-15
-18
-13
-4
-5
7
6
8
-3
-21
-13
-26
-38
-48
-47
-45
-54
-55
-59
-57
-59
-65
-63
-44
-34
-18
-12
4
26
37
59
64
71
74
84
92
92
102
113
116
119
114
100
99
89
87
93
82
76
80
79
80
81
73
76
78
81
90
90
90
97
89
88
67
48
41
26
29
7
6
-2
0
1
-23
-29
-37
-38
-44
-52
-55
-51
-49
-43
-29
-20
-11
-7
15
34
30
32
34
40
45
51
47
37
56
68
61
57
51
54
60
42
34
49
42
34
28
29
38
36
35
31
26
15
24
19
8
20
27
26
23
24
29
37
25
17
9
8
-5
-4
-7
-19
-20
-22
-16
-21
-17
-20
-2
11
13
34
41
48
49
49
69
65
61
64
66
66
76
76
52
48
40
33
39
28
16
4
-6
-6
-12
-11
-3
-8
-8
-9
0
10
-3
-12
-12
-7
-27
-27
-28
-42
-51
-63
-70
-81
-94
-105
-110
-99
-96
-114
-106
-96
-97
-101
-91
-91
-95
-89
-85
-72
-56
-47
-36
-26
-10
-3
-9
0
-15
-14
-17
-14
-15
-16
-9
-20
-17
-12
-19
-22
-33
-31
-43
-46
-46
-50
-41
-44
-37
-32
-31
-32
-31
-36
-33
-28
-29
-29
-15
-5
-6
-7
-16
-23
-30
-25
-33
-47
-52
-57
-65
-60
-64
-70
-61
-70
-53
-39
-37
-31
-22
-12
-3
6
-3
0
5
13
18
10
10
9
9
15
13
8
4
-4
-1
-12
-20
-21
-14
-3
-11
-2
0
-10
-15
-4
-16
-21
-20
-23
-22
-23
-14
-14
-21
-33
-47
-41
-53
-64
-80
-82
-79
-78
-69
-77
-63
-57
-60
-54
-58
-55
-47
-46
-33
-26
-18
-4
14
15
12
16
12
24
31
29
26
29
36
31
26
24
16
10
8
13
20
18
12
18
18
14
7
10
11
11
15
20
16
24
25
23
22
24
32
16
14
6
6
11
7
6
1
-5
2
0
0
-1
-11
-4
-4
-2
6
22
19
29
35
38
53
57
64
57
54
56
57
45
37
24
31
37
23
21
13
14
14
13
20
21
17
9
24
16
22
13
3
5
-4
-4
-17
-7
-6
-7
-2
-8
-11
-28
-36
-42
-48
-47
-54
-63
-63
-58
-51
-43
-44
-28
-24
-19
-27
-34
-13
-17
-8
-5
-16
-5
2
4
6
19
24
29
30
31
33
24
24
23
23
17
26
29
38
27
23
33
30
25
13
14
11
-1
4
12
16
27
19
20
15
10
9
-4
-14
-17
-21
-25
-28
-27
-31
-33
-49
-48
-54
-66
-68
-74
-73
-74
-71
-66
-72
-66
-57
-62
-58
-57
-45
-44
-41
-37
-37
-48
-50
-62
-57
-62
-62
-57
-54
-49
-56
-49
-43
-45
-52
-35
-34
-30
-25
-29
-22
-25
-24
-21
-32
-34
-41
-42
-37
-39
-41
-49
-57
-61
-69
-74
-80
-85
-74
-76
-78
-60
-65
-55
-45
-52
-35
-39
-42
-45
-44
-42
-32
-32
-22
-21
-11
3
5
16
16
21
26
4
9
22
16
15
13
19
27
21
22
20
12
7
-7
-5
-18
-21
-13
-8
-14
-27
-19
-16
-21
-25
-34
-34
-37
-43
-45
-57
-50
-54
-63
-72
-77
-78
-79
-77
-91
-92
-96
-87
-83
-89
-85
-77
-79
-71
-56
-45
-43
-46
-37
-25
-25
-21
-9
-7
-13
-19
-8
-7
-17
-22
-18
-18
-16
-7
-16
-9
-6
-2
9
11
18
