SAMPLES:	15511
BITSPERSAMPLE:	16
CHANNELS:	1
SAMPLERATE:	16000
NORMALIZED:	FALSE
140
151
142
153
142
141
138
144
141
144
143
135
140
135
139
136
135
131
131
132
121
118
131
123
120
125
115
112
107
101
103
103
112
99
106
113
110
98
102
98
105
109
103
101
93
88
83
100
85
83
80
72
73
71
74
72
66
69
48
43
51
34
28
24
31
35
25
20
15
6
-1
-15
-26
-10
-25
-29
-30
-34
-40
-47
-41
-49
-57
-50
-52
-56
-59
-57
-52
-67
-80
-75
-62
-62
-80
-85
-88
-88
-89
-93
-101
-97
-97
-111
-110
-112
-119
-112
-127
-135
-130
-137
-145
-149
-160
-153
-153
-158
-164
-168
-166
-169
-168
-184
-176
-175
-166
-167
-177
-183
-187
-178
-187
-182
-190
-182
-196
-192
-178
-180
-178
-190
-184
-189
-196
-194
-180
-181
-191
-194
-194
-195
-197
-202
-208
-198
-203
-200
-202
-201
-198
-206
-201
-209
-202
-198
-200
-193
-201
-204
-204
-195
-199
-206
-203
-187
-174
-190
-187
-187
-175
-182
-177
-181
-187
-179
-181
-181
-174
-173
-172
-166
-157
-158
-172
-159
-154
-167
-166
-161
-151
-166
-156
-148
-152
-283
-230
-62
-120
-218
-190
-60
-70
-216
-190
-41
-79
-185
-171
-83
-45
-83
-143
-94
-38
-66
-97
-127
-82
-42
-61
-87
-79
-40
-39
-70
-78
-60
-34
-52
-89
-66
-51
-24
-28
-49
-34
-5
5
-18
-19
0
-6
-1
16
14
8
14
15
25
42
39
38
19
36
48
36
21
25
47
58
52
34
36
46
61
56
50
57
56
58
40
64
71
51
59
67
76
72
71
68
73
89
77
74
77
84
91
94
93
76
86
98
82
66
76
93
101
93
101
102
100
103
105
101
94
90
86
86
103
94
92
99
99
91
96
92
93
96
91
90
80
86
94
95
88
92
96
88
91
80
81
77
73
74
77
85
77
81
75
75
73
74
69
60
60
57
65
63
59
62
52
51
51
39
37
31
33
37
23
22
24
32
14
14
9
13
13
8
1
-8
-2
-18
-10
-9
-21
-25
-21
-32
-32
-46
-55
-47
-66
-60
-59
-58
-57
-54
-66
-81
-85
-85
-88
-97
-104
-99
-99
-105
-104
-109
-112
-113
-121
-122
-120
-121
-125
-138
-145
-148
-143
-156
-159
-162
-165
-171
-159
-165
-173
-171
-174
-164
-177
-182
-182
-193
-193
-183
-205
-194
-191
-195
-192
-216
-214
-184
-189
-221
-203
-218
-193
-192
-200
-205
-228
-208
-201
-211
-232
-211
-200
-202
-223
-215
-208
-234
-215
-228
-242
-240
-234
-227
-231
-232
-232
-219
-232
-224
-233
-236
-233
-231
-234
-234
-231
-222
-229
-232
-209
-213
-209
-220
-215
-209
-216
-218
-213
-213
-225
-207
-212
-209
-207
-217
-212
-209
-206
-204
-209
-205
-197
-206
-192
-204
-205
-190
-195
-193
-188
-185
-190
-193
-182
-185
-177
-168
-178
-183
-176
-170
-159
-159
-166
-157
-156
-146
-144
-144
-133
-133
-129
-126
-121
-117
-117
-117
-110
-104
-101
-95
-96
-96
-88
-73
-79
-82
-68
-67
-67
-65
-58
-53
-49
-44
-42
-36
-40
-38
-37
-29
-23
-18
-20
-19
-6
-10
-7
-1
-1
6
15
12
14
12
22
19
18
20
22
29
27
37
26
36
32
26
33
46
37
40
41
47
54
58
62
62
57
57
64
62
63
70
75
88
90
87
89
95
96
95
93
86
98
101
98
92
92
84
93
91
90
93
93
95
87
85
90
86
98
96
94
108
105
104
98
104
97
88
105
112
112
107
103
102
110
103
108
100
105
120
120
107
108
117
117
112
105
107
97
98
103
98
105
107
99
104
102
97
85
87
87
90
85
80
86
91
91
86
80
83
86
77
73
65
66
60
59
55
52
47
39
41
40
36
24
22
13
0
17
5
-8
-1
-10
-11
-27
-19
-30
-40
-31
-43
-49
-58
-58
-63
-62
-75
-76
-85
-87
-85
-91
-93
-105
-99
-105
-109
-115
-113
-114
-121
-122
-128
-128
-139
-145
-145
-141
-134
-142
-141
-137
-149
-144
-153
-152
-159
-157
-163
-166
-157
-168
-174
-178
-167
-164
-173
-174
-183
-175
-174
-175
-175
-184
-183
-190
-184
-193
-188
-181
-191
-190
-191
-194
-189
-192
-197
-195
-198
-195
-192
-195
-202
-195
-202
-206
-202
-198
-202
-195
-200
-201
-195
-203
-193
-196
-196
-201
-201
-204
-203
-195
-202
-202
-194
-201
-200
-193
-188
-191
-197
-186
-194
-185
-184
-191
-191
-184
-188
-179
-183
-179
-163
-178
-180
-165
-164
-153
-147
-156
-149
-150
-153
-148
-142
-138
-135
-143
-131
-125
-131
-128
-122
-116
-113
-115
-111
-114
-106
-104
-96
-95
-90
-92
-94
-80
-80
-85
-76
-70
-69
-62
-65
-59
-63
-55
-50
-43
-33
-32
-31
-24
-22
-14
-8
-6
-2
9
6
6
23
18
15
19
35
17
25
37
33
34
38
52
43
49
48
47
58
64
57
54
55
64
68
62
73
66
73
80
81
85
83
91
89
94
90
97
102
105
107
107
114
116
111
115
116
126
127
132
126
124
137
133
129
141
133
139
135
138
139
138
139
128
145
130
141
150
142
144
151
153
151
149
145
140
142
152
153
147
150
156
152
148
146
145
138
143
142
136
153
155
143
147
149
141
136
143
138
134
138
136
136
132
124
130
137
127
133
128
125
134
122
123
116
114
114
111
109
108
103
109
108
105
109
104
110
101
99
88
82
89
83
78
75
66
56
53
47
44
37
51
46
41
41
43
34
24
19
17
13
6
1
0
9
-6
-11
-3
-20
-26
-35
-33
-31
-48
-49
-43
-51
-57
-56
-58
-60
-63
-70
-72
-76
-72
-75
-83
-72
-84
-76
-83
-93
-93
-88
-92
-100
-96
-95
-98
-95
-99
-96
-102
-115
-103
-121
-120
-127
-127
-125
-128
-125
-135
-135
-137
-129
-132
-138
-143
-141
-138
-140
-144
-151
-141
-150
-145
-151
-151
-146
-152
-148
-150
-155
-155
-155
-153
-151
-154
-148
-147
-150
-145
-147
-153
-148
-148
-145
-148
-148
-145
-148
-149
-149
-137
-146
-147
-146
-142
-149
-152
-142
-149
-147
-142
-151
-143
-143
-156
-145
-136
-131
-133
-135
-128
-122
-126
-133
-125
-127
-122
-112
-112
-106
-112
-113
-110
-106
-109
-95
-91
-97
-89
-89
-83
-76
-75
-68
-72
-74
-69
-60
-63
-73
-60
-55
-47
-50
-36
-34
-31
-26
-31
-24
-19
-15
-15
-4
-3
3
9
4
11
13
15
22
23
34
34
35
39
43
37
43
50
51
50
53
52
60
76
59
67
68
74
81
78
80
72
77
88
94
92
100
101
101
116
111
115
117
119
121
121
118
118
126
128
120
124
129
121
124
120
123
129
129
134
141
141
139
136
146
151
149
151
157
157
152
146
136
155
158
163
166
161
159
155
158
160
160
164
168
174
174
176
169
175
170
175
188
182
175
175
179
174
179
174
175
174
176
167
163
165
162
166
161
157
164
163
152
156
157
152
144
156
163
156
153
152
157
164
149
147
147
144
145
138
133
141
126
120
126
116
116
119
115
114
115
98
88
92
90
84
79
70
76
70
67
68
54
61
56
46
48
45
47
36
31
38
32
25
21
15
14
19
3
-8
-16
-8
-10
-16
-15
-19
-27
-36
-27
-34
-44
-48
-53
-53
-55
-67
-63
-69
-77
-83
-79
-74
-93
-92
-94
-97
-102
-100
-114
-110
-114
-117
-106
-119
-118
-117
-116
-120
-123
-124
-124
-122
-127
-124
-127
-129
-126
-117
-120
-123
-131
-131
-126
-129
-134
-136
-140
-135
-128
-132
-128
-133
-130
-134
-141
-142
-133
-141
-138
-130
-148
-140
-143
-132
-139
-146
-137
-126
-125
-135
-127
-119
-121
-127
-123
-123
-118
-113
-122
-127
-123
-124
-121
-127
-115
-119
-116
-107
-113
-121
-120
-115
-120
-111
-112
-104
-106
-106
-103
-110
-98
-107
-93
-96
-95
-89
-99
-95
-99
-89
-81
-89
-86
-87
-84
-78
-76
-74
-68
-65
-63
-57
-59
-53
-47
-51
-56
-43
-42
-42
-44
-34
-30
-17
-18
-23
-22
-21
-13
-8
8
-4
7
8
9
21
17
25
29
36
38
38
40
36
48
57
57
58
64
69
68
62
70
70
75
66
71
90
83
89
92
92
100
114
104
119
116
111
117
124
121
125
134
129
133
135
143
142
144
145
157
152
141
156
153
157
154
152
161
161
167
166
165
175
170
173
165
174
167
174
173
162
172
176
173
176
176
170
171
174
179
173
176
178
177
180
181
183
178
184
182
182
176
179
183
185
173
173
185
186
176
184
176
177
187
183
185
187
188
190
184
177
183
176
171
174
167
170
168
166
170
162
155
146
148
156
156
156
146
140
143
141
133
135
123
127
128
112
109
117
110
108
104
87
93
91
91
89
90
76
79
76
63
64
63
61
48
42
40
39
40
33
31
30
29
28
23
18
13
6
2
0
-8
-11
-10
-24
-29
-28
-27
-37
-36
-35
-44
-52
-55
-50
-60
-58
-62
-72
-73
-75
-83
-79
-94
-87
-86
-92
-92
-102
-95
-96
-99
-104
-100
-106
-113
-108
-110
-117
-108
-109
-113
-119
-131
-120
-124
-132
-128
-134
-133
-136
-134
-138
-142
-133
-133
-132
-131
-131
-136
-140
-142
-140
-143
-146
-153
-144
-150
-155
-154
-166
-159
-156
-147
-150
-159
-151
-147
-159
-144
-146
-149
-147
-145
-156
-154
-144
-138
-140
-146
-146
-137
-138
-141
-135
-138
-135
-140
-142
-126
-128
-133
-127
-127
-125
-127
-129
-132
-121
-118
-120
-116
-114
-110
-114
-118
-113
-110
-112
-106
-104
-109
-104
-99
-98
-98
-102
-92
-90
-85
-93
-81
-79
-78
-67
-71
-69
-67
-66
-52
-62
-59
-44
-45
-38
-40
-32
-31
-38
-29
-15
-14
-9
-7
-13
-8
-3
5
13
16
16
21
21
34
43
42
50
50
53
46
57
66
63
52
58
74
68
76
72
84
80
83
88
94
92
98
106
94
101
100
111
106
102
102
110
114
113
120
112
115
116
112
121
121
120
125
129
131
131
137
135
130
131
135
146
143
135
143
138
145
151
145
147
154
149
147
164
162
160
161
152
161
162
166
168
166
179
174
173
173
177
171
168
170
177
169
165
169
163
163
174
174
171
166
161
168
171
172
164
168
173
171
172
171
170
175
172
169
163
160
169
154
152
150
154
154
150
148
150
142
137
134
126
127
129
127
129
118
116
107
106
107
95
107
98
112
111
104
92
89
96
83
79
78
76
76
79
63
52
62
59
53
44
47
38
34
26
21
27
22
15
17
18
9
9
9
0
-4
1
-4
-15
-10
-22
-26
-27
-24
-31
-35
-41
-51
-51
-59
-57
-58
-49
-56
-58
-63
-60
-64
-62
-64
-74
-78
-87
-90
-89
-95
-110
-99
-91
-102
-100
-105
-109
-113
-117
-107
-119
-116
-118
-122
-117
-120
-124
-125
-122
-116
-113
-117
-116
-127
-115
-121
-129
-119
-117
-115
-119
-121
-114
-124
-121
-121
-124
-126
-128
-126
-130
-129
-122
-131
-130
-130
-129
-125
-130
-125
-123
-124
-132
-126
-119
-122
-130
-127
-127
-124
-125
-120
-108
-116
-109
-111
-94
-94
-97
-92
-94
-96
-101
-88
-93
-89
-95
-93
-88
-92
-84
-86
-86
-81
-80
-81
-87
-80
-85
-75
-70
-68
-66
-64
-61
-68
-58
-54
-50
-46
-49
-35
-34
-27
-27
-23
-18
-17
-10
-12
0
2
7
3
4
12
18
21
24
21
27
35
40
43
50
52
38
41
52
57
57
55
71
65
80
79
75
90
83
93
93
90
96
106
101
109
110
113
117
118
120
115
120
126
132
135
137
137
144
146
149
146
144
140
142
149
156
156
151
156
156
148
144
155
161
159
166
166
163
172
171
183
182
171
178
175
180
172
172
180
171
189
188
180
187
181
186
187
180
193
188
189
180
181
189
183
189
187
190
190
193
182
190
196
189
183
181
174
184
190
185
186
174
181
173
172
179
169
166
170
160
161
162
166
159
165
161
148
162
143
144
143
129
141
147
134
136
143
132
130
132
118
122
117
105
104
98
102
96
85
78
69
72
73
77
65
59
63
53
59
50
47
39
44
40
29
30
30
26
18
18
12
16
6
-4
2
1
-4
-6
-9
-14
-21
-27
-30
-36
-44
-40
-45
-44
-53
-46
-51
-61
-46
-69
-70
-70
-67
-72
-71
-78
-76
-85
-87
-80
-95
-90
-91
-99
-96
-96
-104
-109
-106
-107
-112
-116
-110
-115
-107
-104
-112
-108
-115
-113
-121
-114
-125
-120
-130
-118
-124
-127
-122
-130
-133
-142
-134
-133
-137
-148
-151
-144
-142
-145
-148
-159
-152
-150
-138
-148
-152
-149
-148
-149
-152
-145
-143
-155
-145
-132
-136
-139
-138
-143
-140
-137
-139
-137
-142
-137
-133
-124
-124
-141
-132
-131
-129
-125
-133
-124
-127
-115
-105
-123
-120
-111
-110
-114
-113
-93
-101
-95
-87
-80
-78
-81
-76
-83
-66
-78
-73
-65
-58
-56
-66
-53
-48
-53
-37
-49
-42
-34
-36
-32
-33
-24
-26
-20
-12
-1
-13
-5
1
-4
-4
0
5
10
12
9
11
16
32
24
27
38
44
45
49
52
57
61
54
62
68
61
75
84
83
92
83
95
104
91
112
117
113
124
116
119
117
128
139
124
135
135
125
133
139
145
144
137
149
151
144
155
149
164
165
158
160
159
170
164
169
176
176
184
190
189
186
189
188
186
186
188
199
196
198
190
191
196
196
194
194
198
207
204
194
202
199
206
204
203
203
200
203
197
197
201
207
193
197
194
193
199
196
197
207
196
200
199
191
204
201
195
200
197
195
196
194
193
194
196
202
192
184
189
189
182
174
175
177
172
170
164
159
163
156
156
159
151
146
150
149
137
137
133
125
131
127
127
124
124
106
112
107
100
95
85
86
81
76
72
61
53
62
53
50
45
40
36
38
32
25
16
0
2
6
3
-5
-4
-6
-9
-8
-10
-20
-14
-24
-22
-22
-39
-41
-41
-42
-49
-52
-51
-48
-66
-69
-69
-70
-64
-71
-70
-70
-70
-73
-80
-82
-82
-90
-89
-89
-100
-100
-88
-99
-103
-107
-103
-98
-112
-113
-108
-106
-113
-114
-115
-116
-117
-115
-111
-115
-117
-119
-127
-125
-124
-119
-121
-123
-129
-124
-116
-116
-115
-123
-125
-126
-121
-126
-130
-126
-117
-124
-117
-125
-130
-127
-99
-40
-364
-39
111
-371
-139
19
-197
-158
-45
-187
-133
-86
-151
-120
-115
-129
-127
-115
-100
-142
-117
-95
-137
-112
-92
-119
-106
-104
-108
-111
-107
-73
-100
-109
-94
-107
-80
-82
-99
-83
-80
-78
-77
-83
-56
-54
-67
-52
-46
-51
-48
-38
-50
-13
-25
-22
-7
-27
-16
0
-11
-10
-6
6
4
12
25
19
24
28
24
28
46
43
50
45
60
54
44
53
42
57
62
57
68
72
64
78
88
84
84
85
86
97
97
102
101
100
104
113
109
94
104
110
120
116
118
117
128
133
119
122
133
130
125
136
132
139
148
138
148
150
147
152
153
157
162
161
156
169
159
163
177
169
165
174
165
176
177
179
179
184
177
182
187
175
179
173
175
181
188
178
179
172
179
188
183
180
170
172
180
180
168
178
179
182
186
176
176
176
173
169
161
161
171
158
158
149
159
165
147
150
152
152
150
154
141
125
136
135
132
127
137
134
126
118
122
116
118
129
118
98
95
119
124
84
82
103
98
84
65
69
81
80
56
57
59
45
67
71
40
2
14
58
50
5
-5
22
33
19
2
13
-5
-14
-4
-9
-18
-22
-6
-18
-52
-53
-8
1
-52
-65
-49
-42
-43
-59
-65
-74
-89
-84
-63
-81
-95
-95
-93
-56
-94
-102
-118
2
167
112
162
179
137
138
176
157
147
165
165
177
161
126
158
191
154
126
174
160
158
183
151
185
206
141
171
210
170
224
182
117
192
234
188
208
163
152
254
219
167
184
208
192
204
225
188
162
170
194
203
181
178
203
185
166
191
195
188
169
172
183
184
187
190
163
165
166
167
227
174
122
208
196
132
188
231
139
54
175
275
132
59
159
196
153
170
139
134
156
146
139
160
146
128
139
144
122
104
120
99
107
135
86
21
132
118
21
67
83
42
54
78
71
35
16
61
16
106
111
-59
3
69
24
49
-16
-16
134
-39
-91
130
22
-117
-59
53
-10
-83
62
-3
-102
3
-67
-123
79
39
-112
-69
10
-58
-84
-52
-44
-86
-97
-73
15
-61
-104
-73
17
161
106
157
174
132
133
170
151
142
160
160
171
156
121
154
186
149
122
168
155
153
178
146
180
200
137
167
204
164
219
177
112
188
229
182
202
158
145
249
214
162
179
202
187
200
221
184
157
165
188
199
177
173
199
179
160
186
190
182
164
167
178
179
180
185
159
160
161
161
221
168
117
204
192
127
182
225
134
49
170
270
127
54
154
190
147
166
134
130
150
141
134
155
141
123
134
140
116
99
116
95
102
129
81
15
127
114
16
62
77
37
50
74
65
29
12
55
11
101
107
-63
-2
64
18
45
-21
-21
130
-44
-96
125
17
-123
-65
48
-15
-88
57
-7
-108
-1
-73
-127
74
34
-117
-74
5
-62
-90
-55
-53
-87
-106
-74
4
-57
-119
-58
-66
-101
-81
-114
-100
-74
-97
-96
-83
-74
-99
-116
-149
-105
-59
-145
-140
-16
-120
-226
-205
-108
-9
-61
-199
-121
-78
-236
-82
-15
-195
-216
-107
-105
-115
-121
-190
-147
-57
-65
-145
-210
-96
-40
-166
-145
-144
-182
-28
-115
-250
-99
-99
-207
-79
54
-171
-302
-73
43
-124
-236
-172
-112
-55
-69
-142
-160
-52
-94
-178
-103
-65
-71
-96
-74
-99
-100
-132
-124
-130
-85
-98
-146
-39
-34
-79
-104
-168
-99
-19
-90
-129
-62
-33
-52
-158
-78
-21
-115
-88
-31
-27
-50
-138
-114
67
-59
-89
-24
-41
16
-14
-126
45
-23
-66
38
-14
-54
66
55
14
34
-15
67
17
-56
1
131
6
18
81
77
14
-29
121
33
-10
40
30
99
118
24
91
97
45
138
119
109
139
113
54
102
76
4
158
108
113
230
-44
82
292
45
43
326
141
41
223
137
106
187
119
103
230
125
92
225
225
150
145
133
223
189
97
229
150
123
242
159
194
303
70
78
343
183
79
183
218
224
153
191
149
166
239
191
134
202
262
166
149
192
315
183
112
289
189
89
226
225
186
176
110
248
178
147
265
144
124
203
251
179
209
135
132
267
301
143
143
316
274
253
363
194
103
188
172
78
181
201
81
228
198
110
112
94
151
82
95
211
174
39
-10
129
211
116
108
110
133
148
29
150
295
95
28
140
71
169
151
-89
-75
77
154
142
59
62
-39
-150
158
220
-78
-15
-4
-20
238
18
-296
-49
113
72
-49
-99
43
-81
-34
-5
-232
-4
82
-111
108
-4
-291
-27
112
-19
-68
-220
-62
130
-204
-146
134
-108
-152
-181
-139
119
-144
-199
-26
-51
34
-139
-116
-33
-357
-237
56
-3
-78
-135
-296
-40
57
-351
-291
104
-165
-232
-10
-209
-147
-41
-144
-129
-61
-182
-149
-68
-63
-146
-207
-84
-91
-104
-183
-244
-59
138
-32
-209
-133
-51
-207
-211
-6
-187
-251
-12
5
-58
-200
-300
-117
-32
-63
-118
-107
-110
-123
-82
-92
-105
-61
-153
-198
62
17
-227
-168
-20
-54
-139
-79
-79
-149
6
-13
-41
-135
47
-15
-238
106
15
-350
-95
137
-147
-61
-59
-94
40
-16
-67
36
131
-246
-121
92
-77
43
-4
-101
53
6
-148
61
80
33
-81
-10
357
38
-289
152
34
32
273
-67
-7
131
70
147
52
-62
148
81
-53
201
278
146
-139
-20
247
108
77
181
47
84
125
39
229
239
-40
104
209
122
254
100
5
275
156
53
268
300
175
118
218
213
123
173
217
342
253
-57
222
291
81
202
177
129
166
238
313
74
47
344
195
231
399
152
25
126
225
387
266
77
212
215
222
254
242
316
39
-60
437
349
68
141
225
183
80
157
422
278
128
158
142
193
260
254
212
204
124
121
156
272
276
316
269
106
166
237
77
154
237
192
277
31
180
396
77
194
355
64
18
164
162
281
109
95
266
221
218
229
188
389
210
-76
280
251
-30
202
84
26
218
107
78
169
143
22
177
262
84
-24
15
-6
36
123
144
-60
4
228
67
-72
39
223
149
-99
-47
28
166
128
-115
-25
172
-23
-190
122
-5
-65
-47
201
164
-147
-205
-119
-41
-34
133
65
36
72
-188
-96
2
61
68
-57
-56
-46
-2
-146
-130
-220
-111
58
-72
-57
-104
-168
-200
-299
-58
67
-193
-201
-81
8
-65
-127
-205
-112
33
-34
-51
-37
-75
-198
-20
-71
-257
-109
-47
-52
-125
-220
-174
-10
-184
-202
-38
-78
-185
-93
-132
-379
-113
81
-114
-156
-246
-15
5
-428
-139
179
-142
-80
-6
-285
-126
-104
-104
117
-124
-378
-157
-52
-134
-27
-16
-126
-180
-124
-149
-144
-8
-62
-190
-79
-65
-38
-130
-297
-12
86
-40
-130
-17
-159
-192
28
-293
-178
152
13
6
-82
-332
-47
116
-112
-95
-132
-110
-60
-116
-76
200
55
-257
-36
32
1
6
-74
95
125
-113
-237
36
148
55
-38
45
59
-68
77
-31
-118
24
236
239
-82
-296
151
244
-164
278
77
-113
163
197
63
66
93
121
117
-106
23
268
113
-144
49
525
334
-216
-18
362
55
-47
144
261
185
-135
186
455
87
-205
69
374
300
103
82
185
104
202
192
-118
194
292
101
190
273
251
-7
-47
324
424
63
-8
182
253
237
284
46
138
187
19
314
494
42
59
277
162
210
297
191
-26
371
417
9
199
93
-59
304
106
215
381
-17
-122
264
201
246
371
174
75
117
322
259
121
13
99
358
292
54
90
150
-11
241
389
267
18
33
284
279
230
151
103
40
76
273
181
21
88
81
-27
251
260
23
244
104
-61
-58
4
-6
129
254
-11
158
141
81
180
-61
258
308
-46
-117
110
45
-116
82
230
103
-227
-16
90
-141
84
240
253
141
-116
-268
29
-142
-63
393
-174
-183
-63
-282
192
132
-394
-28
125
-135
22
40
-61
-223
-168
2
-14
111
-153
-234
34
92
-316
-75
175
-192
-100
-71
17
-208
-220
22
-103
-150
-95
-264
-84
-3
-337
-66
-92
-13
163
-353
-269
-178
-148
192
-92
-312
-181
-121
-66
162
-257
-378
188
-98
-477
79
29
-385
-303
14
99
-124
-468
-299
133
-161
-206
-250
-144
-100
-47
-223
-440
-80
-67
-316
-201
175
-286
-447
118
32
-174
-86
-232
-325
40
-102
-205
222
-105
-177
80
-308
-253
3
-70
110
-68
-241
72
67
-72
-260
-374
-330
3
281
-26
-266
-138
-168
3
15
-328
-75
70
-73
-79
32
1
-154
-236
-105
-51
0
-13
-115
293
118
-241
-117
-63
251
72
-229
-6
-115
181
254
-101
-57
58
-88
-166
170
372
134
-57
218
-1
-169
115
155
124
-49
125
382
154
45
70
-102
62
257
96
-167
16
236
99
-98
323
153
-19
123
-211
337
338
-86
-79
181
153
28
14
335
371
-234
181
462
-299
-101
427
236
-218
91
615
428
74
-309
185
427
227
173
196
148
-111
240
326
40
8
105
347
321
33
128
411
213
-58
128
350
317
-26
-102
296
347
14
-125
437
324
115
368
86
-6
528
442
265
264
-101
78
127
-116
495
428
-113
160
339
86
194
185
104
261
-76
442
570
48
223
-76
-264
261
349
107
223
114
147
164
221
422
-3
-145
139
166
136
413
109
-195
16
210
491
163
-317
277
442
-93
5
116
172
210
40
0
130
73
8
240
-140
82
220
-136
429
202
-589
162
542
-180
-345
77
280
140
-393
-245
177
225
430
29
-286
-27
112
-41
-31
-90
-143
-107
-60
130
-68
-217
-147
54
-48
-78
-149
-230
119
-138
-187
232
142
-210
-299
-240
38
-113
-431
324
476
-396
-451
-84
266
166
-309
-101
-112
-555
-37
155
-400
-446
-77
-75
-272
-216
-170
12
-66
-136
-63
-158
-164
-52
117
-350
8
117
-246
-117
-283
-272
-107
-246
-118
-43
-388
-330
-109
-83
155
-541
-675
483
-139
-331
-172
-24
-176
-143
-369
-82
-82
-273
-16
-191
65
-202
-303
17
35
-360
-282
-138
88
-48
-4
73
-595
-54
-6
-739
122
201
-423
-155
-52
-80
156
-651
-441
390
-112
-302
-183
17
-4
-220
-145
446
-248
-611
-85
-6
-174
-294
-248
155
-23
-238
-223
-22
91
-57
32
28
164
-30
-109
-169
-104
-26
-80
-214
60
175
-79
83
-48
-34
36
-133
-220
-12
42
130
169
191
-97
-308
178
243
-191
57
286
214
603
90
-393
-69
86
72
-47
36
304
151
-123
24
94
192
-64
-29
418
286
-185
-90
219
162
83
74
120
107
-158
98
436
88
19
85
185
233
109
-42
82
185
292
327
206
141
-97
1
124
273
333
116
-47
151
134
99
219
26
112
53
127
402
315
-73
55
120
-55
298
423
-77
-63
277
313
519
-48
-296
310
307
268
309
51
26
429
397
199
-43
-129
101
246
200
1
-22
-21
154
195
422
277
20
355
152
-150
193
363
232
42
3
135
324
150
-216
-13
362
46
102
363
67
-32
119
-50
-14
226
105
-47
-4
294
254
130
114
-80
-148
137
47
20
291
152
-216
-62
135
97
4
-61
85
332
-61
-236
96
247
165
-213
-237
145
29
-229
121
192
47
44
23
235
81
-456
-320
180
133
-198
-76
35
-290
-374
131
-97
-77
-2
-195
81
-12
-173
-121
-120
-131
-35
-270
-140
122
-157
-267
54
214
-31
-395
-81
284
-141
-482
-240
-55
-159
-174
-102
-178
-213
-251
-402
-84
-5
-156
-63
-118
-181
6
-68
-241
-135
-406
-290
104
189
-221
-182
-127
-206
-102
-209
-69
-126
-309
-196
25
-167
-140
-196
-466
-274
-41
43
-112
-358
-275
-61
-188
-309
-39
-178
-513
-338
-231
-250
-155
-179
-450
-361
-276
-356
-268
-265
-448
-336
-272
-362
-410
-394
-493
-301
-17
-257
-425
-180
-175
-357
-186
-201
-57
6
-89
-104
22
109
-20
-96
64
294
141
14
118
349
215
80
225
295
204
131
126
298
466
121
76
325
177
67
85
163
238
-43
-105
-79
148
16
-317
-110
-54
-122
-262
-260
-324
-260
-416
-321
-61
-518
-757
-676
-556
-645
-737
-797
-868
-1009
-528
555
471
-652
-1464
-1010
115
539
-67
-834
-572
280
743
600
204
-179
-236
31
308
559
508
476
577
499
87
-134
326
643
336
-270
-382
338
1133
817
-7
-311
-154
84
109
212
310
204
130
269
571
541
260
53
62
212
417
658
793
621
292
290
556
657
484
325
416
527
523
521
672
492
113
-41
309
413
114
178
284
-186
-214
115
-20
-309
-484
-616
-694
-704
-725
-853
-1334
-1395
-360
835
637
-900
-2255
-1583
362
989
-186
-1390
-1012
510
1331
718
-195
-398
-107
323
586
632
665
917
987
540
20
-80
491
1092
623
-508
-551
755
1761
1006
-683
-1289
-435
443
293
-243
-345
-26
227
61
-163
-175
-151
-155
-37
96
200
406
613
555
289
52
196
696
1009
821
493
301
548
789
564
203
40
124
239
308
283
155
-271
-504
-332
-73
-99
-514
-785
-793
-693
-742
-1221
-1590
-1557
-1683
-1707
-1359
-353
752
291
-1577
-3090
-2044
307
1140
-272
-1818
-1162
965
1915
764
-779
-1119
-265
637
955
1032
844
689
492
15
-454
-322
434
699
-54
-962
-448
1024
1505
-29
-2018
-2159
-547
706
296
-686
-836
-316
-93
-455
-687
-521
-322
-317
-329
-82
466
923
600
-371
-922
47
1829
2328
1035
-430
-81
1289
1325
314
-17
207
14
-167
516
1260
157
-1831
-1976
-25
982
-279
-1518
-1209
-738
-1280
-1857
-1473
-1442
-2611
-3334
-2186
-404
460
471
-342
-1940
-3664
-2715
755
2882
1003
-2250
-1931
1855
3983
1592
-1809
-1924
555
2208
2164
1874
1376
254
-788
-653
221
540
223
-249
-467
-636
-218
754
729
-1323
-3507
-2845
326
2287
794
-1820
-2227
-549
457
-105
-618
-284
163
321
786
1448
1451
470
-568
-543
891
2774
3545
2297
35
-631
684
2066
1537
106
-299
428
933
969
716
-285
-1892
-2319
-368
1659
1019
-1459
-2527
-1525
-797
-1537
-2146
-2143
-2479
-3070
-2212
101
2086
1416
-1730
-4172
-3569
502
3809
3193
-416
-2326
2
3868
4332
729
-2322
-1285
2531
4582
3497
1107
-365
-661
-549
-75
749
1200
312
-1260
-1758
-548
916
509
-1788
-3770
-2981
214
2553
1557
-1614
-3283
-1754
895
1712
534
-433
159
1442
1922
1754
1546
1031
138
-195
1334
3912
4665
2190
-1026
-1227
1523
3097
1629
-359
-372
657
842
482
358
-395
-2134
-2428
45
2251
799
-2574
-3367
-1319
-252
-1504
-2601
-2436
-2557
-3005
-1820
1234
3297
815
-3805
-5507
-1607
4202
5263
1146
-3031
-1948
2923
5614
2809
-1830
-2893
678
4675
4897
1736
-1346
-1766
-503
359
447
509
175
-1257
-2607
-1915
249
942
-1151
-3883
-3876
-559
2526
1968
-1557
-3900
-2417
1001
2655
1485
-361
-504
1034
2297
2146
1168
707
712
675
1049
2463
3554
2118
-917
-1917
583
3028
2102
-773
-1698
-211
702
-44
-729
-602
-1131
-1953
-1045
831
466
-2247
-3570
-1809
-15
-863
-2794
-3439
-3145
-2558
-1277
1675
3391
117
-5177
-6070
336
6273
4612
-1997
-4696
42
5601
5024
-538
-3717
-1519
2832
4654
3136
189
-2033
-1998
-326
766
578
-94
-1057
-2294
-2761
-1194
833
299
-2778
-4787
-2713
1578
3078
-115
-4062
-3826
113
2915
2029
-230
-859
481
2008
2278
1543
706
473
743
1178
1770
2185
1524
-173
-1033
265
2123
1977
-246
-1610
-748
500
313
-535
-696
-606
-959
-1009
-138
62
-1517
-2785
-1540
606
315
-2090
-3520
-2922
-2492
-2571
-1702
1353
3779
1021
-4511
-6865
-1122
5931
5678
-1406
-5498
-784
6234
6169
-968
-5437
-2273
4210
6118
2922
-983
-1973
-801
320
344
185
518
-10
-1599
-2644
-1232
976
612
-2406
-4473
-2404
2095
3702
185
-4377
-4235
367
3703
2379
-681
-1288
1034
2867
2188
609
261
1137
1525
1331
1639
2339
1688
-300
-1181
614
2806
2329
-205
-1415
-220
877
270
-506
-117
217
-424
-774
54
347
-1180
-2394
-1175
985
884
-1425
-3154
-2935
-2366
-2345
-1761
528
3785
2787
-2561
-7435
-4199
4505
7790
1821
-5428
-3449
4695
7773
1299
-5394
-3804
3555
7194
4228
-487
-2122
-884
410
540
562
1306
993
-953
-2792
-1962
620
1389
-978
-3694
-3013
1087
3787
1357
-3645
-5005
-894
3629
3549
142
-1710
-77
2210
2091
618
452
1955
2302
1052
353
1571
2429
694
-1245
-176
3018
3674
525
-2218
-1247
982
1078
65
474
1027
-408
-1892
-673
1206
291
-2085
-1879
719
1529
-708
-2821
-2849
-2057
-2411
-2874
-2062
1099
4626
2956
-4083
-10159
-5188
6209
10333
1936
-7866
-5428
5203
8871
627
-7067
-3803
5407
8251
3197
-2237
-2665
-518
332
63
1233
2977
1677
-2474
-5037
-2657
1647
2641
-634
-4167
-3431
1026
3353
133
-4982
-5203
55
4403
3173
-1019
-2736
-750
1270
886
255
1387
3021
1869
-896
-1452
1058
2852
1205
-1002
-327
2578
3091
259
-2441
-1789
606
1570
1231
1106
454
-1770
-3051
-1041
1906
1573
-1250
-2341
-683
378
-764
-2288
-2280
-1776
-2230
-3026
-3010
-1848
1425
3937
1132
-6815
-10814
-2031
9695
9661
-3012
-11198
-3597
8448
8000
-2785
-7609
-299
7688
5913
-642
-3167
-779
879
133
146
2498
3164
-362
-4743
-4822
-351
3403
2707
-1562
-4955
-3552
907
2511
-891
-4707
-3376
1491
3480
509
-3025
-2571
495
1521
368
478
2335
2367
-733
-2679
-221
3454
3359
289
-982
963
2253
643
-1035
-66
1608
1103
-185
478
1590
-64
-2815
-2039
1737
2958
-78
-2769
-1819
200
-45
-1405
-1197
-181
-1126
-3464
-4225
-2615
-1431
-129
2751
3203
-2237
-10002
-7381
4437
10778
3188
-8196
-7247
3766
8376
753
-6137
-2112
5995
6224
590
-2169
-270
1105
161
-62
2343
4095
1749
-2777
-4750
-1926
2303
3884
1495
-2887
-4657
-1594
2177
1467
-2718
-3986
-296
2953
1317
-2603
-3178
-37
1847
356
-364
1803
3223
263
-3431
-1719
3685
5742
2068
-1553
-670
2114
2009
496
916
2276
1377
-642
-68
2091
1609
-1526
-2079
1127
3146
749
-2306
-1884
208
330
-828
-596
123
-1000
-3281
-3736
-2038
-605
-1357
-817
2090
2409
-3112
-9499
-5478
5339
9672
1816
-7637
-6237
2602
5961
939
-2819
447
4809
3240
-634
-1246
910
1858
1399
1537
2717
2609
171
-2607
-2772
319
3582
4004
784
-3538
-4551
-1208
2015
1264
-1539
-1887
110
413
-1922
-3305
-1265
1783
1825
-435
-1145
336
835
-867
-1397
1073
3684
3251
669
-821
-259
747
1491
2444
3249
2205
-625
-2148
-310
2579
2806
561
-789
-66
503
-332
-911
75
945
120
-1211
-1228
-712
-1270
-2409
-2391
-1542
-1382
-2387
-1791
1307
2030
-2484
-8701
-6547
2953
8455
2777
-7205
-8576
-415
5864
3225
-1965
-1824
2040
2293
-379
-1041
1365
3072
2174
512
360
1441
1556
114
-1116
52
2489
3450
1139
-2930
-4292
-1016
2776
2237
-1346
-2802
-1349
-750
-2233
-2774
-412
2044
939
-2638
-3922
-1523
1077
898
-332
-15
798
173
-998
-325
1547
1942
666
324
1557
1671
-390
-1432
847
3354
2339
-651
-1300
378
906
-161
-71
1363
1150
-1171
-2307
-920
652
86
-1421
-2067
-1809
-1853
-2134
-2199
-1085
755
474
-2607
-6535
-5242
571
4738
1908
-4522
-6567
-1921
2678
1626
-1617
-1284
2000
1972
-1194
-2697
280
3669
3421
395
-950
749
2172
1145
-343
627
2497
2709
532
-1599
-1490
649
1977
769
-974
-918
24
-568
-2091
-1910
379
1748
-5
-2821
-2954
-584
895
82
-776
-282
48
-875
-1360
-47
1498
1339
104
-329
134
307
238
879
1670
1237
-127
-524
502
1195
645
56
487
776
-44
-771
-106
844
370
-870
-958
-157
28
-867
-1409
-1008
-44
363
-294
-1585
-2734
-2077
2
1622
533
-2119
-3129
-1264
668
576
-437
-265
478
-79
-1286
-1148
834
2339
1679
-157
-792
112
1101
1264
1135
1117
856
563
504
562
410
512
899
1022
497
-48
-217
-103
152
446
593
214
-448
-745
-211
362
416
83
-40
-54
-293
-414
104
899
878
73
-504
-143
424
503
299
338
465
250
-97
-11
490
774
521
148
66
220
416
554
552
324
68
27
332
559
182
-409
-468
155
551
63
-831
-1035
-385
155
12
-482
-790
-785
-564
-333
-120
-100
-229
-407
-522
-423
-143
251
480
362
-62
-358
-127
389
654
511
271
127
157
241
206
98
25
138
317
316
20
-271
-207
154
380
143
-246
-321
56
385
319
10
-104
103
263
214
121
250
419
367
35
-109
154
471
449
113
-147
-76
271
464
279
-37
-108
151
329
170
-157
-222
40
304
249
-69
-205
-142
-120
-233
-239
-79
-79
-414
-711
-562
-263
-390
-827
-897
-472
-214
-540
-1020
-981
-531
-329
-527
-659
-501
-338
-472
-616
-457
-135
10
-188
-374
-252
46
111
-194
-434
-205
163
114
-370
-577
-152
281
-21
-662
-620
100
460
-153
-894
-693
216
595
36
-548
-297
387
529
17
-315
60
554
458
-17
-150
216
428
121
-238
-133
230
303
5
-268
-198
31
125
10
-198
-340
-282
-12
169
17
-327
-408
-131
165
110
-135
-307
-243
-66
-45
-177
-312
-346
-324
-223
-137
-223
-447
-636
-609
-330
-79
-94
-400
-690
-659
-411
-229
-273
-417
-435
-277
-143
-198
-388
-467
-337
-181
-101
-71
-96
-268
-459
-375
-61
160
-11
-287
-234
89
232
-23
-299
-186
193
390
318
237
266
254
191
236
398
587
627
525
322
158
167
325
489
430
184
18
85
171
65
-85
-3
183
182
27
-87
-80
-4
10
48
198
307
285
133
39
139
303
418
462
325
137
97
273
406
275
90
154
364
351
96
-61
150
400
293
-94
-261
-52
130
34
-122
-53
74
-57
-417
-577
-317
35
32
-269
-459
-401
-311
-321
-365
-283
-102
-38
-108
-201
-195
-132
-92
4
206
385
366
187
121
245
426
522
536
571
539
421
315
320
424
468
380
313
339
327
197
6
-56
42
233
386
337
38
-274
-238
118
350
234
13
22
233
321
156
-31
78
380
536
415
178
76
113
198
261
248
283
352
322
132
-60
-35
246
433
266
-56
-207
-27
134
69
-102
-102
-5
-89
-278
-309
-156
-121
-281
-446
-346
-217
-381
-716
-769
-399
-65
-222
-669
-856
-690
-382
-256
-281
-346
-411
-402
-345
-203
-75
-41
-80
-52
23
0
-122
-168
-13
208
270
84
-170
-231
-91
-10
-114
-202
-57
141
106
-248
-517
-371
61
239
-12
-292
-233
40
81
-77
-161
15
226
233
64
-67
-68
-56
-20
45
155
128
-54
-150
-65
63
7
-154
-135
92
170
-70
-386
-316
38
136
-163
-449
-243
133
87
-378
-633
-295
172
89
-487
-746
-365
41
-184
-652
-596
-98
48
-430
-853
-553
57
123
-390
-684
-330
123
27
-413
-474
-130
132
-45
-363
-391
-171
-4
-64
-147
-206
-295
-419
-383
-163
-24
-137
-391
-456
-241
-34
-132
-372
-362
-24
187
-13
-387
-428
-52
312
306
5
-143
38
228
169
18
43
257
340
180
12
54
255
358
243
108
137
223
204
177
189
223
178
86
50
78
147
140
96
66
100
115
73
-11
-91
-76
78
244
125
-193
-353
-112
224
219
-107
-275
-46
195
114
-111
-67
160
189
-34
-109
70
206
144
38
69
113
99
75
190
274
101
-136
-99
177
304
114
-132
-128
76
198
175
100
12
-22
65
195
196
13
-119
49
351
427
156
-55
52
271
317
227
242
301
277
169
149
263
388
361
278
283
343
359
255
193
245
382
438
334
152
74
205
421
453
282
113
99
233
297
222
153
205
267
145
-54
-99
73
235
131
-26
-11
96
75
-87
-147
10
198
144
-31
-115
-44
54
96
128
135
80
-13
-1
100
161
106
23
46
137
127
4
-51
36
153
178
138
63
-16
-93
-94
42
133
80
-38
-61
17
38
-23
-36
45
76
43
-12
10
27
-60
-101
10
151
91
-48
-33
130
169
-35
-181
-4
288
297
29
-176
-37
225
247
85
-26
47
170
150
33
-77
-82
-2
43
-8
-140
-231
-246
-187
-157
-174
-178
-198
-307
-440
-401
-187
-83
-249
-422
-357
-134
-109
-275
-307
-113
28
-119
-309
-267
-68
19
-72
-154
-93
-66
-174
-217
-98
43
24
-128
-179
-110
-127
-281
-289
-32
152
-20
-394
-433
-90
109
-63
-297
-205
88
110
-242
-497
-327
77
205
-54
-288
-215
5
28
-138
-181
36
254
130
-173
-224
55
290
138
-99
-12
330
428
97
-255
-182
199
317
36
-227
-128
111
39
-270
-382
-170
23
-77
-266
-288
-236
-298
-433
-356
-102
-30
-222
-356
-285
-150
-105
-140
-94
-36
-53
-90
-51
37
61
55
40
55
29
30
142
208
110
-62
-61
117
207
74
-82
-48
110
141
-3
-99
0
125
122
39
26
53
38
-46
-71
19
122
179
144
47
-101
-107
105
348
351
112
-6
154
349
334
170
165
371
512
461
343
356
420
383
307
318
432
472
362
227
171
191
219
215
191
127
34
34
77
23
-130
-205
-102
32
30
-82
-131
-87
-81
-117
-59
108
206
88
-41
9
167
215
153
160
280
316
198
117
233
386
353
189
148
328
444
308
84
71
283
416
281
74
77
268
333
120
-91
-5
245
281
55
-131
-34
164
149
-55
-116
104
305
196
-59
-84
177
433
376
112
56
315
570
506
281
258
480
600
474
352
396
485
437
299
246
331
389
307
139
34
59
138
108
-84
-238
-218
-91
-60
-205
-363
-375
-295
-265
-301
-313
-285
-269
-276
-260
-181
-145
-202
-270
-196
-2
156
60
-143
-182
-15
216
234
73
-13
101
237
173
6
23
225
307
117
-68
-18
155
142
-64
-215
-78
162
62
-322
-508
-270
4
-62
-355
-443
-243
-163
-374
-562
-384
-6
75
-222
-448
-284
35
115
-57
-133
54
276
259
55
-39
109
299
306
157
58
142
278
232
23
-92
8
103
11
-208
-293
-156
-80
-224
-462
-489
-342
-268
-361
-506
-540
-479
-388
-327
-342
-449
-555
-509
-308
-163
-223
-371
-364
-245
-164
-173
-187
-138
-106
-94
-54
27
27
-66
-96
53
192
128
-42
-88
36
116
89
17
14
20
-55
-123
-81
17
4
-107
-163
-144
-166
-260
-319
-242
-66
2
-133
-280
-246
-106
-34
-64
-71
32
152
156
18
-83
11
231
360
292
152
109
214
291
261
145
137
230
264
129
-39
-8
173
201
9
-187
-146
70
62
-151
-276
-143
29
-61
-269
-284
-91
10
-114
-226
-176
-46
-15
-77
-113
-73
18
50
21
-13
25
128
174
114
59
163
322
290
71
-4
239
488
394
86
48
328
512
352
105
154
369
416
267
168
240
303
197
91
186
347
361
196
71
132
315
355
214
114
208
384
378
172
40
208
471
514
312
158
239
391
378
244
223
369
470
344
128
134
319
431
319
157
158
260
258
127
40
93
200
188
76
10
47
112
108
63
49
62
44
23
58
111
113
54
25
77
131
107
68
126
233
219
131
58
94
211
246
214
173
207
267
266
213
207
258
287
270
221
186
205
247
254
173
92
132
243
246
77
-15
128
320
282
6
-151
16
280
314
82
-130
-63
172
301
182
-4
-28
104
175
125
53
55
106
79
34
34
90
94
42
-19
-13
46
26
-83
-181
-130
-24
2
-93
-206
-209
-183
-166
-161
-128
-121
-220
-327
-288
-140
-97
-233
-376
-307
-139
-112
-243
-322
-214
-84
-115
-242
-265
-166
-72
-88
-99
-52
-7
-48
-138
-97
38
127
40
-92
-107
-15
46
-2
-79
-67
18
22
-72
-160
-134
-12
60
-1
-145
-261
-214
-94
12
-10
-143
-237
-213
-95
-4
-31
-131
-156
-86
-40
-86
-163
-180
-102
-17
9
-53
-146
-182
-148
-66
-13
-30
-81
-106
-95
-113
-121
-101
-86
-74
-82
-81
-107
-130
-150
-156
-127
-115
-157
-229
-251
-218
-181
-200
-247
-259
-255
-242
-232
-216
-214
-234
-234
-198
-112
-69
-96
-110
-83
-35
-29
-21
17
97
112
64
19
24
95
158
178
135
105
99
110
117
104
135
168
164
119
91
95
118
125
91
113
135
140
94
70
104
138
128
73
43
9
4
24
89
149
105
-9
-59
1
123
201
161
97
82
146
197
169
128
169
289
329
287
269
471
583
446
376
283
198
150
15
-76
-9
20
71
175
167
103
73
42
39
28
-60
-83
-41
82
177
73
-16
52
192
296
265
139
179
300
300
259
168
196
358
402
325
236
222
349
431
370
294
296
390
413
308
218
236
341
363
326
337
352
482
462
298
186
137
153
113
12
-31
52
133
203
167
118
137
41
55
106
11
29
84
52
181
212
89
180
159
31
54
-44
-23
61
-188
-317
-144
184
150
140
155
17
128
82
2
39
-58
-259
-119
83
95
62
-62
-17
158
95
-23
-131
-60
129
50
-92
77
237
181
114
-19
66
230
173
-23
-93
-2
94
151
74
16
30
63
132
19
-15
107
184
279
253
40
75
180
5
-203
-305
-183
53
12
-199
-212
-39
71
-77
-250
-194
-35
-11
-100
-205
-116
92
30
-115
-138
49
224
153
104
76
141
92
-78
-183
-255
-289
-260
-172
-181
-130
-88
-168
-236
-320
-339
-273
-323
-567
-387
-115
-111
-337
-394
-181
-125
-288
-395
-222
-99
1
-28
-202
-50
-59
-163
-87
-79
-99
-39
-2
-76
106
102
42
113
-77
-240
-31
43
-48
-225
-193
93
183
-105
-373
-183
-46
-89
-176
-177
-151
-174
-131
-305
-141
52
-182
-189
-396
-351
11
-93
-162
-127
-191
-10
16
-113
79
-45
-235
54
46
-63
27
-37
71
72
-65
-26
-98
-178
-236
-151
85
-17
-233
-40
-37
-247
-231
-288
-2
-89
-434
-285
-142
-38
-72
-110
-130
-194
-117
2
-118
-136
-47
-157
38
284
239
153
117
207
184
124
149
370
248
122
277
349
392
197
66
103
349
293
119
217
193
156
-39
12
354
79
-238
-55
190
204
18
-261
-152
263
416
62
-216
-119
-81
108
327
122
109
251
240
144
23
165
232
73
462
510
-20
70
319
365
211
-145
12
365
301
174
25
147
163
-178
1
268
75
-109
-67
93
147
52
-67
-12
-184
-221
51
175
9
62
238
-31
-47
126
47
192
255
92
24
239
601
156
200
443
147
267
227
204
335
439
215
271
397
103
-46
-29
402
243
-12
126
-40
85
210
-91
-31
168
-119
18
100
4
100
-47
84
162
-87
-158
221
451
9
-243
30
294
256
205
-25
-98
10
364
259
-203
-110
160
10
214
176
-458
-148
225
100
-3
-323
-249
39
-28
-213
-154
-308
-177
-63
-448
-445
6
5
-674
-264
-112
-429
-398
-295
-28
-140
-24
-132
-471
-195
229
-3
-242
-298
-102
0
311
613
-274
-614
282
467
-392
-527
359
256
-136
-57
105
35
-489
-448
12
87
-77
-322
-298
173
-190
-569
-231
-51
-239
-468
-233
77
-54
53
-220
-628
-4
-98
-534
216
164
-274
5
-28
-95
-123
-293
-194
165
16
-349
-134
149
-159
-313
-160
-440
48
232
-562
-460
-139
-132
-118
-347
-360
-437
-446
-88
-302
-624
-290
-76
-150
-356
-422
-296
-250
-299
-288
283
-91
-378
-115
-98
-317
-234
544
310
-291
-71
18
-23
141
172
-221
-101
-55
-34
212
-112
-150
-65
-46
-60
-92
-461
-23
338
-187
-388
-21
-6
-118
-215
-341
40
11
13
94
-98
-165
9
-46
-23
192
10
24
-44
23
455
225
-380
-141
260
113
242
24
103
347
-99
123
9
-261
353
56
27
427
-254
-319
110
133
66
-188
-87
129
-200
-121
283
-148
-299
122
194
-21
-438
243
300
-462
252
383
-219
313
279
-88
401
269
216
233
55
115
351
221
11
329
140
233
629
167
-256
148
392
114
204
-15
-36
494
253
-76
37
393
104
-331
158
319
251
105
44
147
248
265
-3
14
180
110
-69
449
726
3
-121
354
386
62
127
369
160
335
255
223
521
6
-21
471
70
85
265
-46
83
435
194
185
309
81
-411
-264
455
665
-145
-326
49
25
321
-163
-456
217
360
-102
221
175
-280
163
465
294
12
-366
74
398
-159
125
157
-104
371
112
-151
237
33
-149
291
147
296
-164
-450
447
261
-16
293
-365
-318
373
-134
137
278
-173
-65
98
153
-367
-222
139
-15
86
-113
-159
-20
-28
43
387
-143
-310
42
-107
233
-39
-164
88
22
163
63
-676
-272
-2
-158
251
-141
-188
-59
-324
-366
-5
-177
-362
-204
-201
-181
-61
147
-464
-505
108
-109
-68
-273
-410
107
-103
-255
-34
-300
-182
-341
-411
183
-58
-574
-377
138
19
-126
-134
-372
-86
157
-513
-573
263
-17
-221
-72
-213
-123
-165
-345
12
-59
-197
-17
-271
-204
15
-92
-282
-214
-48
-7
-377
-260
59
-99
-141
-160
-172
-2
-64
-227
-52
-247
-316
79
-90
-160
173
-205
-388
-56
-39
-313
-252
-135
-185
-66
-99
-206
-370
-246
35
-149
-290
-152
-189
-179
-34
-39
-22
-262
-229
-36
-215
-115
34
-84
-10
49
-155
-135
-21
41
-116
-343
-9
176
9
-28
-319
-2
234
-67
-208
90
-10
-156
17
-250
130
184
41
-217
-207
203
73
-176
-125
-61
-48
323
13
-198
-19
-190
113
186
9
-50
130
100
142
182
-52
-56
243
457
0
-121
274
302
-191
194
557
-152
-22
332
40
-32
101
100
178
280
136
-218
-213
347
86
-109
150
140
-114
89
552
371
-130
-314
-96
347
245
12
95
137
133
-6
24
445
4
-346
474
237
-67
229
119
319
238
-36
204
-50
36
355
9
173
411
-25
29
393
226
22
103
44
145
263
-10
52
308
-23
135
247
121
354
-117
-181
612
214
73
543
19
-11
346
338
75
-124
271
297
246
381
149
-65
173
327
-93
-131
348
308
-175
47
301
-45
24
145
60
-43
-49
291
98
-8
15
-113
142
116
-245
43
-1
-268
-45
215
19
-114
201
-261
-375
210
-22
-157
87
-209
112
222
-350
-231
172
72
19
-189
-55
172
-30
251
-120
-432
6
100
18
-207
-389
7
-56
-147
-68
-139
-134
-118
-70
45
-78
-111
187
-143
-318
-128
-79
99
-130
-143
101
-82
-153
-20
-66
119
104
-180
-266
-155
104
-177
-258
-97
-256
57
97
-533
-339
21
-35
-2
-138
-439
-359
-185
-21
-7
-342
-452
-202
-112
-251
-274
-42
13
-446
-140
-126
-336
-132
-297
-314
110
-183
-561
-284
-87
-89
-262
65
-231
-293
23
-125
-239
-120
33
-147
-207
-300
-291
-67
20
-197
-205
-126
-303
-210
-40
-230
-340
-165
-280
-134
-4
-260
-203
-191
-179
-10
-165
-262
-18
116
-129
-191
128
-53
-243
38
-91
-202
-7
-13
-108
-84
48
-130
-44
77
-118
-96
135
-288
-298
344
-10
-279
70
-254
-267
418
-72
-481
106
58
-157
-23
-179
-125
118
51
-106
-153
100
-119
-358
234
67
-325
-64
149
38
-29
76
-266
-245
268
-9
-316
358
165
-295
219
237
-237
-131
17
193
224
-110
-71
190
297
118
-400
60
459
-228
51
250
-1
126
136
99
82
-74
19
210
155
26
-30
398
382
-36
169
286
-71
164
519
260
87
255
237
255
286
-8
111
314
366
296
-25
36
56
216
314
200
209
89
-52
-5
223
178
119
89
-90
131
342
-10
33
109
-14
275
351
-51
-100
120
274
190
-227
-14
380
212
-43
66
267
120
-65
-2
39
129
243
113
79
109
100
76
229
108
-280
119
309
26
-64
100
108
82
55
-20
-12
-8
106
91
204
135
92
12
43
262
174
57
13
196
300
307
173
-49
39
234
238
-78
-170
331
247
-204
-10
115
105
91
-72
-221
117
206
-260
-141
113
-36
-49
-134
-304
-113
96
-88
-221
-69
-86
-100
-185
-96
-34
-231
-53
-45
-129
-37
-262
-73
97
-247
-183
-156
-96
79
-140
-312
-200
-143
-193
-113
-35
-176
-294
-152
-318
-227
-54
-248
-177
-116
-286
-236
-105
-61
-88
-369
-311
-107
-176
-158
-167
-143
113
-199
-462
103
5
-407
-9
79
-279
-157
102
1
-316
-129
-150
-22
202
-294
-235
171
-157
-275
94
-66
-212
-231
-343
-43
85
-247
-308
-118
-77
-263
-217
-149
-260
-126
-28
-298
-256
-40
-168
-205
-222
-183
-69
-230
-438
-117
155
-193
-455
-187
22
-121
-301
-94
-45
-246
-251
-117
-151
-95
-57
-390
-144
93
-177
-226
-176
-61
22
-315
-197
-27
-145
-84
-210
-188
5
-178
-121
-33
-171
-120
-73
57
11
-221
-76
80
68
-24
-140
-42
136
174
-47
-18
65
81
81
4
86
15
74
171
-15
134
28
24
29
-38
111
5
8
148
170
-116
-145
95
177
-19
-54
84
-134
-95
122
148
-57
-8
183
-102
-56
134
76
-81
-57
215
168
30
18
-109
121
269
-73
102
389
11
166
308
-6
204
153
97
25
0
201
233
136
-39
98
229
-3
-12
117
22
35
151
169
79
-149
86
416
75
-69
48
212
273
120
127
438
190
-19
241
185
239
358
240
149
190
347
236
99
152
198
325
203
34
168
134
162
154
206
63
-4
379
180
-110
151
181
-34
113
212
2
-48
118
170
74
-99
41
152
203
32
-64
172
38
-131
187
127
59
194
-11
79
148
60
51
70
124
143
37
52
135
106
24
61
-85
-47
120
-32
-54
-14
6
45
-63
-237
-168
-4
-15
-33
-32
-99
-50
-11
-110
-60
20
-2
-24
-85
72
167
-33
-82
99
11
-52
57
-9
44
35
-64
-16
20
27
-117
-131
25
63
-182
-120
-66
-204
-108
-138
113
-95
-276
-112
-299
-136
-107
-163
-120
-177
-232
-181
-196
-287
-226
-271
-190
24
-86
-350
-306
-77
-102
-292
-268
-196
-75
-43
-185
-311
-95
-4
-277
-219
-133
-124
-139
-203
-200
-108
-199
-273
-50
-123
-356
-192
-99
-195
-197
-269
-145
-55
-175
-238
-155
-152
-274
-45
48
-167
-89
-71
-269
-92
92
-112
-249
-15
145
-71
-119
-99
-51
129
-155
-220
-58
-136
-1
-37
-126
-45
-165
-221
-75
-189
-211
28
-238
-268
-9
-139
-214
-205
-266
-85
-4
-395
-354
-50
-40
-207
-76
-79
-194
61
-220
-305
52
-29
-168
-12
-86
-76
124
-24
-145
8
8
22
66
-40
29
91
-17
-64
44
12
-39
8
8
40
57
-86
-71
49
51
-14
-124
-123
142
90
48
91
-165
12
313
81
-118
121
229
112
166
149
111
199
161
143
80
212
267
150
218
163
43
322
337
-86
206
339
103
47
17
147
244
111
87
204
76
107
117
134
212
7
114
123
-41
193
239
-79
0
236
270
130
-10
64
113
161
265
168
98
122
187
239
162
193
228
172
249
221
131
295
249
165
206
173
235
330
202
216
343
181
98
188
78
-8
287
273
-6
122
106
15
215
155
96
174
97
177
322
180
267
203
-27
25
360
329
131
185
254
244
305
216
221
363
76
141
382
267
149
340
145
24
307
149
-21
234
234
-14
156
10
-86
192
62
-114
32
-1
-93
15
62
-23
-32
-44
-52
0
-18
-6
-88
-162
98
160
-229
-84
136
-71
27
55
-44
56
20
-9
10
-29
66
117
-75
-81
10
-69
53
-51
-97
-45
-173
-30
-1
-185
-110
-41
-111
-121
-107
-84
-77
-116
-201
-97
11
-163
-209
-12
27
-56
-93
46
-30
-138
-8
-66
-28
-82
-181
64
72
-164
-102
-60
-49
-87
-134
-65
-27
13
-122
-234
-58
-38
-245
-197
3
-126
-188
-171
-200
-84
-162
-256
-183
-187
-197
-159
-197
-155
-184
-88
-79
-293
-264
-86
-170
-180
-60
-160
-168
-107
-125
-123
-139
-141
-110
-17
-18
-123
-94
-95
-223
-132
60
-49
-170
-250
-126
-19
-156
-134
-29
-49
-129
-164
-146
-21
-61
-221
-96
-37
-113
-31
-97
-41
47
-146
-26
94
-117
-25
36
26
-10
-12
77
-46
-47
67
72
-54
-37
61
76
103
-31
-76
14
-26
46
56
-172
-6
110
-21
63
15
-67
7
-40
-13
59
21
-72
-117
131
168
-36
-46
49
28
-14
95
107
34
118
158
98
145
10
-37
244
209
84
132
81
108
104
124
190
119
68
62
85
234
159
28
173
197
71
163
194
127
211
171
174
208
167
120
187
318
209
136
158
162
274
246
143
244
257
206
155
336
300
26
300
336
122
276
346
154
210
338
203
192
225
176
327
269
79
146
254
278
192
107
90
169
169
167
133
101
160
199
212
187
143
201
156
61
356
203
17
226
238
242
184
169
287
219
127
235
217
247
343
120
121
220
140
228
205
145
182
223
177
55
141
254
119
194
206
49
174
125
23
151
304
94
-7
135
120
132
143
124
137
64
-1
101
147
106
64
73
70
88
135
80
26
43
108
87
83
47
57
97
54
56
107
18
-19
109
105
48
-129
43
113
-131
-60
62
-80
-61
-22
-68
28
-62
-9
-112
-172
94
-27
-161
-67
-74
-122
-35
-43
-128
-35
-11
-75
-88
-52
-156
-113
-66
-94
-29
-70
-148
-90
-32
-165
-192
-40
3
-125
-187
21
-78
-150
-9
-83
-122
-20
-128
-132
16
-126
-119
-31
-87
-85
-95
-169
-86
-142
-118
19
-141
-154
-68
-105
-102
-49
-140
-89
-3
-68
-9
-3
-144
-39
-79
-113
-2
-115
-93
19
-46
-98
-64
-75
-25
-35
-128
-152
-71
-75
-93
-115
-119
-84
-60
-160
-167
-29
-141
-180
-75
-72
-111
-73
-32
-141
-195
-60
-31
-127
-61
-101
-139
33
0
-177
-85
-1
-142
-63
1
-11
5
-77
-51
56
33
-10
67
-27
-18
99
58
16
31
-2
64
84
52
77
-3
47
71
99
85
108
114
20
43
95
69
22
64
84
107
92
45
206
158
36
171
145
69
185
216
157
144
98
187
205
66
157
110
30
193
242
50
-9
190
209
58
128
225
114
105
207
157
152
222
28
87
301
225
158
189
210
223
186
162
230
147
176
225
198
162
191
291
216
183
224
158
197
225
160
181
226
261
239
204
185
207
277
195
161
234
183
136
208
193
231
133
130
222
155
182
200
147
165
241
151
269
270
169
242
273
255
222
212
247
228
215
271
198
232
304
191
128
251
254
172
205
170
181
243
108
97
226
152
177
198
119
122
123
211
211
124
114
168
127
84
192
110
73
115
119
84
99
132
70
101
27
42
117
91
39
39
97
82
81
24
-19
39
101
72
39
16
-42
74
45
32
13
-118
37
89
-28
-53
-37
-19
46
-23
-90
8
-47
-27
-7
-28
25
-19
-32
-36
-18
24
-28
2
85
-38
-28
0
-56
18
-34
-45
-54
-57
-58
-88
-46
-81
-48
-121
-113
-53
-89
-127
-120
-80
-122
-151
-70
-123
-156
-90
-145
-145
-115
-106
-137
-130
-112
-150
-94
-137
-150
-61
-156
-152
-65
-78
-124
-110
-65
-95
-48
-95
-122
-52
-91
-84
-95
-109
-79
-110
-69
-97
-138
-64
-129
-156
-139
-118
-44
-114
-132
-135
-130
-62
-120
-152
-135
-86
-86
-139
-49
-88
-104
-50
-102
-68
-22
-66
-12
-56
-145
-28
29
-66
-73
-41
-92
-51
-57
-90
-21
-77
-108
3
-52
-93
-26
-76
-75
-63
-36
-8
-70
-67
-49
-30
-23
-7
-3
-88
-30
56
5
-3
37
1
-18
33
62
23
5
75
38
58
90
38
45
53
43
65
105
115
71
42
97
140
87
42
75
101
74
98
89
58
153
139
63
82
129
121
77
94
136
131
153
164
128
150
176
129
169
183
151
205
217
190
197
207
199
162
199
257
188
193
236
226
225
215
208
202
216
231
224
219
206
187
223
266
214
167
189
217
243
181
191
204
193
209
174
173
205
176
172
148
143
225
153
162
189
180
258
201
128
203
159
164
211
177
191
162
174
191
126
156
202
194
208
154
178
176
165
197
173
137
175
180
153
173
145
152
192
186
163
169
198
226
176
174
188
172
218
165
163
202
155
198
203
124
173
225
149
135
142
113
143
122
104
120
107
120
87
66
92
72
90
86
29
39
40
28
68
11
-25
27
-4
-4
12
-36
-32
-25
-4
-12
-48
-47
-44
-23
-7
-36
-51
-61
-68
-23
-51
-51
1
-19
-39
-67
-94
-68
-17
-48
-74
-49
-45
-57
-92
-93
-72
-59
-89
-85
-75
-101
-111
-96
-92
-74
-80
-130
-129
-101
-106
-128
-108
-94
-96
-112
-116
-105
-96
-115
-90
-59
-82
-47
-68
-125
-83
-55
-70
-57
-67
-105
-107
-80
-76
-78
-98
-102
-109
-104
-92
-160
-151
-81
-113
-130
-134
-162
-125
-96
-154
-147
-112
-138
-126
-120
-147
-128
-143
-151
-124
-146
-132
-114
-143
-126
-120
-122
-92
-105
-123
-100
-80
-81
-81
-109
-108
-89
-75
-87
-105
-112
-77
-61
-94
-97
-87
-90
-98
-87
-76
-60
-54
-70
-86
-104
-82
-39
-51
-47
-44
-46
2
-10
-40
5
12
-1
32
11
19
57
45
67
50
35
90
58
41
73
83
91
77
71
75
53
51
69
73
71
42
69
102
52
38
62
85
93
43
45
68
44
63
83
55
58
83
76
76
78
112
109
74
103
111
105
113
145
146
96
107
137
157
144
123
134
161
187
160
126
140
172
151
159
163
143
155
161
131
154
171
138
176
166
165
201
214
179
187
212
157
200
231
179
205
249
205
202
217
203
244
256
227
203
194
232
233
211
197
195
205
194
180
171
210
226
185
171
182
150
177
178
135
136
171
168
141
167
188
158
158
158
142
181
166
139
159
172
166
175
165
166
166
129
149
174
142
121
121
116
150
134
62
104
132
89
58
82
78
76
56
22
55
58
26
-12
27
40
21
38
16
16
35
4
10
31
22
26
29
18
13
35
12
24
45
2
41
45
4
13
7
7
14
12
-4
-42
-41
-17
-35
-29
-38
-70
-52
-34
-99
-102
-50
-79
-117
-112
-87
-85
-107
-110
-133
-120
-75
-97
-115
-148
-128
-92
-117
-116
-118
-121
-111
-96
-149
-155
-113
-104
-113
-150
-153
-147
-141
-143
-169
-158
-161
-173
-168
-205
-195
-161
-173
-178
-182
-193
-225
-182
-178
-193
-171
-195
-177
-162
-183
-172
-160
-161
-145
-143
-135
-151
-149
-132
-111
-103
-114
-122
-126
-125
-94
-113
-103
-95
-89
-99
-104
-96
-69
-71
-121
-177
-143
-72
-111
-147
-153
-136
-130
-105
-99
-110
-136
-159
-132
-118
-126
-135
-125
-112
-95
-117
-109
-96
-102
-92
-107
-93
-65
-89
-84
-64
-94
-83
-64
-67
-45
-56
-38
-37
-78
-70
-29
-44
-76
-64
-56
-48
-41
-30
-34
-33
0
-4
-6
-7
0
18
41
34
30
59
57
55
73
66
76
78
81
77
84
98
115
123
103
106
103
122
144
111
104
117
128
153
106
94
112
117
115
105
119
117
107
94
97
113
125
119
117
112
111
120
129
124
112
131
138
144
139
114
142
132
150
188
138
142
174
155
147
159
168
171
153
148
147
159
163
161
151
169
175
194
180
139
174
191
190
183
174
166
179
188
187
191
196
194
179
181
175
191
197
203
193
183
190
198
197
201
205
190
212
211
199
187
179
189
184
164
180
182
167
153
139
141
135
120
124
123
122
120
90
91
125
115
94
103
98
95
108
95
88
112
103
98
106
95
78
74
98
95
72
79
59
53
46
45
66
52
25
3
12
30
18
-7
-31
-14
-17
-29
-40
-50
-42
-39
-54
-62
-50
-57
-56
-73
-73
-59
-68
-61
-79
-87
-87
-88
-74
-63
-76
-80
-73
-68
-66
-69
-61
-68
-64
-67
-73
-87
-68
-47
-60
-65
-73
-76
-85
-98
-98
-98
-88
-99
-116
-128
-122
-130
-134
-138
-150
-142
-137
-133
-133
-168
-163
-136
-129
-137
-157
-151
-143
-144
-159
-151
-145
-133
-134
-164
-179
-160
-152
-153
-167
-186
-164
-163
-186
-195
-187
-183
-176
-189
-197
-194
-182
-178
-175
-179
-178
-159
-161
-160
-168
-152
-143
-148
-153
-153
-126
-119
-127
-145
-142
-127
-118
-123
-130
-118
-112
-113
-93
-108
-91
-86
-96
-96
-89
-70
-77
-81
-84
-74
-80
-76
-88
-80
-76
-66
-71
-98
-94
-92
-77
-78
-97
-96
-70
-65
-79
-89
-75
-54
-46
-48
-57
-44
-35
-42
-44
-37
-17
-11
-13
-17
-22
-12
-2
-13
-16
-5
3
9
-21
-19
-6
4
4
-2
-5
-9
11
12
8
18
33
32
44
41
41
53
61
78
79
67
74
96
93
77
78
86
121
117
95
112
120
135
134
124
129
145
147
143
163
146
144
144
145
170
146
138
132
145
142
141
141
126
138
120
126
139
136
129
135
131
130
137
144
135
132
145
145
157
148
143
152
154
146
150
148
142
145
148
144
135
135
151
135
121
117
117
129
132
120
87
92
102
99
97
81
83
99
95
80
78
74
74
89
86
94
91
87
94
83
96
93
95
98
102
93
104
102
91
99
106
119
112
95
107
106
104
104
104
103
108
97
80
82
78
81
64
44
46
42
35
13
2
8
7
-5
-29
-36
-27
-15
-35
-53
-58
-44
-36
-50
-56
-48
-43
-57
-82
-81
-59
-64
-71
-82
-93
-96
-89
-97
-107
-101
-106
-109
-105
-128
-130
-136
-132
-131
-156
-153
-155
-135
-148
-169
-177
-159
-173
-179
-170
-181
-186
-182
-174
-180
-187
-178
-172
-168
-177
-185
-179
-168
-159
-174
-161
-159
-162
-150
-163
-168
-146
-147
-158
-148
-142
-148
-160
-172
-158
-170
-167
-167
-187
-179
-186
-189
-185
-199
-196
-186
-197
-209
-206
-206
-203
-202
-190
-203
-207
-197
-193
-193
-194
-178
-184
-178
-176
-167
-175
-180
-166
-166
-175
-166
-161
-174
-176
-172
-167
-169
-175
-176
-164
-172
-174
-167
-165
-165
-173
-179
-165
-166
-170
-169
-163
-154
-155
-173
-166
-159
-159
-158
-166
-153
-137
-137
-145
-143
-134
-117
-104
-106
-97
-89
-90
-78
-71
-54
-46
-49
-44
-46
-38
-23
-15
-22
-7
-1
-6
-16
-16
-13
-5
0
7
-1
3
19
7
17
14
19
28
25
26
33
36
36
34
39
42
47
59
46
40
44
57
63
54
63
67
65
67
69
82
85
80
72
78
86
94
93
80
87
77
84
96
102
85
90
99
102
98
95
87
93
117
112
112
114
126
130
122
121
140
152
145
154
158
172
179
166
175
187
192
196
192
191
191
193
204
201
199
200
195
183
180
182
183
193
185
180
175
167
159
158
155
157
155
156
146
150
146
140
148
146
144
141
141
135
136
135
138
129
133
113
114
123
118
125
116
108
113
110
115
107
102
100
104
96
88
80
78
72
73
81
76
74
63
71
66
61
59
44
42
37
31
25
22
30
7
-1
1
5
-1
-5
-7
-11
-8
-15
-23
-23
-20
-27
-26
-38
-32
-26
-32
-38
-48
-57
-49
-54
-57
-67
-75
-71
-70
-71
-81
-95
-98
-85
-94
-88
-89
-109
-105
-104
-117
-106
-104
-111
-122
-124
-132
-132
-122
-122
-133
-149
-150
-140
-144
-150
-146
-159
-144
-151
-159
-164
-167
-160
-165
-164
-154
-165
-186
-181
-184
-176
-178
-187
-195
-190
-191
-192
-201
-199
-196
-202
-208
-215
-206
-215
-211
-219
-220
-209
-206
-218
-222
-204
-204
-206
-205
-203
-200
-201
-190
-182
-188
-176
-177
-161
-163
-172
-158
-157
-161
-156
-161
-147
-141
-156
-152
-137
-141
-148
-143
-137
-133
-131
-137
-151
-151
-136
-130
-142
-149
-137
-138
-132
-139
-145
-134
-117
-127
-132
-132
-133
-117
-117
-121
-116
-117
-109
-103
-115
-101
-95
-96
-90
-107
-101
-84
-84
-85
-78
-79
-67
-67
-73
-62
-55
-45
-53
-54
-48
-28
-37
-44
-30
-18
-15
-16
-19
-8
10
-10
2
16
27
27
17
35
37
34
47
50
60
61
61
61
57
54
65
77
74
89
92
87
92
100
113
109
114
125
120
130
128
117
127
134
135
128
128
128
132
142
146
153
143
136
142
152
150
155
148
152
164
165
164
152
165
163
175
180
173
163
166
175
169
178
169
180
184
180
174
170
176
183
180
169
162
162
169
164
170
162
163
164
166
161
162
158
168
157
166
168
161
163
156
161
154
156
154
156
159
159
139
139
147
148
151
141
133
134
133
136
127
139
132
129
128
129
125
121
136
126
119
121
118
117
107
97
97
102
110
103
92
84
82
98
98
87
80
63
53
65
70
50
49
42
45
30
30
17
15
25
11
4
-10
-6
-7
-23
-24
-30
-45
-43
-40
-42
-51
-55
-62
-64
-62
-63
-64
-82
-81
-84
-90
-86
-95
-100
-89
-96
-98
-100
-97
-93
-96
-103
-99
-98
-110
-98
-109
-113
-109
-106
-122
-119
-118
-114
-116
-113
-116
-118
-109
-114
-110
-118
-109
-109
-116
-116
-128
-122
-114
-112
-126
-116
-123
-128
-133
-137
-134
-137
-140
-140
-150
-156
-148
-148
-150
-152
-157
-157
-157
-167
-166
-164
-153
-149
-158
-161
-170
-155
-153
-164
-161
-152
-147
-155
-157
-145
-164
-162
-157
-157
-143
-144
-151
-155
-153
-151
-138
-138
-143
-146
-138
-143
-126
-134
-134
-124
-122
-122
-121
-108
-113
-109
-101
-98
-96
-87
-78
-82
-90
-69
-70
-73
-68
-67
-65
-60
-52
-40
-45
-44
-42
-33
-32
-33
-28
-20
-18
-18
-16
-20
-3
-14
3
16
14
18
13
14
13
31
29
25
40
48
46
46
45
51
70
66
76
66
70
80
84
91
84
98
106
96
91
90
98
108
99
100
107
94
94
96
93
106
109
118
113
114
111
125
133
132
142
136
141
138
147
142
148
152
140
153
154
154
168
162
165
165
167
172
170
182
180
177
184
183
184
175
182
195
200
206
212
215
210
220
214
217
207
212
216
218
224
212
216
223
224
225
213
217
227
211
209
214
215
218
213
217
219
214
212
211
204
203
209
212
197
196
193
197
186
186
185
172
169
169
176
161
157
149
160
155
156
153
148
148
147
152
149
145
148
147
134
141
146
139
124
124
120
121
115
108
105
114
113
102
104
92
100
99
86
89
82
70
82
73
66
54
66
70
60
60
49
56
53
45
43
37
30
30
23
16
26
17
5
4
-7
-10
-13
-15
-17
-9
-13
-18
-27
-30
-40
-26
-27
-34
-31
-44
-40
-32
-40
-51
-42
-49
-59
-76
-77
-79
-87
-92
-101
-101
-109
-107
-104
-111
-115
-117
-119
-121
-120
-117
-113
-122
-131
-129
-133
-118
-116
-126
-134
-137
-135
-129
-134
-133
-118
-126
-133
-133
-140
-132
-119
-124
-121
-119
-106
-117
-116
-115
-105
-100
-107
-97
-108
-96
-99
-109
-109
-106
-107
-107
-102
-108
-110
-105
-104
-102
-109
-99
-107
-104
-93
-95
-95
-94
-95
-92
-94
-90
-83
-79
-76
-82
-83
-75
-78
-81
-88
-86
-85
-86
-89
-83
-85
-91
-86
-89
-74
-71
-78
-75
-69
-65
-68
-71
-68
-73
-51
-46
-52
-52
-38
-30
-29
-28
-28
-14
-26
-23
-12
-16
1
8
12
22
14
25
34
39
46
49
61
64
54
56
80
84
89
86
83
91
92
85
97
101
116
106
108
107
100
96
107
124
121
123
115
121
128
132
141
142
141
149
152
162
162
170
167
174
180
174
167
173
174
176
175
178
177
172
176
177
179
180
178
178
184
183
187
192
189
186
191
197
196
205
198
201
202
203
200
186
192
190
200
208
202
202
198
200
206
209
199
198
210
197
203
206
212
209
199
199
195
208
209
207
203
205
193
201
205
201
204
195
193
194
196
185
191
190
185
181
190
191
182
182
183
181
175
173
173
172
163
160
168
167
161
150
157
150
143
147
133
133
134
116
105
103
107
102
93
93
85
78
72
66
64
64
57
62
56
50
47
45
36
28
16
8
11
8
3
-4
-15
-10
-16
-31
-27
-28
-40
-44
-32
-49
-44
-44
-41
-42
-43
-40
-51
-47
-47
-50
-56
-62
-57
-59
-61
-63
-74
-75
-81
-73
-76
-85
-82
-75
-84
-90
-76
-91
-84
-96
-87
-73
-80
-90
-87
-85
-93
-87
-89
-87
-96
-97
-102
-94
-97
-106
-111
-106
-111
-121
-121
-133
-124
-126
-126
-124
-133
-121
-136
-134
-136
-136
-130
-145
-134
-151
-140
-129
-140
-144
-136
-140
-138
-143
-141
-147
-140
-136
-133
-124
-139
-132
-138
-130
-135
-130
-124
-120
-115
-113
-116
-112
-108
-115
-107
-103
-106
-112
-99
-103
-100
-98
-91
-88
-92
-96
-80
-82
-87
-85
-84
-86
-80
-72
-69
-68
-64
-63
-69
-58
-51
-49
-49
-46
-47
-38
-35
-45
-42
-42
-34
-31
-31
-32
-25
-18
-29
-14
-15
-20
-9
1
-8
0
4
8
14
11
21
26
35
30
38
38
45
50
47
54
48
50
60
71
63
66
72
78
84
87
92
89
100
101
115
116
115
118
117
130
123
132
130
132
144
139
140
137
151
149
153
156
147
154
154
157
154
161
150
159
157
160
175
167
162
173
175
174
172
173
176
173
181
172
176
168
173
183
178
179
180
183
191
178
175
176
184
181
170
182
170
181
186
181
176
170
179
183
172
171
177
181
180
170
174
174
173
167
166
161
166
176
168
171
164
160
169
159
165
166
166
178
171
157
159
154
155
154
156
156
159
144
138
144
136
139
135
125
127
120
111
116
115
113
102
101
98
100
95
85
79
73
74
73
71
66
53
56
50
53
56
45
43
40
49
45
38
41
30
20
23
15
13
-4
-5
0
2
-8
-20
-16
-21
-19
-28
-39
-42
-48
-51
-58
-64
-73
-76
-80
-78
-75
-88
-93
-105
-109
-99
-101
-106
-99
-102
-104
-108
-108
-103
-105
-108
-106
-114
-113
-115
-114
-112
-118
-121
-114
-119
-128
-124
-123
-133
-136
-136
-140
-144
-139
-145
-140
-136
-137
-149
-140
-139
-140
-140
-151
-148
-148
-146
-149
-146
-147
-146
-148
-147
-145
-138
-139
-144
-145
-149
-143
-144
-138
-133
-132
-136
-143
-132
-132
-139
-138
-142
-140
-135
-133
-145
-141
-144
-132
-144
-142
-147
-144
-141
-135
-141
-156
-144
-143
-134
-140
-138
-136
-123
-126
-133
-122
-118
-117
-107
-102
-102
-100
-86
-80
-80
-70
-73
-72
-68
-54
-55
-64
-52
-59
-50
-39
-43
-40
-45
-35
-37
-29
-26
-34
-26
-8
-13
-22
-14
-9
0
10
3
2
0
13
21
13
15
20
35
31
29
35
31
44
35
39
45
43
55
56
58
60
67
75
78
75
85
86
88
95
98
91
95
96
88
90
93
103
94
96
89
99
102
104
104
111
121
126
118
111
121
130
135
135
140
142
141
145
151
145
150
146
150
157
143
151
167
161
157
165
165
172
164
165
169
174
172
164
165
169
175
160
164
160
165
161
169
167
163
177
174
171
164
172
175
180
168
172
172
166
180
171
177
163
171
170
167
173
167
165
165
163
157
162
158
151
145
152
151
136
132
135
132
130
121
129
122
114
113
107
99
98
98
89
95
89
77
89
80
77
75
70
82
77
61
61
58
55
51
36
38
36
42
43
33
32
18
20
10
-1
2
-8
-16
-14
-19
-22
-28
-34
-27
-29
-40
-47
-43
-51
-51
-54
-51
-56
-58
-64
-71
-76
-78
-81
-77
-83
-88
-84
-99
-89
-101
-100
-103
-116
-108
-117
-121
-119
-124
-127
-137
-151
-140
-138
-147
-153
-150
-142
-155
-154
-153
-159
-170
-170
-169
-167
-174
-179
-176
-170
-171
-171
-174
-171
-182
-177
-170
-168
-164
-170
-172
-171
-171
-175
-170
-173
-178
-165
-166
-161
-161
-168
-160
-170
-170
-177
-167
-171
-174
-169
-170
-169
-172
-167
-160
-171
-168
-155
-158
-155
-162
-160
-157
-161
-159
-156
-155
-155
-155
-148
-146
-144
-145
-145
-140
-135
-141
-140
-132
-133
-123
-134
-135
-133
-121
-123
-124
-117
-123
-113
-114
-113
-110
-110
-104
-97
-105
-112
-101
-104
-97
-98
-94
-94
-97
-92
-87
-76
-77
-71
-62
-57
-54
-48
-48
-47
-36
-31
-31
-28
-20
-23
-24
-12
-9
-8
1
3
3
6
12
12
11
17
27
29
25
27
31
35
35
46
43
41
53
56
59
62
60
71
69
76
68
75
88
91
92
93
93
95
106
110
111
116
126
127
128
124
125
125
135
133
134
127
135
138
133
140
133
143
137
139
134
137
138
141
140
128
136
137
135
141
137
135
135
146
146
138
150
151
148
157
159
162
165
158
163
166
168
165
167
170
174
165
170
173
172
163
167
168
160
168
158
167
159
158
161
156
160
166
158
150
153
155
163
158
151
146
146
142
139
143
142
129
132
147
142
133
129
120
118
107
105
103
94
94
101
95
93
86
87
88
71
77
76
72
66
65
60
49
46
43
45
46
23
22
19
23
15
5
4
7
5
-5
-5
-5
-3
-10
-5
-16
-17
-11
-15
-20
-22
-24
-19
-38
-41
-42
-45
-51
-58
-57
-58
-67
-61
-85
-81
-79
-81
-80
-107
-93
-94
-99
-107
-110
-106
-109
-120
-110
-110
-112
-100
-114
-116
-126
-120
-112
-121
-121
-125
-123
-128
-132
-137
-143
-135
-135
-137
-141
-134
-127
-136
-131
-136
-128
-132
-141
-142
-143
-137
-140
-144
-141
-141
-148
-134
-133
-141
-140
-143
-141
-146
-147
-148
-143
-152
-159
-154
-160
-157
-155
-146
-154
-157
-155
-159
-149
-158
-153
-150
-150
-141
-146
-141
-137
-147
-147
-137
-141
-136
-132
-134
-122
-130
-129
-129
-123
-121
-128
-114
-125
-118
-115
-115
-118
-113
-105
-105
-101
-97
-93
-90
-88
-77
-78
-85
-77
-70
-63
-70
-65
-53
-57
-34
-37
-29
-33
-34
-25
-34
-31
-25
-12
-19
-4
-14
-13
-11
-8
-2
4
20
12
6
15
14
9
17
13
20
26
31
37
26
41
47
46
46
47
61
59
66
70
74
77
78
85
93
100
97
99
104
103
105
109
111
117
123
119
123
129
130
133
128
130
135
137
126
135
143
138
150
142
143
150
156
158
164
156
160
157
168
165
164
169
161
172
166
168
169
170
164
170
175
167
178
182
178
178
182
185
177
190
182
181
179
176
181
184
184
182
181
176
179
180
174
175
179
178
172
164
180
172
176
176
181
173
166
175
167
166
167
164
166
170
163
163
168
155
161
149
150
164
137
134
141
141
130
138
136
120
114
123
120
118
107
98
107
102
95
93
94
90
82
73
81
78
74
75
60
62
59
53
39
34
31
32
22
28
21
20
27
20
15
9
10
7
7
0
-7
-16
-14
-11
-19
-24
-27
-23
-24
-37
-40
-45
-46
-56
-53
-63
-61
-74
-74
-79
-80
-83
-89
-85
-92
-84
-101
-100
-103
-102
-103
-109
-106
-115
-104
-107
-112
-115
-115
-121
-112
-112
-124
-120
-128
-122
-125
-134
-141
-130
-129
-131
-138
-133
-133
-139
-139
-144
-143
-145
-146
-141
-141
-145
-141
-139
-146
-151
-149
-146
-144
-157
-150
-154
-150
-151
-156
-147
-155
-154
-161
-151
-138
-142
-146
-137
-144
-143
-134
-149
-138
-143
-138
-140
-131
-132
-127
-128
-133
-129
-131
-124
-131
-122
-130
-130
-125
-121
-128
-124
-123
-129
-110
-115
-115
-114
-113
-106
-112
-101
-95
-95
-89
-97
-87
-87
-84
-73
-76
-75
-73
-61
-67
-66
-62
-69
-63
-56
-52
-49
-52
-39
-40
-31
-27
-28
-28
-24
-4
-16
-15
-1
-10
-9
-3
-1
0
4
16
19
22
24
30
41
51
51
55
58
64
66
67
74
77
73
81
93
92
83
87
101
99
101
105
105
104
105
118
117
115
118
124
134
126
136
139
148
140
146
147
145
148
142
146
155
153
166
166
160
171
164
174
158
156
160
170
166
163
170
173
180
180
180
186
194
200
204
188
190
194
198
198
201
198
203
207
203
200
206
202
204
214
204
200
213
207
195
191
202
205
192
200
197
193
199
194
192
196
190
191
195
203
201
199
201
199
182
192
179
178
189
170
169
176
168
164
163
167
163
154
156
144
139
136
150
143
136
136
121
118
119
104
112
107
110
104
99
87
87
72
69
83
82
74
61
66
68
53
42
44
40
40
40
34
24
31
23
17
9
-2
-1
-3
-8
-14
-7
-15
-12
-8
-27
-32
-35
-30
-41
-51
-50
-47
-50
-57
-65
-66
-66
-72
-71
-70
-67
-80
-84
-93
-97
-91
-92
-94
-86
-103
-97
-95
-110
-100
-111
-107
-104
-111
-103
-119
-109
-115
-118
-114
-126
-115
-123
-125
-141
-144
-143
-143
-134
-144
-147
-144
-145
-154
-150
-140
-141
-146
-149
-143
-150
-153
-148
-156
-150
-148
-150
-150
-154
-148
-149
-141
-151
-143
-150
-146
-145
-139
-136
-139
-136
-141
-131
-135
-133
-142
-142
-144
-139
-138
-142
-133
-137
-134
-135
-132
-126
-128
-125
-127
-122
-122
-124
-118
-109
-117
-121
-108
-117
-118
-104
-104
-94
-92
-92
-91
-92
-90
-97
-83
-91
-79
-72
-83
-61
-63
-67
-69
-58
-54
-54
-36
-39
-48
-45
-44
-34
-35
-38
-33
-33
-27
-24
-24
-20
-18
-1
3
5
14
9
19
18
24
28
27
39
33
34
26
44
43
40
47
51
57
61
62
57
75
75
87
85
85
87
95
101
94
92
96
103
111
110
118
117
120
123
125
125
137
139
139
144
139
148
164
157
153
152
155
158
165
162
155
160
159
172
163
173
178
173
180
181
185
175
177
176
175
178
180
178
178
173
178
176
166
171
171
169
176
175
172
171
168
168
161
170
175
174
175
169
180
174
169
172
177
177
173
177
169
173
169
172
169
167
167
160
163
166
159
148
158
152
150
153
146
142
148
148
140
150
143
135
133
130
124
119
124
109
118
109
104
112
95
99
95
97
96
83
84
85
88
78
76
83
73
83
74
62
61
50
53
45
43
42
30
27
23
27
22
12
13
1
5
-2
-15
-18
-31
-29
-41
-37
-48
-52
-53
-51
-61
-58
-54
-60
-55
-72
-82
-82
-83
-86
-85
-85
-94
-88
-88
-103
-104
-100
-114
-100
-102
-109
-112
-124
-113
-113
-114
-125
-128
-124
-120
-112
-124
-134
-125
-125
-121
-129
-130
-131
-125
-134
-142
-136
-138
-136
-139
-137
-144
-141
-131
-130
-137
-138
-142
-144
-137
-138
-145
-137
-131
-139
-136
-137
-135
-135
-134
-139
-144
-141
-146
-152
-131
-134
-146
-141
-144
-143
-145
-150
-143
-144
-152
-148
-141
-145
-148
-142
-144
-133
-136
-137
-137
-136
-132
-134
-133
-137
-133
-132
-130
-137
-128
-111
-120
-121
-116
-117
-110
-113
-112
-111
-104
-100
-108
-107
-104
-97
-85
-81
-89
-78
-72
-83
-66
-69
-64
-63
-52
-48
-48
-39
-41
-42
-23
-28
-29
-10
-17
-9
-7
-8
-6
11
10
9
18
16
18
20
25
33
40
43
41
46
48
46
52
56
52
57
69
60
66
65
71
74
76
67
81
91
90
95
95
97
96
103
98
99
102
106
113
119
120
119
115
124
131
127
135
131
132
141
137
141
148
152
148
144
148
153
150
150
153
155
152
148
146
151
160
164
160
170
170
161
163
170
169
167
160
167
162
156
168
161
168
160
165
170
175
171
175
179
173
172
168
166
165
173
168
168
171
172
168
167
167
166
167
160
163
158
152
165
164
154
160
156
151
136
140
145
137
139
136
131
131
128
122
125
114
107
103
110
112
110
95
94
94
84
83
76
68
80
67
71
73
54
57
52
57
56
43
33
42
43
39
24
19
18
14
10
10
10
9
-1
-14
-10
-15
-20
-14
-16
-29
-36
-37
-33
-35
-38
-45
-49
-56
-61
-58
-57
-68
-67
-69
-77
-70
-84
-84
-90
-92
-106
