SAMPLES:	7294
BITSPERSAMPLE:	16
CHANNELS:	1
SAMPLERATE:	16000
NORMALIZED:	FALSE
-259
-253
-250
-251
-246
-248
-250
-248
-252
-263
-271
-271
-277
-271
-279
-284
-289
-295
-295
-295
-286
-292
-290
-290
-293
-288
-289
-291
-282
-279
-274
-275
-279
-275
-278
-280
-284
-276
-288
-287
-287
-294
-283
-278
-264
-272
-264
-265
-274
-271
-271
-264
-279
-267
-262
-263
-263
-257
-262
-264
-251
-251
-254
-265
-266
-261
-266
-260
-262
-260
-262
-268
-272
-267
-263
-272
-273
-273
-274
-272
-279
-283
-284
-290
-282
-290
-292
-299
-308
-294
-302
-310
-304
-298
-304
-303
-292
-294
-277
-281
-283
-282
-290
-282
-282
-270
-273
-266
-266
-264
-265
-276
-273
-264
-260
-256
-250
-243
-239
-239
-224
-233
-236
-228
-222
-221
-225
-218
-211
-206
-198
-205
-205
-215
-218
-222
-220
-216
-222
-225
-215
-221
-230
-227
-222
-216
-218
-203
-210
-218
-213
-212
-204
-200
-196
-200
-202
-193
-187
-185
-186
-179
-180
-184
-183
-172
-163
-172
-176
-178
-177
-172
-171
-176
-186
-191
-194
-197
-196
-210
-205
-204
-216
-212
-217
-226
-224
-239
-238
-253
-265
-258
-268
-274
-291
-291
-294
-300
-295
-294
-295
-300
-295
-289
-297
-295
-294
-305
-299
-299
-310
-312
-309
-318
-320
-337
-332
-322
-337
-343
-344
-356
-351
-354
-366
-355
-353
-357
-360
-358
-369
-361
-354
-359
-354
-352
-349
-359
-361
-358
-349
-351
-352
-355
-353
-358
-363
-360
-359
-361
-356
-354
-345
-343
-353
-349
-355
-343
-339
-345
-343
-349
-355
-365
-374
-373
-377
-391
-386
-389
-399
-398
-397
-398
-402
-410
-413
-419
-417
-411
-414
-416
-408
-412
-405
-405
-407
-413
-408
-408
-409
-408
-409
-409
-417
-423
-421
-416
-422
-418
-410
-412
-414
-404
-407
-420
-400
-395
-395
-394
-404
-395
-405
-394
-388
-389
-376
-378
-373
-382
-370
-365
-371
-364
-362
-360
-362
-356
-343
-341
-334
-325
-328
-327
-328
-321
-311
-328
-314
-319
-320
-307
-316
-317
-304
-307
-298
-291
-295
-282
-291
-285
-281
-279
-276
-276
-276
-279
-272
-269
-270
-272
-258
-255
-257
-257
-257
-260
-258
-264
-265
-250
-247
-251
-244
-248
-245
-243
-247
-251
-243
-237
-236
-227
-233
-230
-215
-205
-197
-190
-193
-185
-182
-187
-182
-172
-173
-172
-165
-170
-167
-175
-174
-172
-182
-180
-179
-167
-169
-168
-165
-167
-159
-168
-163
-150
-158
-154
-146
-152
-148
-145
-129
-127
-129
-128
-130
-128
-132
-123
-128
-120
-113
-122
-117
-113
-118
-114
-113
-106
-101
-106
-100
-97
-87
-94
-100
-97
-95
-97
-93
-89
-91
-93
-83
-79
-84
-76
-70
-68
-71
-68
-73
-62
-75
-65
-60
-65
-55
-67
-63
-69
-72
-72
-79
-91
-90
-81
-80
-80
-81
-91
-96
-101
-103
-99
-101
-107
-106
-99
-104
-98
-98
-106
-117
-116
-116
-117
-119
-122
-124
-121
-123
-128
-142
-145
-141
-145
-141
-148
-148
-152
-156
-158
-160
-161
-163
-152
-161
-160
-152
-153
-146
-137
-143
-142
-144
-148
-149
-150
-149
-151
-135
-130
-132
-124
-118
-115
-113
-104
-99
-102
-96
-108
-111
-103
-101
-102
-104
-96
-109
-93
-87
-84
-66
-79
-76
-83
-83
-68
-68
-70
-58
-53
-52
-46
-49
-46
-52
-54
-52
-49
-46
-45
-31
-43
-38
-33
-35
-31
-30
-24
-36
-21
-23
-28
-11
-21
-27
-31
-30
-31
-17
-17
-26
-23
-17
-30
-33
-32
-40
-46
-47
-50
-47
-51
-51
-49
-40
-36
-41
-39
-48
-34
-27
-28
-28
-28
-37
-27
-29
-34
-38
-42
-49
-47
-38
-45
-27
-37
-28
-24
-21
-15
-17
-10
-10
-10
-8
-4
-8
-2
2
2
9
-2
-3
-3
9
13
9
16
16
17
29
28
22
22
26
30
30
18
25
19
13
20
7
6
5
9
-3
-10
-8
-11
-12
-26
-24
-17
-23
-29
-34
-30
-32
-36
-34
-43
-40
-43
-38
-33
-37
-24
-39
-27
-24
-32
-32
-28
-35
-33
-25
-26
-22
-21
-19
-12
-11
2
-3
12
14
16
15
19
23
21
25
13
19
27
26
19
31
30
34
32
42
40
31
34
33
38
41
44
37
46
59
56
45
48
40
43
39
41
45
40
45
43
45
43
45
37
47
42
41
45
48
41
48
58
54
55
54
52
39
50
49
52
58
47
53
52
44
49
45
37
53
53
53
55
54
67
68
68
76
75
74
69
71
67
71
74
71
70
67
75
75
82
81
74
76
84
85
78
84
80
83
85
87
80
73
75
68
76
79
89
80
84
76
78
85
69
65
66
70
78
68
62
61
52
50
50
58
50
49
45
42
43
43
40
43
41
35
27
21
25
28
21
11
17
12
-2
6
-2
-7
-9
-16
-18
-20
-27
-27
-28
-34
-37
-50
-44
-55
-62
-64
-68
-61
-68
-77
-94
-100
-100
-103
-107
-109
-113
-117
-114
-119
-130
-126
-127
-129
-137
-136
-134
-134
-142
-138
-142
-145
-142
-142
-140
-141
-133
-131
-120
-116
-114
-114
-119
-103
-103
-112
-104
-100
-103
-94
-88
-82
-76
-70
-59
-53
-47
-38
-29
-23
-27
-22
-15
-15
-11
-11
-3
-7
7
15
11
20
23
29
37
39
45
44
42
49
50
55
57
60
61
64
63
66
84
77
86
89
87
97
94
90
98
101
97
115
118
107
105
105
114
110
107
106
95
108
105
109
115
112
123
123
127
122
108
117
112
106
111
110
106
106
110
105
109
102
110
115
120
106
112
106
96
120
118
119
119
118
118
116
123
129
123
123
128
127
128
131
117
117
119
117
109
99
104
105
102
101
108
101
110
101
97
101
94
98
96
102
89
88
91
90
86
86
95
89
90
92
83
83
85
74
74
73
72
72
62
57
66
55
56
51
51
53
51
56
51
47
41
50
57
50
49
64
58
57
54
49
53
55
60
58
57
60
60
60
68
72
87
80
80
97
93
100
106
111
120
119
108
117
114
117
124
121
132
131
137
140
150
155
154
159
146
154
158
153
162
160
153
156
152
153
155
150
150
151
155
159
166
165
170
175
186
183
180
202
198
173
179
183
177
175
169
171
163
167
164
164
157
153
156
153
150
153
160
163
163
162
165
175
176
173
176
175
185
181
175
173
170
173
175
176
170
162
149
153
147
151
156
155
154
150
151
150
144
139
141
142
147
137
146
146
145
146
131
133
138
134
122
121
120
114
106
116
119
118
117
115
116
114
117
109
116
106
109
109
104
103
104
104
106
105
116
115
108
107
112
112
107
106
110
113
114
115
119
110
116
110
102
87
91
96
82
83
75
77
78
84
88
82
73
72
80
81
80
71
82
76
73
85
82
88
83
84
67
76
65
64
63
49
52
47
49
51
47
41
46
45
49
52
42
41
49
58
49
39
46
43
48
41
37
42
38
37
42
42
48
45
38
39
34
41
45
41
41
50
46
45
51
57
61
54
58
58
52
60
57
55
54
57
55
52
48
44
46
53
47
42
47
42
39
39
34
26
35
46
44
36
44
46
49
55
51
58
62
66
60
81
81
81
100
97
110
112
109
125
132
129
126
123
127
133
138
131
125
131
141
133
138
146
151
148
143
146
144
159
163
167
166
182
180
179
186
192
195
194
196
201
202
220
216
211
220
219
216
214
213
224
225
223
236
228
228
227
217
213
219
220
221
217
229
228
231
217
206
204
191
200
200
196
203
200
190
195
192
189
204
196
190
204
200
191
192
192
197
192
192
194
188
196
188
187
190
190
190
184
181
181
179
162
163
165
164
164
157
169
159
158
161
159
168
170
164
178
171
156
171
177
174
169
176
178
172
176
174
172
170
160
170
170
166
160
155
158
145
145
150
155
153
155
153
145
151
137
138
136
127
127
115
109
99
102
100
84
86
89
91
76
74
78
76
70
57
57
58
62
60
60
46
56
52
37
40
33
38
38
41
37
29
38
35
38
41
41
39
41
48
46
60
60
59
54
46
68
77
80
82
83
83
70
70
60
43
25
40
36
52
67
123
246
303
276
214
235
217
133
141
229
312
284
285
376
650
1041
1008
439
-25
263
392
8
49
766
1113
844
863
965
589
-2
-36
308
562
640
680
815
602
166
-257
-138
327
312
118
359
495
291
-128
-21
56
62
-11
-124
42
-23
-286
-404
-145
-160
-342
-79
266
7
-328
-359
-182
-195
-389
-296
-65
104
-96
-222
209
337
109
33
185
269
119
38
234
425
492
473
545
687
459
255
306
251
-15
-5
266
209
-92
-80
107
-136
-317
-349
-432
-653
-775
-756
-788
-865
-875
-797
-847
-1115
-1248
-1142
-1213
-1484
-1472
-1317
-1472
-1645
-1398
-1172
-1261
-1233
-1130
-1142
-1286
-1265
-1185
-1153
-1129
-1036
-757
-470
-357
-249
-41
57
-17
-50
14
-39
-137
-66
51
108
197
347
405
330
303
251
141
18
-6
4
81
122
141
192
221
173
222
293
183
32
-25
-58
-234
-293
-167
-10
124
223
322
279
203
84
-140
-340
-489
-536
-625
-706
-675
-682
-846
-1109
-1299
-1635
-2021
-2314
-2651
-2947
-3126
-2988
-2831
-2561
-2170
-2038
-1857
-1775
-1641
-1510
-1356
-1265
-1255
-1024
-656
-411
-3
372
695
1078
1290
1432
1340
1295
1302
1177
1124
1068
1071
1086
1076
1042
925
848
841
672
524
334
74
-54
-60
-3
-59
-46
152
177
241
369
478
571
487
549
584
743
872
964
1137
1233
1312
1354
1358
1255
992
751
613
270
-61
-275
-594
-950
-1271
-1521
-1766
-2177
-2460
-2945
-2871
-2279
-2379
-2310
-2397
-2265
-1959
-1677
-1145
-1182
-1042
-623
-621
-178
-124
-15
595
1021
1534
1258
1470
1837
1861
1971
1966
2003
1810
1726
1732
1413
1204
1381
1341
1194
863
500
511
501
428
102
-128
4
-253
-251
-188
-60
25
29
277
360
489
771
982
1107
1303
1348
1542
1620
1774
1773
1719
1886
1776
1661
1510
1328
1110
807
476
59
-395
-601
-929
-1473
-1765
-2157
-2619
-3164
-2764
-2319
-2553
-2327
-2364
-2188
-1858
-1467
-1118
-1283
-805
-551
-510
-31
-170
223
648
1282
1529
1248
1778
2062
2230
2249
2326
2372
2226
2233
2052
1675
1714
1762
1558
1347
1029
892
882
848
637
113
172
97
-63
-267
-355
-249
-484
-351
-297
-244
45
354
571
731
989
1235
1334
1559
1642
1547
1523
1530
1364
1146
1064
1027
834
573
356
-24
-328
-698
-1223
-1673
-2138
-2629
-3048
-2702
-2494
-2625
-2525
-2444
-2102
-1808
-1341
-1132
-1114
-736
-660
-472
-340
-316
74
374
878
875
939
1447
1921
2185
2172
2288
2384
2299
2146
1896
1694
1686
1527
1259
982
843
953
972
941
678
441
454
352
187
-128
-117
-175
-344
-423
-340
-155
40
336
552
813
1033
1269
1446
1480
1486
1340
1293
1147
928
722
644
612
274
14
-153
-390
-751
-1196
-1579
-2066
-2374
-2155
-2345
-2388
-2381
-2420
-2074
-1944
-1458
-1491
-1273
-722
-833
-485
-427
-189
57
113
647
397
659
986
1287
1599
1554
1847
1914
2078
2158
1907
1925
1886
1647
1403
1092
1083
962
875
840
549
581
628
573
481
252
366
133
49
-13
-128
-87
-39
64
190
308
584
783
1025
1277
1271
1336
1351
1298
1116
874
825
467
100
-202
-499
-720
-1164
-1480
-1843
-2142
-2043
-1919
-2018
-1982
-2112
-1999
-1887
-1646
-1472
-1673
-1307
-1243
-1198
-929
-854
-397
-321
145
322
261
745
953
1335
1306
1404
1526
1523
1759
1605
1504
1598
1507
1363
1120
1115
1190
1071
1049
846
720
781
729
678
448
449
313
123
95
68
84
63
158
165
241
371
611
767
919
1010
972
1080
1046
981
745
658
481
62
-224
-559
-800
-1186
-1579
-1894
-2257
-2218
-2012
-2076
-1971
-2056
-1930
-1776
-1607
-1275
-1518
-1262
-1192
-1248
-1001
-1036
-583
-561
-216
52
-22
487
683
1170
1155
1222
1414
1342
1587
1495
1445
1428
1324
1209
970
989
1088
993
970
841
796
827
859
955
697
712
536
377
341
265
334
130
220
185
227
370
520
786
840
1053
1031
1089
1137
1089
963
743
603
220
-49
-305
-617
-1010
-1420
-1773
-2144
-2340
-2142
-2123
-2128
-2062
-2088
-1790
-1648
-1240
-1270
-1346
-1043
-1227
-958
-1017
-792
-603
-604
-189
-381
1
307
703
978
856
1145
1094
1348
1426
1274
1268
1154
1111
861
729
819
775
708
585
465
559
626
789
660
605
601
442
516
453
475
279
213
214
133
226
276
475
484
598
644
699
855
884
853
616
526
251
-24
-274
-613
-989
-1503
-1856
-2279
-2453
-2292
-2366
-2347
-2399
-2294
-1988
-1752
-1289
-1321
-1188
-965
-979
-744
-844
-593
-584
-577
-404
-629
-327
-110
328
479
481
827
921
1344
1415
1385
1387
1261
1230
911
772
751
617
471
219
155
212
326
519
377
435
469
474
617
571
646
434
422
371
246
302
239
396
300
353
416
479
701
714
728
611
576
429
215
25
-270
-665
-1140
-1545
-1976
-2081
-2075
-2234
-2313
-2428
-2245
-2046
-1731
-1380
-1353
-1070
-943
-765
-600
-579
-336
-448
-343
-420
-517
-297
-148
181
115
224
447
672
1059
1128
1258
1310
1402
1397
1186
1179
1105
1000
755
467
337
288
367
341
210
219
247
345
463
551
577
532
544
531
507
484
475
426
323
256
238
284
365
344
247
221
195
157
76
-55
-230
-518
-802
-1176
-1504
-1547
-1663
-1864
-2056
-2201
-2085
-1954
-1650
-1512
-1480
-1180
-1078
-820
-722
-559
-382
-431
-278
-478
-464
-349
-188
-47
-217
-74
14
315
571
593
704
783
954
935
929
1043
1090
1035
802
582
504
520
529
329
172
117
127
158
197
296
273
373
411
432
479
505
594
471
437
297
275
328
268
172
-34
-29
-133
-211
-322
-471
-561
-814
-1023
-1345
-1518
-1465
-1561
-1698
-1861
-1967
-1858
-1720
-1511
-1500
-1480
-1212
-1161
-947
-880
-725
-542
-522
-362
-535
-394
-224
-48
11
-159
24
75
348
481
474
606
683
847
761
811
938
979
948
740
618
620
668
638
427
282
263
211
252
244
278
268
273
346
324
454
530
600
578
531
528
499
603
535
426
306
266
165
42
-26
-188
-351
-583
-813
-1078
-1264
-1319
-1339
-1518
-1604
-1721
-1710
-1505
-1420
-1292
-1404
-1183
-1095
-1026
-794
-824
-544
-607
-484
-546
-601
-311
-291
-106
-270
-128
25
159
441
377
550
626
794
801
804
979
998
1038
877
783
756
797
826
692
574
521
478
447
440
449
477
477
499
478
546
632
683
675
606
595
577
639
608
526
434
397
339
209
135
-2
-128
-346
-548
-796
-1002
-1177
-1244
-1271
-1453
-1465
-1644
-1497
-1369
-1290
-1181
-1285
-962
-982
-773
-742
-710
-444
-555
-334
-535
-378
-239
-190
-46
-232
39
68
351
435
427
620
654
870
802
898
978
1045
1038
874
854
798
849
755
598
543
503
502
478
446
474
460
520
536
541
649
656
759
681
708
663
698
770
654
638
497
509
389
317
230
75
10
-225
-350
-567
-722
-950
-1144
-1155
-1287
-1320
-1461
-1439
-1349
-1309
-1193
-1252
-1143
-985
-902
-791
-797
-642
-582
-551
-489
-532
-373
-325
-220
-201
-178
2
73
278
279
380
474
588
725
677
778
817
914
857
783
765
730
735
586
462
439
399
354
315
292
324
341
418
411
459
544
555
627
608
655
612
613
633
517
483
415
378
241
142
28
-112
-216
-370
-498
-661
-789
-1023
-1207
-1250
-1282
-1390
-1470
-1519
-1496
-1430
-1366
-1284
-1313
-1094
-1050
-955
-875
-794
-591
-649
-450
-537
-442
-324
-246
-108
-191
52
37
232
311
344
490
499
677
582
685
749
790
796
689
677
600
640
569
442
400
390
331
282
278
326
342
399
424
411
526
555
613
605
674
683
649
671
607
592
449
438
300
189
109
-57
-124
-299
-372
-561
-660
-810
-1032
-1207
-1252
-1251
-1441
-1482
-1619
-1551
-1535
-1470
-1416
-1444
-1175
-1171
-998
-950
-783
-609
-592
-348
-435
-275
-192
-44
23
-14
182
142
341
369
405
491
552
685
626
698
741
817
807
734
688
637
663
602
452
403
385
305
265
236
278
242
311
345
352
467
501
603
600
705
691
667
720
660
625
501
494
333
219
107
-27
-114
-272
-356
-543
-617
-785
-981
-1149
-1265
-1253
-1420
-1474
-1581
-1624
-1573
-1546
-1461
-1481
-1333
-1203
-1121
-956
-856
-639
-525
-345
-242
-233
-19
44
163
166
223
284
314
459
414
495
555
643
662
644
753
786
843
780
720
688
698
695
593
518
503
444
398
373
370
405
405
469
464
520
585
615
670
667
709
674
690
645
563
485
406
319
179
102
-10
-74
-217
-336
-473
-597
-702
-899
-1071
-1274
-1408
-1522
-1574
-1654
-1741
-1798
-1780
-1684
-1614
-1487
-1454
-1267
-1147
-981
-814
-692
-419
-367
-182
-216
-112
-7
26
135
23
146
128
233
265
290
419
443
546
511
576
628
685
662
592
563
559
544
505
423
363
399
325
322
276
313
339
334
394
392
490
507
588
594
577
595
553
551
454
379
263
195
100
-20
-124
-250
-334
-477
-597
-717
-813
-936
-1075
-1239
-1420
-1551
-1597
-1630
-1714
-1744
-1816
-1695
-1618
-1506
-1437
-1388
-1104
-1046
-827
-737
-547
-338
-273
-99
-178
0
48
161
178
112
217
174
315
285
358
411
457
525
489
582
645
714
692
647
638
648
662
642
543
522
468
405
380
344
405
333
395
366
394
468
490
588
521
581
515
508
494
408
358
231
184
20
-66
-148
-248
-354
-515
-608
-732
-809
-943
-1028
-1141
-1265
-1406
-1503
-1434
-1496
-1508
-1607
-1584
-1475
-1401
-1256
-1274
-1072
-926
-786
-643
-558
-286
-241
-92
-81
-67
66
86
206
117
169
182
218
303
303
388
407
506
527
543
652
714
754
719
679
699
694
683
611
522
503
409
379
293
289
262
235
287
238
329
321
393
376
369
386
327
359
275
248
120
52
-44
-179
-247
-370
-418
-555
-599
-666
-712
-734
-816
-861
-970
-1035
-1196
-1247
-1211
-1307
-1352
-1470
-1444
-1367
-1308
-1182
-1192
-986
-861
-723
-573
-457
-186
-170
-12
23
31
146
149
246
144
198
207
242
342
309
424
446
565
589
611
733
800
837
797
761
741
725
688
590
484
466
381
322
276
277
248
224
253
232
296
319
351
325
320
300
252
234
165
100
-20
-79
-173
-255
-312
-363
-411
-468
-492
-532
-525
-548
-601
-673
-743
-843
-1014
-1151
-1132
-1185
-1297
-1351
-1427
-1318
-1247
-1096
-1025
-953
-708
-643
-431
-348
-151
-13
11
150
51
186
216
288
273
226
323
299
455
457
522
573
641
723
688
759
824
837
797
743
678
681
628
589
438
432
389
274
283
212
262
166
210
204
178
225
197
235
166
191
132
102
108
21
-33
-99
-112
-204
-235
-230
-250
-285
-316
-316
-348
-349
-403
-467
-530
-614
-743
-907
-1035
-1021
-1134
-1233
-1280
-1357
-1235
-1213
-1064
-1043
-921
-691
-673
-442
-400
-167
-97
-43
80
-7
183
182
296
243
246
330
312
450
416
485
529
617
645
628
727
805
813
805
767
738
767
710
670
503
519
415
340
305
206
244
111
164
91
103
151
148
208
153
231
170
219
207
136
118
82
72
-20
-19
-33
-23
-22
-36
-47
-42
-34
-85
-167
-261
-346
-527
-664
-838
-957
-981
-1092
-1113
-1228
-1181
-1086
-1013
-848
-820
-636
-498
-346
-191
-140
63
108
186
206
178
278
272
335
273
274
326
365
458
462
566
644
716
784
825
914
998
1004
977
926
913
831
748
643
508
465
295
276
193
184
169
130
211
162
261
258
308
325
286
345
268
301
224
187
164
121
113
47
75
55
67
39
14
35
20
-23
-103
-182
-260
-402
-550
-697
-887
-994
-1036
-1111
-1147
-1199
-1120
-1028
-898
-759
-701
-519
-385
-231
-117
-49
122
142
217
199
189
250
258
318
263
338
393
463
561
619
737
821
923
966
989
1040
1062
1022
952
850
790
665
576
452
322
286
173
168
101
131
133
143
228
211
303
296
374
344
331
378
326
340
266
244
209
186
183
124
154
176
183
188
188
202
175
121
58
-40
-129
-249
-389
-532
-694
-875
-932
-942
-1002
-1000
-1020
-894
-799
-653
-543
-474
-258
-192
-51
-17
96
218
192
302
249
331
357
415
466
461
595
611
701
754
837
916
957
982
972
965
985
935
850
766
638
601
465
425
304
259
220
152
183
156
242
227
291
304
319
373
370
404
358
386
366
335
322
281
272
252
223
185
183
202
202
191
204
214
192
128
53
-15
-106
-207
-329
-448
-580
-696
-860
-931
-921
-991
-973
-1012
-911
-831
-725
-574
-539
-343
-256
-128
-33
58
225
201
308
305
344
398
397
453
425
506
530
586
664
718
762
803
831
840
838
853
863
797
769
680
630
545
507
430
350
351
295
310
273
341
364
377
426
418
494
491
502
449
430
432
356
328
282
292
260
229
238
241
270
287
293
290
295
265
227
174
120
34
-70
-179
-294
-401
-515
-607
-736
-768
-756
-777
-735
-718
-648
-571
-447
-324
-276
-134
-54
-3
60
114
202
200
234
234
215
261
299
357
375
442
510
571
679
746
828
897
947
974
982
986
997
943
901
824
748
709
655
631
570
576
535
515
517
516
530
514
519
494
492
477
452
408
364
357
315
284
285
287
260
260
263
251
276
280
284
298
295
282
248
217
175
107
27
-39
-115
-186
-259
-358
-437
-524
-556
-561
-564
-560
-570
-546
-510
-438
-406
-364
-298
-250
-194
-155
-107
-46
-6
49
73
120
205
262
344
424
511
594
672
762
837
901
949
962
987
993
982
950
905
853
789
734
676
637
585
538
499
463
450
421
406
387
374
356
330
346
331
293
267
245
243
210
195
180
172
178
169
177
204
221
224
207
209
216
195
185
158
125
68
8
-48
-125
-192
-277
-351
-447
-521
-620
-693
-728
-778
-795
-819
-799
-770
-720
-652
-600
-515
-430
-335
-252
-141
-18
66
164
219
304
361
423
487
517
562
587
636
678
748
779
809
836
859
880
883
878
857
827
772
743
683
652
591
539
501
454
432
394
394
383
347
336
318
314
286
270
245
230
217
210
207
183
191
177
165
148
140
143
143
120
101
104
92
79
62
60
28
-4
-35
-69
-135
-205
-279
-359
-437
-508
-573
-648
-678
-704
-696
-674
-637
-575
-502
-400
-328
-233
-135
-68
13
77
158
175
210
247
258
289
301
344
372
427
485
544
609
663
744
804
840
878
907
926
941
918
925
911
871
821
762
714
628
591
543
491
433
390
368
310
287
255
215
176
129
81
24
-14
-65
-97
-100
-112
-124
-126
-107
-80
-62
-35
5
34
71
104
120
124
126
126
93
77
30
-1
-37
-76
-120
-165
-188
-231
-283
-335
-374
-399
-437
-454
-486
-505
-503
-497
-461
-448
-386
-351
-305
-256
-208
-139
-97
-29
27
71
161
231
313
377
466
545
620
705
752
820
876
919
937
945
937
913
868
825
774
705
629
557
470
379
294
214
144
82
11
-36
-84
-104
-141
-170
-190
-196
-190
-196
-180
-174
-161
-140
-103
-79
-34
-4
43
79
112
155
197
247
257
275
274
259
250
235
201
160
118
60
-10
-71
-139
-208
-271
-332
-403
-449
-512
-566
-608
-650
-671
-689
-676
-682
-650
-626
-579
-523
-472
-397
-334
-250
-176
-106
-39
21
99
145
201
251
298
338
368
409
426
469
500
519
519
531
530
529
519
494
483
441
410
367
349
303
265
219
196
159
134
123
86
93
69
56
57
48
59
74
81
77
92
107
116
140
145
158
151
157
172
189
215
237
270
292
315
338
344
355
355
329
313
275
241
209
169
126
60
23
-22
-63
-94
-151
-211
-256
-292
-354
-401
-465
-512
-541
-583
-608
-646
-642
-648
-637
-609
-577
-513
-473
-423
-371
-305
-246
-192
-111
-54
24
79
146
205
277
364
422
488
535
592
631
684
718
715
704
683
657
602
555
492
440
367
289
212
142
83
30
1
-43
-59
-68
-64
-40
-24
-11
19
63
92
118
143
159
192
197
211
222
240
253
271
282
305
334
329
340
330
322
284
256
209
139
65
-16
-93
-195
-255
-334
-407
-459
-523
-569
-599
-620
-643
-656
-667
-672
-680
-690
-689
-696
-703
-677
-663
-643
-599
-550
-490
-418
-344
-271
-184
-100
-5
72
141
209
260
308
331
374
391
398
391
385
385
369
391
393
412
431
444
473
495
530
542
552
564
554
557
549
520
503
455
429
393
371
355
329
323
308
309
299
293
295
276
267
239
218
193
147
116
72
37
-4
-46
-72
-91
-101
-109
-116
-106
-96
-80
-62
-49
-57
-51
-50
-58
-64
-72
-80
-85
-88
-101
-115
-122
-127
-129
-133
-142
-144
-143
-158
-158
-157
-175
-194
-211
-232
-248
-258
-276
-294
-277
-277
-270
-249
-211
-171
-126
-65
-23
26
80
138
185
232
282
326
354
396
421
433
465
495
511
531
549
568
581
601
620
630
634
620
596
572
544
510
473
440
378
327
274
220
187
153
119
101
92
85
96
98
106
119
142
157
170
191
198
205
197
202
203
208
211
218
224
230
241
248
258
269
290
298
308
310
315
301
287
278
248
223
210
186
168
151
133
117
90
66
46
28
5
-10
-34
-55
-72
-93
-116
-142
-171
-197
-225
-236
-243
-257
-260
-267
-260
-240
-228
-199
-167
-132
-83
-39
14
63
113
162
209
257
305
352
403
429
468
496
524
549
580
605
613
627
622
614
613
589
572
550
520
493
468
447
412
380
351
326
318
295
288
285
279
293
288
294
308
324
339
331
337
348
353
357
355
368
370
372
373
363
371
368
370
361
350
344
328
314
292
261
219
192
144
108
60
7
-38
-75
-101
-131
-147
-160
-165
-162
-158
-141
-116
-108
-90
-82
-68
-48
-44
-30
-24
-17
-2
2
1
3
6
-2
-3
-10
-4
4
8
16
13
24
27
38
54
62
89
112
136
168
199
243
270
292
328
340
356
384
408
420
439
454
457
466
476
490
477
504
511
506
512
509
515
505
497
485
461
445
434
399
361
333
297
279
237
220
200
173
178
170
170
176
183
199
208
211
222
234
251
261
266
271
270
281
291
293
293
291
301
287
288
291
285
278
261
258
232
213
219
210
198
206
211
210
221
231
257
261
262
263
262
272
271
258
240
228
209
194
173
160
154
139
128
120
108
105
106
114
117
121
119
120
124
122
120
126
133
140
141
149
171
191
205
234
259
282
319
348
388
422
467
495
538
561
572
596
601
616
618
636
646
636
629
613
600
589
572
553
525
501
481
462
447
433
421
417
415
412
422
429
434
441
458
468
482
496
507
512
525
531
543
548
544
549
550
564
560
567
557
556
554
541
514
488
465
430
413
376
343
329
307
280
263
251
238
219
220
233
231
235
252
258
273
282
285
304
314
329
333
334
345
353
357
361
372
369
361
362
354
351
346
337
314
297
276
257
237
204
187
175
170
154
154
159
168
184
205
236
268
309
329
362
390
416
444
456
479
496
508
526
532
551
565
583
607
612
628
645
647
647
642
631
604
585
573
529
494
457
439
396
368
357
325
334
341
332
339
356
377
387
411
424
446
466
472
484
480
485
495
490
501
499
505
519
522
529
528
536
534
526
521
509
488
465
438
424
405
381
359
339
315
294
285
271
268
249
244
244
242
244
228
216
205
208
195
189
196
184
189
184
185
204
210
235
250
274
279
288
302
306
297
313
298
299
294
288
282
282
297
288
301
294
302
309
326
332
329
331
346
350
371
390
406
422
428
460
482
502
522
534
552
567
580
598
607
621
630
637
658
657
662
674
673
690
702
697
709
701
692
690
679
669
649
628
600
562
525
501
458
420
383
345
323
288
264
243
231
231
224
210
203
214
229
224
230
228
229
232
229
231
233
242
258
266
269
298
303
324
337
336
341
330
325
323
316
307
307
294
295
286
282
286
281
277
292
291
295
295
286
285
284
296
290
293
294
296
309
309
324
343
358
373
385
395
405
405
411
419
424
412
406
393
377
357
339
327
309
294
279
267
239
230
195
170
145
122
104
80
74
52
33
26
19
26
29
36
33
42
57
71
83
85
94
101
106
111
119
117
124
122
117
123
132
138
142
142
146
144
148
140
140
134
112
104
96
97
84
81
69
57
66
80
81
84
91
95
100
101
116
121
123
122
124
125
121
110
103
95
87
75
63
61
48
62
42
35
30
22
24
21
9
9
-4
-19
-28
-34
-43
-56
-46
-43
-38
-47
-41
-46
-39
-30
-45
-51
-52
-56
-70
-92
-117
-140
-142
-155
-176
-181
-202
-210
-219
-234
-233
-242
-257
-256
-257
-265
-271
-279
-282
-274
-276
-252
-243
-248
-238
-231
-199
-199
-186
-168
-162
-142
-124
-109
-111
-101
-86
-81
-89
-84
-88
-83
-105
-123
-139
-155
-168
-182
-205
-225
-233
-252
-250
-263
-265
-272
-270
-273
-280
-286
-288
-277
-276
-270
-260
-246
-229
-218
-200
-193
-186
-173
-169
-154
-152
-147
-145
-150
-152
-167
-185
-194
-214
-223
-240
-258
-281
-294
-316
-338
-355
-367
-370
-377
-388
-400
-401
-419
-413
-409
-408
-405
-405
-398
-387
-375
-358
-343
-328
-324
-308
-288
-272
-262
-251
-228
-225
-215
-210
-192
-194
-210
-220
-239
-256
-262
-284
-289
-304
-332
-343
-354
-361
-374
-383
-389
-387
-393
-399
-402
-406
-411
-414
-411
-422
-409
-408
-415
-409
-410
-400
-397
-384
-376
-371
-363
-358
-334
-331
-332
-328
-340
-334
-328
-334
-346
-351
-350
-353
-356
-358
-349
-359
-362
-361
-364
-358
-359
-361
-360
-351
-339
-328
-326
-317
-303
-300
-289
-278
-281
-268
-268
-255
-253
-261
-259
-276
-274
-276
-279
-278
-277
-270
-269
-271
-272
-266
-267
-265
-248
-253
-257
-263
-260
-246
-248
-246
-247
-244
-239
-244
-249
-247
-248
-253
-248
-251
-253
-254
-241
-229
-230
-216
-202
-204
-192
-185
-194
-175
-161
-159
-158
-151
-146
-141
-144
-158
-150
-149
-152
-155
-148
-153
-138
-137
-123
-99
-91
-76
-63
-46
-25
-6
3
13
18
15
20
29
28
31
19
20
25
22
15
22
23
34
39
39
49
57
63
64
73
63
73
71
73
75
69
57
56
63
58
68
81
77
80
93
99
103
115
118
134
143
146
143
139
143
139
137
141
137
140
131
129
138
140
134
133
139
145
152
148
145
144
156
162
179
196
210
231
244
274
298
302
327
327
337
355
338
336
343
325
328
321
312
306
295
292
291
295
298
294
307
296
304
307
295
291
288
290
286
288
282
279
276
280
271
270
262
257
257
260
255
254
252
256
254
259
258
249
254
258
256
258
257
235
240
229
221
225
228
221
218
226
223
225
236
254
260
275
288
300
308
322
339
352
364
378
391
401
407
423
425
428
429
421
404
380
372
347
334
322
310
297
303
297
284
295
290
302
301
302
317
313
326
324
317
323
312
307
313
311
314
318
311
308
308
310
301
294
296
284
277
268
252
243
243
246
242
236
235
226
217
205
190
197
199
194
207
209
202
193
200
205
225
234
244
256
268
286
302
312
333
356
365
382
396
400
413
431
430
443
447
448
446
444
432
431
429
406
404
388
376
369
354
339
329
307
313
307
294
286
268
268
271
280
277
274
277
285
280
281
284
273
276
284
268
276
274
276
292
297
299
301
298
294
303
305
298
306
300
297
301
293
293
282
276
280
273
263
252
253
249
253
261
274
285
288
287
290
309
319
339
343
369
374
378
406
402
411
406
414
417
397
414
426
442
431
439
447
435
444
435
444
433
412
402
398
396
372
363
373
350
340
335
332
325
319
321
309
305
308
295
301
289
283
280
273
267
255
248
242
246
250
252
251
251
245
259
251
256
257
247
247
243
242
240
243
258
265
267
274
285
298
303
326
331
334
342
349
360
373
390
394
410
421
420
415
429
422
417
416
411
415
417
425
418
410
405
410
403
393
380
377
368
357
365
346
331
332
315
310
303
301
305
300
310
301
299
294
289
291
281
278
274
281
270
275
275
275
275
281
280
273
277
275
269
274
269
278
276
284
280
275
284
292
295
286
297
290
294
298
288
295
296
297
309
309
308
312
317
322
321
322
333
338
343
345
367
366
364
366
363
360
347
347
333
321
318
312
313
300
288
292
284
282
277
274
262
244
230
225
212
195
180
168
148
110
102
95
86
70
68
74
75
76
91
108
113
124
131
149
155
163
170
198
193
198
219
227
243
249
272
279
279
290
301
305
314
315
321
320
319
322
318
312
308
305
298
297
291
284
269
268
262
250
246
246
241
234
237
227
219
203
211
212
205
213
198
202
200
200
214
206
215
222
217
222
215
199
206
184
174
167
159
147
143
129
123
118
104
104
102
113
98
97
102
100
102
109
107
109
124
135
145
159
163
174
188
183
193
209
219
217
219
220
224
233
235
242
240
248
246
242
240
235
232
224
208
196
180
164
151
135
125
102
95
82
73
68
57
42
24
24
23
16
19
32
31
24
19
14
11
9
-1
1
-4
3
5
0
-7
3
8
-10
-12
-12
-4
-9
-2
-8
-11
-7
-15
-19
-23
-36
-44
-39
-39
-40
-40
-38
-31
-30
-23
-20
-11
0
-9
8
12
-2
-3
-6
-3
-6
3
-8
-9
-9
-11
-3
-17
-19
-10
-20
-21
-42
-53
-61
-70
-83
-92
-88
-103
-105
-116
-119
-122
-129
-134
-152
-164
-164
-172
-171
-176
-193
-193
-201
-209
-203
-212
-217
-215
-217
-231
-231
-231
-235
-235
-234
-234
-239
-236
-227
-238
-240
-244
-235
-229
-224
-227
-216
-211
-220
-222
-210
-194
-189
-184
-186
-169
-155
-136
-135
-124
-111
-110
-107
-105
-107
-119
-119
-127
-143
-147
-161
-191
-192
-197
-209
-222
-229
-229
-252
-259
-270
-269
-277
-273
-281
-287
-282
-286
-289
-284
-285
-296
-291
-287
-292
-299
-304
-314
-316
-321
-318
-335
-332
-341
-355
-357
-365
-372
-367
-366
-364
-374
-373
-366
-368
-365
-379
-375
-373
-367
-360
-360
-350
-353
-351
-342
-330
-329
-313
-305
-295
-286
-286
-275
-268
-257
-243
-235
-231
-220
-229
-218
-214
-207
-213
-216
-227
-236
-241
-266
-272
-287
-303
-311
-310
-316
-324
-321
-316
-321
-322
-328
-320
-322
-320
-319
-321
-320
-329
-322
-333
-334
-342
-341
-360
-359
-355
-366
-352
-357
-358
-359
-354
-364
-361
-357
-366
-361
-380
-374
-373
-364
-359
-358
-358
-363
-344
-340
-329
-315
-299
-292
-275
-260
-239
-241
-227
-216
-211
-197
-198
-192
-187
-184
-190
-179
-180
-181
-171
-165
-157
-159
-163
-162
-167
-174
-181
-184
-193
-213
-224
-227
-232
-233
-238
-243
-238
-241
-242
-234
-235
-237
-232
-221
-213
-208
-208
-206
-207
-210
-211
-208
-207
-212
-208
-204
-212
-216
-226
-214
-205
-213
-212
-206
-211
-209
-215
-219
-216
-217
-214
-224
-221
-214
-200
-207
-193
-174
-155
-147
-132
-118
-107
-100
-96
-74
-68
-60
-51
-36
-31
-25
-30
-20
-37
-31
-27
-40
-40
-45
-48
-51
-56
-59
-64
-82
-81
-91
-91
-96
-115
-119
-125
-126
-139
-149
-156
-164
-164
-173
-169
-178
-171
-172
-170
-163
-174
-164
-155
-162
-160
-157
-157
-155
-147
-149
-142
-142
-140
-138
-132
-129
-126
-129
-134
-132
-131
-122
-114
-113
-101
-104
-101
-95
-96
-88
-80
-68
-57
-60
-48
-48
-44
-46
-29
-24
-18
-19
-27
-17
-28
-32
-42
-45
-47
-55
-65
-62
-76
-86
-85
-80
-85
-95
-103
-102
-97
-100
-110
-101
-110
-114
-109
-121
-113
-117
-124
-133
-137
-136
-145
-135
-138
-143
-140
-135
-145
-129
-134
-134
-137
-136
-138
-128
-130
-127
-129
-136
-128
-133
-124
-122
-119
-121
-117
-96
-89
-93
-81
-73
-66
-66
-58
-53
-54
-48
-44
-32
-41
-41
-31
-36
-45
-50
-47
-53
-67
-56
-54
-81
-69
-76
-100
-112
-123
-126
-131
-116
-121
-127
-120
-127
-122
-110
-103
-95
-80
-84
-78
-69
-67
-49
-48
-51
-45
-36
-29
-20
-12
-9
-6
2
4
2
3
19
23
18
28
23
21
26
27
31
30
25
34
38
46
45
53
63
60
71
86
98
103
107
107
113
121
120
127
127
122
140
145
143
139
138
145
147
140
126
116
113
112
102
82
76
64
56
47
36
24
23
18
9
14
13
7
-4
-12
-17
-18
-24
-19
-17
-17
-17
-9
2
1
13
31
33
32
40
50
58
61
80
88
95
102
106
125
117
126
135
124
119
129
130
119
131
111
110
121
103
97
102
98
95
96
95
88
91
92
90
85
76
75
79
60
60
54
43
47
33
33
28
21
10
10
-1
-5
-15
-17
-12
-29
-24
-25
-32
-36
-43
-45
-56
-57
-55
-66
-61
-52
-55
-70
-71
-61
-76
-69
-70
-75
-69
-75
-68
-62
-69
-57
-49
-43
-31
-23
-17
-14
-6
2
12
26
31
30
40
42
54
68
72
77
84
92
86
94
101
94
91
90
96
85
97
89
88
81
83
83
57
55
56
48
25
20
13
-1
-1
-12
-16
-15
-15
-21
-19
-22
-29
-35
-47
-46
-41
-36
-40
-45
-42
-50
-41
-48
-48
-49
-49
-47
-40
-46
-48
-47
-43
-49
-53
-45
-51
-50
-45
-33
-35
-38
-40
-16
-9
1
10
11
28
38
44
49
53
62
75
80
87
93
97
105
119
124
128
131
124
115
114
124
125
124
129
121
112
107
107
89
78
73
68
48
40
36
34
20
7
-6
-17
-22
-24
-24
-34
-34
-31
-34
-27
-35
-37
-26
-28
-34
-24
-22
-14
-21
-27
-26
-46
-40
-45
-39
-42
-42
-34
-44
-34
-36
-40
-50
-50
-48
-48
-39
-48
-41
-36
-32
-17
-5
-13
0
10
17
15
23
45
53
61
56
63
68
76
84
74
87
82
81
74
67
75
66
49
51
52
46
49
25
29
20
7
1
-11
-4
-14
-39
-44
-53
-47
-53
-47
-54
-54
-52
-49
-47
-56
-36
-32
-23
-20
-20
1
4
13
26
22
30
39
46
48
64
76
80
70
79
86
101
108
110
130
135
143
148
153
157
166
