SAMPLES:	13717
BITSPERSAMPLE:	16
CHANNELS:	1
SAMPLERATE:	16000
NORMALIZED:	FALSE
-424
-429
-429
-432
-440
-454
-453
-465
-471
-473
-476
-493
-513
-522
-527
-517
-525
-530
-529
-525
-515
-519
-508
-515
-498
-479
-474
-472
-478
-474
-457
-459
-452
-457
-458
-450
-459
-456
-455
-465
-472
-472
-475
-466
-469
-479
-479
-487
-501
-505
-513
-515
-519
-529
-533
-542
-557
-562
-566
-575
-576
-590
-589
-596
-594
-597
-593
-587
-599
-601
-590
-588
-585
-574
-584
-578
-577
-562
-568
-562
-554
-563
-555
-563
-555
-549
-548
-556
-569
-562
-556
-566
-571
-563
-561
-563
-559
-565
-571
-580
-581
-590
-590
-597
-607
-616
-628
-628
-642
-652
-659
-651
-661
-665
-664
-661
-668
-667
-659
-657
-652
-650
-647
-640
-643
-638
-628
-626
-622
-620
-614
-598
-586
-598
-596
-585
-579
-574
-579
-578
-571
-575
-578
-587
-589
-588
-590
-591
-606
-616
-623
-618
-619
-606
-615
-617
-610
-619
-619
-612
-604
-600
-612
-615
-603
-608
-600
-589
-584
-577
-582
-574
-560
-550
-563
-563
-551
-548
-550
-549
-538
-527
-537
-537
-526
-528
-523
-528
-527
-530
-524
-528
-534
-532
-531
-533
-542
-539
-539
-546
-547
-555
-559
-558
-570
-566
-570
-569
-574
-578
-580
-593
-588
-581
-585
-587
-579
-579
-574
-577
-568
-552
-552
-562
-562
-558
-557
-565
-565
-565
-562
-573
-588
-586
-584
-582
-584
-576
-582
-582
-584
-602
-611
-610
-603
-618
-618
-614
-630
-634
-637
-641
-641
-641
-644
-641
-635
-636
-633
-628
-614
-617
-610
-604
-604
-598
-604
-600
-594
-595
-584
-584
-582
-586
-579
-570
-574
-570
-582
-578
-586
-592
-577
-570
-583
-585
-575
-574
-579
-579
-572
-574
-564
-579
-590
-582
-584
-578
-589
-585
-574
-583
-589
-593
-576
-564
-565
-578
-574
-575
-571
-568
-559
-551
-561
-545
-537
-537
-528
-535
-533
-524
-517
-513
-511
-516
-514
-507
-513
-519
-508
-514
-520
-520
-523
-530
-534
-536
-548
-552
-560
-557
-554
-556
-551
-548
-551
-553
-547
-546
-534
-530
-533
-529
-532
-525
-516
-518
-512
-516
-513
-513
-511
-509
-516
-509
-502
-499
-499
-491
-483
-491
-495
-501
-502
-506
-500
-501
-512
-501
-508
-506
-502
-499
-509
-515
-510
-504
-516
-510
-501
-503
-505
-513
-506
-502
-495
-498
-496
-506
-501
-499
-500
-494
-484
-480
-485
-488
-491
-474
-480
-493
-484
-485
-480
-473
-474
-467
-474
-470
-471
-473
-465
-471
-470
-472
-475
-471
-485
-479
-472
-464
-475
-484
-477
-484
-479
-496
-504
-485
-495
-491
-485
-492
-485
-498
-498
-492
-491
-486
-473
-468
-476
-461
-473
-461
-454
-475
-468
-478
-481
-476
-484
-480
-488
-493
-484
-477
-483
-475
-466
-473
-482
-488
-467
-470
-470
-466
-464
-469
-471
-455
-451
-451
-457
-458
-450
-448
-444
-440
-447
-454
-465
-439
-427
-438
-431
-438
-436
-443
-438
-432
-439
-433
-437
-436
-434
-438
-446
-451
-433
-441
-442
-438
-436
-442
-438
-431
-439
-441
-443
-432
-423
-426
-423
-430
-419
-434
-424
-424
-430
-432
-431
-417
-434
-433
-431
-423
-422
-428
-430
-429
-429
-437
-426
-433
-436
-438
-446
-446
-434
-432
-426
-422
-427
-422
-427
-420
-412
-407
-406
-414
-412
-408
-405
-399
-381
-371
-384
-382
-377
-378
-364
-352
-333
-343
-333
-336
-336
-309
-309
-304
-320
-316
-307
-301
-284
-294
-284
-286
-290
-284
-283
-286
-291
-286
-286
-295
-290
-295
-303
-289
-302
-300
-300
-299
-292
-290
-283
-276
-276
-282
-276
-267
-272
-252
-251
-253
-253
-248
-241
-233
-236
-236
-229
-229
-222
-219
-210
-204
-204
-206
-192
-200
-210
-213
-213
-209
-218
-207
-209
-213
-210
-196
-197
-196
-189
-192
-198
-196
-178
-169
-167
-170
-165
-166
-181
-172
-151
-147
-163
-164
-169
-160
-165
-151
-145
-151
-143
-143
-142
-132
-127
-128
-126
-117
-113
-108
-120
-113
-109
-111
-111
-114
-115
-105
-101
-105
-98
-90
-90
-102
-91
-86
-83
-91
-88
-81
-74
-86
-79
-66
-60
-56
-68
-51
-49
-55
-41
-30
-33
-24
-31
-24
-9
-3
-9
-13
-14
-15
-15
-15
-14
-19
-21
-17
-15
-29
-26
-23
-38
-41
-51
-42
-35
-48
-60
-50
-43
-58
-45
-49
-54
-60
-62
-56
-51
-57
-49
-47
-49
-42
-53
-48
-37
-39
-39
-48
-30
-27
-25
-22
-24
-12
-22
-22
-23
-26
-22
-28
-28
-24
-28
-18
-12
-10
-17
-10
-9
-12
-10
-14
-10
-25
-29
-16
-13
-23
-17
-10
-14
-17
-30
-14
-14
-31
-14
-14
-3
-5
2
11
17
28
32
44
47
54
59
68
56
68
71
68
83
77
89
83
81
79
75
78
65
58
67
58
57
59
56
57
48
52
51
46
49
49
47
38
47
46
37
44
46
47
44
48
38
38
45
42
48
57
49
50
57
66
60
56
57
57
64
64
72
79
74
79
77
84
90
82
86
90
88
81
85
72
76
80
90
85
77
71
70
76
71
88
77
75
81
74
73
79
82
87
93
88
92
91
102
105
126
128
125
140
147
148
150
149
159
164
152
166
169
180
170
163
163
165
179
169
173
179
173
165
173
154
157
160
152
159
146
147
145
146
143
139
143
135
134
130
120
115
121
119
116
109
121
136
133
141
141
150
149
155
149
159
173
177
190
183
186
195
205
207
201
209
213
218
215
214
211
209
222
215
215
209
202
207
206
205
213
210
215
217
224
221
210
222
232
234
236
242
249
242
245
247
256
262
268
269
269
273
269
280
275
285
288
292
300
297
299
292
298
293
285
291
290
279
281
279
271
271
261
265
254
250
245
239
227
217
219
201
206
200
193
190
184
183
167
171
157
154
147
142
154
148
135
130
134
141
133
135
127
128
136
135
131
126
124
130
139
129
126
127
126
118
125
124
125
126
114
125
116
102
102
105
99
93
84
91
83
82
81
72
76
67
56
61
61
59
70
74
65
52
50
53
55
56
45
43
42
43
42
35
30
30
33
19
22
9
13
8
4
5
-7
-6
-14
-15
-12
-14
-33
-23
-37
-33
-19
-41
-35
-31
-49
-43
-38
-47
-57
-54
-53
-47
-38
-44
-46
-49
-64
-56
-69
-68
-72
-72
-57
-67
-72
-78
-78
-71
-73
-72
-67
-68
-71
-71
-71
-59
-58
-57
-65
-68
-74
-83
-67
-85
-83
-83
-96
-98
-105
-96
-104
-113
-111
-113
-131
-130
-119
-123
-122
-130
-132
-126
-117
-124
-135
-124
-119
-113
-101
-100
-96
-92
-94
-85
-85
-91
-80
-69
-68
-65
-71
-63
-62
-55
-65
-69
-62
-64
-65
-71
-66
-72
-73
-78
-65
-73
-65
-67
-77
-71
-89
-84
-84
-85
-89
-93
-86
-92
-94
-87
-88
-85
-80
-79
-83
-78
-86
-84
-85
-89
-84
-72
-64
-66
-65
-71
-69
-67
-65
-69
-77
-83
-85
-85
-87
-98
-98
-100
-125
-128
-134
-130
-138
-131
-143
-163
-162
-166
-167
-161
-171
-174
-169
-172
-172
-184
-176
-179
-176
-182
-181
-178
-175
-156
-154
-152
-151
-160
-155
-146
-147
-150
-144
-141
-123
-112
-116
-121
-129
-125
-117
-117
-117
-120
-123
-132
-129
-128
-133
-138
-140
-137
-129
-138
-140
-147
-139
-139
-153
-151
-157
-143
-153
-167
-164
-174
-164
-169
-170
-165
-169
-166
-179
-172
-174
-173
-170
-162
-159
-165
-171
-158
-160
-167
-160
-157
-158
-149
-157
-160
-164
-168
-174
-176
-178
-190
-171
-182
-189
-183
-184
-189
-189
-188
-191
-194
-196
-199
-193
-196
-206
-211
-207
-201
-209
-222
-214
-211
-213
-207
-208
-198
-195
-193
-187
-182
-168
-157
-154
-144
-145
-134
-127
-111
-114
-110
-105
-106
-105
-107
-106
-115
-123
-116
-121
-133
-128
-123
-120
-121
-122
-132
-120
-131
-129
-128
-125
-127
-132
-125
-131
-121
-127
-119
-116
-120
-104
-110
-101
-96
-84
-74
-64
-67
-55
-45
-47
-27
-34
-19
-16
-18
-22
-18
-7
-10
-3
-12
-15
-14
-19
-29
-25
-25
-15
-16
-22
-26
-33
-37
-50
-44
-48
-58
-63
-68
-75
-73
-78
-74
-83
-90
-95
-91
-85
-84
-81
-80
-85
-84
-82
-85
-78
-76
-65
-64
-70
-55
-46
-46
-50
-48
-50
-51
-47
-48
-49
-51
-53
-40
-44
-60
-68
-71
-57
-68
-57
-71
-74
-63
-76
-70
-77
-76
-75
-77
-70
-72
-70
-73
-70
-67
-67
-65
-61
-53
-50
-48
-41
-33
-27
-16
-9
-6
0
9
4
5
16
20
12
22
17
11
6
13
25
21
20
20
20
25
29
19
21
19
13
15
11
8
2
1
4
-1
4
4
1
13
12
9
12
25
21
19
16
11
20
15
14
21
11
16
17
16
23
27
29
30
26
26
35
27
39
41
30
39
17
29
31
23
17
18
16
17
13
6
11
1
10
2
4
9
9
11
11
6
9
9
10
-4
0
5
4
7
-10
4
9
8
7
13
13
9
12
23
27
32
43
39
39
30
38
41
45
43
46
46
46
49
53
49
40
51
50
51
49
58
66
69
59
62
66
65
67
65
66
70
75
86
92
80
86
94
102
110
108
120
126
128
133
133
145
150
159
149
162
158
169
170
164
171
159
168
163
169
175
165
161
166
161
159
172
163
168
161
156
146
145
156
155
150
150
155
150
146
145
149
150
142
146
146
138
135
144
153
148
143
140
144
151
151
149
156
147
136
142
140
145
139
139
144
141
142
136
131
131
132
137
147
142
136
131
124
122
121
124
119
111
112
118
121
114
119
120
126
128
129
119
124
130
118
123
119
120
131
130
125
129
120
130
137
145
148
136
151
147
150
148
154
154
151
147
135
147
146
145
150
146
143
147
147
141
134
140
136
148
135
134
134
134
131
131
135
125
132
130
134
130
125
118
122
116
110
111
115
113
117
124
115
129
120
119
125
131
134
129
128
132
138
128
132
130
129
135
141
129
136
135
140
141
130
143
137
132
135
124
122
129
125
122
124
128
131
136
130
133
138
132
137
139
139
136
139
128
129
135
132
135
130
137
142
143
144
141
153
149
138
138
143
157
152
140
139
151
147
144
153
156
146
148
156
147
152
144
137
145
154
153
155
162
164
165
166
158
160
161
156
154
157
151
144
154
147
158
155
152
154
149
151
160
175
174
182
170
180
182
184
183
172
186
186
192
191
200
194
196
196
202
205
205
209
216
223
217
228
229
236
243
249
250
255
252
254
257
249
249
255
263
268
272
268
274
266
264
267
256
263
248
254
261
257
266
264
278
274
280
276
268
275
273
263
272
270
271
281
275
274
275
285
288
285
284
293
282
290
285
280
281
286
295
296
305
300
295
301
302
301
296
310
305
304
318
312
303
301
316
313
306
311
306
300
293
294
302
291
286
289
291
293
302
300
293
292
289
288
297
299
306
304
306
298
302
311
316
313
320
330
328
334
340
353
349
355
352
351
365
363
369
365
359
364
361
361
358
356
361
361
362
354
355
356
363
358
357
358
350
355
357
359
358
359
362
363
371
366
361
366
360
362
358
359
359
367
359
360
364
360
370
368
380
371
364
379
381
384
384
384
393
398
395
386
390
388
383
382
381
381
386
390
393
396
391
388
385
386
385
385
388
381
385
387
379
383
376
382
368
367
375
372
372
362
370
371
371
383
380
388
383
366
378
369
365
369
370
365
353
359
360
359
364
364
356
368
363
373
364
359
366
364
370
370
366
366
362
361
367
353
348
345
339
338
337
332
333
331
332
323
318
316
308
313
316
309
311
319
312
315
308
315
328
332
322
330
332
328
339
339
342
340
338
345
350
340
342
343
345
341
342
345
345
340
340
343
335
336
331
330
330
330
323
325
325
323
326
328
321
318
320
308
299
287
296
294
291
289
288
286
279
274
269
276
271
264
258
261
263
266
261
257
264
259
263
265
265
259
262
262
259
258
261
267
255
264
255
255
255
246
252
248
239
239
235
222
225
214
214
217
217
213
206
204
199
197
191
184
179
177
171
169
168
163
163
172
167
165
171
170
170
173
169
170
168
161
160
165
167
167
167
165
170
169
158
170
176
175
176
179
172
171
188
187
176
184
181
172
174
171
169
158
162
155
154
151
154
160
161
170
177
166
175
181
177
190
189
195
205
194
204
213
213
219
224
230
215
215
223
218
219
224
214
207
205
202
205
201
210
199
184
183
179
178
174
168
168
172
179
173
176
174
175
187
178
177
179
181
185
192
204
201
206
203
195
198
208
210
218
214
208
217
216
214
226
228
225
232
228
224
225
236
234
220
224
220
214
222
216
215
217
218
217
204
204
203
196
194
198
200
212
198
205
198
196
209
212
216
215
224
231
237
242
245
244
255
261
258
261
262
272
266
268
271
274
272
275
283
284
284
285
284
290
284
283
283
276
284
272
265
269
269
267
272
269
258
263
250
248
255
262
263
257
261
264
269
268
273
279
280
286
279
291
286
294
297
284
289
287
297
301
289
287
289
294
299
289
290
292
290
288
291
283
282
284
282
278
275
274
276
265
258
266
251
257
248
246
253
251
247
254
257
249
248
249
246
242
256
251
258
240
243
259
253
257
262
268
270
265
267
270
267
269
265
268
271
269
268
267
277
276
277
276
279
287
280
281
292
277
285
275
275
283
272
278
281
288
277
291
293
294
300
301
304
317
325
315
327
320
324
317
314
313
302
317
305
302
307
301
300
297
299
306
310
300
305
303
299
293
292
292
292
302
288
303
310
297
306
301
308
312
307
313
318
323
328
325
327
339
332
336
343
345
346
351
346
349
359
364
369
368
371
367
373
375
368
362
360
364
359
359
360
360
349
342
338
335
340
341
330
330
332
337
326
329
325
323
329
314
319
302
302
307
300
305
317
305
314
317
308
306
309
302
316
313
319
314
318
327
321
324
334
345
334
347
338
343
341
332
332
338
337
334
338
326
335
331
325
323
321
315
307
322
325
318
323
327
329
328
332
340
332
332
327
327
338
331
322
329
326
334
343
336
345
348
342
343
351
356
358
360
362
361
364
358
363
345
348
347
335
343
330
335
344
337
335
327
330
330
326
330
317
325
315
321
327
322
320
318
324
317
324
333
329
330
327
338
330
329
331
329
333
325
335
339
341
344
345
335
346
346
345
357
358
360
358
360
351
354
363
362
369
365
361
356
355
354
355
355
353
352
356
339
338
350
347
344
350
357
350
345
345
343
349
351
347
352
353
352
364
370
367
366
371
373
377
374
369
376
381
380
385
387
392
382
380
386
375
375
383
393
381
383
377
377
381
378
379
378
385
386
379
384
391
381
381
387
396
392
382
368
375
370
367
367
380
379
373
380
365
367
363
364
370
357
364
355
360
358
352
343
342
342
335
335
338
334
331
332
326
327
311
310
299
304
309
306
312
307
301
301
302
292
299
302
293
289
291
286
277
263
273
262
256
263
256
254
260
260
254
256
255
249
253
247
249
250
233
231
228
239
239
229
228
234
231
235
236
241
238
226
227
225
236
228
228
220
221
225
215
229
227
229
235
234
234
233
241
233
236
238
235
243
232
243
243
246
245
243
248
249
251
249
268
258
260
258
264
261
273
267
271
271
266
270
256
267
263
271
272
271
277
278
277
282
281
283
276
281
291
297
284
280
283
280
287
295
296
285
287
283
285
286
284
281
295
290
297
307
297
300
313
311
315
318
321
320
324
327
325
335
328
343
341
337
344
341
330
341
349
353
338
338
353
352
348
351
355
357
349
339
346
351
352
342
339
340
332
342
346
341
345
347
349
341
347
352
349
345
346
343
334
347
356
349
358
351
341
344
341
336
337
341
340
336
340
333
329
327
319
331
318
322
326
316
320
324
314
322
310
307
310
307
324
320
327
325
330
323
331
332
333
342
332
336
348
351
342
349
347
351
348
343
342
350
337
342
341
336
336
334
334
327
335
334
333
329
324
322
311
305
307
317
310
315
309
307
313
304
313
314
311
302
306
308
309
303
303
309
301
306
302
311
320
315
321
318
316
327
329
325
328
343
336
336
345
348
349
352
351
351
357
356
363
359
360
349
360
363
356
361
362
367
366
351
359
353
355
363
347
348
343
351
351
334
348
338
334
340
344
349
347
349
349
361
356
362
373
378
384
379
375
381
376
378
378
375
382
373
369
366
358
347
350
359
344
351
350
352
359
348
356
353
344
352
350
350
336
339
338
336
331
330
328
319
320
321
333
325
326
331
336
339
338
346
335
338
324
325
339
333
330
326
327
329
335
341
339
338
336
345
345
346
346
338
332
343
351
356
346
331
343
341
328
338
346
339
339
333
337
334
340
337
326
326
320
330
333
326
325
327
327
330
343
344
353
345
341
365
359
366
378
373
377
373
387
380
383
390
385
397
389
395
400
402
400
396
391
389
386
386
382
383
385
374
388
382
372
366
366
370
352
361
351
356
366
359
356
361
360
345
358
356
358
367
361
362
364
367
370
369
356
373
370
368
371
366
370
371
362
365
365
365
378
367
368
365
373
366
357
360
349
355
347
345
343
332
336
329
333
332
316
314
312
311
307
305
310
309
317
324
319
327
320
327
321
323
327
331
341
331
348
344
341
324
331
342
336
335
337
335
343
334
320
321
312
306
303
297
304
302
296
298
293
291
297
289
279
288
282
277
284
280
268
268
271
273
260
245
246
250
245
243
241
241
246
243
246
250
249
246
245
243
250
253
250
252
261
269
264
259
257
257
253
251
249
246
240
245
248
248
243
248
236
232
229
230
220
219
221
220
219
214
217
210
201
200
203
195
191
189
178
178
176
165
164
164
155
157
156
158
158
148
149
142
151
141
139
143
140
144
130
147
142
142
146
142
140
139
138
140
148
143
133
136
139
133
131
126
130
130
137
130
123
117
123
132
125
126
129
131
123
124
120
123
119
120
129
114
116
115
115
117
112
111
119
120
124
123
123
125
122
115
119
124
119
134
135
140
137
141
146
150
147
156
168
161
161
164
174
173
170
170
166
167
170
175
168
161
169
163
167
167
178
180
181
194
190
195
196
190
205
218
205
207
223
213
220
227
223
233
223
231
237
233
242
243
251
255
256
268
261
257
262
276
267
272
263
268
262
257
274
266
269
266
270
270
268
275
273
275
288
290
285
279
285
286
271
269
272
274
275
269
268
278
261
264
268
261
268
254
255
253
261
266
257
261
256
259
263
268
276
277
279
277
281
288
291
306
292
298
310
311
308
321
325
329
330
323
326
324
332
317
314
314
319
306
302
302
299
301
304
300
298
306
299
300
301
306
297
302
296
288
288
270
279
267
270
269
267
262
257
261
269
277
271
278
281
270
263
278
272
279
276
254
259
261
259
259
245
253
257
246
253
244
239
251
245
241
242
236
218
224
230
218
224
222
224
220
222
230
226
219
220
219
212
203
203
209
209
201
201
205
201
199
194
199
187
192
185
186
190
188
182
183
182
173
180
168
176
175
176
175
173
171
161
162
160
168
169
157
156
163
158
159
156
157
160
162
163
161
152
155
155
162
167
169
163
171
177
163
186
190
191
196
187
195
191
191
187
187
180
180
178
170
173
178
174
158
176
178
181
189
192
186
185
191
189
183
184
186
182
185
184
178
174
181
186
191
191
190
186
196
207
206
205
216
214
225
224
222
234
233
228
231
232
227
231
231
237
235
242
244
246
240
242
251
231
233
241
231
231
229
234
230
222
231
232
225
226
224
237
226
224
227
227
225
214
219
210
221
219
221
214
207
207
197
204
207
197
196
193
193
190
186
195
175
183
175
174
172
177
169
159
181
177
173
178
168
172
173
167
174
171
173
172
180
184
181
178
185
192
194
197
190
190
186
192
187
185
190
181
191
190
186
183
183
191
187
179
181
185
181
175
183
177
172
192
185
176
165
161
160
159
155
157
153
160
166
154
164
176
166
173
174
176
178
179
178
176
184
177
176
184
185
179
182
186
178
182
180
185
183
182
189
187
194
183
173
176
171
172
171
165
159
154
168
164
156
144
144
143
134
132
123
124
130
119
104
103
103
102
91
100
94
97
92
83
99
101
98
97
96
100
99
102
92
86
91
96
88
84
80
73
86
84
77
90
88
84
84
82
82
67
78
74
73
71
71
81
86
84
77
77
76
79
79
84
76
82
81
81
86
85
84
85
87
86
87
89
89
88
83
82
89
96
98
97
96
93
78
90
89
91
78
91
100
90
93
90
97
112
109
122
114
111
120
108
119
115
120
126
121
124
127
122
113
118
127
125
119
122
118
116
114
114
118
119
125
125
124
116
114
121
114
113
119
114
111
110
105
101
112
108
114
117
115
118
111
122
121
114
108
113
109
110
109
103
121
111
112
113
107
117
116
111
119
116
118
129
119
131
137
137
134
145
152
157
165
155
164
152
158
158
155
151
152
161
162
165
168
168
176
180
177
188
182
190
189
178
181
191
197
207
207
212
216
220
220
214
218
223
216
222
233
233
237
225
225
225
225
230
236
237
227
242
224
237
242
231
239
231
244
252
248
242
255
250
249
246
248
255
253
253
244
256
257
257
263
258
262
259
257
260
256
252
257
266
261
270
280
266
270
273
272
261
257
272
255
255
256
260
242
233
243
234
240
238
241
232
230
230
247
240
229
225
221
223
219
233
227
233
234
239
231
234
242
236
238
239
245
245
243
235
239
235
247
244
236
242
251
253
241
242
240
242
242
233
241
239
242
253
246
253
253
259
252
255
251
251
260
260
264
257
258
265
272
276
259
268
271
268
265
273
277
273
268
270
279
288
284
272
267
267
261
270
266
255
267
261
258
258
265
264
265
265
275
280
276
275
278
284
274
277
285
275
287
280
280
275
261
262
266
262
269
272
265
277
273
272
268
280
278
277
281
277
279
288
299
294
295
294
298
295
299
293
292
280
279
269
256
257
248
244
242
236
222
215
214
219
207
205
204
217
210
217
222
219
210
211
210
210
218
207
219
212
220
214
213
208
211
212
201
201
195
204
200
200
200
195
186
187
180
174
173
169
178
172
164
168
168
168
163
164
163
164
156
144
153
149
148
138
135
146
139
143
140
135
136
133
141
135
134
139
139
142
147
143
149
147
156
159
162
168
168
173
171
178
183
174
180
188
191
193
191
190
188
191
191
197
200
202
202
195
201
205
210
209
205
205
196
207
212
200
193
187
179
186
178
173
177
176
176
176
187
182
186
186
197
189
181
187
172
171
173
183
179
178
186
176
183
190
190
197
187
184
191
183
197
195
201
188
186
190
194
197
189
204
204
205
199
204
211
206
213
206
214
214
212
216
209
218
213
218
219
223
220
235
219
211
222
214
220
221
219
231
230
218
214
197
193
189
188
184
192
180
172
177
180
176
188
185
180
177
180
197
187
189
202
187
199
205
194
187
185
184
175
179
168
163
174
168
153
165
162
151
157
147
139
143
139
137
133
133
112
118
108
102
98
87
93
79
68
64
63
57
57
52
50
58
56
48
41
47
44
38
45
32
35
43
38
33
39
37
35
38
27
42
46
46
42
36
29
46
51
44
40
45
48
48
53
53
58
61
66
61
56
50
57
52
48
62
58
57
51
59
51
48
54
48
47
48
53
55
42
51
41
50
47
34
57
49
54
52
55
65
59
62
69
69
72
62
64
65
62
70
60
59
58
51
39
39
52
50
54
50
52
39
51
40
55
59
87
93
165
530
641
619
454
312
518
859
1179
1157
932
642
342
441
600
764
783
457
105
-180
-259
-308
-206
-156
-325
-563
-881
-1132
-1223
-1098
-957
-1093
-1115
-1437
-1676
-1912
-1459
-14
500
-99
-1522
-1671
-340
896
1447
1102
943
568
-14
413
1338
2355
2059
1035
647
683
894
620
759
946
734
336
-171
-303
-615
-761
-574
-404
-247
-623
-1029
-1391
-1560
-1040
-387
-19
-279
-650
-769
-625
-289
192
786
957
642
295
362
821
1032
1141
1286
1317
1136
706
592
730
904
814
650
590
295
-4
-221
-300
-134
-86
-134
-394
-695
-734
-632
-372
-115
102
139
-9
-90
100
526
859
1007
1049
992
934
912
1060
1297
1443
1339
1096
878
736
617
544
538
398
148
-233
-498
-680
-762
-813
-922
-1025
-1258
-1341
-1507
-1699
-1724
-1559
-1491
-1613
-2017
-1275
20
378
-626
-1851
-1223
453
1669
1630
1081
992
534
287
1079
2268
2970
2001
801
475
904
1118
906
1058
927
450
-237
-580
-577
-737
-766
-734
-655
-767
-1265
-1517
-1739
-1578
-937
-291
-234
-729
-1020
-865
-414
38
589
1019
953
491
232
656
1272
1437
1446
1422
1342
956
641
683
1027
1263
1016
785
548
319
140
42
237
629
647
231
-269
-407
-159
223
318
290
133
-80
-258
-321
26
327
299
-51
-382
-454
-485
-610
-646
-548
-629
-891
-1336
-1588
-1902
-1763
-1801
-1152
49
3
-1120
-2782
-2526
-464
1220
1501
366
-176
-533
-813
224
1490
2647
2026
539
-160
249
1028
996
1249
1356
1015
299
-403
-467
-344
-123
37
34
-118
-971
-1493
-1702
-1424
-731
-172
-186
-957
-1603
-1658
-1085
-432
59
327
215
-266
-706
-426
474
950
1029
853
732
586
310
357
794
1299
1151
663
369
156
443
632
580
706
533
376
123
229
438
423
394
188
292
396
226
-6
-79
108
189
162
-17
-233
-378
-640
-660
-607
-624
-883
-1394
-1503
-1551
-1669
-2034
-2470
-2594
-2520
-858
59
-553
-2434
-3710
-2173
365
1902
1285
-56
-440
-999
-277
1170
2701
3209
1604
155
-117
1060
1518
1488
1676
1443
839
-186
-601
-407
-304
-108
-200
-108
-795
-1881
-2200
-2096
-1330
-731
-421
-952
-1796
-2275
-1945
-968
-122
196
101
-246
-645
-722
78
972
1410
1385
965
831
641
601
898
1567
1885
1382
719
393
408
1007
1205
1065
880
474
183
23
344
557
460
223
-155
-234
-109
-354
-406
-295
-197
-345
-603
-883
-1057
-962
-1052
-1100
-1141
-1474
-1925
-2193
-2153
-2339
-2490
-2668
-1423
-60
-206
-2117
-3888
-2668
179
2069
1595
-146
-460
-746
-433
847
2499
3620
2061
133
-444
857
1746
1629
1646
1491
1027
-80
-737
-420
-173
53
-34
-146
-706
-1768
-2147
-2080
-1355
-782
-443
-884
-1859
-2513
-2154
-1075
-244
38
-107
-448
-847
-1028
-300
859
1380
1197
653
605
587
582
834
1560
2027
1480
684
388
603
1276
1638
1468
1225
791
411
194
613
1077
1043
565
-44
-373
-117
-56
-172
-150
-236
-498
-836
-1118
-1236
-1060
-1134
-1379
-1589
-1737
-2372
-2817
-2917
-2506
-2890
-2418
-820
-260
-1350
-4064
-4222
-1105
1939
2356
1
-1036
-770
-533
508
1661
3618
3182
836
-798
182
2050
2036
1760
1582
1490
587
-648
-628
-113
314
142
-110
-364
-1684
-2199
-2247
-1580
-984
-676
-862
-1848
-2693
-2855
-1667
-480
-202
-522
-845
-936
-1274
-1034
194
1117
1371
496
73
319
592
689
1131
2068
1949
1012
286
297
1417
2123
1820
1360
948
833
470
643
1046
1278
1081
190
-375
-309
-27
-66
-193
-294
-549
-833
-1298
-1572
-1366
-1347
-1573
-1887
-2139
-2730
-3292
-3343
-2940
-3192
-2275
-697
-479
-2330
-4975
-4082
-238
2716
2037
-612
-1174
-880
-178
1002
2565
4261
3001
383
-806
1001
2686
2485
2153
1840
1565
212
-675
-231
362
640
72
-175
-750
-2091
-2427
-2026
-1189
-888
-846
-1414
-2331
-2992
-2757
-1267
-231
-236
-935
-1271
-1205
-1273
-583
588
1349
1154
207
-41
324
872
1063
1646
2293
1775
860
402
905
2154
2567
1891
1189
943
997
841
1025
1295
1187
760
-80
-532
-84
173
-61
-351
-562
-812
-1117
-1497
-1617
-1343
-1409
-1911
-2460
-2763
-3159
-3438
-3205
-3431
-2162
-621
-569
-2699
-5296
-4085
-187
2907
2034
-831
-1299
-1014
-91
1037
2875
4442
3050
395
-922
1072
2922
2905
2419
2005
1599
166
-656
-215
644
1156
367
-216
-1104
-2145
-2382
-1867
-961
-699
-757
-1654
-2758
-3218
-2484
-1032
-198
-350
-1137
-1457
-1454
-1414
-419
822
1449
939
64
-130
306
950
1312
1988
2298
1508
571
463
1417
2753
2852
1779
858
820
1270
1406
1498
1458
1108
607
-186
-389
199
482
108
-430
-699
-848
-1187
-1541
-1700
-1358
-1410
-2093
-2832
-3265
-3589
-3652
-3722
-2672
-802
-502
-2507
-5526
-5284
-1479
2321
2590
-316
-1739
-1631
-761
785
2575
4412
3683
968
-872
376
2731
3470
3190
2522
2037
720
-336
-92
779
1691
1282
297
-878
-2092
-2228
-1676
-853
-532
-636
-1464
-2813
-3624
-2952
-1144
-197
-396
-1387
-1920
-1833
-1743
-774
626
1423
970
-144
-497
67
1047
1665
2265
2575
1969
1007
614
1547
3091
3573
2654
1415
1013
1320
1571
1814
1858
1587
922
-66
-505
8
502
376
-123
-685
-962
-1223
-1472
-1536
-1369
-1376
-1875
-2666
-3228
-3528
-3535
-3550
-2352
-388
-263
-2551
-5763
-5141
-882
2828
2603
-510
-1750
-1490
-643
841
2927
4790
3688
711
-900
778
3131
3649
3461
2961
2254
709
-104
480
1542
2240
1733
793
-606
-1804
-1682
-729
3
-57
-332
-1186
-2491
-3223
-2381
-428
343
-294
-1507
-1821
-1684
-1545
-516
866
1476
632
-476
-605
224
1138
1694
2357
2582
1838
837
715
2164
3847
4078
2761
1465
1291
1807
2439
2701
2552
2011
1012
102
53
787
1332
929
89
-590
-909
-1015
-1126
-1082
-920
-1299
-2192
-2947
-3441
-3373
-3272
-3265
-1720
-482
-991
-3663
-6048
-3999
457
3427
1686
-1386
-2098
-1280
298
1824
3932
4786
2972
12
-696
2055
4184
4442
3534
2670
1855
588
555
1316
2530
2672
1570
233
-1149
-1518
-842
147
317
-128
-752
-1914
-2927
-2831
-1188
225
78
-1165
-2152
-1928
-1616
-948
243
1237
932
-409
-972
-310
971
1785
2039
2260
2140
1400
876
1739
3422
4395
3627
1976
1300
1914
2861
3075
2751
2313
1592
724
346
813
1660
1649
483
-506
-671
-582
-590
-831
-796
-935
-1704
-2794
-3412
-3336
-2891
-2975
-2352
-654
-983
-2965
-5670
-4803
-552
2918
2453
-1071
-2366
-1640
-74
1622
3519
4828
3456
660
-811
1376
4430
4981
4252
3035
2253
1072
883
1847
2967
3390
2225
715
-612
-1151
-523
679
1010
214
-598
-1645
-2567
-2649
-1239
451
329
-1023
-2504
-2315
-1440
-830
2
951
894
-448
-1336
-663
929
2017
2244
1974
1932
1653
1325
2048
3262
4391
3849
2493
1816
2211
3111
3088
2882
2515
1999
1318
635
673
1391
1721
839
-192
-677
-792
-614
-764
-937
-1184
-1619
-2607
-3369
-3498
-3052
-3131
-2248
-738
-1421
-3249
-5570
-4554
-792
2481
1938
-1282
-2420
-1875
-207
1748
3553
4357
2798
418
-600
1776
4482
4918
4097
2869
2059
1156
1486
2461
3347
3287
2066
637
-380
-507
152
1065
1009
8
-766
-1613
-2294
-2163
-761
303
-230
-1569
-2599
-2254
-1537
-783
-62
533
58
-1261
-1588
-552
888
1680
1983
1704
1403
1300
1414
2120
3455
4330
3631
2452
1855
2187
2923
3481
3267
2614
2043
981
457
1052
1812
1854
831
-319
-985
-908
-660
-729
-916
-1309
-2167
-3229
-3622
-3463
-3294
-3125
-1809
-1273
-2663
-4770
-5749
-3345
-14
1774
-105
-2355
-2567
-1798
6
2023
3630
3346
1352
-399
151
3027
4767
4580
3463
2480
1659
1282
2274
3330
3782
2918
1414
46
-235
260
1024
1390
498
-591
-1423
-2074
-2258
-1397
-1
-138
-1620
-2865
-2875
-2041
-1340
-799
-269
-242
-1425
-2221
-1546
113
1143
1502
1359
1126
1187
971
1436
2629
4194
4348
2978
1721
1343
2514
3790
3903
3085
2071
1064
460
938
1834
2257
1421
-291
-1380
-1230
-498
-415
-830
-1435
-2353
-3368
-3785
-3556
-2880
-2826
-2234
-1948
-3050
-4601
-5556
-3296
-365
1086
-665
-2795
-2991
-1906
-95
1623
3044
2733
728
-760
27
2940
4717
4494
3179
2126
1523
1423
2701
3878
4037
2889
1434
424
226
827
1772
2039
885
-686
-1379
-1418
-1350
-1000
-74
-146
-1556
-3002
-2922
-1828
-1050
-870
-923
-1058
-1844
-2348
-1592
56
1264
1207
433
-152
279
1170
2252
3168
3368
2701
1631
1506
2191
3450
4044
3219
1899
1180
1262
1654
2138
2153
1462
321
-615
-728
-218
248
-337
-1517
-2245
-2660
-2844
-2983
-2740
-2925
-2646
-1825
-2753
-4091
-5171
-3567
-1356
151
-773
-2931
-3111
-2336
-961
474
2094
2083
369
-920
-422
1937
3872
4016
2942
2062
1705
1453
2525
3775
4162
3177
1968
1017
903
1582
2144
2227
1463
413
-534
-808
-550
-233
386
104
-1205
-2386
-2267
-1520
-995
-687
-919
-1359
-2105
-2293
-1508
211
1077
433
-615
-770
270
1466
2389
2519
2208
1865
1434
1770
2718
3633
3492
2439
1626
1642
2242
2411
2118
1732
1387
764
23
0
210
194
-582
-1555
-1799
-1974
-2260
-2807
-2819
-2349
-1313
-1912
-3368
-4664
-3994
-1684
-173
-498
-2333
-3062
-2676
-1557
-236
1127
1582
323
-1100
-1005
939
2874
3163
2432
1637
1556
1459
2033
3098
3828
3376
2205
1341
1346
1970
2467
2608
1990
1178
455
25
151
500
1006
790
-340
-1468
-1505
-887
-449
-425
-650
-916
-1600
-2002
-1451
-87
563
66
-800
-699
155
969
1311
1499
1819
1810
1417
1352
2123
2994
3066
2333
1800
1773
2143
2224
2098
1933
1704
1022
295
147
530
376
-304
-1135
-1635
-1993
-2109
-2224
-1723
-805
-1566
-3334
-4602
-3211
-1166
-57
-963
-2590
-2936
-2162
-1162
-402
667
878
-299
-1207
-736
1013
2246
2219
1396
1013
1334
1450
1753
2494
3017
2560
1829
1307
1492
2166
2578
2252
1593
1286
993
704
731
991
1304
939
-159
-944
-445
180
197
-261
-406
-554
-1046
-1163
-718
131
341
-357
-916
-554
225
491
724
1104
1243
1043
706
852
1611
2524
2440
1659
1195
1283
1732
2091
2123
1864
1321
731
280
566
1040
833
-377
-1315
-1535
-1532
-1383
-1519
-691
-805
-2201
-4109
-4157
-1699
153
-139
-2369
-3418
-2913
-1759
-815
62
695
-139
-1503
-1928
-368
1678
2202
1483
601
583
776
1191
1770
2577
2707
1961
1095
691
1360
2241
2614
2100
1316
888
589
555
835
1498
1661
683
-759
-1107
-172
535
424
-48
-355
-831
-1294
-1052
-133
711
358
-597
-1028
-427
286
509
935
1186
1104
584
394
861
1810
2540
2095
1143
765
1180
1572
1851
1916
1631
883
260
43
434
945
706
-497
-1516
-1602
-1789
-1619
-1434
-442
-1016
-2587
-4208
-3944
-1500
191
-360
-2699
-3475
-2768
-1622
-736
77
317
-643
-1689
-1739
-177
1691
1945
975
176
474
761
1219
1817
2457
2217
1417
680
554
1518
2294
2200
1500
957
524
293
560
1076
1501
1172
54
-1075
-769
301
622
340
-95
-563
-1035
-997
-431
241
582
13
-828
-879
-93
480
614
820
785
653
511
535
914
1534
2011
1498
796
698
1189
1478
1469
1301
1109
840
280
253
537
758
268
-588
-1160
-1166
-1284
-1570
-1698
-896
-464
-1939
-3634
-4036
-2191
-349
-4
-1865
-3495
-3311
-2084
-1056
-319
137
-651
-2013
-2195
-990
868
1589
875
-296
-350
365
831
1321
1921
1930
1098
522
606
1281
2010
2058
1413
790
630
536
643
1135
1327
853
27
-650
-625
152
696
258
-478
-787
-972
-1042
-402
99
57
-555
-1122
-1078
-319
587
378
-79
-29
301
382
573
1013
1181
1176
903
541
617
1274
1605
1079
697
655
584
356
372
492
417
-44
-657
-1233
-1138
-1003
-1348
-1940
-1399
-564
-1596
-3260
-3963
-2447
-745
-236
-1802
-3554
-3353
-2035
-1119
-743
-292
-816
-2107
-2358
-1010
660
1118
356
-762
-705
246
816
937
1279
1365
682
275
579
1177
1594
1683
1187
594
597
647
668
982
1318
948
134
-375
-443
197
859
656
-293
-755
-728
-709
-325
224
401
-224
-1064
-1311
-648
590
847
160
-368
-178
144
449
965
1328
1207
724
301
469
1267
1753
1274
519
421
557
594
563
562
414
51
-567
-829
-780
-571
-1058
-1772
-1945
-1069
-388
-1568
-3112
-3702
-2069
-494
-394
-2035
-3363
-3004
-1808
-994
-694
-544
-1061
-2063
-2008
-688
764
790
-77
-832
-436
442
733
688
907
1160
692
310
470
1083
1401
1318
982
593
626
551
619
905
1196
852
43
-380
-144
526
857
468
-356
-638
-356
-222
-9
317
253
-326
-934
-738
6
732
469
-329
-403
195
532
442
685
981
848
521
461
801
1290
1412
935
451
532
749
624
564
626
315
-212
-591
-620
-510
-460
-886
-1909
-2072
-1487
-243
-813
-2231
-3523
-2982
-1120
-214
-951
-2647
-3022
-2338
-1376
-796
-504
-749
-1666
-1985
-1250
155
680
60
-558
-504
232
456
454
563
932
867
455
283
527
939
1047
1048
791
537
313
182
486
968
1047
427
-270
-465
23
561
628
184
-324
-378
-318
-191
94
355
225
-340
-625
-312
325
607
269
-86
58
464
480
462
747
976
886
572
562
813
1211
1151
784
548
685
682
503
512
454
128
-252
-449
-445
-540
-786
-1353
-1819
-1698
-1066
-324
-1102
-2501
-3511
-2470
-614
158
-1039
-2822
-3055
-1950
-724
-388
-437
-847
-1563
-1675
-866
359
708
176
-421
-314
287
599
563
640
1056
974
536
243
491
943
1194
1205
763
367
148
289
620
1015
971
291
-331
-348
256
701
653
113
-297
-225
64
202
216
295
239
-9
-35
154
399
450
362
387
615
765
497
368
774
1227
1196
794
613
727
1120
1251
929
667
677
685
451
599
588
209
-293
-453
-376
-326
-463
-1016
-1718
-1705
-1363
-969
-594
-1275
-2458
-3127
-1805
-320
-137
-1388
-2499
-2377
-1238
-291
-389
-604
-803
-1120
-1136
-441
577
482
-82
-333
-3
392
570
478
537
914
892
488
223
600
1029
1101
1043
674
297
195
549
918
1062
752
124
-257
15
634
816
556
88
-235
-121
201
390
332
324
203
-15
-94
288
645
590
335
270
450
678
700
629
829
1117
1033
619
589
951
1217
1221
924
697
524
543
601
670
631
272
-242
-548
-452
-349
-489
-879
-1371
-1768
-1697
-1316
-550
-849
-1972
-3074
-2465
-804
25
-755
-2212
-2459
-1504
-517
-419
-523
-500
-854
-1176
-824
216
605
168
-281
-198
300
455
289
268
841
1019
563
136
251
692
907
1035
849
538
185
155
510
933
998
453
-53
-96
273
547
573
382
61
-90
-16
203
310
262
242
174
33
65
231
420
385
374
427
473
426
405
580
900
1018
641
430
670
1048
1035
769
695
697
615
485
461
515
346
-3
-220
-176
-274
-524
-826
-1030
-1013
-1230
-1376
-1462
-1261
-769
-1173
-1966
-2426
-1690
-643
-227
-861
-1940
-2049
-1187
-296
-183
-317
-513
-923
-1018
-477
372
616
217
-315
-389
87
510
471
359
623
668
267
1
330
842
929
748
468
289
220
289
519
918
957
408
-151
-62
476
722
634
410
185
42
31
271
491
562
352
16
-10
278
514
402
252
321
425
468
308
273
438
750
785
495
358
411
595
728
759
614
416
230
181
337
471
231
-261
-431
-240
-182
-388
-712
-917
-960
-965
-1083
-1355
-1290
-1223
-895
-913
-1303
-1825
-1844
-1054
-342
-249
-1024
-1594
-1476
-784
-182
-130
-209
-517
-797
-825
-346
416
539
11
-494
-306
156
318
189
228
384
239
-31
-58
274
523
390
240
218
270
195
86
303
626
639
280
-31
83
429
636
607
485
260
114
192
481
700
596
306
169
210
323
459
458
440
331
252
219
213
329
417
491
428
284
114
120
314
440
372
160
15
-82
-124
-29
7
-68
-242
-380
-475
-507
-500
-511
-533
-623
-750
-918
-892
-975
-873
-808
-768
-514
-485
-866
-1440
-1198
-400
46
-162
-820
-1219
-1073
-541
-201
-175
-159
-493
-961
-995
-328
247
100
-440
-699
-483
-137
-60
-164
-54
70
-97
-269
-136
111
110
71
195
325
330
149
18
166
520
701
546
329
297
342
385
587
779
668
364
195
279
424
538
481
345
176
88
89
91
226
249
171
46
-60
-59
11
143
139
14
-41
-39
-87
-133
-106
3
45
-56
-225
-342
-305
-187
-136
-150
-259
-371
-399
-395
-406
-244
-98
-342
-615
-520
-377
-484
-493
-384
-382
-290
-315
-636
-1004
-838
-305
-36
-335
-878
-1051
-947
-732
-530
-354
-349
-770
-1180
-1155
-593
-120
-241
-660
-840
-692
-505
-412
-332
-156
-125
-330
-452
-235
49
32
-60
33
256
272
112
34
189
493
555
446
365
351
307
210
310
540
574
264
-108
-92
88
145
22
-90
-168
-239
-300
-378
-316
-252
-269
-426
-457
-439
-442
-459
-458
-385
-368
-345
-376
-407
-355
-300
-252
-186
-125
-165
-184
-176
-118
-39
17
27
-44
-55
-7
19
17
40
-12
-112
-145
-148
-237
-332
-367
-409
-519
-432
-419
-656
-980
-1080
-864
-701
-674
-897
-1156
-1248
-1195
-1058
-902
-739
-830
-1097
-1230
-1037
-663
-479
-544
-691
-705
-553
-393
-333
-257
-67
-68
-154
-120
88
198
120
72
171
317
333
211
115
170
230
165
130
147
114
-100
-256
-187
-66
-107
-300
-416
-447
-408
-414
-410
-448
-493
-542
-595
-504
-363
-332
-417
-518
-440
-301
-196
-193
-254
-245
-153
-95
-61
-6
28
63
65
116
156
212
237
180
199
235
206
186
169
147
151
96
13
-87
-121
-127
-187
-273
-342
-431
-548
-634
-668
-624
-690
-740
-776
-881
-990
-1063
-1019
-879
-804
-885
-1011
-1032
-954
-921
-901
-725
-595
-608
-689
-665
-493
-371
-315
-274
-216
-159
-139
-184
-166
-97
-51
-57
-60
-31
-39
-139
-186
-144
-66
-26
-99
-194
-260
-293
-287
-258
-189
-187
-289
-388
-380
-247
-132
-116
-143
-153
-144
-110
-70
7
111
97
49
67
193
276
248
202
288
372
373
342
353
400
350
326
368
434
440
312
218
247
299
293
223
169
160
103
4
-4
35
13
-49
-156
-186
-179
-183
-217
-299
-280
-292
-359
-460
-499
-466
-429
-484
-605
-655
-641
-579
-580
-619
-676
-778
-796
-717
-581
-557
-658
-786
-767
-692
-646
-655
-640
-620
-666
-727
-689
-587
-577
-635
-671
-609
-530
-528
-554
-545
-516
-497
-514
-428
-337
-377
-454
-423
-318
-267
-259
-220
-158
-136
-132
-108
-35
71
94
112
177
200
175
176
284
406
406
339
274
296
371
393
389
375
348
293
306
295
307
305
290
278
238
211
160
173
189
194
173
132
79
54
71
88
67
53
19
10
-29
-41
-27
-25
-39
-102
-138
-131
-102
-140
-193
-201
-225
-259
-316
-319
-290
-298
-365
-458
-502
-489
-505
-535
-547
-610
-683
-739
-740
-672
-668
-716
-768
-745
-687
-651
-659
-659
-620
-570
-506
-473
-442
-431
-429
-399
-327
-253
-196
-203
-202
-168
-130
-78
-18
31
58
72
84
109
111
140
179
222
240
216
193
191
232
270
272
259
253
277
295
269
245
245
304
311
276
239
218
228
238
245
237
237
213
146
120
171
197
158
108
52
40
24
10
-12
-59
-98
-133
-146
-160
-197
-247
-263
-267
-303
-334
-355
-333
-331
-359
-411
-465
-481
-492
-476
-473
-492
-547
-602
-641
-604
-546
-547
-571
-631
-657
-658
-629
-565
-561
-560
-593
-626
-599
-569
-530
-499
-502
-525
-524
-501
-449
-373
-359
-361
-411
-408
-393
-354
-261
-250
-283
-319
-347
-343
-280
-236
-225
-275
-312
-299
-268
-246
-201
-156
-129
-137
-169
-134
-77
-5
39
55
53
35
52
94
152
209
192
158
123
122
162
195
195
126
78
32
34
34
6
-12
-64
-82
-138
-163
-166
-204
-235
-265
-300
-320
-333
-357
-409
-461
-466
-451
-459
-466
-490
-533
-542
-558
-518
-485
-461
-466
-504
-504
-492
-478
-430
-357
-365
-387
-425
-424
-380
-330
-297
-289
-302
-339
-386
-338
-238
-224
-284
-340
-350
-319
-335
-320
-307
-348
-426
-491
-459
-430
-477
-540
-558
-539
-562
-579
-597
-569
-554
-555
-520
-508
-453
-435
-416
-395
-365
-292
-241
-233
-229
-189
-125
-66
-59
-31
19
43
27
26
82
105
60
14
39
80
88
60
45
48
27
-4
-7
29
22
-14
-29
-31
-83
-136
-133
-118
-120
-154
-194
-209
-240
-278
-261
-208
-185
-243
-296
-297
-251
-249
-231
-213
-189
-210
-252
-241
-173
-153
-159
-163
-134
-134
-148
-153
-154
-145
-129
-122
-133
-162
-214
-218
-248
-259
-257
-266
-289
-337
-380
-385
-401
-403
-380
-382
-398
-442
-451
-426
-386
-358
-356
-340
-321
-343
-363
-319
-268
-206
-209
-245
-305
-278
-190
-135
-142
-172
-208
-217
-178
-179
-152
-150
-144
-207
-264
-214
-169
-155
-173
-190
-207
-205
-200
-189
-157
-142
-161
-199
-193
-183
-183
-174
-166
-165
-183
-209
-228
-223
-208
-160
-145
-181
-230
-252
-188
-115
-87
-112
-113
-129
-131
-114
-74
-9
7
-24
-65
-71
-65
-59
-32
10
24
-56
-139
-151
-122
-92
-92
-109
-149
-218
-274
-253
-211
-186
-199
-257
-288
-299
-295
-284
-242
-213
-242
-291
-299
-271
-239
-189
-176
-211
-229
-221
-205
-168
-144
-120
-115
-148
-169
-162
-116
-70
-83
-105
-118
-149
-164
-152
-100
-67
-93
-102
-134
-148
-150
-124
-96
-97
-132
-198
-237
-219
-213
-201
-197
-211
-253
-312
-314
-303
-275
-247
-267
-297
-322
-316
-297
-268
-237
-238
-252
-269
-265
-223
-150
-108
-111
-110
-104
-81
-56
-54
-42
-23
-13
-38
-58
-64
-59
-71
-89
-98
-118
-117
-153
-181
-196
-209
-197
-225
-253
-266
-270
-266
-277
-262
-235
-241
-265
-290
-246
-176
-192
-240
-248
-191
-163
-178
-172
-128
-92
-144
-179
-148
-83
-79
-110
-89
-60
-64
-119
-133
-85
-45
-8
-16
-51
-74
-61
-38
-27
-14
-15
-44
-76
-106
-90
-65
-61
-107
-128
-139
-158
-211
-193
-143
-126
-174
-234
-226
-201
-185
-220
-224
-201
-198
-244
-259
-205
-179
-191
-203
-170
-147
-181
-191
-177
-126
-82
-92
-133
-169
-137
-89
-83
-77
-68
-74
-99
-133
-120
-52
-39
-75
-124
-118
-76
-94
-123
-135
-108
-89
-102
-140
-145
-140
-161
-164
-177
-152
-155
-165
-159
-160
-167
-173
-167
-151
-108
-112
-116
-135
-114
-80
-62
-24
-27
-31
-6
35
68
74
80
96
116
126
142
142
133
114
87
98
132
129
80
55
49
38
31
26
14
-3
-28
-62
-69
-45
-15
-33
-56
-72
-74
-51
-49
-52
-34
-27
-32
-31
-35
-30
-12
7
26
42
56
51
26
58
94
99
99
93
91
68
71
75
90
93
70
41
31
28
8
9
32
27
-2
-27
-50
-40
-21
-24
-32
-39
-72
-92
-53
-20
-32
-47
-50
-39
-48
-17
12
35
35
-6
-4
63
115
99
62
67
74
83
107
134
131
101
89
91
119
123
109
95
94
85
53
36
25
24
6
1
-13
-20
-37
-57
-72
-73
-71
-55
-52
-85
-100
-81
-56
-50
-75
-80
-64
-50
-30
-34
-16
9
20
28
14
21
55
66
58
53
64
71
71
68
66
60
61
55
35
27
24
3
-4
11
-5
-32
-56
-58
-38
-19
-18
-34
-59
-68
-57
-43
-4
-3
-7
-14
-15
12
43
75
87
96
93
73
84
112
144
143
135
123
122
121
123
147
144
150
151
127
120
104
101
119
127
99
55
34
43
36
29
23
2
-13
-35
-46
-58
-54
-43
-28
-40
-69
-91
-76
-29
-22
-28
-41
-54
-61
-42
-7
24
29
12
-6
-13
31
65
84
76
49
31
36
75
101
82
55
21
-11
-3
9
3
-15
-39
-57
-76
-100
-112
-68
-45
-59
-108
-130
-99
-70
-38
-41
-30
-28
-45
-27
11
53
57
50
48
56
79
105
117
127
130
118
95
98
115
139
138
97
78
62
65
60
49
62
69
42
2
-17
-7
5
1
-7
-38
-54
-68
-60
-42
-41
-65
-96
-90
-83
-75
-94
-112
-106
-102
-90
-61
-57
-67
-82
-71
-39
-26
-35
-52
-63
-68
-37
-26
-27
-38
-74
-68
-56
-60
-64
-75
-79
-101
-134
-144
-126
-144
-189
-214
-192
-186
-223
-261
-263
-219
-230
-244
-247
-238
-235
-270
-265
-231
-205
-193
-198
-212
-202
-202
-186
-141
-106
-95
-121
-144
-144
-126
-104
-103
-116
-122
-152
-185
-164
-163
-173
-197
-216
-212
-213
-229
-237
-248
-275
-287
-264
-244
-245
-281
-311
-319
-311
-280
-262
-290
-317
-349
-354
-320
-284
-281
-310
-323
-322
-320
-288
-249
-267
-285
-321
-319
-295
-269
-272
-282
-283
-301
-325
-313
-273
-254
-271
-295
-322
-325
-329
-318
-309
-311
-326
-369
-400
-407
-383
-358
-354
-372
-391
-410
-431
-417
-370
-329
-332
-357
-380
-381
-362
-338
-285
-272
-289
-331
-337
-292
-272
-262
-267
-277
-295
-300
-305
-300
-286
-288
-323
-324
-312
-301
-303
-319
-315
-319
-310
-317
-310
-318
-320
-341
-339
-323
-324
-326
-353
-347
-339
-340
-334
-339
-339
-355
-355
-362
-349
-352
-349
-345
-353
-351
-333
-323
-326
-337
-344
-351
-359
-347
-328
-322
-323
-342
-339
-330
-331
-323
-343
-340
-345
-358
-368
-377
-356
-376
-392
-410
-420
-413
-423
-426
-424
-411
-405
-418
-420
-426
-417
-398
-392
-399
-404
-412
-412
-404
-387
-374
-391
-414
-407
-396
-396
-419
-425
-417
-410
-425
-440
-453
-438
-418
-450
-451
-439
-446
-460
-456
-440
-423
-427
-430
-430
-420
-404
-415
-417
-413
-393
-381
-387
-386
-364
-341
-370
-388
-376
-354
-347
-362
-362
-376
-370
-373
-378
-370
-376
-382
-386
-369
-372
-381
-389
-377
-356
-346
-345
-370
-395
-375
-353
-352
-361
-364
-373
-386
-376
-370
-359
-335
-343
-371
-394
-372
-342
-333
-343
-338
-332
-335
-337
-330
-315
-287
-301
-325
-310
-315
-315
-318
-297
-313
-321
-340
-357
-350
-345
-334
-356
-378
-383
-388
-395
-407
-408
-413
-421
-414
-407
-410
-419
-431
-417
-387
-375
-381
-386
-404
-369
-336
-327
-323
-303
-296
-303
-306
-292
-254
-270
-288
-297
-292
-271
-282
-312
-315
-317
-328
-349
-360
-385
-380
-391
-399
-399
-410
-423
-443
-423
-410
-415
-418
-421
-423
-421
-423
-413
-393
-405
-410
-407
-388
-378
-383
-378
-372
-346
-356
-363
-360
-356
-348
-340
-349
-350
-335
-342
-363
-376
-364
-355
-381
-416
-430
-427
-431
-445
-444
-439
-463
-493
-497
-477
-449
-450
-478
-482
-480
-468
-473
-471
-441
-426
-433
-463
-456
-412
-393
-377
-377
-372
-370
-376
-370
-347
-302
-311
-327
-338
-330
-288
-297
-314
-300
-301
-308
-335
-348
-331
-323
-338
-370
-380
-396
-409
-429
-408
-410
-440
-468
-481
-455
-452
-452
-460
-486
-481
-465
-470
-469
-465
-446
-443
-453
-469
-469
-454
-449
-428
-430
-420
-433
-455
-459
-431
-411
-393
-406
-429
-431
-431
-434
-434
-426
-423
-446
-467
-489
-493
-479
-486
-500
-507
-519
-534
-551
-555
-529
-514
-525
-547
-547
-535
-516
-505
-490
-478
-486
-495
-487
-446
-412
-407
-418
-414
-387
-367
-353
-360
-352
-335
-344
-352
-350
-323
-316
-324
-337
-347
-355
-358
-360
-368
-357
-363
-397
-430
-434
-440
-456
-481
-508
-503
-500
-520
-532
-532
-525
-529
-536
-548
-559
-527
-520
-533
-532
-536
-538
-543
-533
-520
-508
-502
-510
-507
-492
-485
-485
-485
-475
-476
-474
-476
-485
-481
-484
-503
-511
-522
-542
-561
-572
-564
-568
-571
-586
-616
-608
-603
-601
-611
-613
-607
-608
-610
-614
-596
-577
-595
-592
-577
-566
-555
-547
-533
-523
-515
-518
-498
-473
-461
-465
-471
-452
-432
-427
-416
-408
-405
-396
-398
-372
-351
-354
-370
-388
-368
-347
-350
-353
-362
-373
-383
-383
-383
-384
-380
-402
-407
-427
-423
-416
-422
-433
-445
-437
-441
-455
-450
-410
-402
-397
-425
-417
-396
-379
-374
-365
-335
-340
-355
-343
-322
-323
-328
-342
-345
-328
-322
-328
-333
-358
-354
-360
-366
-374
-380
-384
-383
-414
-428
-409
-404
-407
-430
-429
-433
-443
-437
-437
-417
-406
-406
-412
-415
-390
-368
-372
-359
-346
-347
-340
-332
-309
-286
-261
-269
-258
-246
-224
-204
-190
-182
-164
-165
-158
-137
-120
-95
-94
-91
-96
-93
-78
-67
-67
-74
-99
-108
-104
-92
-92
-115
-139
-160
-164
-172
-182
-172
-176
-195
-192
-204
-201
-189
-163
-173
-189
-182
-169
-155
-163
-136
-128
-120
-135
-149
-138
-118
-98
-97
-114
-123
-142
-149
-127
-112
-99
-129
-157
-155
-153
-140
-144
-158
-157
-182
-198
-191
-183
-172
-181
-206
-209
-205
-200
-199
-191
-185
-201
-227
-213
-187
-177
-189
-210
-209
-199
-186
-162
-149
-132
-117
-132
-126
-105
-64
-47
-29
-27
-17
-11
-10
8
31
57
47
25
9
15
20
24
20
17
-4
-33
-42
-56
-39
-50
-71
-92
-104
-102
-103
-100
-100
-110
-123
-118
-127
-111
-82
-83
-94
-103
-92
-80
-61
-55
-52
-71
-77
-58
-54
-45
-36
-37
-53
-59
-43
-39
-37
-29
-57
-71
-77
-83
-71
-77
-97
-113
-122
-126
-131
-146
-149
-145
-151
-162
-167
-166
-170
-167
-180
-177
-169
-166
-174
-184
-169
-170
-168
-167
-141
-127
-129
-123
-120
-98
-65
-63
-50
-33
-35
-20
-21
14
24
26
22
15
23
15
25
20
8
-5
-6
-7
-18
-40
-58
-63
-75
-69
-68
-89
-107
-110
-112
-93
-78
-88
-88
-98
-96
-85
-57
-45
-42
-36
-40
-29
-18
12
23
20
30
17
14
15
24
43
57
34
20
40
42
38
21
33
15
6
-8
-13
-2
-4
1
-19
-29
-38
-49
-40
-53
-52
-62
-88
-95
-87
-60
-57
-71
-103
-89
-81
-78
-59
-64
-50
-43
-54
-47
-42
-25
-11
8
6
-6
1
10
28
35
35
37
25
21
24
41
24
9
11
-3
-4
-2
-15
-22
-27
-41
-60
-64
-71
-85
-81
-103
-114
-115
-111
-108
-106
-100
-94
-83
-92
-90
-80
-52
-52
-49
-38
-36
-36
-39
-37
-20
-17
-17
-23
-16
1
-22
-25
-27
-29
-23
-39
-50
-51
-56
-60
-79
-87
-87
-97
-101
-101
-108
-115
-129
-124
-112
-97
-107
-123
-132
-132
-125
-107
-102
-114
-95
-106
-108
-84
-77
-71
-69
-69
-69
-57
-47
-35
-28
-49
-42
-39
-30
-30
-27
-34
-41
-41
-42
-42
-37
-24
-59
-69
-74
-58
-69
-72
-70
-65
-69
-79
-76
-83
-72
-74
-84
-76
-64
-60
-37
-35
-26
-9
-4
16
29
36
46
56
55
54
70
79
92
89
88
88
108
111
104
106
94
93
93
102
105
96
89
90
84
83
71
65
54
50
50
36
48
46
46
32
26
44
44
27
31
48
52
42
43
51
71
76
58
67
81
70
71
64
70
78
66
75
67
73
81
72
70
75
78
69
43
30
46
58
62
62
60
51
37
46
73
64
52
46
48
57
50
46
51
48
44
55
58
60
59
52
71
76
77
86
95
118
127
123
129
140
146
148
146
156
169
167
172
181
173
171
183
187
190
187
195
204
200
191
177
181
184
180
172
166
160
150
139
133
131
122
112
110
115
107
104
99
102
97
88
91
107
111
103
109
117
119
116
116
122
121
116
137
134
134
135
133
124
122
131
124
112
101
109
119
104
89
75
78
90
90
92
83
73
64
51
40
55
58
49
45
48
44
47
43
49
65
67
57
65
74
87
95
102
99
94
98
97
117
133
132
133
123
129
132
144
150
145
143
149
141
130
126
132
135
117
115
110
112
105
94
100
113
118
102
89
87
94
115
98
102
103
92
92
89
105
102
98
88
92
84
83
90
86
86
86
64
62
67
61
62
59
71
61
64
60
50
54
53
55
73
83
82
238
619
599
-162
-472
114
557
238
-97
-52
161
105
-67
-53
2
165
444
409
11
-55
307
518
429
176
47
175
311
276
158
123
230
269
352
404
377
78
-40
172
547
398
120
364
514
292
-161
84
328
437
373
174
248
600
410
56
542
853
424
178
302
661
982
794
253
224
486
72
241
560
776
378
-65
-37
244
-73
-103
30
270
143
-20
108
22
126
-72
-37
-163
90
411
518
193
43
339
139
-221
-19
604
534
434
374
246
-98
-140
276
200
93
356
563
156
-296
-23
187
-238
-427
209
272
122
7
-174
-327
-346
-182
-243
7
338
251
-384
-267
-162
-201
-350
-86
263
128
-70
-189
-174
-195
-117
-23
-41
-183
111
404
125
-450
-204
196
5
-472
-204
584
280
-431
-431
-57
-65
-171
17
150
-97
-152
-98
-65
-154
-289
-73
-39
-331
-201
156
33
-423
-332
-128
-208
-211
138
53
-191
-270
-222
-110
-122
112
257
-65
-224
-93
-163
-97
75
288
-88
-274
-41
92
-242
-156
164
-2
-347
-29
177
-198
-216
-24
-167
-379
38
295
44
-200
-15
-137
-308
-90
427
144
-20
79
-25
-201
-12
379
118
-23
162
205
-163
31
166
56
-164
-23
86
89
129
-85
-107
-132
-45
-65
119
175
175
91
-126
-141
20
242
145
79
103
101
20
-42
85
124
76
15
-32
66
205
113
-58
-160
13
-5
65
199
67
-145
-223
-176
-148
15
236
46
-232
-199
-19
-1
-85
-23
-41
-64
-94
20
89
90
13
-88
-92
3
122
136
99
2
-61
-63
66
78
24
119
244
59
-87
-34
107
134
-43
-94
60
106
2
-52
83
106
-148
-105
91
139
59
128
113
-14
-57
80
172
191
134
199
171
55
43
135
243
215
127
170
305
291
117
32
147
240
191
174
351
385
172
85
225
172
134
203
399
352
217
253
292
158
49
244
487
335
251
291
225
128
154
286
238
221
280
323
193
176
164
188
153
190
274
355
378
257
132
90
177
307
327
312
367
257
174
104
182
270
341
335
276
253
279
289
282
197
184
303
302
286
236
208
220
180
167
236
262
207
188
169
121
111
133
160
214
177
161
212
171
98
158
190
241
294
275
187
125
256
312
278
315
368
330
284
340
307
175
247
312
267
301
378
285
136
98
90
78
171
229
175
142
107
5
-27
52
137
92
83
121
123
76
70
100
92
71
100
195
279
227
167
130
78
88
209
322
247
213
246
208
125
196
240
237
260
252
204
214
277
233
168
132
180
302
305
226
191
195
178
129
154
252
269
221
175
172
159
133
182
219
223
196
205
240
228
192
171
210
239
197
202
282
294
205
238
305
286
273
290
288
288
280
314
357
317
230
264
373
330
254
280
323
287
243
218
227
205
186
245
252
187
174
222
201
91
96
184
193
190
208
221
164
107
59
149
216
228
251
234
184
148
111
119
230
344
338
251
202
173
141
189
218
171
158
220
252
197
139
102
73
33
84
213
302
226
111
28
-14
0
90
205
216
159
100
32
15
56
99
109
125
137
144
131
112
83
30
24
73
153
185
173
136
75
-11
-8
119
246
256
183
112
38
45
109
159
172
140
138
122
88
36
9
36
12
-21
4
115
87
-30
-101
-88
-43
-5
29
49
6
-22
-65
-128
-87
14
54
-5
28
-9
-49
-43
-11
-17
-66
-8
46
-24
-100
-64
-17
-59
-134
-115
-67
-70
-76
-53
-68
-155
-158
-133
-105
-84
-49
-43
-135
-214
-204
-137
-84
-94
-130
-154
-156
-164
-191
-177
-116
-75
-69
-102
-144
-159
-130
-50
-46
-103
-112
-54
-46
-87
-82
-38
-50
-85
-65
-56
-58
-32
-25
-78
-96
-121
-109
-126
-125
-72
-88
-122
-132
-153
-177
-195
-162
-150
-160
-151
-176
-195
-205
-216
-233
-198
-163
-164
-150
-161
-220
-222
-214
-212
-200
-145
-63
-81
-202
-250
-190
-171
-191
-152
-81
-127
-191
-223
-226
-190
-144
-108
-122
-180
-174
-149
-154
-168
-184
-147
-132
-95
-79
-122
-148
-139
-144
-157
-121
-59
-52
-86
-100
-155
-203
-135
-48
-60
-133
-86
-64
-91
-131
-81
-22
-60
-73
-45
-6
9
16
-6
-42
-62
-13
35
67
37
22
15
5
-16
-24
19
58
39
17
0
-23
-52
-74
-60
-24
-21
-20
9
-15
-48
-60
-73
-78
-52
-27
-8
7
18
-21
-51
-114
-125
-35
28
40
29
32
29
-27
-66
-45
34
93
79
65
29
9
-21
-28
14
26
37
50
78
36
5
26
17
-16
4
68
91
64
31
8
5
-17
17
81
103
69
43
90
77
42
59
119
125
64
87
136
134
106
109
131
119
126
188
208
160
159
170
155
105
153
190
180
160
153
154
153
178
180
148
133
160
140
133
159
142
107
112
143
128
119
163
153
80
61
137
206
159
95
98
83
58
123
162
146
137
146
108
55
50
107
132
124
98
98
113
72
61
49
63
92
149
151
114
120
134
80
60
102
166
152
103
105
107
112
103
99
104
105
123
123
97
68
70
80
63
48
94
127
79
31
45
78
74
82
103
73
67
93
85
89
75
111
136
136
110
73
100
153
152
127
162
166
156
121
119
147
167
165
162
162
147
130
98
46
50
100
142
150
104
43
42
50
38
61
88
115
119
99
49
32
108
136
69
63
116
139
119
121
108
94
94
120
132
116
129
146
126
52
50
136
151
125
102
84
58
70
117
103
78
97
118
107
88
86
110
122
116
94
90
140
135
107
97
88
118
157
147
81
89
128
140
136
99
101
119
135
152
95
98
142
156
110
98
165
210
180
94
72
119
166
177
178
167
123
112
136
103
91
132
169
157
92
76
107
103
61
64
101
117
104
117
108
84
78
86
85
82
83
76
93
88
50
80
112
104
110
123
128
136
108
93
124
165
211
200
146
129
183
195
167
186
230
235
210
186
151
117
155
234
225
169
157
183
150
101
117
166
183
187
191
155
119
110
116
137
156
192
220
194
177
154
154
170
183
188
236
264
238
186
142
154
171
198
226
237
199
174
200
213
161
161
200
206
180
177
188
194
171
126
169
195
184
210
231
172
106
158
204
131
116
177
193
145
127
163
173
141
154
184
200
199
200
170
128
147
200
250
217
186
216
225
171
134
154
181
217
238
227
214
179
127
139
171
201
242
264
213
145
128
158
173
191
221
239
221
183
184
161
162
191
233
236
224
218
201
234
217
199
221
271
271
252
256
245
238
236
254
295
287
248
247
266
261
230
232
257
247
248
246
224
215
217
285
290
255
228
211
205
213
246
280
293
275
248
223
206
203
248
265
276
276
279
279
239
201
189
220
253
271
279
283
228
162
129
97
144
270
328
264
171
115
92
88
161
231
254
260
222
157
81
56
102
173
231
270
246
152
98
87
101
138
197
289
297
257
216
138
75
103
208
300
341
315
246
166
111
119
200
275
313
307
281
230
166
152
198
208
232
291
347
322
207
140
154
185
230
305
358
321
224
182
187
178
202
305
368
289
213
214
206
176
193
267
320
283
250
219
190
164
143
188
233
240
220
210
167
111
103
124
127
133
192
198
149
97
49
49
68
99
122
145
144
99
42
24
27
58
106
119
80
45
34
5
-7
26
78
63
49
52
35
6
-24
-23
11
49
51
26
-4
-16
-30
-27
-30
-14
-4
-14
-12
-42
-53
-51
-43
-62
-52
-42
-55
-91
-115
-106
-88
-52
-35
-80
-105
-89
-90
-97
-123
-93
-54
-53
-59
-64
-65
-103
-104
-92
-81
-50
-45
-58
-101
-139
-140
-121
-109
-104
-121
-120
-126
-139
-179
-187
-173
-160
-169
-187
-193
-217
-221
-221
-208
-219
-210
-214
-211
-211
-215
-216
-211
-220
-234
-221
-230
-214
-188
-228
-259
-213
-189
-208
-228
-202
-188
-204
-205
-203
-206
-197
-206
-214
-225
-227
-208
-201
-219
-214
-213
-234
-271
-271
-241
-249
-249
-250
-270
-276
-273
-265
-259
-280
-282
-252
-243
-262
-243
-245
-287
-272
-252
-234
-200
-195
-221
-267
-276
-245
-214
-210
-225
-224
-246
-266
-275
-267
-251
-250
-240
-238
-264
-290
-301
-307
-314
-301
-276
-288
-312
-321
-328
-327
-334
-340
-311
-284
-271
-281
-306
-306
-287
-267
-265
-273
-268
-242
-238
-256
-256
-258
-264
-270
-264
-250
-232
-226
-256
-309
-311
-279
-259
-243
-235
-234
-286
-339
-328
-302
-289
-292
-247
-247
-306
-342
-319
-310
-332
-293
-251
-224
-251
-296
-321
-331
-312
-276
-232
-208
-215
-255
-277
-293
-318
-280
-210
-208
-251
-257
-251
-273
-299
-276
-242
-233
-226
-221
-229
-256
-265
-266
-268
-265
-245
-205
-227
-268
-305
-281
-260
-286
-284
-257
-260
-276
-280
-303
-330
-321
-289
-295
-301
-286
-259
-280
-308
-301
-266
-242
-247
-248
-249
-255
-270
-261
-275
-291
-282
-243
-235
-283
-304
-297
-280
-301
-303
-279
-258
-261
-295
-336
-340
-329
-303
-297
-314
-329
-336
-336
-348
-348
-334
-327
-326
-310
-320
-331
-327
-318
-319
-331
-299
-269
-267
-282
-288
-292
-285
-262
-226
-203
-209
-231
-249
-246
-231
-212
-198
-192
-186
-194
-209
-204
-210
-205
-181
-180
-195
-213
-232
-235
-218
-241
-248
-237
-239
-231
-256
-256
-253
-266
-257
-255
-239
-236
-250
-264
-274
-268
-246
-203
-197
-218
-233
-247
-237
-237
-251
-231
-208
-217
-239
-253
-261
-268
-258
-235
-230
-253
-260
-264
-280
-280
-277
-285
-287
-293
-293
-296
-293
-305
-328
-325
-319
-314
-323
-322
-325
-331
-316
-303
-304
-328
-331
-319
-308
-309
-292
-289
-311
-341
-347
-308
-281
-262
-280
-288
-297
-322
-335
-313
-292
-290
-287
-303
-319
-328
-342
-344
-319
-308
-303
-317
-336
-371
-390
-374
-363
-370
-350
-334
-344
-365
-361
-348
-351
-353
-327
-313
-319
-330
-330
-337
-337
-302
-282
-275
-292
-305
-335
-344
-328
-301
-280
-300
-326
-325
-318
-327
-327
-324
-308
-314
-312
-307
-333
-340
-346
-354
-360
-349
-333
-351
-350
-354
-375
-378
-374
-353
-343
-345
-341
-339
-344
-351
-347
-354
-342
-328
-308
-316
-327
-315
-323
-331
-331
-311
-310
-324
-311
-305
-324
-338
-336
-311
-300
-303
-289
-301
-322
-325
-323
-335
-333
-311
-308
-321
-340
-335
-337
-326
-347
-357
-346
-338
-339
-343
-334
-335
-322
-351
-357
-334
-320
-311
-312
-331
-329
-323
-313
-303
-291
-298
-298
-293
-302
-293
-283
-266
-284
-285
-288
-303
-302
-299
-300
-310
-297
-282
-300
-317
-322
-328
-331
-319
-298
-304
-319
-330
-327
-328
-321
-305
-298
-294
-290
-290
-284
-274
-270
-271
-246
-248
-236
-219
-206
-226
-240
-233
-231
-185
-173
-157
-164
-182
-187
-181
-173
-165
-155
-141
-155
-168
-172
-165
-161
-156
-160
-155
-154
-161
-177
-186
-195
-180
-172
-168
-166
-184
-186
-181
-184
-190
-183
-161
-159
-176
-178
-180
-164
-156
-156
-159
-168
-180
-160
-145
-134
-134
-116
-126
-138
-133
-119
-106
-119
-112
-90
-92
-106
-101
-104
-94
-90
-76
-70
-79
-99
-108
-83
-84
-95
-82
-75
-91
-108
-113
-111
-96
-100
-105
-88
-97
-107
-105
-102
-105
-87
-77
-74
-82
-74
-67
-68
-71
-71
-59
-57
-39
-30
-27
-40
-44
-50
-57
-35
-27
-24
-33
-42
-30
-42
-53
-46
-45
-47
-52
-40
-23
-22
-39
-39
-29
-38
-43
-22
-4
-13
-12
-19
-30
-18
-5
-3
2
24
31
20
2
6
15
32
47
43
50
62
71
57
55
85
83
86
88
84
81
68
77
81
82
86
95
96
79
71
67
63
65
70
72
85
62
57
60
69
63
75
88
82
83
71
76
70
72
91
100
94
91
73
78
84
95
106
114
112
118
122
108
107
115
134
151
151
143
135
136
132
135
144
146
169
170
162
145
149
139
134
154
161
174
163
145
139
137
145
163
170
169
167
154
145
157
160
157
176
180
180
171
175
161
164
175
179
172
166
173
163
160
141
149
153
154
147
148
157
142
138
132
142
159
160
146
133
130
129
132
137
130
129
136
125
126
121
129
131
117
125
131
122
125
117
122
118
109
122
138
143
132
144
140
130
118
124
125
136
130
123
116
111
116
121
133
134
137
124
111
100
102
116
109
110
115
104
102
82
77
74
80
79
92
99
83
85
81
73
84
104
109
123
119
120
120
108
114
111
125
117
121
120
120
101
107
127
118
132
121
139
134
135
127
120
135
125
113
118
123
115
112
104
118
121
122
131
135
129
107
111
112
129
127
133
140
129
126
122
119
128
122
119
126
119
124
124
131
125
122
131
137
142
119
119
131
133
118
119
121
118
117
122
119
106
110
106
117
118
117
122
130
128
126
132
133
137
147
149
157
170
176
170
165
179
183
181
184
187
183
176
178
184
178
180
170
183
179
172
170
168
185
187
181
176
190
184
184
173
178
188
180
177
174
180
181
192
189
188
189
187
185
180
188
207
224
207
192
209
209
200
218
210
212
211
213
217
214
218
206
200
202
202
210
206
205
200
204
190
187
205
199
203
206
206
206
207
209
212
220
221
217
223
231
239
242
234
240
250
245
256
260
256
248
237
232
232
243
252
245
222
213
212
214
203
202
204
186
182
184
183
178
189
193
193
175
177
183
179
179
183
186
185
188
185
188
191
192
203
201
207
209
205
204
214
220
207
210
220
218
205
211
208
217
222
227
226
219
207
218
218
199
204
209
205
196
210
200
186
200
198
207
196
205
208
207
203
199
202
191
196
204
219
223
221
219
224
226
236
234
243
241
244
250
248
259
253
258
260
246
255
261
261
256
247
249
251
250
247
238
253
261
254
256
254
258
264
266
269
256
263
267
265
267
257
266
261
248
253
256
260
264
271
276
262
274
281
275
270
275
280
274
269
271
263
252
264
267
264
250
259
265
254
247
247
253
247
253
244
242
241
242
233
240
252
251
255
253
253
243
250
258
264
266
270
271
269
269
273
269
270
273
283
280
278
291
290
288
285
298
290
292
285
284
289
290
283
275
271
280
275
261
270
258
262
255
249
257
259
259
260
257
252
254
255
255
248
247
248
249
253
250
242
239
243
239
231
246
240
235
227
237
239
222
213
229
241
230
217
221
220
231
228
223
232
231
219
228
225
224
228
223
232
222
233
229
231
224
217
219
225
218
221
220
227
219
218
216
219
213
214
227
223
220
217
232
222
234
240
240
242
243
249
259
272
264
260
263
263
267
275
283
292
301
299
302
303
302
307
312
315
314
313
315
314
314
318
315
322
320
317
310
320
321
309
320
319
322
322
322
323
326
324
319
320
320
306
297
300
297
298
285
286
287
279
281
283
277
268
269
272
267
274
277
273
265
267
264
256
267
261
249
253
257
248
254
251
240
248
250
249
235
252
237
231
222
228
234
227
229
237
248
229
229
223
226
221
217
219
212
221
222
220
237
237
221
222
222
222
221
209
218
219
219
222
222
228
221
227
230
235
238
237
239
239
242
243
240
245
243
236
236
238
236
233
236
229
230
236
236
232
226
233
232
224
214
213
209
203
200
191
192
201
193
199
191
187
179
181
190
182
190
186
190
174
171
183
180
170
171
177
161
170
163
177
167
162
147
150
152
146
143
135
142
142
146
131
131
132
126
131
137
128
134
131
125
120
118
120
126
117
115
121
114
106
106
100
106
99
94
89
84
86
77
79
64
81
74
77
87
90
80
74
80
73
74
73
69
60
64
54
51
55
49
35
29
26
24
34
33
29
37
25
24
21
6
5
11
16
4
6
-9
-15
-7
-7
-13
-30
-28
-31
-43
-45
-52
-57
-63
-71
-69
-67
-65
-69
-87
-92
-90
-101
-102
-104
-98
-89
-99
-107
-107
-111
-102
-99
-111
-98
-96
-104
-114
-114
-98
-92
-102
-93
-86
-81
-89
-91
-87
-87
-87
-78
-69
-82
-77
-72
-74
-78
-83
-70
-75
-76
-67
-69
-81
-80
-70
-72
-76
-78
-84
-80
-84
-79
-84
-80
-64
-64
-71
