SAMPLES:	14098
BITSPERSAMPLE:	16
CHANNELS:	1
SAMPLERATE:	16000
NORMALIZED:	FALSE
-235
-242
-242
-250
-254
-254
-249
-255
-246
-250
-255
-256
-251
-256
-250
-248
-260
-254
-254
-258
-257
-242
-250
-247
-241
-246
-236
-237
-225
-231
-218
-214
-211
-204
-197
-190
-191
-189
-197
-193
-182
-189
-177
-180
-184
-178
-176
-174
-192
-187
-190
-185
-184
-174
-173
-172
-169
-180
-179
-185
-179
-175
-162
-169
-178
-172
-177
-165
-175
-170
-164
-151
-142
-159
-143
-148
-142
-145
-135
-137
-125
-118
-118
-127
-130
-126
-130
-126
-138
-130
-140
-137
-143
-149
-150
-148
-152
-146
-143
-147
-154
-168
-168
-162
-164
-165
-157
-162
-154
-156
-147
-148
-158
-153
-161
-153
-153
-141
-143
-152
-154
-144
-152
-155
-151
-160
-155
-156
-152
-157
-164
-169
-169
-182
-180
-172
-174
-180
-185
-186
-191
-191
-198
-198
-195
-181
-174
-185
-189
-195
-194
-185
-177
-172
-164
-171
-170
-162
-160
-146
-154
-150
-142
-139
-145
-142
-137
-134
-150
-150
-151
-157
-157
-165
-165
-171
-160
-166
-158
-164
-169
-169
-176
-174
-189
-184
-184
-178
-174
-175
-175
-183
-180
-181
-183
-181
-171
-166
-163
-151
-146
-152
-153
-136
-145
-142
-132
-127
-137
-126
-124
-118
-123
-133
-131
-132
-129
-134
-117
-126
-133
-133
-140
-137
-148
-156
-159
-165
-155
-161
-167
-166
-167
-160
-173
-181
-174
-173
-177
-183
-179
-168
-172
-171
-164
-162
-157
-167
-163
-158
-162
-158
-151
-167
-178
-169
-171
-177
-177
-181
-173
-174
-182
-172
-186
-191
-189
-189
-190
-195
-192
-198
-189
-204
-204
-196
-200
-195
-198
-185
-192
-200
-198
-201
-188
-191
-193
-184
-185
-188
-184
-187
-187
-183
-177
-166
-182
-191
-179
-172
-182
-180
-187
-186
-193
-187
-191
-204
-208
-219
-209
-220
-224
-227
-223
-232
-236
-242
-254
-241
-240
-257
-256
-253
-249
-255
-261
-253
-255
-257
-262
-260
-255
-262
-267
-265
-281
-270
-269
-283
-275
-285
-286
-292
-286
-292
-303
-318
-322
-312
-325
-312
-314
-318
-321
-335
-331
-348
-343
-354
-362
-353
-351
-358
-353
-357
-368
-376
-380
-369
-370
-352
-354
-356
-354
-345
-337
-336
-340
-340
-346
-350
-343
-341
-346
-343
-347
-344
-344
-337
-341
-331
-336
-333
-327
-338
-342
-345
-343
-355
-352
-356
-358
-363
-359
-361
-350
-353
-346
-338
-342
-337
-339
-334
-326
-319
-323
-311
-315
-301
-300
-297
-287
-283
-272
-268
-257
-246
-248
-244
-243
-226
-229
-239
-228
-230
-237
-238
-240
-247
-247
-251
-254
-245
-245
-238
-241
-247
-239
-231
-229
-218
-212
-218
-222
-223
-211
-216
-208
-217
-214
-208
-207
-206
-198
-207
-215
-214
-209
-202
-193
-190
-198
-192
-200
-188
-186
-188
-189
-189
-178
-174
-171
-168
-168
-187
-189
-189
-187
-186
-190
-188
-187
-195
-195
-203
-202
-200
-205
-207
-223
-217
-213
-205
-201
-210
-207
-201
-200
-203
-195
-199
-201
-192
-189
-186
-179
-175
-178
-182
-181
-176
-175
-175
-170
-167
-171
-166
-174
-179
-178
-171
-179
-182
-177
-181
-189
-179
-172
-179
-184
-177
-165
-173
-177
-171
-170
-175
-165
-160
-159
-157
-159
-159
-163
-153
-150
-152
-146
-152
-143
-141
-138
-133
-130
-140
-126
-127
-134
-139
-144
-139
-140
-130
-143
-130
-133
-128
-124
-130
-126
-131
-129
-130
-138
-142
-134
-125
-130
-126
-131
-128
-123
-127
-117
-114
-106
-112
-115
-113
-99
-105
-100
-93
-92
-81
-84
-69
-83
-86
-72
-67
-67
-68
-79
-77
-89
-92
-92
-96
-87
-98
-109
-106
-109
-106
-109
-122
-121
-125
-119
-106
-112
-116
-104
-106
-117
-111
-106
-105
-100
-93
-91
-90
-84
-84
-75
-61
-66
-58
-52
-55
-56
-56
-50
-51
-61
-62
-65
-70
-68
-58
-61
-59
-55
-62
-69
-72
-72
-77
-77
-78
-81
-79
-73
-80
-73
-72
-74
-57
-64
-56
-45
-51
-42
-38
-42
-36
-23
-23
-33
-24
-21
-20
-23
-12
-2
-14
-4
-1
0
-13
-12
-1
-8
-10
-11
-11
-10
-11
-13
-26
-42
-21
-27
-43
-43
-41
-39
-47
-39
-43
-41
-37
-28
-21
-23
-18
-23
-9
-9
-13
1
-3
8
12
6
18
16
14
27
42
42
36
39
42
28
29
42
26
31
38
31
26
25
32
26
16
17
25
23
23
38
42
26
45
42
43
45
38
42
45
60
54
59
60
57
58
66
65
66
69
76
78
75
82
83
74
87
78
78
71
73
83
77
71
77
71
60
79
77
68
64
72
75
74
86
78
81
88
85
88
102
99
91
93
95
97
90
109
105
107
110
113
116
115
114
107
115
120
125
139
133
141
135
130
131
136
140
128
127
125
119
113
105
108
108
103
109
115
107
115
117
119
120
126
132
127
128
133
140
141
143
146
142
154
155
147
152
157
161
150
153
160
163
164
173
176
163
161
173
165
161
163
152
158
154
158
148
155
154
147
159
142
147
148
146
143
143
145
145
148
149
154
155
151
159
163
157
163
160
156
154
155
161
166
170
167
172
164
174
179
182
183
175
181
163
162
157
157
161
146
150
155
149
144
149
151
149
151
143
145
142
137
137
132
131
136
126
127
128
124
121
118
116
116
122
113
119
119
119
127
123
118
127
115
119
116
118
120
107
109
108
118
113
108
101
94
83
89
82
86
81
73
73
69
70
62
69
67
70
68
77
76
76
76
81
90
87
84
86
90
81
89
89
98
100
89
98
105
100
112
113
112
118
110
110
113
110
111
111
102
104
104
102
109
108
109
115
115
107
112
123
112
118
122
121
117
116
121
106
109
112
111
111
112
117
108
113
117
115
108
107
110
105
109
105
112
107
101
99
100
96
95
94
95
103
93
86
82
91
82
85
86
85
87
94
92
88
103
102
105
102
109
104
103
110
108
93
85
100
94
95
102
100
97
99
101
106
102
101
109
108
113
108
108
109
111
98
96
95
93
95
92
93
78
63
72
69
64
65
58
63
60
67
65
74
77
81
68
68
76
74
68
73
70
60
64
51
57
51
44
42
34
23
22
26
18
20
16
20
10
13
11
6
1
2
-6
-7
-19
-32
-33
-31
-20
-29
-22
-12
-23
-23
-26
-19
-16
-17
-13
-15
-16
-22
-8
-5
-3
-5
-4
9
-11
3
6
4
4
0
-5
-11
-4
-3
-11
-6
-7
-10
1
-4
3
-3
0
-3
-7
-9
-24
-36
-44
-43
-46
-40
-47
-58
-54
-66
-70
-74
-75
-70
-75
-72
-67
-67
-75
-72
-62
-56
-58
-61
-58
-58
-61
-65
-64
-68
-55
-46
-37
-36
-42
-33
-42
-22
-33
-30
-25
-35
-29
-26
-38
-45
-39
-43
-42
-39
-34
-37
-37
-45
-38
-52
-52
-48
-58
-60
-57
-58
-61
-64
-72
-65
-72
-71
-77
-82
-85
-92
-97
-96
-96
-92
-87
-101
-100
-103
-106
-105
-111
-109
-110
-111
-107
-102
-96
-93
-111
-104
-94
-92
-95
-83
-92
-99
-84
-105
-92
-104
-103
-99
-101
-85
-96
-95
-94
-96
-102
-105
-108
-100
-103
-105
-104
-111
-112
-113
-113
-119
-118
-118
-121
-122
-129
-128
-123
-136
-143
-143
-140
-152
-145
-139
-147
-146
-145
-147
-147
-146
-143
-147
-154
-150
-156
-147
-141
-147
-149
-152
-160
-169
-167
-168
-157
-159
-165
-167
-169
-178
-173
-178
-175
-163
-169
-166
-160
-165
-166
-162
-166
-157
-168
-161
-167
-155
-154
-157
-152
-159
-157
-167
-161
-157
-160
-163
-155
-166
-163
-156
-163
-159
-160
-158
-159
-167
-167
-160
-156
-160
-161
-156
-147
-148
-145
-146
-146
-149
-153
-149
-164
-158
-155
-164
-161
-166
-162
-152
-158
-158
-157
-163
-168
-166
-165
-161
-159
-165
-163
-172
-187
-174
-180
-180
-176
-173
-162
-168
-159
-161
-158
-164
-167
-170
-166
-163
-170
-168
-169
-175
-168
-161
-166
-157
-156
-156
-168
-167
-165
-172
-168
-180
-181
-182
-176
-187
-184
-174
-176
-177
-188
-176
-179
-167
-171
-179
-176
-186
-170
-175
-192
-177
-178
-173
-167
-166
-169
-178
-180
-184
-178
-191
-184
-193
-199
-202
-201
-201
-207
-204
-196
-197
-205
-208
-219
-215
-214
-216
-213
-221
-217
-225
-241
-240
-249
-247
-245
-255
-249
-240
-240
-248
-248
-248
-236
-233
-234
-238
-242
-243
-232
-245
-249
-239
-245
-240
-245
-230
-249
-252
-254
-254
-261
-258
-251
-257
-264
-263
-264
-266
-261
-262
-259
-263
-263
-266
-259
-264
-257
-256
-257
-252
-260
-253
-244
-245
-245
-234
-236
-235
-231
-225
-224
-224
-231
-234
-236
-230
-229
-233
-241
-240
-239
-235
-231
-226
-222
-224
-222
-221
-215
-216
-221
-226
-228
-231
-228
-229
-230
-227
-221
-227
-213
-216
-221
-213
-209
-204
-214
-215
-202
-214
-207
-197
-212
-202
-191
-198
-191
-197
-197
-183
-185
-184
-179
-180
-182
-181
-176
-180
-187
-181
-191
-196
-195
-190
-196
-201
-197
-208
-204
-193
-188
-197
-205
-211
-202
-197
-211
-215
-219
-225
-219
-215
-225
-231
-231
-228
-222
-231
-223
-229
-232
-228
-232
-236
-244
-241
-244
-247
-246
-252
-251
-251
-263
-260
-272
-274
-282
-275
-262
-278
-271
-263
-271
-266
-260
-262
-252
-263
-255
-250
-247
-249
-243
-238
-228
-238
-235
-227
-233
-233
-234
-238
-246
-249
-255
-239
-246
-250
-237
-234
-239
-243
-241
-243
-245
-254
-260
-258
-258
-260
-261
-261
-268
-267
-274
-268
-276
-278
-276
-287
-264
-275
-276
-279
-289
-281
-283
-287
-299
-280
-289
-299
-296
-295
-304
-297
-292
-299
-307
-315
-309
-315
-315
-325
-322
-329
-333
-336
-335
-340
-342
-320
-329
-329
-323
-322
-320
-312
-315
-308
-302
-308
-295
-302
-297
-298
-302
-312
-307
-312
-312
-308
-316
-302
-309
-311
-317
-314
-323
-326
-317
-317
-330
-320
-314
-311
-312
-310
-307
-304
-303
-310
-303
-310
-297
-305
-314
-296
-287
-301
-296
-299
-298
-297
-295
-293
-299
-301
-301
-297
-295
-287
-285
-290
-293
-278
-293
-291
-289
-291
-291
-293
-291
-287
-282
-279
-274
-271
-270
-272
-261
-266
-266
-258
-255
-249
-246
-236
-230
-236
-236
-238
-237
-238
-238
-234
-240
-232
-231
-232
-236
-242
-235
-246
-239
-237
-243
-240
-237
-250
-245
-243
-246
-248
-255
-241
-243
-252
-243
-243
-245
-254
-251
-248
-260
-248
-256
-254
-250
-247
-241
-243
-238
-241
-244
-239
-250
-249
-255
-252
-240
-250
-240
-241
-252
-242
-246
-234
-234
-233
-234
-237
-240
-236
-229
-234
-225
-229
-226
-224
-218
-220
-217
-225
-225
-233
-242
-235
-239
-235
-241
-243
-245
-246
-235
-247
-245
-248
-254
-258
-261
-254
-249
-255
-265
-262
-263
-273
-287
-276
-284
-271
-276
-275
-277
-280
-288
-288
-282
-290
-282
-302
-295
-297
-303
-297
-297
-293
-297
-293
-296
-298
-295
-302
-296
-296
-290
-296
-296
-286
-288
-287
-284
-280
-290
-286
-281
-275
-267
-279
-270
-269
-271
-263
-264
-257
-264
-260
-270
-256
-248
-252
-237
-250
-252
-246
-244
-242
-245
-242
-242
-243
-237
-245
-245
-240
-236
-244
-246
-245
-241
-245
-248
-242
-246
-254
-266
-265
-264
-259
-268
-283
-271
-268
-283
-281
-283
-283
-285
-291
-293
-291
-291
-281
-283
-283
-278
-290
-295
-301
-305
-301
-301
-305
-304
-300
-309
-310
-304
-306
-316
-315
-312
-318
-310
-306
-315
-310
-318
-313
-303
-301
-306
-309
-311
-318
-314
-325
-321
-317
-324
-336
-346
-339
-340
-347
-360
-355
-341
-348
-338
-346
-334
-341
-344
-338
-343
-331
-339
-335
-339
-340
-336
-333
-334
-340
-339
-340
-338
-326
-331
-323
-320
-324
-320
-326
-320
-321
-323
-314
-319
-308
-307
-306
-294
-299
-294
-292
-300
-295
-293
-294
-294
-298
-290
-298
-289
-287
-293
-291
-297
-288
-285
-290
-289
-287
-296
-283
-290
-291
-283
-299
-297
-300
-296
-294
-290
-296
-305
-306
-308
-315
-313
-316
-312
-314
-307
-300
-306
-307
-298
-314
-307
-306
-313
-308
-324
-317
-326
-309
-315
-315
-310
-309
-312
-310
-296
-306
-307
-296
-291
-299
-289
-297
-301
-296
-294
-286
-282
-294
-299
-288
-288
-284
-287
-294
-303
-312
-311
-324
-321
-328
-336
-326
-328
-329
-332
-329
-327
-321
-318
-322
-329
-324
-314
-326
-329
-319
-317
-323
-317
-323
-321
-320
-320
-313
-315
-316
-308
-297
-303
-296
-289
-298
-290
-282
-284
-278
-281
-276
-287
-284
-288
-292
-286
-287
-289
-287
-281
-286
-281
-285
-288
-292
-290
-285
-284
-293
-291
-285
-290
-289
-294
-279
-283
-292
-284
-279
-281
-279
-283
-281
-276
-274
-271
-280
-277
-278
-282
-275
-286
-290
-284
-289
-292
-302
-286
-288
-302
-305
-302
-306
-309
-308
-311
-304
-309
-305
-316
-316
-306
-303
-308
-313
-311
-310
-308
-308
-298
-298
-299
-282
-293
-299
-297
-293
-292
-296
-304
-303
-295
-312
-310
-289
-296
-293
-292
-294
-287
-295
-285
-287
-294
-301
-297
-305
-304
-306
-316
-316
-320
-311
-310
-316
-323
-311
-314
-302
-306
-324
-324
-326
-321
-320
-324
-323
-342
-343
-330
-328
-336
-331
-332
-329
-324
-327
-333
-333
-318
-320
-323
-316
-319
-324
-315
-328
-334
-337
-344
-337
-348
-346
-345
-355
-356
-358
-356
-362
-359
-368
-370
-382
-376
-381
-377
-378
-384
-371
-369
-371
-368
-360
-353
-345
-344
-330
-335
-326
-315
-312
-314
-311
-303
-303
-292
-285
-277
-259
-253
-243
-242
-235
-228
-226
-224
-224
-227
-216
-211
-209
-202
-203
-187
-190
-196
-187
-194
-192
-176
-188
-181
-180
-179
-172
-172
-162
-165
-155
-162
-165
-155
-161
-162
-167
-159
-152
-166
-163
-155
-150
-144
-141
-140
-141
-132
-133
-135
-137
-126
-130
-127
-118
-131
-128
-135
-137
-138
-134
-125
-141
-139
-136
-131
-140
-139
-142
-139
-139
-146
-139
-148
-161
-157
-167
-170
-164
-169
-159
-162
-167
-165
-156
-162
-161
-155
-158
-148
-147
-142
-144
-138
-141
-149
-140
-138
-145
-145
-139
-142
-136
-142
-146
-148
-142
-139
-134
-132
-135
-132
-128
-141
-126
-126
-135
-126
-109
-109
-113
-113
-105
-108
-110
-104
-108
-107
-111
-103
-104
-114
-109
-119
-121
-111
-121
-114
-112
-115
-114
-127
-120
-118
-126
-129
-126
-130
-126
-129
-134
-129
-131
-126
-128
-133
-127
-122
-126
-126
-119
-125
-124
-124
-120
-121
-126
-121
-127
-119
-130
-130
-126
-131
-126
-130
-126
-127
-136
-137
-138
-130
-137
-133
-132
-131
-126
-123
-123
-123
-115
-114
-116
-121
-125
-123
-127
-131
-120
-133
-136
-134
-143
-134
-142
-141
-134
-147
-141
-141
-133
-120
-133
-133
-123
-125
-125
-117
-126
-116
-116
-109
-91
-97
-92
-87
-88
-97
-79
-85
-82
-87
-93
-91
-92
-96
-101
-98
-97
-96
-100
-97
-92
-108
-102
-100
-103
-101
-96
-98
-89
-94
-96
-89
-96
-88
-102
-89
-84
-81
-81
-78
-77
-75
-70
-73
-49
-49
-48
-46
-36
-43
-50
-40
-45
-39
-22
-19
-10
-12
-16
-4
-7
-1
-3
8
-2
-2
13
17
17
11
14
17
17
19
20
15
21
19
17
13
19
6
6
7
3
16
2
-4
-10
-15
-13
-17
-26
-33
-36
-42
-41
-39
-43
-46
-41
-48
-50
-50
-55
-55
-64
-69
-63
-69
-84
-82
-79
-84
-79
-80
-75
-86
-83
-87
-84
-86
-80
-70
-81
-71
-87
-87
-90
-90
-89
-95
-92
-87
-87
-83
-80
-83
-78
-79
-74
-76
-74
-71
-65
-66
-71
-81
-69
-72
-76
-78
-81
-62
-64
-63
-60
-67
-59
-56
-63
-58
-49
-58
-61
-63
-66
-56
-65
-64
-60
-55
-47
-48
-47
-38
-34
-39
-41
-42
-40
-50
-55
-49
-59
-60
-71
-83
-92
-75
-75
-76
-61
-65
-65
-62
-57
-63
-61
-62
-70
-59
-62
-68
-58
-53
-51
-49
-51
-53
-48
-53
-47
-39
-38
-43
-41
-33
-34
-30
-20
-23
-19
-19
-21
-3
-2
3
0
8
5
9
10
16
23
7
11
14
16
11
9
8
5
9
2
1
6
8
4
-7
5
13
13
6
4
-7
-6
2
3
-7
-7
-12
-12
-3
-9
-24
-21
-27
-26
-30
-37
-40
-44
-43
-48
-47
-47
-47
-54
-51
-53
-57
-60
-68
-72
-77
-87
-87
-90
-94
-100
-109
-105
-109
-101
-112
-111
-118
-125
-115
-114
-122
-131
-126
-130
-134
-129
-125
-129
-135
-135
-135
-125
-131
-130
-135
-136
-130
-134
-137
-133
-128
-139
-131
-131
-141
-129
-137
-145
-140
-135
-135
-144
-140
-137
-140
-136
-136
-137
-142
-135
-133
-146
-143
-137
-130
-133
-130
-124
-133
-139
-134
-135
-123
-130
-129
-121
-124
-124
-131
-113
-111
-121
-118
-109
-109
-113
-108
-98
-94
-98
-98
-102
-105
-94
-109
-111
-100
-96
-98
-104
-92
-95
-96
-95
-90
-87
-88
-89
-81
-89
-83
-91
-92
-76
-90
-88
-78
-87
-94
-87
-93
-91
-92
-101
-98
-97
-98
-106
-96
-92
-99
-104
-100
-93
-99
-100
-98
-97
-107
-95
-90
-96
-94
-90
-89
-90
-84
-94
-90
-79
-82
-81
-81
-86
-85
-79
-79
-76
-71
-72
-78
-70
-61
-69
-67
-62
-61
-58
-61
-56
-60
-69
-64
-65
-57
-57
-66
-60
-59
-72
-71
-60
-62
-61
-56
-66
-66
-54
-55
-64
-48
-42
-50
-38
-41
-31
-29
-21
-25
-31
-26
-17
-4
-13
-21
-15
-16
-12
3
6
10
-1
6
11
8
5
3
1
2
-2
-9
-12
-4
-15
-7
-6
-10
-12
-10
1
-4
-2
5
10
5
12
0
1
6
7
19
19
13
-4
5
9
12
23
37
33
27
49
51
63
64
70
75
67
66
58
68
65
69
87
88
74
73
83
77
91
112
98
93
94
73
77
90
92
89
85
86
75
82
84
89
81
84
102
93
91
95
97
102
113
120
113
112
103
115
110
112
116
117
120
99
112
117
111
128
114
104
109
108
119
119
119
111
103
107
101
101
95
94
89
83
93
88
85
78
81
83
87
91
80
83
82
83
100
100
105
99
86
96
94
102
114
114
104
95
95
97
109
98
109
93
85
73
80
84
81
79
55
69
67
72
58
56
51
53
58
57
63
58
53
45
44
58
62
51
47
56
77
86
69
69
66
78
90
80
94
90
88
72
90
98
112
126
93
79
87
114
139
137
131
114
102
96
113
136
141
124
97
60
77
132
164
162
122
100
91
118
140
153
151
129
105
105
126
136
129
118
118
146
163
175
163
147
162
193
231
221
176
159
168
189
226
216
177
175
170
181
178
178
169
175
177
178
183
173
161
176
175
193
197
180
162
147
176
189
207
192
202
193
189
206
216
230
219
206
206
215
240
236
245
236
231
232
216
212
220
247
250
245
214
197
197
207
212
198
220
211
168
136
115
127
148
147
120
80
79
67
88
85
62
48
31
18
-9
-22
-7
156
322
246
33
-114
-5
271
477
517
352
234
166
186
383
584
665
537
355
232
300
461
539
542
456
373
267
225
233
264
321
302
220
135
99
47
39
81
122
185
146
41
-61
-45
23
95
168
166
91
10
-15
27
120
223
222
150
53
-8
53
135
184
142
54
-23
-71
-3
89
97
64
-26
-116
-91
20
109
172
109
7
-37
22
163
243
257
221
141
141
197
240
286
310
241
217
224
213
224
217
203
199
194
185
157
118
105
102
111
156
138
97
85
48
60
128
168
183
160
160
188
233
277
319
355
410
442
441
470
480
486
492
475
446
404
335
299
226
159
90
-5
-96
-176
-269
-354
-440
-541
-628
-710
-752
-807
-864
-689
-333
-313
-665
-963
-821
-268
174
287
219
36
-78
-66
326
858
1068
868
553
371
440
716
914
973
814
512
342
265
267
261
269
227
29
-180
-278
-354
-467
-496
-406
-328
-356
-584
-709
-678
-580
-415
-227
-122
-212
-349
-347
-159
90
307
434
384
290
231
338
566
717
703
649
554
453
469
520
564
529
418
317
207
99
31
20
6
-37
-137
-203
-272
-388
-399
-347
-273
-194
-123
-89
-129
-172
-108
93
413
637
637
514
434
513
731
1016
1119
1026
846
679
675
778
888
851
662
409
209
124
101
58
-98
-334
-553
-671
-730
-778
-890
-1069
-1169
-1273
-1306
-1232
-1234
-952
-471
-451
-800
-1140
-908
-120
509
712
512
337
317
296
725
1472
1806
1492
1045
751
860
1192
1313
1387
1207
811
430
231
283
246
188
140
-107
-456
-628
-736
-814
-755
-734
-611
-557
-825
-1047
-952
-667
-428
-202
-46
-59
-226
-228
37
419
765
825
742
685
607
658
967
1198
1148
1007
782
679
766
861
854
773
650
483
360
343
365
334
304
191
56
38
13
-55
-72
-77
-85
-96
-172
-246
-320
-379
-365
-371
-436
-542
-642
-717
-704
-756
-845
-1013
-1025
-1078
-876
-98
174
-396
-1232
-1394
-412
666
999
607
71
-63
-288
91
1098
1796
1463
581
31
133
778
1044
1127
1039
580
103
-140
110
242
188
142
-1
-260
-487
-606
-670
-559
-523
-415
-153
-408
-842
-965
-648
-270
-13
154
81
-178
-421
-321
156
741
854
548
389
261
255
544
961
1061
886
541
318
565
783
802
754
688
601
469
422
445
539
608
508
373
361
326
218
180
179
195
256
122
-123
-300
-347
-320
-288
-389
-681
-953
-1128
-1144
-1164
-1252
-1282
-1854
-1875
-671
151
-252
-1721
-2546
-1331
402
1168
737
106
-51
-592
-533
900
2465
2530
1223
-88
7
1077
1509
1715
1760
1295
467
-194
120
637
647
348
50
-225
-478
-775
-897
-701
-820
-786
-428
-570
-1062
-1480
-1335
-821
-362
-146
-83
-278
-696
-847
-361
674
1145
814
458
264
290
581
1103
1542
1597
1064
567
766
1167
1347
1253
1080
988
897
735
587
605
644
517
345
302
183
-6
-150
-304
-298
-154
-174
-470
-728
-916
-1049
-1003
-1023
-1182
-1400
-1596
-1915
-2130
-2134
-1260
88
214
-1257
-2849
-2583
-401
1332
1570
784
8
-362
-769
47
2074
3410
2597
722
-253
357
1515
1833
1941
1893
1234
142
-470
49
625
555
154
-154
-397
-801
-1250
-1329
-984
-841
-707
-569
-932
-1516
-1809
-1423
-675
-80
55
-112
-444
-797
-727
37
1134
1484
1017
471
268
478
938
1527
1914
1853
1183
631
889
1466
1728
1600
1293
989
810
777
735
793
744
503
274
155
64
-72
-135
-274
-427
-396
-445
-666
-986
-1267
-1426
-1438
-1556
-1723
-1890
-2155
-2528
-2703
-1423
164
-79
-1933
-3544
-2699
102
1665
1418
387
-67
-483
-866
405
2750
3996
2537
219
-543
854
2106
2115
2198
1986
1124
-203
-621
333
1092
756
-171
-519
-547
-879
-1352
-1333
-927
-919
-843
-925
-1160
-1438
-1753
-1487
-697
-25
24
-176
-527
-826
-661
139
1236
1537
1051
346
154
596
1110
1640
1993
1857
1172
735
900
1431
1841
1748
1419
1039
806
662
751
898
778
555
295
72
-69
-102
-189
-332
-455
-560
-660
-881
-1264
-1606
-1731
-1853
-2078
-2293
-2454
-2566
-2672
-1761
-598
-736
-2194
-3597
-2769
-52
1547
1296
76
-438
-469
-495
616
2690
3980
2749
343
-623
867
2373
2497
2317
1921
1160
-186
-831
84
1148
904
-238
-933
-1072
-1208
-1634
-1671
-1189
-1069
-1215
-1582
-1751
-1767
-1917
-1741
-1005
-313
-272
-600
-923
-874
-526
67
943
1382
1104
403
123
576
1244
1721
1954
1911
1390
847
744
1115
1702
1910
1585
906
331
118
349
676
662
382
-71
-454
-732
-770
-501
-389
-608
-990
-1319
-1567
-1720
-1867
-2148
-2313
-2504
-2809
-2986
-2927
-1650
-351
-854
-2787
-4290
-3060
101
1787
1439
45
-628
-869
-943
550
3135
4517
2834
4
-1028
641
2369
2553
2464
2121
1175
-555
-1314
-113
1220
1051
-312
-1089
-1176
-1388
-1880
-1824
-1144
-938
-1173
-1677
-1764
-1712
-1914
-1834
-1024
-38
132
-360
-922
-942
-514
203
1128
1657
1484
541
13
407
1233
2015
2396
2232
1399
706
615
1119
1825
2141
1792
926
198
-133
210
756
775
392
-110
-460
-732
-821
-587
-373
-427
-821
-1248
-1554
-1628
-1786
-2180
-2482
-2655
-2604
-2718
-2221
-841
-367
-1718
-3782
-4134
-1495
1548
2104
796
-585
-862
-1015
-373
1923
4313
4329
1539
-999
-610
1765
2897
2816
2565
1857
448
-1156
-934
809
1766
795
-761
-1202
-1185
-1470
-1821
-1358
-722
-691
-1245
-1872
-1661
-1475
-1549
-1290
-453
261
221
-305
-801
-597
23
896
1630
1795
1294
432
317
834
1689
2453
2602
1945
1015
726
1072
1740
2095
2009
1460
722
170
134
665
987
680
86
-289
-426
-495
-475
-469
-512
-676
-925
-1193
-1498
-1679
-2095
-2482
-2687
-2739
-2661
-1790
-268
-9
-1787
-4114
-4344
-1434
1920
2652
1344
-296
-987
-1493
-539
2389
5111
5004
1591
-1197
-735
1723
3013
3113
3064
2175
240
-1654
-1131
983
2013
874
-853
-1215
-1212
-1615
-1898
-1300
-595
-576
-1204
-1746
-1462
-1321
-1489
-1231
-210
688
622
-15
-575
-448
205
1123
1967
2263
1705
646
352
841
1741
2561
2701
2113
1332
951
932
1358
1824
2095
1765
973
166
-14
514
747
562
280
90
-240
-614
-671
-435
-195
-413
-781
-1042
-1254
-1535
-2139
-2470
-2526
-2385
-2202
-1142
172
-61
-2381
-4410
-3700
-243
2694
2603
947
-622
-1088
-1414
213
3425
5666
4450
625
-1438
-171
2415
3396
3417
3061
1750
-417
-1817
-446
1666
2217
633
-1075
-1366
-1413
-1532
-1451
-757
-465
-787
-1445
-1676
-1282
-1174
-1151
-813
51
654
559
209
-204
-132
473
1533
2394
2475
1709
733
723
1301
2238
2862
2943
2357
1564
1163
1147
1565
2059
2263
1762
931
84
51
425
576
420
232
40
-476
-973
-1043
-598
-383
-600
-1048
-1391
-1522
-2144
-2716
-2913
-2482
-1963
-764
397
-25
-2256
-4412
-3703
-176
2910
3093
1408
-453
-1257
-1642
180
3747
6198
4888
740
-1639
-402
2256
3501
3891
3601
1919
-743
-2281
-626
1823
2336
660
-1004
-1460
-1744
-1983
-1679
-630
-314
-882
-1735
-1898
-1424
-1310
-1270
-867
79
657
548
151
-170
-41
515
1631
2524
2705
1919
1030
950
1435
2299
3078
3554
2979
1819
960
936
1635
2441
2661
2078
935
-203
-536
52
744
802
337
-453
-1184
-1493
-1251
-805
-612
-907
-1576
-2054
-2433
-2775
-3184
-3017
-2365
-750
709
134
-2441
-4592
-3872
-284
3005
3592
2100
-162
-1491
-2114
77
4034
6669
5374
1162
-1622
-894
1810
3511
4419
4098
2046
-972
-2650
-942
1605
2434
885
-919
-1677
-2157
-2321
-1847
-748
-438
-918
-1793
-2044
-1656
-1533
-1420
-966
7
693
599
139
-317
-184
493
1648
2614
2946
2229
1190
804
1165
2341
3471
3974
3259
1823
713
531
1424
2557
2963
2161
552
-838
-1110
-250
545
728
140
-891
-1791
-2121
-1749
-1241
-1055
-1481
-2020
-2682
-3265
-3788
-3660
-2940
-1261
511
409
-1964
-4538
-4534
-1298
2421
3556
2742
654
-981
-2262
-864
3028
6267
5927
2071
-974
-1024
980
2502
3768
4252
2685
-337
-2645
-1634
638
1672
744
-536
-1210
-2125
-2729
-2465
-1252
-731
-951
-1558
-1741
-1640
-1883
-1875
-1234
-63
693
760
422
-142
-314
85
1319
2619
3163
2557
1450
863
991
2064
3359
4096
3516
2072
808
503
1255
2345
2889
2251
717
-802
-1103
-313
415
505
-111
-884
-1623
-1982
-1801
-1378
-1295
-1655
-2324
-2921
-3298
-3676
-3596
-2704
-582
760
-277
-3122
-4711
-3097
717
2979
3088
1977
472
-1026
-1652
966
4881
6728
4319
633
-656
580
2141
3027
4119
3897
1693
-1300
-2052
-72
1463
1179
-207
-842
-1370
-2137
-2515
-1847
-993
-1066
-1495
-1751
-1406
-1399
-1698
-1623
-916
116
674
833
563
154
35
691
1931
3018
3222
2459
1832
1448
1722
2840
4019
4369
3332
1848
846
1017
2020
2882
2896
1723
35
-1104
-732
50
485
292
-495
-1389
-2080
-2081
-1599
-1261
-1547
-2195
-2808
-3215
-3665
-3746
-3045
-1102
515
-4
-2616
-4478
-3538
29
2586
3076
2258
920
-336
-1513
412
4159
6690
5135
1570
-112
625
2099
2798
3949
4169
2565
-376
-1796
-291
1142
1243
-47
-669
-1145
-1999
-2574
-2236
-1339
-1297
-1557
-1867
-1622
-1670
-1968
-1874
-1233
-131
390
622
410
75
0
541
1798
2811
3230
2648
2100
1805
2122
3140
4146
4541
3628
2456
1603
1693
2294
2886
2803
1818
480
-605
-416
41
261
-114
-810
-1449
-1987
-2047
-1868
-1757
-2082
-2534
-3098
-3553
-3860
-3746
-2669
-701
278
-826
-3261
-4404
-2569
917
2902
2978
1763
512
-725
-842
1937
5261
6417
3875
859
254
1480
2522
3268
4214
3718
1440
-1179
-1145
688
1405
587
-590
-758
-1315
-2312
-2589
-1818
-1272
-1628
-2102
-1969
-1472
-1756
-2225
-2057
-1127
-117
285
378
204
-82
-62
729
2030
3036
3080
2435
1908
1764
2473
3634
4573
4518
3378
2204
1753
2153
2830
3260
2830
1709
233
-444
-126
264
314
-343
-1011
-1655
-2048
-2172
-2034
-2160
-2526
-2950
-3393
-3800
-4127
-3894
-2557
-615
-117
-1763
-3985
-4188
-1626
1576
2815
2430
1135
116
-1020
-247
3007
5971
5931
2675
184
362
2063
3043
3774
4164
2942
378
-1589
-640
1127
1526
249
-1056
-1471
-2061
-2451
-2220
-1562
-1595
-2060
-2432
-2227
-1930
-2009
-2066
-1849
-1202
-535
11
182
-181
-460
-72
979
2022
2573
2393
2062
1787
1816
2687
3849
4500
3885
2629
1884
1992
2631
3146
3110
2368
1091
-138
-208
367
682
316
-661
-1532
-2111
-2220
-2034
-1952
-2332
-3012
-3736
-4179
-4424
-4165
-3288
-1728
-793
-1575
-3667
-4658
-3105
169
2261
2278
1243
113
-499
-704
1445
4550
5993
4100
1107
269
1413
2750
3240
3867
3674
1916
-462
-1043
448
1255
705
-549
-1131
-1575
-2296
-2618
-2233
-1934
-2239
-2444
-2332
-2127
-2357
-2593
-2435
-1897
-1126
-438
4
-160
-749
-813
149
1496
2338
2408
2019
1695
1630
2237
3469
4422
4278
3096
2119
2072
2616
3158
3282
2754
1601
477
70
556
867
434
-490
-1164
-1487
-1730
-1899
-2009
-2368
-3003
-3665
-4014
-4090
-4061
-3945
-2951
-1564
-1319
-2770
-4489
-4108
-1366
1430
2047
1498
473
-33
-620
366
3319
5695
5319
2365
587
1095
2498
3198
3872
4163
2871
523
-963
154
1424
1325
215
-639
-1190
-2121
-2580
-2151
-1517
-1839
-2407
-2635
-2401
-2478
-2673
-2330
-1788
-1313
-1101
-701
-427
-574
-714
-130
1053
1935
2147
1847
1819
1824
2256
3296
4250
4385
3411
2308
2160
2786
3423
3596
2971
1966
820
242
639
1120
1042
117
-1001
-1587
-1621
-1521
-1539
-1951
-2610
-3286
-3809
-4033
-4141
-3918
-3143
-1844
-1239
-2249
-4212
-4721
-2803
364
1896
1744
563
-424
-1017
-558
2175
5033
5692
3194
748
512
1951
3204
3907
4397
3453
1293
-686
-169
1427
1788
834
-287
-752
-1520
-2147
-2149
-1525
-1550
-2057
-2275
-2097
-2196
-2767
-2827
-2300
-1517
-1026
-647
-473
-792
-1310
-1091
285
1612
2210
1962
1489
1222
1515
2656
4000
4585
3922
2658
2003
2367
3140
3760
3636
2724
1436
540
611
1187
1414
812
-168
-943
-1324
-1379
-1370
-1567
-2089
-2667
-3268
-3610
-3916
-3971
-3551
-2383
-1245
-1434
-3085
-4527
-3948
-1220
1243
1835
1184
-22
-778
-1047
521
3436
5436
4531
1839
421
1079
2673
3656
4363
4154
2598
504
-301
919
1924
1660
517
-277
-969
-1626
-1842
-1469
-1218
-1742
-2123
-2079
-1873
-2255
-2640
-2461
-1892
-1373
-973
-559
-568
-997
-1293
-554
801
1741
1979
1643
1396
1435
2124
3276
4090
3961
3087
2403
2362
2937
3349
3489
2843
1849
1051
811
1157
1282
1012
198
-544
-1010
-1093
-1104
-1307
-1787
-2369
-2774
-3145
-3436
-3774
-3718
-3052
-1756
-946
-1768
-3598
-4435
-2907
81
1849
1864
728
-437
-1117
-708
1610
4436
5383
3348
795
59
1378
2963
3998
4380
3449
1495
-254
19
1413
2014
1328
311
-430
-1210
-1713
-1644
-1144
-1281
-1783
-1973
-1722
-1867
-2483
-2708
-2299
-1594
-1115
-694
-536
-916
-1539
-1358
-94
1311
1974
1733
1362
1145
1446
2496
3688
4126
3490
2502
2068
2495
3029
3398
3069
2192
1232
684
874
1067
960
387
-407
-1001
-1209
-1162
-1227
-1700
-2463
-2903
-3186
-3243
-3462
-3649
-3510
-2857
-1852
-1513
-2458
-3829
-3722
-1725
713
1447
903
-77
-556
-638
212
2405
4288
4160
1981
352
571
2001
3101
3570
3411
2203
623
-277
471
1365
1252
437
-315
-886
-1528
-1800
-1606
-1368
-1762
-2128
-2019
-1861
-2216
-2795
-2733
-2181
-1605
-1214
-917
-924
-1350
-1674
-1110
211
1338
1766
1523
1095
890
1495
2838
3922
3877
2990
2133
1991
2345
2886
3264
2857
1754
655
409
772
917
522
-90
-685
-1192
-1524
-1578
-1592
-2007
-2670
-3119
-3326
-3477
-3809
-3851
-3489
-2660
-1836
-1772
-2777
-3861
-3549
-1475
850
1512
781
-393
-799
-525
722
2747
4226
3833
1849
412
752
2238
3325
3728
3234
1935
530
-21
735
1385
1150
338
-357
-868
-1415
-1717
-1560
-1457
-1792
-2044
-1967
-1851
-2226
-2755
-2740
-2215
-1542
-1058
-803
-965
-1511
-1726
-965
446
1549
1829
1441
986
976
1796
3233
4117
3784
2705
2033
2280
2930
3331
3191
2565
1682
995
849
1059
975
555
-75
-673
-1080
-1237
-1290
-1605
-2211
-2784
-2955
-2975
-3230
-3710
-3822
-3498
-2800
-2001
-1757
-2393
-3347
-3410
-1913
339
1451
1099
-99
-750
-489
697
2516
3780
3702
2293
984
960
2114
3255
3816
3463
2262
950
406
963
1509
1266
478
-161
-505
-979
-1439
-1546
-1519
-1705
-1916
-1878
-1765
-2058
-2634
-2834
-2433
-1652
-1058
-763
-926
-1514
-1805
-1053
435
1538
1586
1021
827
1245
2160
3138
3613
3222
2465
2219
2764
3342
3292
2757
2180
1783
1510
1397
1422
1136
441
-238
-576
-590
-662
-1029
-1593
-2164
-2543
-2616
-2611
-2906
-3431
-3779
-3509
-3064
-2435
-1955
-1932
-2577
-3363
-3052
-1248
762
1328
434
-719
-887
-115
1311
2726
3408
2796
1477
825
1438
2556
3182
3295
2836
1971
1020
758
1297
1586
1155
370
57
-68
-459
-1053
-1382
-1436
-1452
-1376
-1320
-1464
-2107
-2666
-2553
-1872
-1189
-891
-909
-1236
-1630
-1530
-508
744
1357
1091
756
935
1529
2264
2922
3111
2750
2379
2453
2983
3169
2896
2475
2177
1992
1764
1695
1519
974
329
-24
-49
-93
-490
-1010
-1471
-1944
-2171
-2189
-2186
-2538
-3104
-3375
-3205
-2912
-2532
-2019
-1608
-1932
-2857
-3146
-1925
18
1089
694
-374
-856
-580
524
1915
2811
2687
1728
1046
1195
1898
2494
2829
2807
2303
1409
814
1028
1362
1234
707
377
306
-5
-566
-1008
-1152
-1193
-1151
-992
-964
-1419
-2119
-2365
-1910
-1205
-886
-886
-1079
-1288
-1336
-911
-22
714
915
765
795
1053
1517
1953
2345
2436
2277
2258
2478
2686
2487
2208
2077
2140
2048
1779
1451
1035
635
369
366
213
-151
-591
-968
-1265
-1533
-1628
-1691
-1903
-2322
-2605
-2555
-2400
-2350
-2253
-1919
-1553
-1480
-1861
-2239
-1946
-890
269
758
275
-497
-714
-111
967
1912
2254
1814
1098
822
1242
1790
2082
2100
1956
1609
1085
782
836
998
966
774
590
357
16
-350
-544
-610
-635
-473
-224
-326
-924
-1499
-1559
-1019
-439
-166
-174
-555
-956
-929
-173
752
1080
811
471
521
920
1481
1903
2015
1696
1448
1682
2153
2289
2006
1713
1656
1733
1655
1544
1349
961
543
399
480
429
124
-298
-656
-937
-983
-844
-799
-1044
-1502
-1802
-1746
-1483
-1356
-1418
-1597
-1492
-1164
-916
-985
-1434
-1650
-1065
10
645
310
-457
-864
-631
249
1288
1698
1168
291
-5
394
933
1286
1419
1269
835
439
379
642
814
796
693
557
366
178
148
159
66
-49
14
135
69
-195
-419
-456
-383
-170
147
328
74
-372
-411
37
476
544
408
333
362
420
636
935
1037
860
717
975
1316
1327
1066
900
972
1091
1113
1060
849
516
262
250
393
349
111
-125
-314
-430
-368
-223
-274
-540
-783
-766
-673
-693
-922
-1067
-995
-981
-939
-713
-532
-693
-1102
-1334
-1174
-721
-169
81
-300
-926
-1192
-891
-298
166
300
-56
-550
-691
-376
67
335
329
119
-37
-1
242
458
478
342
277
475
719
752
520
351
308
407
599
821
937
656
228
81
338
631
664
489
280
121
34
139
364
425
203
-91
-127
164
486
499
232
-63
-128
121
487
668
499
136
-127
-70
261
567
578
261
-63
-103
129
335
305
139
42
87
238
280
176
-37
-230
-187
58
264
135
-316
-787
-727
-365
-168
-388
-604
-750
-797
-769
-791
-1035
-1301
-1130
-745
-592
-877
-1289
-1492
-1286
-820
-439
-442
-768
-971
-823
-435
-82
42
-4
-138
-108
139
472
625
554
427
493
764
982
1051
967
845
727
697
845
1003
982
770
533
449
468
488
419
347
257
197
167
137
76
-1
-50
-77
-52
8
75
29
-119
-240
-211
22
228
236
127
9
-43
33
206
389
462
399
250
132
162
314
453
476
423
332
277
277
273
238
205
191
166
79
-53
-154
-272
-390
-441
-412
-432
-573
-781
-970
-1020
-903
-736
-700
-976
-1268
-1268
-1018
-743
-607
-637
-813
-974
-966
-638
-262
-124
-250
-415
-347
-133
86
214
221
133
32
61
278
488
475
246
67
103
290
432
417
284
154
105
160
251
314
249
105
11
-10
83
174
163
48
-49
-14
107
191
194
84
10
21
95
257
328
248
120
28
52
167
321
406
313
138
99
161
251
282
245
240
176
92
66
77
79
22
-47
-27
-16
-113
-232
-323
-338
-333
-324
-304
-323
-446
-590
-648
-592
-499
-440
-428
-546
-695
-775
-693
-530
-451
-479
-541
-580
-598
-539
-413
-280
-292
-414
-484
-450
-304
-256
-280
-302
-293
-275
-269
-204
-151
-105
-103
-110
-63
-1
33
35
30
58
133
168
147
106
117
183
252
311
305
240
163
123
181
323
354
280
169
68
30
38
149
248
228
93
-41
-101
-68
1
93
138
67
-64
-167
-188
-150
-77
-18
25
-25
-132
-219
-217
-113
-2
51
36
-44
-112
-114
-78
-6
37
74
33
-68
-160
-171
-96
-16
18
-10
-45
-128
-189
-182
-144
-134
-157
-175
-228
-313
-391
-411
-363
-363
-440
-504
-506
-471
-453
-465
-460
-452
-430
-387
-338
-291
-284
-261
-204
-138
-75
11
75
109
97
137
217
252
246
239
279
300
253
213
213
186
136
86
100
125
59
-11
-28
-44
-93
-130
-97
-68
-97
-163
-191
-182
-199
-211
-191
-90
-55
-79
-128
-120
-47
20
109
159
190
169
182
198
230
285
348
390
312
258
246
299
324
293
283
268
266
227
210
201
160
79
31
29
20
-47
-132
-190
-225
-233
-271
-272
-298
-320
-319
-297
-335
-390
-362
-326
-294
-313
-278
-227
-222
-247
-240
-151
-41
-7
-42
-68
-91
-65
-29
30
84
35
-71
-174
-190
-142
-94
-71
-138
-268
-359
-364
-321
-311
-350
-384
-413
-476
-513
-511
-511
-537
-540
-504
-474
-466
-484
-504
-482
-386
-293
-195
-166
-175
-143
-56
39
119
192
243
244
208
220
319
413
411
382
387
398
382
326
304
327
350
316
247
199
142
71
34
24
32
-6
-73
-160
-228
-243
-228
-207
-235
-289
-327
-335
-359
-359
-328
-281
-286
-300
-302
-256
-193
-153
-122
-130
-120
-88
-53
6
17
-14
-58
-90
-80
-51
-39
-73
-165
-274
-322
-316
-309
-324
-387
-496
-576
-648
-642
-640
-676
-729
-777
-783
-822
-821
-822
-817
-831
-811
-759
-711
-686
-660
-587
-516
-490
-497
-401
-332
-295
-287
-231
-143
-125
-142
-137
-19
52
58
48
58
48
18
55
119
180
114
12
-30
13
96
113
84
40
5
-36
-24
-20
-20
-62
-97
-101
-112
-109
-133
-156
-181
-188
-154
-91
-53
-51
-82
-137
-138
-83
-6
36
40
-28
-90
-102
-59
5
17
-15
-82
-133
-178
-193
-181
-151
-168
-262
-381
-432
-398
-387
-444
-488
-495
-501
-531
-540
-531
-556
-598
-606
-559
-488
-463
-456
-452
-484
-503
-447
-321
-250
-261
-331
-337
-313
-287
-255
-169
-109
-149
-239
-279
-228
-189
-167
-169
-134
-173
-305
-381
-345
-229
-153
-157
-217
-275
-308
-313
-246
-200
-193
-230
-255
-275
-311
-304
-267
-232
-225
-255
-281
-256
-240
-241
-224
-193
-145
-143
-168
-201
-213
-208
-142
-81
-59
-86
-174
-212
-218
-154
-98
-105
-158
-223
-292
-334
-337
-305
-292
-362
-456
-534
-523
-505
-511
-509
-521
-550
-583
-605
-573
-517
-495
-495
-488
-484
-499
-484
-433
-375
-320
-285
-278
-319
-365
-364
-277
-164
-146
-193
-246
-283
-296
-276
-177
-111
-133
-246
-347
-337
-276
-225
-213
-216
-256
-312
-349
-356
-315
-277
-297
-314
-304
-316
-369
-430
-430
-369
-297
-264
-269
-299
-336
-378
-379
-289
-170
-141
-236
-342
-375
-307
-206
-162
-146
-176
-237
-292
-309
-254
-209
-199
-214
-261
-333
-389
-392
-372
-353
-396
-421
-441
-481
-521
-529
-484
-474
-501
-520
-507
-490
-489
-483
-449
-405
-434
-463
-456
-390
-315
-287
-280
-308
-289
-268
-204
-119
-66
-65
-141
-177
-156
-63
1
-13
-63
-116
-135
-115
-75
-40
-56
-123
-159
-160
-132
-129
-164
-213
-211
-204
-215
-225
-240
-249
-299
-299
-251
-178
-153
-186
-236
-271
-267
-215
-145
-116
-156
-238
-274
-240
-171
-124
-107
-115
-161
-164
-151
-136
-126
-134
-140
-147
-173
-188
-183
-205
-248
-289
-286
-249
-261
-319
-356
-398
-405
-402
-398
-375
-377
-416
-477
-518
-504
-450
-416
-422
-428
-468
-462
-455
-435
-374
-328
-315
-360
-374
-345
-285
-244
-230
-205
-172
-170
-192
-184
-166
-120
-89
-76
-84
-100
-132
-140
-113
-110
-126
-175
-191
-215
-239
-269
-265
-266
-321
-360
-397
-375
-360
-350
-383
-434
-468
-485
-427
-371
-357
-391
-417
-427
-413
-352
-289
-259
-285
-298
-257
-216
-194
-194
-166
-156
-148
-111
-60
-51
-105
-153
-147
-86
-65
-50
-93
-180
-243
-294
-257
-206
-203
-262
-342
-403
-422
-407
-391
-369
-394
-440
-491
-480
-435
-399
-357
-342
-345
-349
-339
-323
-269
-190
-129
-92
-112
-112
-78
-18
67
104
142
129
104
89
108
158
183
153
97
67
50
27
11
-4
-41
-85
-129
-164
-207
-237
-248
-289
-357
-385
-354
-328
-364
-431
-432
-380
-344
-343
-313
-275
-280
-267
-200
-100
-41
-72
-110
-81
-36
46
133
184
146
69
43
107
198
213
188
155
100
35
-12
7
62
16
-86
-164
-190
-219
-284
-293
-270
-264
-330
-402
-427
-414
-374
-338
-302
-289
-304
-316
-308
-237
-138
-67
-40
-53
-42
-13
40
105
178
218
220
168
154
188
213
230
199
179
145
119
106
90
62
17
-46
-60
-65
-93
-128
-173
-233
-297
-312
-306
-297
-324
-368
-382
-368
-353
-355
-332
-299
-306
-289
-217
-132
-107
-126
-129
-83
-20
44
118
147
140
95
110
193
256
284
231
196
151
111
109
134
143
74
-45
-135
-147
-168
-194
-219
-249
-303
-388
-437
-435
-410
-381
-380
-404
-439
-442
-410
-337
-249
-193
-156
-156
-141
-104
-20
69
121
159
168
178
191
209
255
296
284
243
205
197
196
189
180
118
47
-17
-62
-93
-111
-130
-198
-271
-343
-379
-398
-417
-430
-443
-470
-513
-513
-489
-465
-445
-440
-414
-341
-258
-249
-249
-233
-184
-102
-20
69
118
126
87
86
159
249
324
319
260
194
142
163
189
182
145
77
-15
-96
-158
-148
-151
-209
-296
-378
-440
-469
-467
-420
-416
-454
-500
-518
-487
-425
-359
-296
-259
-267
-247
-199
-98
-6
34
80
75
96
139
194
241
256
228
212
220
235
226
180
159
133
106
61
29
-17
-63
-110
-168
-206
-259
-287
-320
-368
-398
-433
-439
-457
-470
-462
-464
-492
-490
-458
-388
-315
-305
-327
-325
-299
-215
-97
-18
20
0
-2
31
95
173
244
260
207
143
137
205
234
209
169
130
81
14
-18
9
16
-67
-165
-243
-263
-265
-259
-255
-285
-353
-383
-367
-332
-299
-289
-262
-249
-227
-196
-142
-66
-42
-27
8
74
128
151
173
174
172
191
243
272
271
225
180
153
162
164
155
117
47
-13
-72
-106
-138
-176
-223
-278
-308
-323
-347
-389
-419
-445
-429
-408
-413
-411
-415
-395
-374
-322
-276
-260
-246
-218
-160
-122
-85
-60
-10
13
7
12
46
81
71
46
33
48
39
27
6
3
-11
-66
-97
-85
-99
-125
-170
-226
-247
-249
-221
-225
-265
-306
-305
-257
-228
-219
-213
-206
-204
-190
-127
-41
2
-9
-22
16
81
122
160
170
171
169
181
206
221
216
182
178
169
157
141
114
84
33
-15
-29
-32
-81
-149
-204
-226
-223
-223
-224
-255
-290
-318
-323
-309
-268
-228
-202
-201
-206
-179
-171
-139
-81
-21
18
23
-7
-10
6
30
93
116
127
84
21
-20
-12
36
46
41
-2
-61
-123
-132
-107
-68
-97
-163
-212
-241
-229
-219
-187
-203
-230
-242
-229
-189
-151
-142
-117
-106
-79
-31
7
48
52
67
91
138
189
201
199
181
164
183
211
245
243
195
159
130
122
122
112
103
72
15
-48
-92
-105
-107
-103
-129
-160
-187
-204
-209
-198
-176
-174
-187
-203
-182
-134
-92
-82
-34
-19
-6
11
51
140
177
196
190
211
232
224
230
244
255
220
165
165
174
157
109
62
52
36
-11
-51
-53
-51
-87
-137
-163
-165
-166
-172
-175
-169
-164
-148
-115
-84
-44
5
31
49
87
119
185
237
259
286
315
330
347
370
387
399
377
365
363
357
358
321
278
226
183
154
126
90
48
-22
-90
-140
-183
-201
-221
-252
-297
-315
-313
-328
-305
-305
-315
-310
-307
-259
-206
-166
-148
-117
-94
-73
-25
54
123
144
139
138
159
185
168
178
203
198
157
82
46
44
43
18
-16
-62
-114
-174
-209
-215
-221
-266
-337
-383
-397
-379
-348
-365
-389
-385
-364
-318
-284
-221
-189
-167
-126
-82
15
71
115
143
165
210
255
306
347
348
321
298
320
360
382
375
325
256
170
135
143
157
114
28
-54
-128
-168
-180
-187
-217
-260
-315
-335
-339
-336
-331
-317
-296
-286
-254
-219
-186
-182
-161
-104
-13
42
74
111
125
152
194
240
275
282
254
253
260
267
245
230
203
171
130
85
65
22
-44
-84
-102
-132
-159
-207
-277
-327
-356
-336
-310
-303
-328
-347
-341
-315
-267
-198
-142
-101
-96
-80
-15
67
145
172
208
238
272
317
366
397
380
364
370
395
401
388
383
344
278
226
212
190
150
78
11
-48
-92
-135
-155
-149
-181
-210
-242
-269
-272
-257
-243
-227
-218
-194
-158
-124
-102
-85
-46
3
43
86
129
166
167
169
201
237
261
259
258
254
237
214
197
191
184
156
119
57
7
-35
-60
-67
-87
-134
-187
-234
-262
-274
-277
-268
-265
-269
-280
-280
-245
-203
-171
-133
-94
-64
-35
-7
61
138
180
199
217
241
285
328
353
374
368
334
312
329
353
358
304
237
187
176
164
124
78
36
-28
-85
-111
-122
-140
-173
-203
-226
-239
-248
-241
-230
-214
-196
-173
-120
-75
-55
-45
-20
27
83
154
195
215
226
237
263
302
341
344
335
321
287
271
277
269
248
217
197
146
76
25
1
-10
-31
-76
-138
-197
-239
-254
-238
-222
-247
-288
-307
-290
-266
-235
-208
-177
-137
-132
-128
-85
-20
35
64
76
109
135
156
191
220
235
214
184
201
207
187
168
140
109
67
33
7
-45
-93
-127
-180
-229
-256
-275
-291
-318
-347
-358
-359
-375
-391
-380
-361
-333
-307
-285
-256
-233
-218
-189
-133
-94
-59
-27
-1
19
39
67
89
101
113
121
119
103
88
77
70
55
35
14
-34
-80
-127
-141
-155
-186
-235
-285
-306
-342
-365
-375
-357
-357
-376
-392
-406
-374
-349
-308
-283
-252
-221
-223
-201
-159
-93
-37
-28
-35
-14
6
38
64
84
65
30
18
21
30
18
-21
-67
-99
-124
-150
-208
-246
-277
-301
-322
-341
-361
-399
-450
-464
-461
-440
-428
-440
-458
-474
-456
-417
-361
-323
-309
-313
-295
-256
-208
-168
-130
-94
-85
-68
-72
-61
-31
-5
8
-10
-18
-21
-31
-47
-73
-83
-105
-140
-155
-186
-223
-252
-285
-288
-309
-345
-388
-428
-439
-417
-401
-405
-408
-440
-443
-414
-371
-315
-280
-281
-281
-274
-246
-184
-126
-99
-106
-104
-92
-80
-66
-44
-36
-56
-65
-78
-88
-118
-148
-176
-192
-197
-206
-250
-328
-385
-414
-396
-379
-392
-441
-501
-526
-517
-505
-464
-455
-464
-482
-476
-450
-424
-386
-372
-340
-307
-284
-269
-260
-229
-194
-154
-134
-128
-115
-120
-133
-135
-117
-102
-94
-126
-139
-160
-185
-189
-191
-200
-222
-244
-278
-297
-295
-302
-335
-367
-384
-393
-390
-378
-364
-368
-370
-357
-334
-310
-292
-252
-222
-196
-179
-158
-132
-122
-88
-64
-40
-25
-44
-57
-58
-66
-59
-58
-70
-96
-136
-181
-197
-207
-217
-243
-293
-341
-393
-420
-429
-425
-444
-481
-506
-530
-541
-549
-537
-526
-524
-521
-519
-513
-505
-488
-477
-447
-415
-405
-389
-384
-350
-328
-303
-292
-277
-263
-258
-257
-258
-232
-232
-233
-252
-251
-254
-264
-280
-300
-295
-295
-309
-334
-344
-356
-361
-364
-363
-363
-368
-384
-387
-378
-355
-325
-327
-333
-333
-310
-252
-222
-201
-190
-170
-156
-154
-141
-106
-66
-55
-69
-94
-87
-84
-85
-90
-82
-98
-135
-163
-177
-193
-198
-231
-251
-270
-298
-309
-317
-320
-332
-351
-378
-375
-382
-376
-389
-394
-354
-332
-322
-323
-323
-313
-280
-252
-220
-192
-204
-197
-175
-158
-129
-124
-118
-110
-105
-87
-88
-92
-93
-83
-105
-110
-108
-127
-133
-152
-155
-155
-157
-172
-191
-204
-216
-201
-192
-187
-200
-211
-204
-184
-155
-136
-118
-118
-127
-106
-69
-33
-3
12
15
5
-10
13
53
80
78
55
39
40
51
63
67
38
0
-25
-38
-48
-49
-48
-90
-129
-166
-158
-133
-131
-148
-180
-195
-183
-167
-157
-145
-148
-159
-161
-132
-109
-108
-97
-95
-80
-76
-64
-40
-18
-6
-18
-26
-10
9
0
-23
-26
-25
-35
-45
-44
-45
-72
-81
-104
-105
-103
-120
-113
-125
-134
-145
-159
-152
-130
-133
-128
-129
-130
-120
-109
-71
-38
-19
-9
-2
3
38
48
80
117
179
262
252
99
-27
58
265
320
205
91
50
124
211
330
477
453
29
-316
154
936
738
-256
-535
199
816
576
105
52
179
358
418
464
470
333
233
135
168
191
190
249
234
116
24
122
293
120
-20
190
441
318
21
277
577
299
-34
174
580
472
86
206
487
352
18
75
428
393
102
-31
174
371
291
-45
-104
66
141
-24
-127
156
129
-212
-197
98
112
-173
-135
144
142
43
91
82
-7
-6
164
223
107
147
271
199
33
-40
117
253
124
13
82
193
23
-116
-31
25
-82
-144
-75
-88
-143
-143
-112
-191
-277
-216
-146
-203
-246
-72
10
-110
-223
-93
-18
-116
-62
117
202
90
12
88
102
32
51
119
153
131
73
69
80
45
-64
-89
-21
-36
-94
-101
-36
-119
-235
-274
-259
-255
-251
-180
-152
-177
-180
-203
-253
-251
-145
-20
10
17
59
55
0
-1
103
217
225
239
281
233
140
118
214
247
198
200
229
173
73
51
42
5
-57
-61
16
1
-66
-125
-197
-274
-293
-209
-85
-76
-119
-170
-219
-231
-223
-181
-107
-36
5
-23
-34
-28
-57
-92
-33
69
123
155
157
99
39
-7
-4
59
150
197
159
61
-22
-28
-53
-53
-31
18
29
-45
-119
-137
-113
-170
-153
-117
-81
-75
-114
-131
-201
-236
-173
-80
-71
-44
-17
-37
-127
-159
-90
-43
17
70
76
64
20
-31
-54
3
97
151
149
90
-21
-110
-106
-3
104
126
50
-47
-152
-191
-151
-105
-71
-86
-120
-171
-218
-264
-268
-269
-269
-253
-232
-208
-212
-204
-207
-269
-273
-190
-74
-45
-78
-67
-48
-58
-38
16
63
76
65
69
89
115
146
111
49
27
28
53
117
124
98
47
-18
-52
-38
27
38
-9
-27
-30
-57
-73
-74
-65
-40
-5
-6
-54
-70
-56
-21
-11
-5
29
48
75
85
92
103
85
53
49
105
161
158
153
139
105
47
29
88
60
62
60
89
94
38
-36
-60
-51
-73
-65
8
34
-2
-61
-121
-103
-73
-20
-8
-14
5
11
-15
-55
-28
33
57
39
47
105
142
97
-1
-2
72
153
155
159
177
126
47
30
62
77
98
106
90
57
59
40
-9
-21
-18
5
18
57
41
-2
-41
-45
-57
-34
63
95
70
19
14
12
-6
6
41
68
95
66
21
23
47
2
-29
24
76
73
58
71
33
-15
-8
19
1
-9
5
53
58
32
-7
-59
-72
-56
-28
8
50
33
14
29
25
12
24
87
129
103
101
147
179
135
100
117
164
173
144
151
204
220
190
160
163
137
115
147
178
195
194
209
171
104
64
88
123
137
162
223
190
114
83
74
139
172
202
221
227
200
152
147
190
233
201
202
270
313
286
216
188
200
191
227
262
290
310
282
210
162
188
197
195
147
129
170
231
222
153
121
95
49
30
74
114
142
157
123
58
4
7
50
75
128
187
165
135
127
137
154
151
171
233
298
290
249
236
228
203
197
204
233
254
275
291
266
210
156
159
171
159
182
213
199
163
126
115
108
106
117
147
144
99
93
152
208
196
185
203
209
176
166
224
297
287
230
231
264
238
247
312
323
285
254
266
286
266
266
277
296
275
243
228
198
131
103
156
192
147
124
154
115
23
8
33
29
17
58
120
121
127
82
-1
-66
-44
35
84
135
177
163
91
35
15
53
125
194
273
302
254
192
130
101
129
174
214
257
246
186
105
76
62
46
58
110
167
145
118
72
21
-41
-45
13
91
134
162
173
140
27
-27
26
104
130
156
246
259
183
152
181
149
102
179
275
289
269
310
322
256
172
157
139
83
145
236
254
222
210
187
73
-26
-34
19
63
118
147
116
62
-18
-47
-50
-20
20
54
101
129
125
98
43
-17
-36
35
125
160
156
161
143
77
24
36
70
89
122
174
189
162
126
75
39
35
52
72
92
123
134
119
80
3
-41
-20
29
13
22
67
86
49
3
-6
-5
-4
42
62
33
37
46
64
67
71
56
53
53
43
43
51
75
62
76
76
80
48
53
66
41
-10
-14
34
-6
-26
-19
37
47
4
-21
-38
-53
-83
-83
-75
-48
-32
-43
-65
-72
-65
-60
-82
-100
-95
-75
-73
-83
-64
-42
-19
-24
-53
-62
-59
-73
-83
-68
-44
-47
-56
-63
-88
-96
-99
-108
-115
-103
-98
-83
-86
-76
-56
-83
-82
-75
-77
-73
-71
-71
-61
-66
-63
-83
-60
5
16
-33
-59
-37
-44
-60
-36
-18
-11
15
25
17
-4
20
31
20
0
-9
-13
-21
8
11
-15
-36
-58
-56
-34
-9
-23
-82
-97
-86
-86
-92
-83
-76
-72
-47
-28
-16
-31
-60
-105
-126
-102
-65
-43
-70
-68
-56
-59
-78
-76
-80
-80
-94
-84
-67
-84
-113
-118
-65
-65
-109
-103
-68
-110
-156
-163
-143
-94
-69
-56
-64
-99
-150
-180
-158
-145
-144
-78
-4
-15
-84
-121
-121
-158
-153
-116
-76
-64
-47
-27
-59
-58
-57
-67
-86
-63
-31
-18
-5
-9
-41
-45
-33
-51
-54
-18
27
24
-4
-30
-60
-78
-78
-58
-37
-43
-33
-21
-49
-96
-103
-80
-75
-98
-73
-22
-9
-55
-93
-72
-69
-93
-60
-6
14
-10
-19
1
-4
-19
-3
38
45
49
55
67
23
-9
-7
12
13
-5
-16
8
22
5
-3
2
-15
-56
-75
-81
-90
-67
0
48
31
0
-9
-29
-65
-71
-8
52
45
34
51
57
13
17
25
11
7
2
20
37
33
42
61
37
2
-2
18
-10
-24
8
26
-4
-39
1
37
-15
-49
-38
-17
-17
-31
17
34
-18
-37
-44
-48
-54
-56
-25
-17
-55
-47
-14
-10
-24
-10
14
13
-18
-42
-23
-41
-56
-37
22
15
-28
-51
-36
-61
-99
-52
-18
-28
-11
4
-4
-72
-45
3
-12
-15
7
13
-26
-23
12
20
-6
-2
50
64
25
34
51
43
42
66
100
63
28
52
45
19
30
57
30
13
46
85
94
78
61
55
18
25
40
51
32
34
55
79
92
119
109
70
35
16
10
7
33
47
68
101
116
71
40
31
23
-31
-55
-16
7
8
51
107
81
19
12
44
23
8
48
69
33
32
95
148
111
84
89
60
32
43
78
67
47
92
134
144
141
98
69
32
25
51
80
128
134
138
126
110
114
94
57
64
94
145
174
180
193
171
143
115
121
131
133
109
129
172
185
173
167
146
106
83
92
81
102
124
150
159
127
101
90
96
78
95
110
118
102
79
96
129
167
163
129
120
111
115
133
137
161
198
205
178
159
163
162
162
157
161
173
191
215
223
223
217
204
174
159
180
215
243
250
263
266
233
220
214
200
207
230
224
232
269
272
268
304
310
289
235
205
205
188
235
286
290
270
253
258
219
184
186
188
189
192
222
252
256
259
255
223
174
141
169
197
231
250
265
280
251
230
240
217
157
170
197
204
202
216
221
183
174
180
155
113
94
108
133
138
162
184
156
114
93
99
93
97
151
188
183
140
147
173
160
154
172
189
187
188
224
267
239
220
233
247
229
253
295
312
309
311
313
293
271
280
300
287
276
276
278
281
259
258
254
265
257
216
197
213
237
243
246
237
243
229
216
214
197
190
205
246
263
242
245
251
248
218
233
267
252
231
232
251
240
217
207
224
200
181
186
192
177
160
148
135
96
75
94
83
80
66
72
78
81
86
64
55
48
54
51
86
125
137
135
153
161
117
99
114
136
133
175
214
198
165
156
165
164
189
218
225
203
197
184
149
145
161
165
151
165
152
138
139
120
113
92
106
108
115
133
137
134
124
115
99
103
114
117
125
143
164
180
185
157
139
144
172
167
173
176
176
175
156
159
164
174
151
112
85
96
114
114
108
93
68
60
27
6
3
-12
-7
6
20
13
-22
-41
-42
-42
-25
-13
15
30
30
25
14
36
23
24
31
61
79
100
116
108
119
112
87
69
81
105
119
118
134
143
144
116
81
45
14
28
62
73
110
128
99
57
23
25
29
24
27
43
54
69
66
32
16
22
4
-13
6
32
49
54
65
54
35
45
53
61
71
87
91
96
89
71
54
51
78
60
32
49
46
15
10
23
41
7
-21
-2
-20
-30
-14
5
-10
-42
-30
-14
-14
-29
-11
4
14
18
25
46
50
76
88
113
138
155
175
157
171
187
188
214
235
242
240
254
236
226
214
239
256
239
220
238
261
238
221
218
226
211
210
214
236
226
208
197
209
228
228
233
228
240
241
254
261
275
270
278
286
284
278
250
244
250
268
283
292
277
251
212
212
210
196
215
227
210
190
182
158
134
112
108
96
84
112
111
99
103
103
94
91
121
118
92
110
136
159
169
189
200
178
173
192
206
219
240
265
264
240
255
269
262
270
286
304
298
302
299
283
259
253
265
256
234
251
283
272
257
273
277
263
243
253
266
260
273
286
294
297
323
314
307
305
311
287
258
267
306
335
322
329
330
296
265
256
252
257
274
297
292
284
277
259
229
206
208
221
250
241
224
226
231
231
206
197
201
203
209
218
236
225
215
223
210
211
224
247
262
257
274
270
241
236
257
273
281
287
291
287
299
301
307
301
290
296
285
287
278
283
286
286
285
266
240
222
224
227
213
217
228
222
220
212
232
236
238
238
253
246
233
247
271
286
279
292
287
276
255
268
270
276
289
286
276
257
241
222
209
202
207
202
183
179
177
164
147
145
136
116
112
114
109
106
114
122
111
123
129
124
122
122
136
144
141
160
181
167
141
157
165
150
158
176
179
158
148
158
151
135
140
131
116
124
131
134
119
108
93
65
55
53
60
57
64
63
58
41
35
31
21
22
55
63
62
50
48
64
72
63
67
90
92
106
130
140
137
120
140
138
132
143
149
152
151
138
126
123
101
93
83
65
70
47
42
54
41
31
0
-1
-1
-13
-18
-15
-3
-1
5
-2
8
16
18
20
22
24
45
68
75
87
90
85
83
86
111
135
143
140
135
134
125
121
104
108
95
83
81
78
71
55
34
23
5
-3
4
-12
-19
-8
5
4
-1
-6
-3
-7
-8
-15
-10
19
36
53
50
40
63
68
80
80
89
98
105
105
95
105
92
81
73
54
69
76
74
68
32
23
29
8
-1
8
18
6
-1
-12
-36
-27
-24
-19
-17
-13
-8
-13
-15
6
24
32
33
38
39
44
58
62
70
81
72
76
87
83
86
94
117
124
139
144
136
136
127
123
108
90
100
98
87
88
83
76
69
63
42
56
57
51
55
48
59
64
63
54
59
52
65
66
64
77
85
89
72
76
84
88
85
98
111
109
112
90
90
92
92
79
94
97
93
100
101
103
73
70
73
71
56
48
49
40
32
35
29
33
27
15
28
44
60
69
79
74
81
101
102
91
108
113
101
124
138
148
156
150
148
140
151
163
176
180
162
168
170
149
138
149
154
146
141
149
142
126
117
110
108
117
133
130
150
163
163
170
165
158
159
162
178
184
188
181
189
186
176
181
174
171
166
177
170
156
161
165
147
140
145
153
128
116
125
123
114
100
113
106
99
99
85
84
72
82
91
95
100
110
109
105
110
123
128
123
148
154
169
175
175
179
165
173
189
192
189
192
213
216
204
201
205
204
208
212
214
221
220
211
213
205
207
208
210
207
200
217
213
210
209
210
211
223
239
228
216
221
231
229
227
234
240
247
252
239
227
232
245
238
241
235
244
239
223
231
223
223
216
210
207
201
192
206
182
167
161
153
160
143
128
117
116
108
110
101
106
98
95
98
93
102
120
115
126
131
117
124
137
147
142
140
145
152
153
138
139
146
142
142
145
155
150
142
128
136
124
126
129
121
123
114
122
122
122
116
115
114
112
125
126
128
140
137
143
147
156
165
171
179
180
184
186
186
195
201
198
212
223
222
212
213
202
208
212
192
182
173
162
143
133
133
126
104
89
93
86
81
72
61
53
44
44
45
56
67
77
60
66
63
59
73
79
96
98
95
96
103
113
111
112
123
114
121
136
131
134
134
133
136
139
157
151
143
145
142
147
144
144
135
131
129
117
118
117
122
111
98
77
83
107
109
113
108
103
100
100
115
115
115
122
126
125
130
125
133
122
117
127
130
127
124
116
115
109
97
93
92
88
81
79
76
70
38
42
30
24
6
4
3
-4
2
-13
-17
-19
-30
-38
-31
-23
-32
-16
-13
-19
-23
-32
-37
-42
-28
-15
-8
14
14
17
26
13
22
23
30
39
38
34
44
47
38
28
23
34
30
11
11
11
5
-10
-3
-12
-18
-18
-21
-20
-11
-20
-18
-20
-35
-29
-26
-17
-11
-12
-17
-13
-4
13
3
17
14
9
9
5
3
-10
-12
-16
-7
-26
-39
-40
-58
-65
-67
-72
-72
-78
-84
-94
-98
-102
-112
-108
-115
-127
-127
-130
-133
-140
-144
-142
-127
-130
-131
-127
-118
-118
-120
-124
-121
-115
-110
-101
-103
-84
-85
-84
-80
-80
-67
-84
-91
-87
-75
-84
-96
-86
-90
-97
-86
-85
-87
-85
-85
-83
-93
-84
-90
-91
-99
-101
-96
-84
-79
-104
-92
-83
-86
-84
-77
-67
-68
-77
-80
-84
-77
-79
-81
-93
-96
-109
-105
-109
-121
-117
-135
-143
-150
-143
-143
-163
-168
-161
-176
-178
-182
-191
-175
-196
-190
-200
-200
-191
-191
-189
-184
-185
-183
-197
-201
-196
-185
-184
-176
-165
-167
-165
-169
-169
-165
-156
-150
-132
-139
-145
-137
-140
-138
-133
-131
-122
-124
-126
-123
-120
-113
-101
-91
-100
-88
-91
-88
-92
-94
-78
-79
-83
-84
-72
-58
-52
-44
-50
-48
-59
-59
-42
-40
-43
-38
-35
-31
-34
-35
-34
-35
-33
-45
-42
-57
-49
-46
-51
-45
-54
-56
-74
-78
-85
-94
-96
-112
-111
-110
-115
-121
-127
-129
-132
-125
-122
-126
-123
-116
-116
-127
-116
-111
-122
-115
-117
-126
-121
-113
-105
-108
-102
-108
-104
-96
-97
-88
-94
-95
-95
-89
-83
-82
-79
-76
-66
-55
-55
-56
-55
-53
-42
-21
-26
-23
-10
1
21
16
10
21
35
46
41
57
61
78
70
66
83
87
97
92
103
112
120
119
125
114
121
122
113
114
101
101
94
85
74
73
79
75
63
61
48
46
43
44
45
61
58
52
56
50
57
60
58
67
65
68
64
57
71
70
79
77
90
99
99
103
102
91
94
95
104
98
95
95
91
95
90
93
97
95
101
94
93
95
84
84
77
77
68
71
79
79
85
95
108
100
98
110
111
121
132
137
132
144
144
153
172
170
186
186
178
191
192
186
193
198
192
189
188
190
186
191
181
176
163
149
154
152
148
140
124
130
128
122
124
118
117
114
117
114
107
104
107
102
109
106
112
112
123
127
130
141
151
156
151
147
155
159
168
178
186
181
175
190
179
176
173
163
170
158
145
151
151
143
137
130
124
126
119
106
114
115
113
118
124
114
104
109
112
112
105
113
111
120
128
121
123
120
130
113
96
97
97
105
95
94
97
87
61
63
58
56
57
52
46
32
34
34
21
18
6
1
-3
-9
-12
-7
-11
-21
-27
-34
-31
-48
-35
-33
-45
-43
-33
-38
-41
-37
-36
-39
-41
-35
-46
-23
-23
-22
-15
-14
-18
-28
-10
-13
-6
-3
-11
2
-25
11
-2
-6
3
-14
2
-16
-2
-28
-23
-27
-36
-18
-34
-30
-55
-47
-59
-59
-53
-53
-49
-53
-50
-49
-46
-57
-50
-50
-58
-48
-35
-30
-31
-30
-27
-38
-28
-30
-40
-30
-46
-48
-57
-63
-63
-68
-73
-74
-83
-98
-105
-107
-108
-121
-130
-132
-119
-126
-134
-141
-142
-141
-135
-132
-138
-136
-139
-148
-139
-137
-133
-128
-118
-120
-131
-123
-123
-118
-117
-126
-113
-113
-108
-109
-113
-108
-110
-111
-106
-104
-103
-96
-91
-93
-94
-97
-95
-97
-97
-94
-97
-94
-88
-80
-86
-87
-81
-82
-78
-82
-79
-80
-73
-79
-69
-57
-62
-71
-66
-65
-59
-52
-61
-57
-65
-68
-75
-78
-74
-70
-77
-74
-79
-84
-76
-76
-87
-99
-90
-87
-92
-82
-89
-93
-91
-79
-81
-80
-79
-79
-71
-66
-60
-67
-62
-58
-44
-37
-37
-27
-35
-19
-22
-26
-16
-16
-31
-30
-36
-41
-39
-48
-39
-25
-26
-38
-38
-33
-31
-28
-19
-23
-16
-10
-5
-6
-7
-9
-11
9
2
11
25
14
22
26
29
23
16
15
8
19
28
20
16
13
16
14
21
20
1
11
-3
-5
-3
8
6
-2
-8
-16
-25
-35
-35
-40
-47
-53
-60
-64
-65
-63
-64
-85
-81
-88
-74
-82
-89
-93
-107
-104
-97
-97
-97
-90
-110
-108
-112
-118
-108
-114
-130
-122
-113
-122
-104
-106
-113
-106
-102
-104
-110
-124
-124
-115
-110
-125
-120
-119
-133
-124
-129
-118
-121
-117
-125
-122
-112
-114
-112
-125
-130
-120
-130
-130
-119
-107
-118
-115
-104
-106
-95
-103
-97
-94
-93
-98
-101
-105
-105
-104
-107
-103
-109
-107
-109
-114
-114
-128
-127
-119
-129
-141
-140
-145
-149
-151
-146
-153
-157
-154
-170
-172
-181
-177
-182
-187
-188
-187
-182
-190
-183
-184
-189
-183
-181
-179
-175
-172
-175
-169
-152
-147
-143
-135
-138
-147
-157
-162
-156
-157
-164
-156
-157
-160
-170
-166
-172
-175
-167
-182
-171
-174
-171
-176
-175
-180
-179
-181
-184
-184
-174
-174
-172
-169
-180
-161
-179
-174
-171
-172
-164
-175
-158
-156
-161
-147
-137
-141
-153
-149
-149
-156
-157
-154
-170
-183
-177
-180
-182
-181
-181
-181
-183
-198
-199
-203
-206
-204
-210
-221
-221
-221
-229
-235
-241
-241
-232
-237
-250
-255
-250
-263
-251
-250
-259
-244
-243
-242
-240
-223
-220
-224
-225
-211
-205
-215
-207
-211
-204
-196
-200
-200
-195
-196
-200
-211
-205
-205
-209
-216
-221
-229
-236
-234
-230
-225
-228
-229
-231
-230
-231
-225
-223
-222
-216
-211
-215
-207
-193
-192
-190
-186
-190
-193
-198
-199
-186
-187
-206
-207
-200
-207
-200
-200
-202
-213
-208
-210
-207
-201
-207
-210
-222
-227
-226
-225
-228
-229
-225
-225
-239
-232
-225
-221
-218
-220
-217
-216
-221
-232
-233
-232
-234
-230
-232
-232
-229
-213
-225
-233
-214
-220
-218
-214
-206
-204
-214
-205
-201
-202
-209
-203
-199
-206
-212
-206
-208
-216
-207
-209
-209
-219
-213
-209
-203
-215
-222
-218
-224
-230
-227
-230
-229
-232
-233
-229
-222
-221
-226
-226
-213
-213
-207
-208
-204
-193
-198
-185
-184
-172
-173
-163
-169
-172
-175
-182
-179
-176
-164
-170
-171
-168
-181
-181
-183
-189
-186
-196
-203
-195
-206
-194
-202
-213
-207
-206
-211
-216
-221
-223
-231
-220
-219
-227
-223
-227
-216
-213
-213
-215
-204
-216
-214
-214
-206
-202
-205
-192
-204
-198
-205
-207
-192
-204
-201
-194
-189
-186
-179
-180
-187
-190
-192
-190
-189
-191
-191
-188
-181
-183
-181
-188
-185
-189
-191
-176
-165
-164
-166
-154
-150
-143
-143
-146
-143
-138
-138
-133
-121
-114
-115
-114
-109
-101
-101
-101
-97
-93
-85
-80
-90
-89
-96
-90
-86
-100
-106
-99
-100
-100
-100
-108
-104
-106
-116
-115
-120
-123
-120
-121
-113
-116
-117
-110
-109
-115
-115
-117
-124
-133
-126
-123
-122
-136
-134
-120
-116
-110
-113
-113
-119
-120
-119
-122
-118
-127
-122
-119
-120
-118
-130
-142
-148
-152
-164
-161
-159
-148
-147
-155
-153
-146
-146
-148
-147
-160
-147
-148
-150
-140
-146
-141
-138
-137
-143
-135
-130
-135
-129
-133
-134
-137
-138
-146
-150
-136
-132
-151
-165
-153
-161
-157
-154
-145
-150
-157
-151
-151
-146
-154
-157
-150
-144
-150
-143
-137
-141
-143
-139
-133
-140
-133
-120
-123
-123
-106
-100
-106
-108
-96
-100
-106
-100
-103
-102
-95
-99
-89
-88
-95
-83
-89
-82
-83
-90
-87
-93
-80
-86
-81
-88
-91
-90
-95
-97
-96
-105
-113
-121
-127
-121
-120
-115
-118
-118
-127
-123
-121
-117
-107
-106
-103
-112
-100
-98
-107
-97
-107
-95
-94
-94
-96
-90
-96
-97
-94
-99
-88
-95
-95
-100
-97
-99
-116
-112
-111
-121
-117
-120
-124
-119
-133
-136
-137
-132
-136
-129
-126
-124
-124
-119
-113
-123
-119
-114
-114
-118
-110
-111
-110
-112
-104
-94
-101
-87
-86
-82
-89
-91
-96
-97
-99
-94
-88
-107
-104
-95
-107
-110
-106
-115
-110
-119
-124
-128
-119
-128
-131
-125
-130
-131
-123
-119
-130
-131
-135
-134
-128
-129
-129
-126
-129
-125
-116
-124
-120
-112
-111
-105
-107
-106
-100
-105
-116
-109
-109
-118
-105
-120
-115
-120
-122
-117
-121
-128
-129
-122
-132
-135
-140
-139
-141
-133
-131
-127
-118
-134
-130
-121
-126
-116
-119
-115
-112
-109
-105
-96
-91
-85
-82
-88
-77
-82
-73
-69
-74
-77
-81
-77
-64
-60
-65
-68
-62
-56
-61
-61
-62
-73
-65
-66
-68
-65
-65
-75
-82
-76
-84
-82
-83
-81
-92
-75
-78
-89
-82
-90
-91
-98
-104
-109
-104
-103
-111
-111
-111
-111
-114
-110
-122
-120
-117
-130
-135
-126
-129
-126
-129
-133
-132
-151
-153
-148
-155
-153
-159
-158
-159
-154
-155
-152
-146
-159
-156
-154
-156
-158
-153
-154
-154
-161
-160
-150
-151
-161
-154
-156
-160
-148
-146
-137
-132
-135
-137
-131
-134
-123
-115
-107
-103
-92
-102
-98
-89
-92
-91
-99
-98
-97
-107
-113
-116
-126
-124
-122
-131
-124
-125
-127
-133
-141
-141
-143
-147
-153
-142
-140
-137
-130
-135
-126
-135
-147
-138
-142
-149
-137
-133
-145
-142
-135
-136
-142
-135
-148
-152
-163
-161
-164
-179
-182
-194
-189
-192
-202
-200
-201
-212
-224
-226
-219
-226
-230
-227
-241
-242
-243
-237
-240
-236
-236
-244
-239
-246
-238
-236
-242
-229
-233
-230
-227
-229
-228
-234
-230
-223
-223
-219
-225
-230
-225
-231
-237
-240
-237
-225
-239
-242
-242
-256
-246
-257
-254
-255
-271
-271
-277
-281
-291
-292
-297
-311
-309
-316
-312
-310
-308
-319
-320
-317
-328
-331
-324
-325
-321
-330
-325
-320
-338
-341
-354
-349
-351
-353
-364
-367
-362
-370
-376
-377
-376
-378
-384
-387
-380
-389
-395
-390
-400
-410
-408
-411
-423
-419
-426
-421
-425
-422
-413
-416
-415
-403
-401
-405
-396
-400
-398
-401
-393
-389
-384
-382
-389
-391
-388
-381
-379
-372
-383
-383
-377
-372
-363
-378
-362
-364
-367
-365
-369
-364
-369
-357
-363
-371
-370
-366
-359
-361
-364
-365
-361
-367
-363
-359
-362
-352
-345
-348
-342
-334
-338
-325
-339
-330
-323
-316
-317
-326
-310
-303
-309
-311
-312
-317
-321
-328
-324
-335
-333
-339
-337
-341
-352
-352
-352
-352
-346
-351
-355
-356
-360
-363
-372
-358
-367
-361
-360
-367
-357
-359
-344
-334
-342
-330
-331
-330
-332
-331
-337
-330
-316
-331
-326
-328
-347
-346
-341
-335
-340
-346
-338
-338
-340
-343
-337
-344
-342
-336
-345
-355
-360
-351
-335
-342
-342
-341
-337
-320
-323
-323
-324
-320
-317
-314
-312
-302
-305
-302
-310
-302
-290
-298
-299
-308
-307
-304
-307
-302
-304
-311
-303
-310
-298
-292
-302
-301
-295
-304
-306
-310
-318
-309
-325
-317
-316
-315
-311
-317
-304
-318
-317
-303
-306
-307
-295
-298
-303
-290
-283
-279
-278
-270
-267
-272
-274
-273
-269
-254
-261
-255
-257
-250
-237
-237
-235
-239
-233
-229
-232
-227
-225
-222
-230
-226
-228
-224
-227
-239
-232
-231
-233
-244
-220
-218
-205
-205
-199
-202
-202
-183
-191
-188
-186
-179
-183
-180
-181
-182
-178
-185
-180
-175
-186
-180
-173
-165
-168
-168
-173
-178
-174
-173
-162
-168
-168
-165
-163
-167
-175
-180
-173
-178
-186
-180
-169
-177
-178
-176
-183
-181
-174
-178
-191
-195
-200
-186
-192
-200
-189
-192
-189
-176
-188
-172
-185
-197
-185
-193
-183
-184
-179
-182
-189
-184
-190
-201
-205
-205
-201
-203
-202
-215
-215
-212
-223
-236
-232
-236
-231
-231
-242
-239
-246
-247
-245
-231
-222
-223
-222
-231
-226
-224
-226
-226
-225
-225
-220
-222
-224
-219
-211
-206
-208
-207
-210
-222
-214
-211
-208
-211
-226
-220
-218
-219
-227
-231
-240
-244
-241
-247
-242
-248
-244
-238
-243
-239
-249
-245
-245
-242
-227
-226
-223
-223
-224
-219
-207
-209
-211
-205
-204
-198
-191
-199
-185
-174
-176
-172
-183
-176
-176
-187
-186
-188
-190
-187
-187
-191
-187
-198
-202
-190
-194
-204
-201
-202
-200
-197
-198
-197
-200
-205
-206
-207
-200
-198
-201
-180
-183
-179
-173
-178
-172
-169
-168
-172
-169
-168
-158
-147
-155
-150
-152
-152
-152
-144
-139
-152
-149
-143
-146
-149
-147
-148
-150
-155
-168
-170
-178
-183
-182
-179
-186
-186
-194
-197
-205
-201
-194
-207
-200
-206
-208
-211
-214
-203
-198
-207
-211
-202
-204
-204
-209
-206
-210
-215
-204
-202
-210
-208
-214
-204
-212
-214
-213
-220
-222
-225
-225
-242
-247
-254
-256
-255
-258
-264
-266
-267
-272
-267
-273
-277
-266
-267
-268
-257
-266
-260
-252
-261
-244
-241
-238
-236
-232
-226
-222
-228
-220
-214
-223
-224
-223
-229
-233
-227
-230
-237
-244
-240
-235
-233
-228
-242
-239
-242
-246
-246
-251
-250
-248
-242
-249
-251
-249
-249
-251
-251
-256
-250
-242
-245
-231
-237
-238
-235
-238
-230
-241
-244
-237
-237
-218
-224
-221
-216
-226
-225
-228
-226
-229
-225
-230
-225
-230
-238
-243
-237
-241
-245
-236
-241
-243
-240
-228
-235
-237
-250
-254
-240
-236
-244
-241
-237
-235
-229
-229
-239
-232
-228
-233
-227
-236
-236
-228
-216
-228
-214
-215
-224
-216
-219
-217
-230
-229
-221
-218
-226
-225
-227
-229
-232
-240
-240
-242
-249
-240
-243
-246
-245
-253
-247
-265
-269
-257
-265
-268
-251
-256
-260
-258
-250
-246
-253
-253
-253
-256
-258
-260
-253
-244
-250
-241
-235
-242
-244
-239
-239
-251
-243
-246
-240
-250
-253
-252
-264
-265
-265
-268
-277
-280
-294
-295
-307
-305
-314
-325
-330
-333
-331
-325
-319
-322
-325
-332
-324
-325
-324
-324
-322
-308
-312
-312
-313
-301
-295
-298
-292
-289
-286
-284
-290
-278
-286
-291
-287
-294
-283
-290
-295
-294
-304
-302
-305
-307
-305
-301
-311
-300
-298
-305
-303
-305
-298
-297
-294
-307
-293
-293
-300
-285
-286
-288
-283
-282
-270
-262
-255
-252
-243
-238
-240
-227
-215
-213
-212
-210
-208
-209
-207
-194
-199
-202
-196
-203
-195
-197
-208
-210
-201
-219
-227
-218
-226
-227
-209
-205
-208
-201
-209
-210
-210
-216
-226
-211
-211
-198
-198
-194
-197
-186
-184
-179
-176
-185
-177
-189
