SAMPLES:	7051
BITSPERSAMPLE:	16
CHANNELS:	1
SAMPLERATE:	16000
NORMALIZED:	FALSE
-274
-277
-268
-264
-259
-253
-253
-256
-259
-252
-246
-265
-260
-258
-258
-246
-242
-232
-238
-229
-229
-240
-240
-232
-229
-231
-224
-232
-218
-221
-218
-211
-211
-208
-214
-215
-211
-201
-198
-199
-206
-208
-206
-205
-196
-198
-190
-192
-198
-186
-202
-200
-213
-202
-209
-219
-209
-218
-226
-224
-227
-230
-221
-217
-207
-202
-197
-191
-180
-183
-174
-185
-183
-171
-168
-161
-168
-160
-162
-155
-158
-154
-148
-152
-146
-145
-137
-140
-134
-130
-142
-145
-144
-147
-150
-155
-152
-157
-147
-140
-139
-138
-147
-135
-142
-149
-136
-139
-138
-136
-131
-126
-127
-129
-132
-120
-120
-113
-111
-117
-119
-109
-111
-115
-112
-108
-116
-116
-103
-111
-113
-106
-101
-107
-105
-105
-106
-96
-109
-106
-101
-101
-103
-105
-99
-103
-98
-101
-92
-86
-83
-85
-87
-75
-83
-83
-83
-86
-84
-76
-74
-79
-73
-59
-50
-68
-57
-49
-47
-56
-50
-44
-49
-37
-38
-31
-35
-41
-40
-38
-39
-41
-41
-36
-47
-43
-26
-36
-37
-31
-30
-24
-14
-17
-31
-17
-15
-16
-9
-11
-14
-12
-13
-4
1
-2
1
-9
-9
-14
-8
2
-6
-7
-15
-14
-17
-27
-19
-16
-5
-12
-11
-4
1
-5
-13
0
-6
-9
-10
-9
0
-9
-13
-16
-13
-5
-8
0
-2
-1
-3
-12
-8
-7
-7
-3
-2
3
11
11
11
6
6
16
16
24
26
33
31
28
40
38
45
58
63
61
59
55
54
47
47
52
52
54
52
53
47
54
42
34
40
29
40
42
35
36
40
38
41
37
31
22
25
17
9
8
13
12
3
-5
-3
-11
-7
2
-7
-9
-10
-8
0
-8
-15
-9
-12
-16
-15
-17
-5
1
-7
3
-1
7
16
16
15
14
15
15
20
17
15
28
38
37
44
40
32
40
43
38
47
46
37
44
47
50
42
32
47
42
38
38
46
45
44
48
50
36
41
42
28
38
39
32
23
28
27
24
23
17
14
20
16
15
17
28
19
14
22
22
34
40
38
39
46
48
57
59
55
63
59
63
67
67
73
76
76
94
91
89
93
102
104
106
108
99
110
108
111
115
117
129
126
134
149
144
147
144
140
143
149
142
139
140
148
144
140
142
138
139
129
129
133
130
125
128
130
132
143
135
144
152
143
138
142
154
161
171
163
166
161
163
158
151
148
148
148
152
141
138
140
132
124
127
131
123
136
134
127
130
141
126
124
127
133
136
144
135
140
127
127
134
124
124
121
130
122
125
121
131
124
114
126
121
120
121
112
118
128
118
118
120
122
126
127
132
128
138
141
137
135
137
138
140
150
148
148
149
154
154
159
146
134
144
145
141
133
134
134
135
130
120
114
114
123
113
114
117
118
120
119
121
117
119
123
121
117
119
118
116
109
110
120
120
124
127
122
114
131
111
100
113
101
88
96
102
101
101
102
103
108
104
101
94
101
97
89
94
85
91
88
75
68
67
65
55
52
62
64
56
48
53
55
57
57
55
55
51
39
36
31
28
40
34
33
24
34
24
11
22
16
16
15
7
0
-1
-4
-3
-13
-21
-24
-29
-25
-28
-25
-23
-10
-17
-17
-15
-17
-16
-27
-20
-19
-16
-14
-19
-14
-15
-11
-11
-7
-8
-12
-10
0
13
8
6
8
5
1
-9
-16
-13
-17
-16
-15
-11
-1
0
-12
-5
-2
-14
-9
-11
-18
-23
-19
-39
-47
-40
-45
-48
-51
-45
-52
-50
-56
-60
-66
-66
-61
-62
-69
-71
-74
-66
-68
-64
-64
-58
-62
-71
-64
-77
-70
-85
-81
-86
-83
-82
-85
-81
-84
-92
-97
-98
-100
-96
-95
-90
-95
-88
-96
-112
-102
-104
-106
-110
-111
-108
-111
-117
-109
-108
-124
-112
-110
-103
-108
-100
-100
-113
-100
-112
-111
-114
-116
-112
-121
-124
-128
-128
-137
-136
-136
-127
-124
-113
-119
-122
-122
-119
-119
-117
-116
-127
-121
-115
-118
-120
-118
-121
-117
-106
-109
-115
-118
-118
-109
-111
-114
-105
-103
-105
-106
-101
-103
-103
-106
-106
-99
-108
-107
-105
-107
-102
-99
-102
-109
-104
-102
-100
-104
-97
-108
-100
-98
-89
-84
-95
-74
-72
-72
-76
-69
-86
-78
-73
-78
-96
-96
-107
-117
-116
-123
-133
-134
-133
-140
-142
-149
-145
-142
-155
-160
-148
-146
-132
-138
-138
-145
-150
-147
-149
-146
-139
-141
-156
-154
-156
-159
-154
-151
-158
-152
-162
-165
-163
-161
-173
-167
-159
-165
-163
-159
-156
-166
-164
-164
-167
-165
-162
-153
-151
-148
-145
-152
-154
-155
-146
-155
-157
-155
-156
-157
-157
-152
-157
-143
-150
-147
-158
-153
-139
-137
-136
-133
-128
-123
-128
-128
-116
-124
-111
-110
-114
-106
-106
-104
-98
-99
-101
-99
-103
-101
-90
-102
-93
-93
-98
-96
-101
-100
-102
-98
-94
-97
-98
-89
-96
-89
-92
-94
-86
-88
-85
-93
-84
-87
-88
-84
-91
-87
-96
-89
-88
-89
-100
-103
-100
-106
-107
-102
-112
-110
-104
-104
-98
-100
-105
-102
-93
-109
-108
-100
-96
-104
-100
-102
-105
-104
-108
-111
-112
-109
-110
-105
-121
-119
-111
-103
-104
-100
-91
-94
-95
-91
-88
-85
-84
-92
-86
-84
-84
-80
-77
-74
-71
-64
-61
-59
-49
-45
-45
-40
-38
-39
-33
-33
-35
-25
-41
-28
-22
-23
-15
-11
-3
-1
2
-4
7
7
10
11
4
2
4
4
16
23
32
22
14
16
16
22
25
28
19
22
20
16
32
46
39
41
48
41
47
50
49
45
46
47
38
40
56
47
48
57
60
61
56
59
64
71
76
79
73
72
72
61
64
51
54
48
57
55
48
47
40
35
27
29
29
28
25
22
16
15
0
-6
-2
-8
3
7
2
11
0
5
7
0
4
-3
2
-8
6
-4
-13
-14
-6
-12
-20
-10
-17
-17
-11
-18
-12
-29
-29
-31
-41
-41
-50
-53
-52
-47
-55
-61
-65
-66
-83
-75
-82
-87
-89
-93
-88
-98
-94
-98
-95
-109
-104
-110
-117
-112
-118
-108
-111
-118
-122
-119
-111
-109
-108
-107
-112
-112
-103
-102
-110
-96
-105
-115
-108
-114
-105
-109
-118
-112
-111
-117
-113
-110
-108
-105
-103
-109
-113
-107
-108
-106
-107
-103
-103
-112
-123
-117
-119
-122
-130
-125
-118
-122
-116
-118
-111
-119
-110
-118
-112
-106
-100
-101
-108
-88
-94
-100
-97
-100
-100
-105
-103
-105
-117
-123
-121
-126
-129
-136
-148
-147
-148
-152
-138
-142
-153
-143
-144
-132
-138
-133
-136
-131
-129
-135
-123
-127
-128
-129
-128
-130
-135
-134
-131
-129
-110
-126
-117
-108
-109
-106
-113
-110
-112
-113
-112
-103
-110
-106
-109
-109
-87
-86
-84
-89
-91
-87
-78
-81
-73
-74
-72
-75
-72
-60
-60
-63
-53
-41
-40
-44
-43
-18
-21
-21
-17
-13
-4
3
0
7
-1
-6
-1
-7
9
12
7
20
16
11
20
15
23
14
16
24
22
21
29
37
29
30
32
28
21
24
33
34
37
39
34
40
36
25
32
32
32
33
40
40
35
49
47
50
43
40
44
35
40
51
50
57
64
56
58
70
64
70
65
70
84
79
86
76
89
94
102
107
103
101
101
108
113
110
113
111
115
119
114
121
120
118
122
120
111
121
126
131
135
134
133
128
133
150
188
330
472
660
711
611
458
302
197
130
96
192
336
377
352
298
398
532
598
559
522
613
724
699
520
384
392
506
593
652
762
743
571
375
319
547
683
647
511
388
450
375
314
308
323
317
323
316
338
305
161
259
249
330
394
316
355
271
182
238
223
358
360
270
229
136
101
56
-77
-120
-34
-7
24
31
-16
-41
-205
-408
-516
-497
-288
-159
-164
-114
-95
-54
-131
-239
-295
-353
-428
-509
-519
-398
-275
-203
-122
-99
-96
-181
-356
-470
-602
-647
-638
-534
-428
-396
-308
-338
-537
-708
-834
-917
-1063
-1190
-1115
-1027
-1003
-903
-726
-532
-475
-495
-403
-413
-448
-404
-303
-106
-4
143
432
663
788
874
1080
1227
1197
1143
1176
1250
1274
1288
1429
1588
1615
1618
1594
1459
1255
1138
1028
832
629
516
515
497
405
239
97
20
-150
-399
-612
-761
-937
-1165
-1338
-1448
-1591
-1756
-1943
-2103
-2326
-2563
-2828
-3115
-3475
-3708
-3736
-3625
-3299
-3171
-2979
-2804
-2619
-2517
-2524
-2473
-2451
-2426
-2342
-2283
-2086
-1811
-1504
-1209
-923
-570
-382
-225
-117
-46
-77
-135
-229
-319
-477
-561
-593
-571
-485
-399
-419
-458
-509
-523
-629
-745
-813
-852
-812
-821
-693
-509
-260
1
294
619
864
1013
1181
1333
1356
1263
1208
1213
1202
1147
1147
1257
1337
1265
1133
985
712
329
-106
-411
-655
-1020
-1362
-1616
-1939
-2357
-2845
-3218
-3626
-3651
-3473
-3554
-3662
-3874
-3699
-3442
-3323
-3256
-3238
-2936
-2644
-2472
-2336
-2166
-1763
-1586
-1213
-859
-533
-84
323
554
574
669
908
1009
894
744
608
630
659
545
393
223
209
189
60
-24
-213
-251
-344
-452
-624
-537
-286
-241
-257
-175
-1
302
628
995
1292
1416
1557
1718
1818
1845
1755
1722
1690
1622
1490
1454
1585
1494
1379
1359
1412
1381
1074
854
632
367
0
-445
-836
-1257
-1607
-1993
-2171
-2087
-1858
-1792
-1748
-1611
-1423
-1063
-775
-692
-787
-813
-646
-605
-650
-638
-452
-244
-29
274
521
910
1360
1620
1647
1676
1834
1873
1721
1481
1240
1147
1076
905
657
534
580
626
492
400
291
184
6
-203
-422
-517
-482
-578
-659
-612
-381
-55
272
649
911
1242
1619
1931
2080
2151
2228
2181
2007
1762
1530
1432
1361
1219
1115
1159
1227
1189
1049
902
689
344
-96
-611
-1065
-1499
-1797
-1959
-1987
-1894
-1891
-1810
-1666
-1356
-980
-696
-489
-453
-373
-209
-128
-148
-224
-176
-104
-15
94
225
522
882
1184
1394
1591
1887
2055
2015
1851
1711
1599
1401
1083
745
539
551
530
428
332
356
435
440
378
282
269
255
80
-57
-100
0
133
236
411
632
1000
1444
1808
1998
2132
2308
2332
2164
1880
1626
1445
1178
875
703
707
814
778
707
570
394
107
-304
-722
-1130
-1425
-1431
-1498
-1613
-1668
-1589
-1249
-1020
-752
-538
-285
32
209
401
471
608
668
628
643
612
642
762
951
1104
1188
1414
1700
1919
2024
2040
2118
2089
1916
1638
1328
1178
1014
757
509
348
345
351
406
393
414
481
527
523
502
588
671
707
654
643
693
829
1010
1142
1253
1450
1637
1733
1761
1708
1669
1519
1236
881
607
433
260
17
-207
-394
-659
-1013
-1364
-1603
-1699
-1594
-1701
-1787
-1834
-1728
-1416
-1246
-1033
-921
-698
-362
-170
-18
60
329
511
532
537
535
726
900
1041
1099
1168
1403
1613
1785
1815
1873
1989
1989
1875
1708
1586
1580
1388
1099
774
670
665
523
419
269
337
380
374
368
389
581
662
699
716
776
955
1090
1236
1320
1426
1623
1729
1784
1731
1736
1732
1548
1300
1044
912
781
551
305
66
-69
-315
-700
-1039
-1346
-1422
-1446
-1629
-1704
-1786
-1571
-1318
-1159
-943
-819
-509
-313
-102
76
231
511
555
574
582
665
865
956
1060
1065
1191
1401
1581
1756
1848
1991
2072
2024
1939
1809
1763
1649
1341
1007
715
644
485
321
164
61
120
72
107
97
165
268
268
298
323
445
610
713
849
893
1051
1214
1289
1343
1324
1383
1303
1127
942
806
726
506
201
-59
-243
-412
-802
-1168
-1485
-1665
-1691
-1928
-2020
-2140
-2041
-1783
-1661
-1428
-1354
-1045
-781
-580
-342
-210
127
235
278
298
360
604
683
811
849
954
1193
1353
1555
1635
1786
1929
1896
1872
1737
1722
1664
1396
1105
770
650
477
272
84
-96
-81
-181
-184
-169
-107
27
38
65
91
202
344
407
496
544
676
804
871
934
909
971
943
828
673
555
529
333
84
-168
-378
-541
-942
-1272
-1571
-1740
-1774
-2052
-2142
-2272
-2197
-1990
-1880
-1622
-1529
-1238
-998
-800
-580
-463
-130
-28
46
69
99
304
393
516
553
683
926
1090
1313
1430
1602
1755
1790
1821
1745
1776
1748
1564
1348
1075
995
841
682
489
312
320
234
247
237
343
465
493
590
652
828
979
1101
1193
1183
1259
1271
1253
1172
1026
988
845
693
539
469
475
325
159
-42
-169
-367
-687
-1061
-1251
-1366
-1589
-1748
-1904
-1798
-1625
-1496
-1320
-1233
-937
-691
-387
-190
16
279
374
478
409
424
478
500
456
331
335
500
681
837
925
1115
1290
1413
1443
1434
1516
1463
1299
1056
848
732
583
407
181
56
9
-1
46
78
254
370
506
662
811
1019
1185
1316
1351
1345
1357
1316
1235
1047
866
730
530
377
188
131
62
-52
-239
-406
-535
-738
-1007
-1131
-1283
-1451
-1690
-1877
-1757
-1618
-1459
-1369
-1264
-975
-754
-470
-316
-20
215
366
553
513
674
761
882
841
718
739
829
971
983
999
1093
1199
1314
1298
1372
1503
1513
1424
1211
1109
1034
895
685
419
282
160
75
22
1
134
183
341
479
723
999
1227
1399
1455
1558
1617
1610
1503
1279
1088
853
570
307
60
-29
-193
-359
-554
-708
-777
-975
-1099
-1194
-1324
-1420
-1672
-1718
-1641
-1552
-1470
-1545
-1358
-1145
-849
-620
-419
-86
55
332
360
468
614
712
803
669
616
643
749
825
780
822
862
981
1019
984
1122
1147
1140
951
818
764
671
503
219
-4
-144
-274
-357
-472
-413
-384
-333
-220
-125
118
322
523
643
762
892
1006
1044
962
811
668
433
227
-91
-288
-503
-731
-912
-1173
-1271
-1478
-1551
-1597
-1716
-1760
-1956
-1961
-1830
-1748
-1616
-1658
-1509
-1308
-1122
-931
-810
-482
-395
-152
-97
38
272
423
585
525
562
636
740
846
794
828
845
898
932
878
1053
1087
1119
993
912
966
961
892
693
550
473
322
248
130
172
143
132
193
233
452
592
792
882
1004
1126
1245
1297
1217
1097
941
691
463
128
-81
-314
-558
-753
-1021
-1090
-1336
-1352
-1432
-1558
-1637
-1854
-1797
-1718
-1612
-1513
-1557
-1376
-1222
-1030
-872
-729
-427
-347
-99
-103
102
293
429
505
408
434
502
603
662
617
657
671
716
702
689
862
799
782
580
535
549
483
371
186
95
36
-48
-82
-108
10
-13
49
135
209
459
538
697
719
824
923
952
955
864
770
613
380
191
-99
-237
-525
-766
-1036
-1277
-1413
-1629
-1606
-1808
-1860
-2086
-2162
-2036
-1938
-1774
-1785
-1721
-1497
-1367
-1122
-1038
-750
-603
-439
-327
-290
-10
114
287
243
231
345
464
547
573
557
638
622
664
589
723
740
661
513
328
373
297
219
44
-80
-135
-221
-273
-303
-220
-177
-197
-68
-38
188
338
474
590
632
756
821
839
783
676
568
375
213
-7
-146
-282
-543
-729
-975
-1085
-1332
-1356
-1451
-1542
-1684
-1894
-1785
-1688
-1559
-1535
-1571
-1361
-1211
-1025
-902
-704
-481
-386
-237
-274
-52
108
252
254
174
256
417
527
600
596
689
744
791
739
796
931
877
783
577
604
609
521
376
220
148
72
-21
-44
-13
64
42
102
141
308
486
562
664
690
760
849
846
818
719
607
433
234
44
-147
-235
-491
-658
-887
-1017
-1178
-1250
-1282
-1381
-1494
-1714
-1665
-1541
-1407
-1323
-1369
-1217
-1044
-884
-715
-577
-314
-214
-62
-79
78
258
370
378
302
311
435
499
556
553
600
681
704
693
747
904
862
784
584
564
591
510
382
249
201
156
57
50
110
221
208
271
326
474
666
731
787
806
852
924
907
856
772
646
514
300
120
-49
-135
-364
-576
-795
-945
-1115
-1249
-1263
-1371
-1447
-1664
-1729
-1573
-1452
-1339
-1346
-1251
-1029
-898
-704
-593
-297
-183
-45
-31
44
243
337
402
339
316
415
535
619
646
678
780
790
807
786
946
951
893
719
621
661
599
491
361
273
244
148
130
165
264
277
297
360
461
647
702
764
801
825
871
882
843
761
643
547
349
193
11
-76
-261
-493
-697
-881
-1020
-1233
-1275
-1339
-1388
-1512
-1629
-1496
-1316
-1189
-1146
-1122
-884
-752
-562
-480
-294
-125
-48
8
-6
168
288
355
322
265
318
425
494
537
511
639
654
682
657
773
875
809
679
524
545
520
395
272
171
166
111
74
110
216
282
302
364
437
616
732
791
807
813
856
880
846
814
725
660
512
355
206
124
-44
-256
-475
-680
-864
-1127
-1334
-1352
-1434
-1528
-1705
-1749
-1545
-1368
-1180
-1141
-959
-690
-472
-284
-176
77
190
285
229
222
367
457
487
403
371
495
601
688
713
814
976
1036
1044
1017
1189
1203
1121
922
785
816
710
575
463
430
447
407
413
489
628
693
754
807
891
1014
1083
1085
1103
1060
1102
1077
1051
997
960
927
818
700
597
543
354
138
-141
-374
-649
-1011
-1302
-1331
-1445
-1536
-1735
-1759
-1513
-1339
-1128
-1032
-806
-517
-305
-129
-17
229
308
379
293
250
354
419
429
357
326
483
601
714
759
866
1010
1032
992
953
1090
1060
932
701
561
551
449
319
228
191
230
169
195
306
408
500
518
554
622
723
766
743
757
710
779
761
755
754
767
783
714
641
587
544
402
200
-44
-260
-575
-956
-1364
-1464
-1618
-1752
-1938
-2098
-1870
-1724
-1490
-1347
-1187
-886
-666
-449
-375
-168
-37
51
27
-82
13
119
165
144
58
211
356
474
569
641
829
897
899
818
918
944
826
605
359
326
231
80
9
-98
-55
-66
-59
28
144
253
282
306
317
387
428
388
373
281
329
329
320
366
388
468
471
472
491
516
466
288
65
-185
-468
-835
-1247
-1584
-1762
-1920
-2071
-2174
-2264
-2053
-1913
-1682
-1527
-1370
-1077
-880
-726
-685
-540
-453
-390
-460
-537
-443
-317
-249
-212
-179
58
270
425
574
704
900
946
903
812
854
807
635
401
169
108
-3
-111
-185
-218
-173
-181
-181
-109
-5
67
64
29
11
39
52
-1
-17
-89
-21
-10
10
89
151
260
288
311
344
384
346
189
-10
-248
-510
-840
-1196
-1576
-1829
-1885
-2033
-2006
-2123
-2024
-1801
-1606
-1375
-1336
-1095
-891
-745
-734
-707
-571
-518
-504
-604
-595
-419
-317
-201
-143
40
340
494
693
833
1036
1136
1120
1015
922
954
790
581
329
188
150
22
-34
-62
-14
53
43
105
189
275
294
216
173
106
118
27
-56
-103
-127
-62
-76
32
136
292
396
430
485
515
484
369
139
-84
-376
-675
-1040
-1327
-1641
-1845
-1827
-1922
-1801
-1893
-1759
-1551
-1389
-1173
-1166
-1009
-896
-854
-925
-937
-844
-845
-830
-908
-857
-628
-501
-290
-144
66
374
520
740
827
975
1023
950
799
686
706
570
453
242
150
183
111
133
129
176
234
176
195
220
237
194
79
-15
-90
-75
-168
-175
-180
-159
-58
-36
124
260
365
442
449
453
440
353
202
-2
-217
-479
-710
-974
-1202
-1383
-1646
-1670
-1701
-1656
-1574
-1681
-1496
-1419
-1244
-1148
-1136
-988
-962
-957
-1054
-976
-923
-884
-823
-867
-687
-488
-315
-76
17
281
492
603
759
835
962
942
859
702
692
671
520
443
279
313
295
230
304
285
356
327
248
248
221
164
45
-62
-172
-213
-249
-314
-242
-231
-130
-41
5
170
249
323
345
305
289
206
92
-109
-275
-480
-673
-843
-1057
-1160
-1357
-1499
-1604
-1574
-1559
-1528
-1621
-1616
-1518
-1479
-1349
-1378
-1297
-1183
-1139
-1101
-1007
-881
-738
-641
-597
-469
-299
-120
37
139
258
438
487
605
697
781
850
796
727
715
730
664
602
489
449
409
331
313
273
240
215
99
64
58
16
-13
-112
-174
-192
-182
-199
-154
-127
-84
-42
-35
64
133
170
188
140
125
103
24
-55
-189
-319
-483
-636
-783
-916
-1050
-1213
-1350
-1538
-1615
-1607
-1636
-1629
-1708
-1718
-1604
-1544
-1433
-1380
-1269
-1136
-1066
-964
-834
-633
-506
-399
-356
-253
-76
34
160
247
337
458
514
629
737
803
849
808
776
759
778
725
657
550
446
390
295
247
198
127
74
-29
-48
-42
-65
-93
-158
-187
-212
-205
-230
-212
-214
-225
-197
-185
-126
-74
-73
-80
-119
-140
-162
-217
-279
-365
-470
-601
-709
-801
-909
-1027
-1174
-1310
-1459
-1599
-1692
-1740
-1713
-1772
-1768
-1763
-1652
-1496
-1385
-1255
-1136
-990
-881
-739
-606
-458
-325
-245
-176
-104
-5
135
231
321
393
470
584
677
780
837
875
883
855
838
825
793
702
598
495
402
364
320
267
219
148
108
85
90
89
55
27
-10
-21
-28
-24
-44
-55
-71
-106
-112
-97
-72
-71
-89
-92
-97
-99
-107
-155
-200
-292
-382
-464
-554
-668
-773
-882
-994
-1118
-1219
-1302
-1360
-1395
-1452
-1422
-1420
-1343
-1285
-1196
-1053
-944
-815
-703
-572
-450
-363
-279
-180
-81
8
87
195
286
391
492
590
700
793
891
950
1016
1063
1067
1071
1040
1015
953
893
833
763
684
592
534
469
419
367
299
271
224
185
160
114
105
62
37
19
8
3
-8
-2
0
35
43
57
77
73
75
54
35
8
-38
-71
-132
-174
-220
-282
-337
-391
-448
-511
-563
-623
-682
-740
-820
-868
-911
-937
-912
-954
-914
-887
-820
-717
-624
-482
-381
-242
-136
-33
97
196
307
384
466
530
582
676
722
804
861
907
998
1021
1091
1126
1144
1134
1106
1075
989
933
833
730
630
511
416
319
248
184
114
76
38
38
19
12
4
-22
-24
-52
-56
-89
-91
-104
-130
-121
-134
-112
-95
-74
-38
-16
29
64
81
96
75
61
27
-16
-71
-132
-193
-255
-321
-403
-453
-499
-551
-601
-659
-719
-724
-715
-716
-670
-671
-606
-555
-494
-400
-331
-230
-163
-77
2
115
207
284
374
428
511
574
628
693
724
770
811
815
856
856
887
899
872
854
835
822
793
733
660
590
505
431
350
279
204
137
53
16
-26
-35
-45
-65
-63
-61
-31
-20
2
14
28
47
63
102
101
123
138
140
170
183
207
228
245
239
250
249
248
225
198
176
138
100
68
17
-31
-65
-105
-144
-178
-212
-229
-247
-274
-309
-315
-319
-313
-310
-332
-294
-288
-238
-203
-173
-91
-60
13
71
141
215
266
318
362
428
476
525
572
588
635
650
666
695
699
708
681
669
671
645
605
574
528
475
426
355
314
281
226
176
119
102
84
60
42
33
50
52
48
64
83
105
118
124
133
153
170
179
186
196
219
234
263
294
332
358
387
395
416
432
424
411
361
316
273
212
147
71
-9
-75
-151
-216
-271
-318
-353
-380
-412
-442
-464
-482
-499
-538
-554
-542
-532
-522
-503
-455
-396
-334
-277
-225
-144
-60
10
81
134
202
269
298
331
361
397
417
432
459
485
511
528
555
581
593
625
634
646
643
619
595
542
507
460
400
337
286
245
199
168
141
125
132
149
157
164
195
220
223
241
277
293
293
297
293
283
278
258
258
257
258
269
261
255
259
255
244
216
188
157
124
96
51
9
-38
-66
-108
-152
-184
-201
-221
-256
-276
-291
-308
-338
-355
-378
-410
-420
-445
-450
-450
-458
-455
-443
-408
-372
-343
-282
-219
-170
-107
-46
25
89
147
204
246
279
313
346
355
379
393
401
418
429
440
457
476
469
474
471
460
447
423
393
360
322
278
242
208
161
129
96
68
47
30
31
38
48
67
81
104
124
151
183
190
200
205
232
255
261
272
282
295
290
307
300
279
263
237
203
158
123
78
23
-28
-86
-138
-179
-203
-229
-236
-244
-247
-236
-228
-208
-176
-153
-148
-132
-117
-90
-76
-66
-47
-32
-24
-10
2
31
69
91
125
143
181
204
221
238
232
237
234
221
196
191
177
160
145
132
133
128
136
149
150
171
203
206
232
257
272
300
306
327
345
361
387
402
415
427
440
460
465
461
466
441
421
408
363
332
294
257
218
182
160
126
109
89
87
97
87
101
104
99
92
101
120
124
135
126
125
146
149
171
182
205
222
230
242
257
269
281
285
280
265
260
250
225
209
167
126
87
63
43
15
-19
-50
-73
-96
-111
-126
-131
-138
-143
-158
-165
-156
-161
-149
-148
-146
-135
-124
-98
-70
-51
-24
9
32
54
88
114
134
139
137
137
147
146
146
155
160
181
198
226
260
292
311
327
343
336
360
365
369
365
352
339
342
340
333
336
332
345
346
355
361
374
385
380
373
361
355
354
337
326
303
294
279
255
258
242
241
222
218
230
230
233
227
223
232
228
231
243
234
228
210
207
210
208
194
185
181
164
163
152
145
126
122
102
77
46
32
26
0
-17
-35
-36
-33
-33
-19
-10
14
30
42
65
81
108
116
137
141
163
183
190
207
215
215
231
241
256
270
276
292
281
280
278
290
293
277
281
276
272
278
293
300
300
307
304
313
326
342
338
331
329
324
321
310
307
298
293
281
279
279
284
283
276
271
261
255
249
239
238
219
189
177
155
137
117
104
78
52
46
46
26
17
9
1
3
-2
8
26
29
39
44
63
78
89
115
136
142
151
162
172
186
204
204
207
201
202
198
181
171
163
153
126
117
116
108
101
93
78
73
70
71
67
57
52
40
26
18
12
-3
-34
-54
-81
-98
-107
-117
-111
-122
-110
-107
-90
-66
-65
-38
-33
-26
-19
6
22
46
50
63
86
105
121
124
130
145
166
159
167
193
207
222
219
218
224
240
248
245
238
249
254
256
274
286
287
285
282
289
297
286
303
303
307
303
306
310
329
347
347
345
375
396
417
436
446
464
467
460
460
459
448
433
401
388
369
359
328
302
274
255
225
200
177
168
160
132
127
128
137
149
155
165
167
161
169
182
183
181
189
188
182
204
200
192
203
208
222
232
247
261
281
293
295
300
307
292
294
277
259
257
238
222
221
211
209
215
206
212
233
246
260
268
299
322
340
365
390
441
469
491
504
528
550
566
588
580
595
594
578
567
551
529
502
469
448
424
383
361
329
299
284
262
249
234
227
216
215
222
215
216
205
205
204
204
194
202
212
211
208
213
228
249
267
291
315
330
346
347
355
351
346
341
318
289
269
254
231
199
177
164
157
144
132
138
145
153
158
185
193
204
211
227
241
268
278
288
306
306
331
326
323
327
308
291
283
262
251
244
212
180
167
137
106
74
51
35
14
4
-14
-21
-21
-19
-14
-14
-6
19
33
40
47
48
60
84
103
121
143
167
199
237
269
309
341
381
411
429
454
465
470
459
443
428
418
396
370
352
312
296
279
266
274
270
270
283
297
301
307
319
331
330
345
356
357
370
378
375
388
397
388
387
379
348
344
313
281
256
210
192
153
109
71
39
10
-7
-28
-67
-78
-77
-84
-101
-101
-101
-100
-108
-102
-87
-83
-72
-76
-61
-31
-14
13
36
76
95
104
125
135
149
159
157
144
138
120
100
85
60
40
31
15
9
-4
-25
-8
-7
-14
4
18
29
53
73
96
124
136
164
198
208
240
259
261
290
308
314
310
301
282
263
238
198
176
136
101
72
28
-4
-24
-59
-88
-119
-152
-171
-216
-216
-223
-237
-252
-265
-252
-258
-230
-219
-180
-174
-144
-91
-60
-15
4
53
91
122
130
149
168
162
170
161
155
136
102
77
63
27
-2
-25
-47
-56
-85
-82
-102
-110
-121
-118
-105
-116
-100
-98
-78
-44
-27
1
23
53
81
96
131
156
171
195
200
203
211
191
174
157
122
89
65
31
-12
-42
-84
-128
-171
-196
-233
-264
-302
-334
-367
-398
-413
-433
-450
-454
-464
-463
-453
-440
-422
-395
-360
-325
-292
-264
-239
-204
-175
-149
-134
-130
-116
-120
-122
-123
-129
-117
-116
-132
-124
-129
-129
-135
-134
-138
-142
-155
-167
-168
-169
-166
-176
-160
-143
-132
-106
-96
-90
-67
-57
-50
-36
-38
-38
-31
-24
-31
-32
-36
-49
-46
-50
-58
-66
-81
-105
-128
-156
-172
-199
-236
-263
-299
-330
-345
-376
-392
-410
-431
-437
-446
-447
-441
-446
-452
-450
-450
-428
-430
-434
-427
-424
-410
-415
-404
-401
-400
-408
-418
-407
-421
-422
-417
-430
-420
-428
-437
-432
-426
-425
-431
-436
-431
-424
-435
-419
-423
-415
-414
-404
-395
-394
-374
-361
-358
-344
-336
-336
-320
-318
-316
-311
-321
-328
-333
-336
-347
-350
-361
-378
-384
-393
-405
-422
-441
-453
-464
-494
-498
-503
-500
-512
-507
-503
-508
-496
-501
-484
-486
-469
-455
-445
-432
-427
-409
-413
-398
-408
-420
-417
-422
-425
-434
-427
-430
-432
-440
-436
-441
-449
-436
-438
-439
-449
-455
-454
-462
-465
-458
-474
-471
-468
-488
-486
-475
-461
-460
-455
-458
-458
-450
-462
-458
-458
-470
-469
-476
-464
-466
-477
-486
-497
-497
-510
-519
-532
-548
-565
-578
-591
-599
-606
-608
-614
-631
-628
-630
-630
-643
-633
-615
-615
-593
-588
-594
-575
-567
-575
-576
-570
-579
-566
-578
-599
-594
-609
-610
-618
-628
-627
-623
-626
-628
-622
-604
-596
-573
-562
-565
-560
-562
-566
-550
-553
-560
-559
-561
-559
-564
-558
-550
-541
-539
-548
-548
-543
-548
-535
-537
-540
-549
-554
-553
-560
-577
-602
-616
-626
-645
-652
-659
-673
-685
-698
-695
-688
-681
-672
-663
-646
-636
-620
-600
-589
-560
-543
-530
-517
-517
-508
-504
-497
-502
-500
-520
-527
-524
-540
-557
-590
-593
-630
-640
-652
-658
-669
-680
-670
-667
-661
-655
-638
-632
-616
-603
-601
-581
-566
-554
-559
-563
-556
-556
-546
-558
-554
-554
-550
-532
-525
-505
-495
-491
-485
-491
-500
-504
-509
-526
-552
-581
-604
-632
-649
-666
-692
-717
-729
-736
-747
-746
-759
-762
-762
-750
-745
-718
-692
-668
-640
-626
-605
-580
-557
-534
-517
-508
-486
-476
-474
-466
-452
-459
-471
-469
-480
-497
-506
-505
-506
-525
-529
-528
-524
-525
-518
-518
-514
-504
-495
-489
-491
-488
-491
-485
-475
-479
-474
-457
-466
-461
-460
-457
-450
-440
-444
-443
-442
-445
-440
-442
-447
-454
-464
-476
-482
-492
-508
-523
-543
-556
-574
-587
-601
-609
-619
-626
-627
-623
-615
-613
-598
-584
-573
-556
-526
-502
-490
-469
-437
-419
-412
-409
-398
-388
-383
-389
-381
-382
-397
-401
-403
-409
-423
-414
-424
-417
-425
-428
-427
-427
-420
-423
-409
-378
-366
-355
-350
-338
-317
-306
-299
-301
-287
-301
-301
-290
-294
-298
-286
-282
-280
-279
-270
-267
-266
-277
-272
-275
-285
-298
-317
-322
-331
-342
-372
-371
-379
-385
-396
-406
-406
-398
-390
-385
-371
-375
-353
-341
-328
-322
-312
-294
-285
-269
-256
-243
-229
-228
-215
-207
-219
-220
-220
-212
-224
-231
-236
-242
-243
-254
-252
-266
-266
-279
-281
-280
-279
-277
-285
-273
-276
-265
-260
-261
-259
-244
-242
-237
-241
-237
-231
-223
-223
-229
-221
-216
-210
-217
-205
-195
-195
-193
-194
-203
-200
-201
-217
-224
-215
-217
-220
-241
-243
-249
-250
-239
-238
-240
-235
-223
-234
-220
-217
-219
-209
-207
-201
-200
-195
-198
-186
-181
-176
-181
-189
-175
-190
-188
-194
-195
-201
-203
-204
-208
-213
-224
-227
-229
-218
-216
-219
-219
-213
-210
-206
-207
-203
-188
-178
-171
-176
-173
-174
-171
-177
-184
-186
-186
-193
-191
-201
-189
-192
-204
-208
-214
-214
-239
-244
-254
-251
-261
-270
-279
-285
-294
-297
-290
-291
-286
-276
-265
-262
-247
-233
-225
-212
-214
-212
-211
-209
-204
-201
-192
-199
-192
-200
-198
-186
-180
-175
-174
-163
-167
-154
-152
-156
-151
-144
-148
-148
-141
-135
-135
-124
-126
-122
-114
-115
-105
-95
-93
-86
-69
-81
-76
-68
-71
-64
-68
-76
-71
-65
-78
-76
-84
-88
-94
-94
-112
-118
-128
-143
-154
-176
-177
-191
-210
-209
-210
-204
-203
-200
-195
-195
-187
-182
-163
-150
-140
-134
-131
-115
-113
-111
-102
-92
-93
-84
-77
-64
-60
-70
-51
-52
-50
-36
-26
-19
-31
-20
-23
-26
-14
-20
-29
-19
-20
-19
-13
-4
5
6
19
30
44
49
56
55
60
65
72
67
67
70
73
76
69
70
69
59
70
72
70
67
58
45
38
19
-2
-19
-38
-52
-64
-66
-70
-61
-54
-49
-45
-38
-26
-14
-1
8
17
26
27
22
34
20
42
51
53
57
56
70
71
83
75
79
91
91
96
85
94
90
88
83
69
71
66
64
64
50
54
51
48
69
76
74
90
94
104
117
124
131
146
157
163
165
152
166
155
159
149
145
133
125
119
108
108
95
92
92
75
65
63
49
35
30
36
18
25
17
18
23
28
33
31
41
47
59
52
62
59
56
71
79
88
91
102
104
112
120
117
123
141
142
150
152
146
161
166
172
176
185
184
182
184
189
206
200
199
206
200
199
190
189
189
184
181
161
156
155
140
146
145
128
123
110
105
99
90
84
76
70
65
59
59
65
66
57
39
51
50
42
32
31
25
16
26
14
15
11
6
12
-7
-12
-24
-29
-22
-43
-44
-47
-66
-70
-77
-80
-76
-77
-78
-85
-91
-93
-95
-87
-85
-94
-97
-98
-110
-102
-105
-108
-110
-101
-99
-90
-71
-70
-58
-37
-42
-47
-35
-25
-8
-16
-22
-26
-32
-36
-46
-56
-66
-79
-99
-106
-114
-126
-134
-140
-149
-152
-171
-166
-165
-172
-171
-183
-182
-192
-194
-193
-182
-172
-171
-159
-147
-141
-124
-122
-119
-119
-116
-108
-115
-110
-100
-101
-107
-103
-104
-95
-102
-100
-105
-111
-103
-106
-113
-111
-115
-123
-125
-126
-123
-130
-126
-124
-120
-110
-102
-87
-82
-66
-53
-49
-46
-40
-26
-16
-18
-16
-13
-18
-32
-36
-37
-44
-54
-69
-72
-80
-67
-85
-94
-99
-99
-115
-124
-133
-132
-126
-131
-130
-118
-123
-114
-111
-111
-104
-96
-94
-101
-96
-104
-103
-93
-106
-107
-100
-108
-99
-92
-79
-78
-80
-70
-66
-70
-73
-68
-82
-73
-81
-91
-96
-104
-109
-122
-113
-113
-110
-114
-127
-129
-124
-110
-107
-105
-94
-83
-66
-45
-32
-19
-21
-10
-10
-6
-4
-10
-15
-23
-17
-27
-30
-37
-44
-51
-65
-68
-67
-76
-71
-78
-94
-92
-103
-115
-121
-122
-124
-119
-122
-114
-118
-111
-109
-103
-110
-105
-104
-106
-94
-93
-79
-89
-86
-80
-76
-76
-70
-67
-53
-47
-65
-62
-54
-58
-64
-55
-61
-63
-69
-72
-78
-79
-83
-82
-69
-70
-61
-56
-46
-36
-35
-19
-4
9
16
30
37
39
47
70
86
89
95
96
99
103
100
111
106
98
106
91
98
107
90
76
81
80
75
71
69
61
53
48
56
53
50
43
37
26
14
26
14
21
22
23
23
33
38
34
31
27
32
44
49
59
66
76
86
88
70
71
78
77
88
60
70
49
45
45
28
41
47
54
59
63
67
67
82
82
84
94
94
102
105
111
115
107
115
119
122
129
124
124
140
138
137
141
146
141
140
142
134
141
132
130
123
118
113
103
105
88
81
75
64
59
55
49
40
27
33
25
15
24
17
8
16
12
9
22
23
20
18
26
24
17
20
13
11
15
15
4
12
20
14
18
29
31
43
56
61
85
77
80
94
96
100
102
93
94
97
96
111
114
121
132
130
141
153
150
147
143
149
161
166
167
154
153
157
160
164
162
153
155
158
157
150
145
143
142
130
127
111
99
95
99
83
76
76
76
66
63
57
50
55
44
44
37
40
43
42
45
47
45
36
36
48
43
41
43
40
32
40
41
44
44
41
57
58
53
67
72
78
87
94
96
102
105
119
132
133
146
152
156
163
178
183
185
187
200
203
197
190
177
174
177
168
155
147
144
133
121
121
115
112
87
77
62
60
54
40
34
27
13
15
26
18
15
10
12
7
20
20
28
36
32
33
42
46
35
44
44
51
50
51
48
56
64
67
61
69
60
61
70
57
57
55
60
61
72
70
68
68
84
83
88
99
98
102
113
116
125
118
130
133
141
145
117
117
122
111
107
102
75
76
60
55
43
40
24
16
6
-11
-18
-24
-41
-55
-58
-62
-65
-85
-102
-101
-89
-104
-111
-110
-105
-105
-103
-100
-110
-102
-105
-92
-82
-83
-72
-88
-74
-64
-61
-45
-34
-27
-20
1
16
22
36
44
48
52
55
57
55
62
70
78
77
82
83
92
88
86
103
106
97
117
107
120
130
116
128
125
137
135
139
127
110
103
107
101
92
95
87
79
76
74
71
58
60
44
43
36
25
10
1
5
-3
-11
-15
-6
-1
-6
-3
-5
-8
-4
3
0
-7
-2
-2
-7
-6
11
17
30
43
53
58
59
77
87
92
110
118
131
133
132
141
135
140
151
149
146
145
151
155
163
177
173
180
179
183
192
190
183
174
181
182
179
181
176
183
180
172
166
156
158
143
136
130
121
121
106
93
94
87
68
75
76
63
64
62
58
50
54
58
63
74
74
77
85
106
111
111
125
140
142
138
146
163
161
162
161
173
188
183
190
192
210
223
228
238
252
261
260
265
274
279
283
297
296
306
316
311
317
311
316
327
331
326
321
326
330
326
321
318
316
301
305
303
285
284
284
285
280
262
258
249
249
234
230
224
212
201
199
204
185
195
182
187
189
183
178
179
188
184
189
199
207
217
217
227
237
243
243
250
260
261
263
247
253
255
247
254
254
259
272
266
270
278
279
288
278
275
270
274
277
276
271
264
268
263
252
248
223
227
216
211
216
207
203
187
190
174
179
171
162
159
150
139
123
121
118
97
97
86
80
72
51
39
25
27
22
15
7
7
-2
-10
-19
-21
-22
-28
-23
-17
-12
-10
-4
7
7
11
7
5
-1
16
9
