SAMPLES:	10002
BITSPERSAMPLE:	16
CHANNELS:	1
SAMPLERATE:	16000
NORMALIZED:	FALSE
-23
-29
-33
-19
-34
-23
-17
-19
-15
-22
-19
-17
-13
-12
-16
-9
-8
-15
-12
-21
-18
-15
-12
-14
-17
-11
-4
-5
-14
-10
-8
-5
-9
-5
-10
-12
-8
-13
-12
-8
-7
-12
-10
-10
-3
-6
-5
-9
-10
0
-3
-6
-8
-3
-6
-4
-6
-2
-4
-13
-7
0
-2
-12
-17
-12
-16
-13
-13
-12
-10
-14
-16
-25
-19
-35
-33
-32
-40
-26
-36
-29
-33
-37
-36
-35
-40
-40
-50
-46
-32
-32
-30
-30
-33
-38
-28
-35
-46
-39
-38
-38
-40
-48
-46
-42
-44
-47
-45
-57
-49
-48
-48
-46
-47
-34
-36
-33
-39
-42
-44
-50
-52
-44
-49
-53
-50
-52
-54
-50
-53
-52
-44
-46
-55
-53
-58
-58
-59
-56
-57
-62
-52
-59
-60
-64
-61
-55
-54
-61
-59
-44
-49
-54
-56
-58
-57
-56
-51
-49
-46
-47
-36
-40
-48
-42
-51
-43
-48
-53
-45
-45
-49
-47
-49
-52
-51
-55
-36
-41
-54
-45
-49
-44
-54
-50
-52
-53
-48
-56
-51
-52
-50
-55
-48
-50
-58
-61
-50
-58
-67
-61
-66
-62
-59
-53
-45
-55
-55
-46
-58
-68
-64
-52
-63
-59
-57
-51
-42
-60
-55
-59
-48
-53
-53
-51
-52
-52
-45
-53
-47
-51
-58
-53
-55
-58
-50
-51
-49
-50
-53
-46
-52
-49
-54
-53
-40
-40
-45
-40
-42
-45
-39
-39
-35
-36
-42
-37
-32
-39
-32
-34
-30
-27
-31
-27
-25
-32
-31
-28
-27
-27
-40
-34
-35
-35
-35
-32
-31
-29
-35
-37
-34
-38
-37
-42
-43
-56
-42
-37
-44
-49
-37
-50
-47
-34
-45
-38
-35
-34
-44
-38
-40
-41
-36
-40
-42
-46
-45
-44
-53
-49
-49
-50
-48
-45
-34
-46
-51
-51
-47
-36
-41
-40
-41
-37
-33
-40
-37
-42
-38
-42
-39
-41
-40
-39
-46
-45
-42
-37
-40
-41
-46
-33
-43
-26
-25
-44
-44
-43
-40
-40
-45
-43
-37
-48
-49
-49
-49
-54
-43
-49
-57
-58
-57
-59
-61
-57
-66
-56
-56
-52
-44
-38
-47
-53
-47
-52
-53
-51
-56
-60
-54
-49
-57
-61
-50
-56
-51
-53
-61
-56
-54
-46
-51
-51
-54
-50
-45
-48
-46
-51
-48
-57
-62
-56
-67
-60
-57
-45
-49
-62
-54
-53
-63
-62
-51
-52
-55
-49
-45
-60
-55
-50
-44
-48
-54
-50
-44
-50
-57
-56
-68
-63
-59
-58
-59
-53
-63
-59
-61
-58
-55
-49
-44
-53
-49
-57
-51
-54
-50
-56
-49
-51
-62
-51
-58
-57
-52
-56
-55
-52
-53
-57
-56
-49
-58
-49
-51
-55
-47
-52
-44
-48
-48
-49
-53
-54
-44
-53
-45
-38
-47
-41
-38
-46
-44
-38
-45
-40
-45
-48
-35
-37
-40
-34
-36
-29
-33
-26
-35
-35
-35
-31
-39
-38
-24
-31
-33
-41
-29
-33
-45
-38
-38
-47
-52
-47
-50
-51
-42
-46
-45
-47
-48
-48
-39
-34
-39
-41
-43
-43
-40
-45
-48
-44
-40
-36
-35
-39
-40
-32
-37
-45
-47
-43
-41
-38
-41
-43
-43
-48
-40
-41
-39
-48
-44
-43
-39
-33
-35
-38
-31
-40
-38
-33
-35
-31
-41
-36
-35
-36
-33
-29
-30
-35
-41
-38
-38
-37
-45
-46
-48
-56
-42
-46
-51
-47
-48
-43
-50
-54
-58
-52
-56
-58
-51
-59
-51
-56
-59
-61
-60
-57
-59
-60
-62
-56
-59
-58
-56
-56
-56
-48
-51
-54
-60
-57
-57
-57
-55
-66
-52
-59
-57
-53
-63
-66
-59
-68
-70
-74
-74
-66
-70
-70
-76
-72
-72
-66
-66
-58
-65
-59
-57
-67
-57
-62
-68
-66
-69
-64
-69
-71
-69
-67
-61
-63
-51
-67
-62
-62
-65
-63
-68
-57
-61
-63
-64
-74
-68
-64
-60
-60
-70
-55
-56
-57
-53
-53
-46
-48
-49
-47
-52
-52
-45
-46
-51
-54
-49
-55
-49
-66
-67
-62
-61
-58
-66
-65
-61
-60
-65
-62
-63
-60
-60
-60
-63
-63
-61
-54
-56
-60
-63
-62
-54
-63
-61
-66
-71
-55
-57
-57
-63
-57
-67
-63
-61
-69
-65
-59
-69
-64
-67
-67
-63
-71
-61
-58
-65
-61
-59
-68
-63
-62
-62
-60
-65
-58
-56
-53
-59
-49
-51
-55
-53
-60
-57
-54
-63
-59
-58
-50
-51
-55
-59
-65
-58
-56
-53
-51
-61
-64
-54
-68
-64
-63
-58
-61
-68
-55
-58
-40
-51
-61
-48
-44
-46
-55
-48
-45
-47
-53
-53
-49
-54
-57
-61
-67
-58
-59
-63
-57
-54
-60
-58
-62
-59
-57
-56
-61
-51
-44
-57
-48
-51
-51
-59
-57
-50
-45
-52
-48
-50
-40
-50
-48
-48
-50
-49
-45
-42
-49
-49
-50
-47
-53
-44
-45
-48
-42
-36
-43
-40
-43
-45
-49
-46
-41
-48
-45
-40
-39
-36
-36
-36
-40
-40
-42
-33
-34
-36
-37
-39
-40
-29
-25
-31
-27
-31
-23
-15
-18
-25
-28
-25
-26
-28
-23
-17
-9
-9
-12
-9
-14
-16
-19
-13
-11
-13
-13
-3
-14
-20
-16
-12
-10
-17
-16
-21
-10
-18
-17
-22
-25
-24
-27
-25
-17
-22
-25
-15
-24
-31
-24
-22
-19
-18
-30
-14
-14
-15
-11
-20
-6
-15
-17
-17
-18
-12
-7
-9
-8
-5
-14
-16
-11
-17
-18
-10
-7
-17
-13
-6
-14
-11
-17
-12
-16
-19
-14
-17
-12
-18
-17
-23
-27
-23
-26
-19
-28
-23
-23
-20
-20
-24
-23
-19
-12
-18
-15
-28
-21
-13
-17
-20
-27
-18
-13
-22
-20
-14
-28
-11
-13
-14
-9
-11
-10
-10
-13
-13
0
-6
-4
-7
-8
0
0
3
-3
-8
-6
-13
-11
-4
-15
-17
-16
-24
-23
-17
-29
-30
-23
-29
-22
-27
-15
-19
-18
-22
-17
-15
-21
-12
-15
-14
-22
-13
-19
-13
-14
-11
-11
-20
-18
-15
-13
-6
-7
-7
-10
-16
-14
-18
-7
-11
-14
-8
-14
-3
-13
-7
1
-14
-7
-6
-7
-7
0
-10
-3
3
-10
-1
-1
-3
-6
-3
4
-1
-1
5
0
2
-1
3
-5
-10
-2
-5
2
-2
-14
-19
-13
-11
-21
-18
-15
-18
-10
-8
-5
0
-13
-16
-10
-6
-10
-10
-14
-9
-14
-11
-5
-8
-4
-6
-9
-16
-15
-12
-12
-11
-15
-19
-15
-12
-23
-20
-22
-33
-25
-24
-21
-22
-24
-23
-27
-14
-14
-11
-18
-21
-15
-18
-9
-12
-14
-11
-19
-10
-11
-16
-13
-18
-14
-11
-11
-17
-19
-22
-10
-17
-14
-18
-20
-11
-8
-10
-9
-24
-16
-8
-12
-11
-22
-17
-25
-19
-14
-14
-16
-14
-15
-9
-18
-19
-17
-18
-10
-16
-10
-20
-16
-10
-18
-19
-26
-19
-18
-25
-28
-27
-23
-16
-21
-23
-27
-22
-24
-24
-20
-25
-21
-28
-18
-17
-20
-23
-23
-22
-15
-10
-14
-12
-18
-14
-8
-18
-20
-14
-12
-18
-16
-12
-17
-19
-17
-20
-15
-16
-23
-12
-15
-12
-14
-19
-13
-14
-16
-19
-21
-10
-16
-21
-10
-17
-32
-24
-29
-19
-21
-33
-19
-18
-13
-23
-22
-19
-17
-22
-26
-21
-27
-27
-26
-33
-34
-33
-32
-33
-25
-28
-35
-31
-34
-32
-26
-27
-36
-31
-33
-34
-26
-19
-18
-27
-20
-25
-28
-17
-17
-29
-26
-21
-20
-28
-36
-28
-30
-36
-33
-37
-42
-39
-44
-39
-44
-42
-48
-47
-41
-43
-36
-39
-36
-36
-31
-35
-36
-34
-27
-38
-29
-30
-32
-37
-38
-31
-30
-29
-37
-37
-45
-39
-36
-41
-42
-42
-42
-40
-47
-46
-50
-48
-51
-51
-41
-45
-42
-50
-46
-53
-39
-35
-42
-36
-39
-43
-48
-41
-35
-36
-41
-36
-39
-49
-40
-43
-51
-38
-35
-44
-42
-37
-38
-30
-32
-41
-32
-42
-50
-48
-50
-45
-46
-49
-40
-50
-40
-40
-51
-47
-43
-47
-50
-46
-52
-45
-40
-35
-44
-52
-53
-51
-56
-56
-56
-57
-53
-52
-42
-38
-47
-52
-50
-48
-53
-58
-55
-54
-54
-50
-47
-44
-53
-49
-43
-55
-50
-54
-47
-46
-40
-34
-37
-31
-30
-29
-26
-24
-30
-27
-30
-21
-31
-27
-34
-33
-29
-29
-36
-42
-23
-40
-37
-31
-44
-44
-39
-43
-48
-44
-35
-32
-40
-48
-45
-43
-48
-47
-41
-50
-36
-35
-42
-40
-37
-41
-39
-45
-41
-40
-45
-53
-46
-47
-53
-45
-55
-51
-45
-51
-52
-57
-57
-61
-75
-70
-63
-69
-67
-72
-80
-72
-72
-80
-77
-71
-66
-82
-80
-74
-75
-71
-77
-82
-84
-81
-81
-65
-73
-76
-72
-74
-72
-75
-69
-70
-75
-67
-65
-61
-64
-64
-65
-58
-53
-59
-54
-56
-63
-52
-51
-51
-53
-48
-49
-45
-47
-46
-35
-36
-37
-33
-32
-36
-25
-27
-17
-23
-19
-18
-23
-21
-12
-12
-18
-5
-15
-10
-3
2
-1
-3
-4
-1
-2
0
-6
-8
-7
-21
-16
-23
-19
-33
-26
-34
-43
-46
-63
-65
-74
-74
-90
-93
-90
-97
-113
-120
-123
-130
-131
-139
-146
-149
-150
-164
-169
-167
-168
-178
-188
-181
-183
-182
-187
-174
-176
-177
-180
-181
-174
-184
-180
-189
-191
-183
-174
-168
-187
-187
-176
-164
-143
-128
-122
-99
-92
-78
-57
-35
-11
5
25
41
55
69
90
108
121
130
146
153
141
148
162
173
176
163
157
168
152
154
144
139
131
112
106
104
118
114
107
98
100
87
81
92
91
72
63
60
61
57
44
34
23
4
-5
-25
-37
-52
-51
-66
-111
-102
-113
-147
-152
-149
-171
-202
-194
-223
-258
-254
-253
-278
-291
-292
-321
-325
-317
-338
-362
-360
-364
-402
-417
-412
-437
-445
-437
-446
-434
-354
-301
-305
-295
-255
-222
-205
-174
-135
-79
-32
-6
-19
22
98
143
141
142
167
165
160
160
190
216
228
219
170
166
170
163
130
95
91
80
48
28
20
31
30
11
-32
-33
-12
-8
-5
1
21
19
14
32
48
74
93
91
79
82
110
119
102
131
155
140
110
119
126
120
116
102
85
72
79
50
33
35
37
6
-18
-26
-23
-21
-40
-61
-61
-45
-83
-125
-112
-79
-110
-146
-143
-127
-146
-176
-149
-169
-200
-197
-182
-202
-245
-223
-226
-246
-254
-264
-280
-281
-276
-327
-343
-352
-384
-420
-413
-412
-377
-306
-290
-303
-293
-245
-234
-229
-201
-158
-99
-71
-76
-55
29
91
98
97
129
146
136
134
149
185
213
210
164
158
177
168
137
104
90
88
63
30
26
18
30
20
-26
-22
2
2
-6
-7
22
38
27
19
51
76
80
82
69
80
96
96
99
125
149
141
134
124
128
158
147
116
111
126
115
104
99
95
90
100
85
37
56
64
46
-8
-12
29
12
-68
-57
6
-83
-106
-70
-166
-141
-113
-158
-161
-135
-167
-218
-183
-218
-240
-224
-222
-260
-296
-281
-266
-330
-319
-309
-376
-422
-447
-488
-541
-428
-320
-297
-331
-376
-322
-284
-246
-268
-227
-128
-59
-110
-166
-11
114
132
111
103
122
175
167
130
194
276
299
229
157
217
277
227
145
133
116
119
86
26
58
123
97
-16
-25
31
55
37
18
48
63
54
47
60
73
131
131
61
54
104
108
110
118
131
149
165
129
96
145
205
167
109
127
144
137
148
130
132
189
110
61
83
69
89
129
65
18
77
39
-53
-3
38
-4
-28
-97
-102
-28
-80
-133
-82
-100
-156
-132
-136
-225
-163
-123
-239
-222
-185
-272
-298
-225
-281
-374
-322
-339
-476
-506
-483
-491
-371
-263
-329
-405
-346
-308
-301
-272
-263
-183
-91
-99
-186
-99
73
153
137
97
137
183
180
175
217
294
360
317
205
232
328
297
209
168
161
160
115
51
71
121
132
53
-7
5
20
43
40
52
63
101
70
37
86
144
147
106
95
69
111
140
97
108
212
231
138
129
166
182
195
178
153
173
182
158
155
177
196
166
96
78
124
113
68
93
79
42
-2
17
31
-22
18
-9
-74
-125
-103
-31
-79
-151
-177
-93
-107
-213
-173
-129
-168
-232
-192
-238
-297
-264
-270
-298
-333
-357
-338
-406
-492
-530
-510
-442
-375
-313
-341
-377
-387
-343
-271
-282
-259
-161
-109
-147
-166
-71
63
137
137
113
116
151
178
180
232
334
365
288
220
260
304
291
222
172
154
143
102
67
112
145
155
71
24
3
43
103
51
64
129
101
36
57
139
134
108
128
69
74
90
87
118
151
140
127
165
108
133
231
194
100
164
244
130
151
218
201
155
187
186
66
104
238
161
58
147
82
85
161
57
-22
106
89
-92
-58
40
-28
-89
-18
-93
-175
-89
-30
-176
-185
-77
-171
-194
-184
-224
-249
-229
-269
-317
-263
-320
-412
-393
-427
-495
-422
-290
-282
-340
-343
-335
-300
-263
-228
-195
-149
-85
-105
-150
-60
82
151
155
105
92
136
155
185
256
322
350
287
200
217
251
243
221
173
108
97
120
99
104
162
162
46
39
68
65
111
177
135
107
174
151
74
139
189
140
151
152
79
134
213
124
141
192
225
125
143
208
203
183
193
177
141
200
193
208
204
194
141
116
124
169
155
214
99
57
208
163
24
4
167
128
-80
-7
128
-8
-142
23
98
-145
-97
1
-122
-168
-78
-128
-115
-101
-247
-258
-152
-233
-383
-249
-203
-390
-433
-383
-459
-455
-272
-227
-342
-352
-323
-342
-284
-231
-232
-160
-65
-88
-148
-87
57
139
145
123
103
96
130
193
215
243
322
259
140
157
186
195
172
120
83
94
107
90
96
96
131
153
56
52
102
118
170
146
171
170
129
66
156
217
184
221
158
90
137
235
144
159
279
203
145
190
176
221
230
254
196
171
218
185
253
251
178
192
269
143
87
278
273
97
128
177
145
126
55
122
144
126
37
-11
10
40
62
-46
16
12
-100
-82
-45
-109
-114
-88
-105
-187
-176
-230
-195
-225
-332
-265
-275
-328
-445
-435
-375
-307
-283
-272
-297
-357
-315
-253
-240
-225
-164
-107
-61
-119
-117
-1
101
103
94
47
66
162
164
159
226
277
232
176
132
158
186
172
172
159
132
131
128
115
138
187
177
159
142
121
141
160
227
155
159
223
178
137
155
254
221
180
168
147
183
218
157
160
254
207
86
161
269
219
191
197
199
218
144
142
269
195
118
286
243
7
115
268
153
118
166
76
87
202
41
-32
155
215
-108
-19
138
-23
-78
25
38
-108
-9
-62
-100
-61
-100
-147
-40
-156
-271
-161
-121
-313
-280
-207
-316
-366
-402
-324
-250
-188
-243
-277
-311
-279
-226
-215
-187
-127
-57
-53
-103
-99
9
107
123
98
64
85
153
134
125
206
267
201
138
103
138
188
187
156
139
157
134
92
107
222
202
145
161
159
120
160
200
187
185
200
200
161
147
201
200
240
233
120
189
220
145
141
258
194
159
163
124
156
187
233
192
175
172
156
168
139
174
241
160
115
203
172
32
166
204
101
107
141
110
76
89
98
118
51
21
75
14
-19
13
63
-55
-74
31
-72
-110
-84
-38
-163
-131
-175
-222
-205
-210
-228
-299
-213
-340
-425
-348
-235
-199
-196
-251
-306
-293
-229
-202
-204
-128
-62
-64
-124
-94
-45
54
111
79
17
65
91
72
94
141
172
170
124
62
64
117
159
109
89
112
104
28
68
150
178
111
94
122
100
138
166
158
147
224
166
149
125
130
210
248
145
160
251
149
66
149
271
137
153
235
169
104
160
144
207
256
165
102
145
188
152
190
214
171
93
130
93
195
186
75
190
160
30
31
154
193
42
66
46
0
67
83
-52
-50
122
-4
-172
-91
49
-90
-85
-51
-153
-174
-179
-216
-256
-165
-247
-329
-302
-358
-377
-174
-119
-266
-303
-247
-275
-291
-187
-155
-149
-70
-65
-146
-110
-45
46
99
66
-3
35
71
70
98
137
194
173
103
32
94
148
123
127
122
111
124
113
98
157
162
155
152
121
74
119
245
199
105
160
158
164
134
185
186
202
198
146
187
174
186
98
233
201
137
127
135
142
152
188
194
193
147
163
178
198
116
177
206
171
35
151
256
54
5
186
176
49
28
128
118
39
59
56
16
55
99
-99
-37
-15
-53
-75
25
-31
-210
-81
-87
-262
-130
-111
-261
-292
-196
-312
-396
-184
-351
-409
-259
-104
-262
-342
-225
-242
-257
-197
-155
-213
-72
-22
-130
-141
-63
56
69
51
43
34
55
94
91
94
158
181
103
60
111
100
110
160
131
48
109
124
43
114
147
97
114
214
73
4
199
245
147
61
234
169
42
104
215
195
143
167
92
163
123
200
94
118
185
51
93
193
149
45
152
166
137
140
89
125
236
100
19
168
189
86
128
146
110
113
108
74
123
156
9
-1
129
56
8
78
-12
-94
-21
19
-99
-66
-59
-184
-59
-107
-282
-150
-96
-345
-328
-128
-322
-507
-326
-348
-457
-336
-151
-225
-344
-381
-400
-300
-216
-187
-227
-102
-53
-137
-170
-110
-26
94
140
26
-35
84
128
96
95
149
175
132
76
47
44
129
183
82
-4
81
111
32
44
98
107
124
125
7
6
94
197
118
71
111
138
70
60
121
192
92
123
152
96
127
102
213
125
81
122
122
102
195
154
134
152
109
160
197
197
187
204
205
155
89
206
215
167
182
93
160
205
29
59
168
177
35
38
40
7
132
-154
-73
28
-40
-137
-127
-39
-243
-180
-242
-309
-273
-279
-367
-429
-385
-491
-509
-552
-414
-284
-204
-261
-501
-529
-331
-169
-220
-192
-90
10
-69
-177
-127
30
196
289
169
23
112
259
202
205
217
239
279
155
52
121
245
221
143
50
35
88
103
78
61
79
163
98
-60
-14
195
155
101
-7
115
86
40
104
49
202
134
26
61
179
124
166
189
226
98
134
229
197
239
202
257
196
248
221
244
263
267
308
276
245
234
182
300
233
252
212
238
128
98
226
156
147
49
174
67
-52
13
25
-36
-57
-39
-152
-169
-77
-355
-373
-255
-379
-442
-441
-565
-626
-680
-796
-869
-532
-154
-251
-511
-742
-805
-527
-131
-85
-180
-17
137
-31
-208
-141
177
589
681
281
93
345
630
572
386
361
542
613
306
189
387
559
484
167
-108
-14
359
321
40
14
133
117
-83
-222
-11
237
198
-22
-166
-42
74
58
11
33
116
195
106
-6
57
329
411
260
179
261
431
449
502
490
613
651
555
546
609
756
732
683
583
611
675
641
554
502
562
410
303
340
332
340
169
75
19
-43
-96
-269
-279
-275
-367
-441
-606
-774
-813
-824
-888
-1187
-1222
-1241
-1484
-1705
-1845
-1864
-1185
-265
-370
-1239
-2152
-1842
-839
75
190
-156
152
371
141
-476
-200
973
1815
1522
501
412
1236
1676
1056
505
603
1209
1333
663
462
866
1031
193
-733
-776
127
731
223
-554
-776
-537
-699
-1073
-1078
-422
93
-289
-980
-1122
-545
-200
-414
-681
-415
165
315
26
-66
272
461
285
117
381
974
1260
985
601
756
1031
1026
953
1054
1361
1407
1097
713
745
973
876
552
443
638
693
416
55
-44
28
-3
-143
-194
-84
-46
-309
-712
-885
-725
-553
-591
-765
-869
-969
-1168
-1457
-1594
-1409
-1383
-1584
-2023
-2103
-1942
-1096
-168
-616
-1585
-2477
-1785
-456
540
583
-13
126
128
19
-328
346
1688
2286
1550
289
383
1387
1806
1092
570
797
1462
1374
587
345
699
734
-219
-925
-543
563
806
-165
-1201
-1308
-800
-793
-1014
-894
-282
-100
-759
-1510
-1358
-537
-174
-438
-720
-350
212
258
-145
-210
167
453
397
403
846
1330
1274
708
373
606
1070
1343
1644
1666
1465
1023
548
486
873
1419
1296
846
519
434
253
-2
-37
118
208
84
-104
-239
-253
-350
-633
-985
-883
-464
-337
-527
-775
-994
-1301
-1477
-1435
-1324
-1208
-1370
-1667
-2068
-2119
-2034
-1416
-389
-531
-1220
-2290
-1890
-568
543
692
-160
-77
87
312
-28
323
1534
2181
1586
203
181
1273
1959
1312
549
626
1302
1329
541
184
515
727
-9
-776
-631
379
657
-236
-1268
-1352
-722
-593
-828
-885
-437
-277
-778
-1377
-1180
-414
-53
-277
-584
-370
68
195
-107
-184
199
602
644
515
623
979
1066
787
636
1133
1646
1625
1261
1021
1186
1248
1231
1029
1058
1136
937
573
304
444
549
355
4
-94
2
16
-171
-364
-430
-472
-589
-749
-798
-719
-660
-825
-1021
-1210
-1305
-1396
-1502
-1580
-1697
-1790
-1958
-1897
-1805
-814
-415
-962
-2088
-2475
-1024
284
930
30
-269
41
347
118
-179
977
2135
2322
964
58
745
1831
1688
783
590
1349
1775
1034
164
181
746
417
-396
-681
139
765
175
-983
-1539
-978
-563
-638
-838
-533
-254
-595
-1293
-1435
-773
-148
-114
-421
-387
-126
96
-94
-201
16
407
624
695
791
907
912
679
555
780
1570
1845
1670
1217
1016
1059
1000
1146
1221
1453
1213
792
353
282
489
473
302
119
157
114
-104
-349
-406
-441
-472
-577
-614
-598
-617
-752
-1029
-1106
-1178
-1182
-1367
-1503
-1615
-1719
-1846
-1897
-1905
-1187
-452
-788
-1747
-2604
-1493
-55
864
200
-558
-222
226
402
-224
492
1702
2283
1287
-9
375
1580
1955
1024
465
1020
1809
1388
328
35
661
786
40
-554
-75
740
437
-641
-1488
-1047
-395
-380
-718
-681
-363
-490
-1082
-1475
-960
-271
-49
-338
-450
-311
-100
-208
-245
6
298
504
547
729
828
762
501
511
893
1625
1857
1553
1175
1003
1104
1093
1222
1369
1603
1358
804
320
284
617
644
420
189
178
136
-114
-422
-462
-371
-353
-494
-643
-659
-662
-860
-1134
-1193
-1122
-1024
-1237
-1521
-1776
-1833
-1919
-1866
-1811
-1032
-348
-748
-1813
-2690
-1544
27
988
247
-539
-248
254
339
-289
420
1687
2355
1327
-22
317
1518
1909
959
403
1031
1887
1459
290
-78
537
764
90
-506
-24
765
449
-689
-1519
-1055
-373
-290
-615
-625
-374
-494
-1044
-1410
-949
-316
-68
-260
-382
-313
-173
-205
-249
-114
204
553
761
778
583
462
474
652
938
1524
1757
1615
1104
779
870
1092
1444
1500
1482
1116
739
370
352
559
610
531
308
162
-50
-228
-331
-317
-382
-451
-468
-490
-605
-777
-1025
-1166
-1085
-987
-972
-1233
-1454
-1713
-1857
-1944
-1810
-1614
-891
-408
-827
-1836
-2564
-1498
-2
946
264
-448
-265
216
229
-297
439
1666
2317
1239
-17
303
1445
1769
865
414
1078
1889
1345
180
-134
497
725
28
-503
31
765
408
-775
-1521
-992
-359
-317
-627
-555
-276
-468
-1086
-1393
-864
-238
-28
-231
-340
-224
-158
-262
-221
15
339
538
614
701
670
572
431
754
1324
1699
1594
1158
1027
1024
1220
1277
1285
1377
1290
965
478
347
527
726
569
209
38
8
-40
-255
-452
-405
-336
-413
-654
-798
-761
-831
-1061
-1214
-1160
-1044
-1163
-1457
-1749
-1775
-1782
-1740
-1746
-1211
-475
-553
-1426
-2474
-1793
-281
904
514
-355
-221
245
405
-246
137
1461
2409
1716
246
138
1162
1829
1177
480
930
1791
1565
370
-249
274
757
295
-473
-331
446
454
-538
-1486
-1243
-518
-329
-671
-819
-499
-408
-874
-1369
-1109
-412
3
-132
-344
-297
-123
-179
-231
-49
373
754
780
689
541
576
678
1186
1509
1662
1489
1189
1143
1092
1386
1391
1374
1233
1082
788
462
420
476
579
357
63
-117
-110
-175
-394
-593
-530
-453
-568
-793
-889
-811
-931
-1138
-1267
-1186
-1167
-1291
-1568
-1766
-1731
-1695
-1646
-1595
-866
-451
-766
-1829
-2192
-1021
348
880
71
-257
101
526
198
-73
868
2093
2293
1063
167
679
1634
1604
877
754
1468
1696
863
-93
-15
628
568
-141
-548
-36
340
-179
-1145
-1455
-876
-504
-681
-952
-735
-457
-712
-1317
-1394
-767
-134
-33
-300
-339
-147
-87
-220
-137
289
772
866
752
667
741
849
1155
1500
1620
1664
1462
1359
1256
1419
1576
1428
1200
998
911
722
556
407
376
316
44
-233
-333
-232
-304
-636
-812
-768
-697
-862
-1039
-1047
-1043
-1094
-1241
-1340
-1436
-1448
-1602
-1704
-1803
-1717
-1589
-1116
-481
-666
-1339
-2184
-1553
-177
836
638
-155
-23
330
397
-62
456
1796
2566
1785
386
376
1385
1857
1240
773
1253
1892
1378
266
-73
492
752
74
-541
-265
396
167
-835
-1555
-1269
-738
-739
-965
-862
-520
-622
-1225
-1609
-1157
-446
-93
-210
-290
-172
-77
-213
-203
166
639
903
845
865
904
833
900
1379
1771
1915
1600
1347
1370
1490
1657
1493
1345
1266
1160
824
523
416
522
551
217
-187
-327
-233
-234
-532
-823
-777
-687
-791
-1066
-1103
-1028
-1091
-1304
-1426
-1366
-1368
-1447
-1668
-1816
-1739
-1632
-1232
-478
-366
-957
-1971
-1851
-473
718
855
85
61
464
498
-60
126
1531
2599
2100
594
266
1260
1881
1318
678
1069
1863
1528
335
-108
475
880
167
-648
-450
337
341
-595
-1394
-1244
-772
-869
-1113
-935
-437
-417
-1078
-1614
-1305
-589
-189
-211
-257
-88
-17
-202
-285
71
636
978
910
791
853
922
1057
1309
1570
1764
1651
1446
1339
1411
1600
1541
1269
1066
1026
952
764
493
376
382
219
-106
-309
-214
-108
-379
-783
-869
-739
-730
-958
-1117
-1084
-1081
-1241
-1410
-1521
-1471
-1498
-1658
-1852
-1778
-1614
-1077
-414
-519
-1256
-2118
-1599
-181
878
676
-5
105
558
426
-137
349
1803
2654
1769
396
401
1530
1856
1059
567
1178
1873
1295
170
-61
588
644
-232
-842
-314
454
213
-809
-1456
-1173
-860
-1014
-1164
-765
-302
-477
-1197
-1589
-1171
-547
-272
-239
-91
121
89
-199
-231
144
690
937
947
1009
1117
1078
1056
1292
1564
1755
1605
1404
1397
1530
1623
1368
1005
893
925
889
693
451
374
293
22
-351
-454
-216
-76
-404
-837
-955
-850
-853
-1023
-1082
-1024
-1062
-1311
-1571
-1664
-1571
-1502
-1682
-1794
-1790
-1370
-550
-346
-992
-1961
-1845
-567
595
621
80
160
716
610
-205
-41
1434
2678
2101
641
354
1427
1961
1167
487
1047
1904
1447
290
-50
681
904
-69
-1020
-676
283
291
-566
-1192
-987
-834
-1260
-1574
-1022
-243
-201
-932
-1454
-1173
-717
-587
-557
-171
286
333
-56
-191
136
572
738
719
942
1232
1281
1153
1282
1544
1668
1453
1194
1338
1685
1841
1530
1038
797
766
688
592
558
621
555
96
-455
-661
-406
-115
-286
-638
-744
-689
-828
-1144
-1254
-1040
-865
-1035
-1362
-1480
-1384
-1387
-1660
-1839
-1650
-1207
-656
-469
-781
-1391
-1640
-1049
-37
488
316
142
395
611
212
-52
627
1768
2014
1112
450
982
1722
1457
654
591
1322
1507
732
125
520
982
432
-664
-860
-111
323
-183
-821
-759
-517
-835
-1409
-1292
-596
-237
-604
-1005
-881
-565
-585
-749
-542
-85
127
-33
-89
185
463
445
363
540
824
904
902
1251
1671
1690
1211
784
911
1348
1599
1506
1348
1215
981
557
299
371
592
655
391
6
-237
-309
-369
-502
-645
-700
-616
-593
-732
-905
-1034
-1106
-1178
-1240
-1230
-1085
-1009
-1205
-1524
-1589
-1368
-1047
-725
-556
-699
-1017
-1179
-860
-242
145
167
66
160
295
229
179
514
1086
1295
903
534
751
1178
1193
816
624
829
941
714
447
526
672
400
-128
-382
-174
28
-62
-278
-352
-418
-645
-863
-777
-468
-348
-501
-662
-597
-434
-407
-422
-304
-88
-27
-132
-163
69
361
481
419
346
377
459
627
864
1094
1129
928
698
658
798
940
953
856
714
528
326
166
148
170
90
-98
-210
-240
-248
-202
-282
-473
-512
-329
-252
-313
-462
-430
-300
-230
-315
-505
-486
-323
-190
-347
-515
-547
-466
-440
-442
-364
-295
-291
-455
-584
-566
-354
-143
-111
-190
-214
-148
-115
-100
-35
125
255
207
49
46
191
308
265
148
120
144
133
75
76
132
153
50
-52
-56
-12
35
49
52
14
-26
-54
6
79
89
65
65
130
171
159
146
205
278
315
266
243
271
315
328
309
315
335
331
290
302
312
329
288
239
240
243
234
215
226
237
195
127
96
146
188
161
103
56
40
6
-4
26
67
71
0
-84
-114
-86
-64
-66
-92
-130
-192
-302
-366
-333
-245
-212
-296
-466
-561
-543
-467
-421
-445
-452
-434
-428
-458
-460
-362
-260
-222
-251
-269
-207
-101
-10
22
23
21
14
30
56
116
186
217
175
85
71
134
230
242
168
108
115
140
135
143
191
232
190
91
42
112
209
229
164
132
166
208
214
191
225
256
246
178
163
212
275
263
217
186
183
192
197
215
245
255
187
150
144
179
200
189
196
191
177
137
137
143
149
134
113
102
101
102
61
31
8
-11
-37
-24
-28
-47
-126
-205
-271
-322
-312
-292
-283
-308
-367
-481
-525
-497
-451
-438
-469
-488
-457
-418
-395
-358
-307
-251
-236
-248
-227
-133
-26
36
42
44
68
59
47
72
148
212
212
149
122
145
161
146
139
182
230
198
124
120
172
226
189
162
197
231
202
149
144
205
215
149
119
151
225
225
143
85
107
139
134
110
133
183
170
108
65
97
172
191
173
172
188
172
166
200
242
253
204
169
188
220
219
188
166
167
146
121
129
148
155
104
39
21
39
19
-42
-88
-97
-139
-246
-333
-332
-269
-240
-299
-405
-510
-566
-568
-505
-417
-394
-475
-553
-522
-392
-250
-197
-178
-201
-215
-213
-120
42
179
222
143
87
94
140
217
257
254
218
120
58
101
245
321
281
152
40
36
134
279
360
346
216
112
93
178
274
313
282
195
105
47
95
166
220
194
110
36
19
26
28
97
140
151
89
23
68
135
194
176
144
178
244
269
250
284
317
289
267
274
421
663
679
375
57
27
214
438
500
374
127
-86
-118
-40
14
-149
-138
-152
-196
-304
-435
-533
-696
-722
-664
-465
-376
-399
-593
-881
-1018
-778
-395
-247
-398
-567
-512
-349
-142
-11
140
195
104
-69
-34
289
620
664
464
314
317
385
387
404
476
452
273
86
107
305
406
297
97
-11
-44
12
77
209
324
190
7
-87
53
248
144
-71
-87
66
72
-124
-141
-1
137
118
-39
-143
-73
26
85
193
369
441
327
206
280
477
620
540
497
561
646
635
568
524
487
419
362
452
376
446
278
-4
137
319
316
-66
-170
-203
-270
-97
-411
-359
-408
-591
-702
-820
-945
-1245
-1321
-1573
-1641
-1324
-872
-479
-536
-935
-1539
-1590
-938
-118
201
-127
-191
49
305
411
490
836
990
760
403
460
906
1250
1219
1025
900
698
245
-58
145
594
694
178
-369
-420
-237
-214
-346
-429
-447
-592
-856
-824
-476
-117
-95
-337
-453
-468
-413
-403
-191
170
330
239
28
73
357
618
675
573
442
395
497
772
1092
1222
1073
844
689
658
680
745
867
907
762
503
363
390
439
420
330
206
42
-86
-23
140
196
69
-127
-260
-334
-449
-552
-563
-544
-718
-1063
-1347
-1538
-1729
-2011
-2300
-2472
-2174
-1361
-588
-533
-1333
-2032
-1655
-490
313
156
-162
283
1101
1354
979
902
1534
2026
1703
974
704
999
1328
1505
1525
1255
535
-200
-288
76
83
-496
-1005
-880
-621
-857
-1325
-1320
-798
-586
-1051
-1587
-1530
-950
-389
-113
-7
15
-63
-92
126
508
763
767
731
853
965
950
967
1193
1453
1396
928
412
290
561
904
992
769
438
248
280
323
225
98
93
158
114
-71
-114
131
456
510
265
6
-53
37
158
262
319
212
4
-104
-109
-192
-438
-727
-906
-1127
-1567
-2095
-2441
-2576
-2590
-2188
-1399
-740
-946
-1850
-2158
-1296
-113
174
-278
-225
675
1324
1124
858
1403
2296
2368
1561
807
826
1190
1430
1469
1321
879
266
-6
98
115
-348
-894
-1041
-979
-1216
-1693
-1671
-1037
-496
-715
-1366
-1663
-1269
-629
-283
-213
-191
-36
174
395
606
892
1168
1322
1245
991
805
870
1207
1526
1577
1240
792
529
594
709
592
298
59
-2
-70
-155
-189
-21
202
279
103
-177
-271
-63
265
417
360
244
296
464
542
497
493
523
422
221
28
-42
-93
-164
-302
-498
-832
-1272
-1621
-1857
-2202
-2817
-3251
-2814
-1713
-942
-1221
-1958
-1819
-738
205
102
-313
34
982
1377
959
763
1523
2587
2734
2019
1276
1189
1415
1503
1303
877
450
151
124
78
-204
-609
-746
-711
-953
-1595
-2120
-1907
-1243
-882
-1193
-1608
-1490
-848
-299
-180
-263
-81
303
495
408
410
865
1495
1754
1537
1236
1198
1398
1579
1624
1454
1113
788
640
628
560
426
334
306
133
-203
-406
-303
-57
57
6
-137
-206
-135
103
348
397
326
330
444
448
320
328
564
701
502
185
76
127
82
-115
-330
-553
-859
-1205
-1508
-1751
-2165
-2681
-3029
-2756
-2013
-1446
-1467
-1839
-1623
-722
151
258
-26
291
1084
1442
1023
802
1432
2370
2546
1948
1441
1488
1763
1708
1355
879
496
206
24
-216
-550
-809
-800
-765
-1063
-1609
-1935
-1698
-1278
-1176
-1492
-1733
-1533
-966
-507
-354
-255
70
550
726
598
603
1048
1570
1707
1469
1272
1361
1551
1697
1688
1563
1289
1021
841
668
444
305
276
163
-145
-456
-460
-285
-158
-176
-212
-227
-292
-280
-64
210
300
244
281
383
388
371
486
697
729
499
272
222
246
185
22
-186
-421
-698
-992
-1281
-1599
-1941
-2345
-2722
-2915
-2598
-1985
-1599
-1688
-1826
-1312
-450
134
197
305
811
1262
1229
997
1160
1732
2138
2029
1672
1428
1463
1589
1556
1276
826
435
163
-99
-421
-708
-877
-984
-1178
-1451
-1678
-1720
-1517
-1269
-1221
-1431
-1606
-1392
-887
-487
-348
-212
118
470
625
703
928
1328
1604
1605
1430
1310
1367
1539
1648
1539
1252
966
823
721
564
383
220
67
-160
-384
-459
-422
-344
-255
-218
-301
-422
-382
-105
181
226
136
160
304
393
389
464
594
637
511
344
273
271
242
120
-92
-380
-656
-884
-1106
-1404
-1759
-2153
-2542
-2785
-2768
-2372
-1936
-1750
-1774
-1663
-1083
-392
174
448
690
1043
1217
1221
1217
1480
1835
1981
1817
1519
1363
1373
1455
1398
1149
727
288
15
-158
-383
-691
-983
-1204
-1394
-1655
-1840
-1808
-1531
-1312
-1351
-1510
-1473
-1086
-612
-277
-144
-15
215
451
642
870
1156
1438
1570
1532
1509
1551
1610
1633
1597
1443
1155
881
704
636
573
386
118
-119
-266
-337
-372
-385
-382
-364
-390
-472
-497
-382
-145
14
14
-27
62
244
366
432
466
532
509
410
325
270
235
125
-49
-251
-503
-769
-1009
-1264
-1568
-1956
-2325
-2542
-2518
-2235
-1951
-1801
-1792
-1608
-1030
-355
153
379
646
982
1173
1222
1254
1493
1733
1749
1571
1336
1204
1216
1310
1281
1008
579
240
79
-37
-301
-629
-867
-1069
-1313
-1616
-1776
-1712
-1503
-1394
-1437
-1483
-1314
-901
-478
-190
-20
183
388
555
732
997
1269
1414
1408
1385
1445
1484
1515
1544
1508
1340
1051
847
774
733
586
326
79
-138
-299
-392
-445
-491
-540
-558
-583
-592
-542
-366
-176
-85
-73
-37
90
214
340
439
481
449
410
392
360
263
157
43
-110
-321
-573
-779
-1000
-1290
-1645
-1959
-2236
-2365
-2273
-2023
-1835
-1831
-1772
-1392
-753
-159
164
401
702
999
1206
1287
1402
1536
1630
1598
1400
1172
1070
1172
1253
1066
679
336
214
166
-10
-316
-600
-814
-1015
-1249
-1462
-1516
-1457
-1404
-1423
-1497
-1452
-1202
-833
-459
-178
8
144
329
598
874
1034
1091
1099
1145
1184
1121
1098
1183
1293
1258
1045
843
787
854
858
728
506
291
127
7
-119
-271
-388
-457
-493
-572
-612
-565
-415
-241
-149
-90
-7
167
343
461
497
490
481
470
414
345
266
115
-88
-252
-351
-448
-640
-874
-1059
-1244
-1511
-1859
-2120
-2151
-1952
-1767
-1745
-1860
-1771
-1268
-608
-120
57
283
689
1074
1270
1345
1519
1663
1678
1523
1283
1110
1035
1078
1044
768
376
137
139
164
-11
-302
-551
-689
-785
-882
-982
-1064
-1091
-1101
-1131
-1233
-1260
-1023
-618
-301
-218
-192
-10
337
673
883
978
997
1037
1077
1096
1072
1086
1150
1164
1026
810
711
736
764
708
591
444
257
95
9
-37
-131
-304
-430
-430
-407
-423
-449
-377
-193
-63
-14
35
186
415
552
526
468
484
555
546
375
188
75
-11
-133
-305
-463
-594
-724
-907
-1120
-1284
-1454
-1639
-1851
-2022
-2009
-1838
-1699
-1652
-1549
-1214
-718
-290
22
307
695
1041
1258
1360
1441
1526
1560
1531
1384
1158
955
850
793
639
400
204
109
56
-67
-219
-293
-311
-342
-438
-599
-752
-866
-879
-857
-876
-902
-851
-715
-560
-411
-266
-37
204
410
557
645
730
849
989
1042
976
856
825
851
794
665
548
539
560
520
450
378
344
316
272
171
65
-9
-44
-65
-126
-194
-206
-147
-107
-88
-31
56
154
256
335
387
378
362
354
337
273
156
22
-106
-244
-404
-544
-643
-710
-782
-876
-1003
-1122
-1213
-1310
-1424
-1515
-1535
-1486
-1355
-1248
-1140
-990
-765
-422
-90
224
426
624
838
1027
1182
1223
1263
1228
1154
1045
858
696
573
487
346
148
-13
-39
15
43
-15
-108
-177
-218
-244
-271
-282
-333
-402
-476
-532
-546
-522
-404
-249
-153
-108
-65
80
281
483
601
634
636
661
671
632
549
487
474
435
350
255
252
302
353
354
324
313
320
377
413
383
326
226
193
172
109
25
-19
31
76
56
-5
1
82
171
168
120
91
107
89
-25
-173
-291
-325
-373
-459
-557
-619
-641
-690
-723
-746
-734
-705
-693
-715
-777
-819
-846
-821
-791
-768
-759
-701
-593
-478
-304
-97
135
301
396
527
706
899
989
980
909
821
732
669
600
491
378
292
204
70
-40
-10
78
97
33
-23
2
27
7
-23
-41
-81
-144
-213
-263
-308
-324
-271
-212
-176
-142
-47
61
148
227
325
402
435
488
546
563
530
523
549
541
458
402
414
444
398
325
311
336
330
288
262
242
235
190
149
102
59
26
1
-41
-106
-140
-154
-200
-273
-303
-267
-250
-278
-303
-277
-248
-242
-243
-233
-198
-186
-183
-192
-186
-159
-133
-138
-175
-221
-264
-303
-381
-445
-471
-479
-492
-536
-548
-518
-444
-346
-263
-189
-157
-118
-47
18
63
81
143
200
215
205
211
268
317
354
354
380
416
451
468
458
443
424
391
318
291
224
138
50
-30
-77
-106
-142
-183
-174
-130
-126
-162
-169
-101
-4
38
44
72
155
211
259
298
373
458
503
516
520
545
581
609
600
578
547
512
446
380
322
269
193
90
9
-57
-129
-202
-251
-270
-270
-293
-341
-370
-364
-329
-296
-280
-246
-204
-162
-133
-113
-45
35
80
92
79
100
119
104
59
11
-30
-86
-162
-258
-313
-353
-410
-469
-505
-504
-492
-501
-486
-455
-415
-353
-299
-241
-169
-87
-5
71
128
201
279
348
390
398
413
443
464
477
462
439
433
400
339
282
222
207
184
130
83
45
35
17
-31
-64
-72
-68
-52
-67
-79
-82
-55
14
70
117
194
279
349
393
404
459
519
544
539
512
487
461
421
366
313
273
213
157
95
12
-43
-88
-104
-113
-136
-157
-180
-187
-165
-160
-164
-137
-104
-78
-61
-41
7
70
147
181
206
229
256
263
257
245
198
135
54
-29
-109
-164
-236
-303
-359
-403
-427
-442
-429
-411
-392
-373
-368
-355
-336
-299
-269
-248
-222
-185
-130
-94
-47
4
56
82
106
159
179
185
191
209
221
175
117
82
92
72
11
-37
-58
-50
-53
-73
-63
-31
-7
15
-11
6
34
65
85
65
80
112
157
185
206
250
279
287
285
301
316
312
304
271
222
163
108
70
40
1
-51
-97
-141
-162
-173
-181
-170
-156
-143
-118
-87
-29
19
49
96
118
158
182
211
224
226
236
261
285
266
251
217
181
137
52
-25
-81
-128
-200
-281
-366
-426
-441
-467
-467
-440
-408
-396
-385
-353
-286
-228
-180
-149
-99
-45
-37
-46
-40
1
-4
-26
-50
-52
-34
-26
-26
-58
-60
-69
-96
-111
-156
-183
-172
-167
-193
-222
-227
-208
-186
-180
-174
-154
-125
-97
-77
-44
13
77
112
131
159
189
219
251
266
272
262
239
224
201
181
150
95
39
-3
-34
-74
-123
-137
-136
-172
-203
-206
-184
-156
-156
-150
-96
-51
-23
18
72
139
188
221
250
282
316
325
323
306
289
267
227
180
111
56
-3
-58
-118
-177
-213
-274
-335
-371
-368
-352
-331
-312
-299
-265
-238
-211
-159
-108
-51
-6
32
47
55
95
92
87
73
49
30
9
-10
-33
-54
-98
-146
-191
-232
-276
-331
-354
-371
-397
-434
-455
-433
-401
-370
-337
-290
-242
-204
-178
-158
-103
-36
13
51
69
98
126
150
152
167
187
184
169
155
143
133
111
66
9
-29
-81
-115
-152
-173
-212
-252
-261
-258
-246
-236
-218
-196
-169
-111
-72
-27
41
128
204
229
267
309
360
380
368
369
364
346
310
233
177
134
81
12
-69
-132
-179
-220
-264
-282
-287
-261
-236
-216
-181
-160
-103
-61
-10
32
64
110
154
180
190
195
194
181
151
114
86
79
38
-18
-47
-44
-51
-114
-183
-196
-202
-236
-305
-335
-328
-341
-360
-379
-362
-313
-264
-241
-218
-172
-112
-73
-39
3
58
111
120
115
117
131
135
130
114
105
101
73
52
20
-4
-26
-60
-86
-122
-145
-171
-191
-203
-217
-216
-210
-197
-193
-174
-174
-157
-125
-86
-35
16
58
75
97
134
164
177
182
181
185
160
108
82
69
50
22
-29
-75
-117
-143
-170
-203
-210
-210
-208
-202
-195
-156
-107
-69
-40
11
53
95
140
164
193
215
204
197
193
204
186
144
94
40
10
-12
-27
-57
-69
-106
-146
-190
-213
-224
-237
-250
-293
-314
-301
-282
-250
-217
-177
-139
-119
-81
-49
-20
19
40
53
61
63
88
99
98
88
57
40
17
8
-5
-25
-46
-77
-98
-124
-140
-149
-153
-170
-188
-198
-198
-181
-149
-121
-109
-103
-86
-52
-1
25
60
92
108
126
123
123
127
151
147
114
77
60
48
33
-1
-24
-34
-74
-97
-120
-106
-108
-133
-149
-149
-130
-118
-113
-81
-49
-24
4
39
95
147
184
204
219
231
238
242
239
223
189
157
106
69
43
28
-6
-30
-55
-87
-95
-92
-83
-105
-121
-148
-161
-176
-178
-156
-118
-79
-76
-83
-63
-16
29
33
24
45
67
68
62
68
68
54
21
-26
-35
-18
-33
-68
-91
-109
-116
-122
-128
-122
-105
-122
-140
-152
-122
-80
-54
-39
-30
-9
-11
1
26
71
97
103
118
118
124
141
142
126
98
63
25
0
-51
-84
-99
-130
-154
-174
-173
-182
-174
-167
-151
-127
-126
-94
-56
-2
30
38
63
86
117
142
171
194
198
180
158
154
171
161
125
98
71
38
7
-46
-61
-59
-91
-132
-163
-160
-132
-125
-134
-133
-127
-112
-111
-115
-87
-45
-24
-19
-32
6
52
78
100
99
111
107
102
104
98
99
81
47
13
4
-6
-20
-32
-73
-79
-94
-121
-137
-147
-139
-138
-139
-126
-103
-81
-64
-35
-20
0
14
23
42
72
104
111
123
133
136
131
118
99
80
52
13
-33
-62
-93
-134
-172
-190
-198
-207
-213
-202
-190
-181
-155
-115
-62
-14
18
43
65
80
91
128
172
214
203
173
151
159
179
166
140
111
89
37
-35
-73
-75
-76
-105
-150
-188
-202
-191
-190
-178
-157
-141
-120
-109
-82
-58
-23
-1
32
46
50
69
91
113
115
121
127
132
134
146
149
142
113
72
53
25
0
-14
-34
-48
-80
-126
-156
-151
-143
-150
-149
-137
-104
-95
-74
-30
0
53
62
74
89
114
134
130
151
170
199
183
171
161
149
135
112
90
62
19
-28
-78
-106
-124
-167
-179
-182
-193
-185
-183
-150
-102
-51
-11
25
62
105
127
136
178
210
237
226
206
200
205
216
207
203
183
156
114
74
50
32
12
-8
-44
-78
-114
-150
-159
-153
-157
-163
-155
-132
-103
-81
-46
-8
17
43
73
91
125
134
124
123
134
141
145
142
137
132
109
76
29
12
11
14
4
-41
-72
-95
-111
-112
-114
-98
-80
-80
-68
-60
-7
32
64
86
90
95
96
100
95
92
81
79
77
75
70
72
76
71
56
47
39
17
8
-14
-42
-58
-71
-86
-103
-115
-109
-106
-94
-79
-47
-8
18
56
84
119
158
164
181
181
167
164
147
136
141
136
127
104
89
89
78
61
39
22
-2
-26
-59
-79
-106
-108
-122
-126
-138
-139
-122
-104
-79
-59
-30
10
40
62
85
95
109
105
105
96
89
82
61
55
51
29
-4
-27
-28
-32
-24
-28
-32
-34
-57
-63
-69
-58
-45
-46
-51
-53
-42
-20
12
40
53
82
92
77
80
96
94
69
48
23
8
-8
-9
-15
-22
-23
-40
-43
-54
-48
-47
-49
-52
-68
-78
-86
-64
-58
-51
-35
-16
-14
-3
19
45
71
95
111
123
118
121
128
111
96
87
83
57
31
15
-1
-12
-7
-30
-40
-42
-53
-71
-79
-83
-85
-85
-86
-87
-83
-75
-78
-68
-54
-20
-1
4
11
27
35
39
31
35
40
41
38
23
14
-2
-10
-28
-42
-57
-68
-57
-65
-61
-64
-71
-68
-62
-54
-45
-26
-25
-16
-9
5
21
39
67
95
119
106
100
101
102
92
67
31
12
8
-11
-33
-45
-61
-61
-70
-85
-76
-75
-74
-70
-75
-73
-85
-102
-76
-65
-47
-39
-20
1
23
55
77
114
137
155
158
169
166
161
156
135
134
92
72
49
29
29
1
-12
-17
-22
-22
-36
-46
-37
-38
-49
-72
-87
-71
-58
-69
-67
-62
-52
-27
-2
21
35
58
62
58
59
60
66
59
45
29
2
-16
-32
-39
-56
-70
-76
-81
-82
-88
-76
-64
-59
-46
-33
-28
-6
-2
-5
-5
5
23
32
35
70
86
95
91
78
87
84
74
42
17
-3
-33
-74
-96
-110
-117
-132
-139
-139
-134
-122
-136
-148
-148
-134
-121
-120
-102
-84
-78
-70
-65
-45
-6
14
12
24
39
61
70
73
93
87
68
35
14
8
-3
-21
-37
-52
-58
-57
-63
-58
-58
-59
-45
-48
-45
-49
-50
-39
-52
-46
-51
-72
-77
-55
-42
-61
-69
-65
-46
-41
-57
-60
-48
-42
-52
-75
-93
-88
-84
-93
-125
-129
-122
-124
-132
-128
-102
-85
-66
-58
-33
-10
9
16
25
36
43
39
32
31
35
25
24
23
8
10
-7
-8
-28
-39
-61
-83
-92
-110
-127
-149
-160
-166
-162
-165
-183
-175
-164
-152
-132
-122
-104
-74
-62
-50
-31
-14
5
24
22
15
13
9
11
15
15
3
-15
-37
-51
-56
-65
-71
-82
-94
-93
-100
-100
-83
-79
-72
-68
-73
-49
-39
-33
-30
-34
-18
-11
6
-4
-11
10
2
-6
-31
-50
-53
-49
-77
-88
-97
-112
-117
-132
-140
-130
-118
-131
-147
-152
-137
-134
-140
-137
-112
-87
-81
-70
-42
-19
-3
18
21
38
48
66
94
88
96
94
82
59
42
33
16
-5
-33
-59
-87
-106
-109
-126
-141
-153
-162
-168
-172
-166
-156
-148
-151
-144
-135
-111
-88
-82
-51
-22
7
28
46
72
89
90
86
99
97
92
65
39
24
-8
-24
-44
-64
-77
-85
-100
-111
-118
-110
-104
-99
-91
-88
-82
-60
-52
-40
-30
-23
-6
2
13
32
39
52
60
56
56
60
61
58
35
5
-21
-32
-44
-62
-73
-86
-82
-103
-113
-120
-126
-124
-118
-103
-93
-85
-65
-61
-42
-19
-5
-6
7
30
55
76
72
85
94
92
100
99
102
89
64
39
11
-24
-48
-69
-93
-126
-144
-165
-176
-176
-179
-165
-157
-148
-130
-106
-86
-83
-66
-52
-21
5
17
38
55
78
91
95
92
100
101
99
76
48
45
27
6
-19
-39
-48
-77
-101
-104
-120
-119
-118
-103
-108
-97
-85
-70
-68
-68
-62
-52
-28
-18
-14
2
9
11
22
29
54
42
47
38
28
21
0
-22
-20
-25
-30
-39
-70
-79
-83
-79
-82
-88
-88
-81
-76
-63
-61
-47
-31
-4
-5
6
21
24
45
55
80
90
92
90
85
92
85
81
56
45
18
-11
-33
-60
-55
-74
-95
-115
-125
-119
-109
-107
-95
-93
-78
-68
-65
-46
-30
-20
-4
-3
23
36
41
60
67
79
77
85
87
81
74
75
77
60
43
30
11
-1
-17
-28
-46
-37
-40
-38
-36
-29
-17
-9
-26
-36
-37
-30
-16
-30
-14
-19
-19
-22
-9
-12
9
21
18
22
36
38
27
23
5
9
7
-7
-20
-14
-19
-28
-39
-46
-22
-20
-20
-23
-12
3
17
29
31
47
43
50
43
49
61
57
74
67
69
68
52
50
44
27
24
11
-10
-15
-31
-43
-67
-65
-77
-84
-67
-70
-63
-56
-45
-28
-17
-13
-11
8
9
17
16
19
29
42
52
45
53
56
55
49
45
49
64
67
60
48
36
36
39
29
15
8
9
5
-5
5
17
20
18
23
22
27
19
8
14
4
-1
-17
-26
-28
-27
-24
-22
-23
-11
-3
-9
-7
-2
-5
-3
-15
-6
1
-9
-6
-21
-22
-17
-11
1
-2
14
14
31
41
47
68
74
79
69
66
47
39
45
45
40
35
34
19
16
10
0
-10
-25
-20
-38
-52
-69
-69
-81
-78
-82
-87
-67
-53
-35
-32
-13
-10
3
29
39
48
47
52
59
62
55
44
62
55
44
41
32
24
26
38
22
22
15
12
16
0
-7
-18
-7
-14
-18
-14
-26
-16
-17
-22
-11
-6
-1
1
6
10
4
-10
-28
-20
-18
-31
-33
-34
-28
-13
-15
-12
-2
6
-6
-22
-11
-3
-5
0
6
0
6
12
25
15
14
15
27
39
48
64
69
82
83
70
69
71
79
64
64
38
22
12
3
16
3
3
-9
-20
-37
-38
-44
-55
-51
-51
-57
-66
-67
-54
-41
-24
-27
-16
-5
12
36
40
53
55
56
60
65
72
75
70
70
63
57
52
53
46
48
60
50
41
25
31
36
20
20
7
12
-4
-14
-11
-4
-13
-19
-10
-16
-4
1
5
4
3
-3
-3
-7
3
0
-6
-3
-4
0
5
22
30
30
26
33
30
39
38
35
41
52
53
33
28
35
28
26
26
29
35
45
49
62
73
72
68
54
51
64
66
55
38
22
24
26
22
12
19
15
2
-15
-15
-18
-14
-13
-29
-32
-29
-33
-25
-31
-26
-13
-9
7
18
32
51
48
56
73
87
91
103
100
99
94
78
78
81
78
68
74
64
61
54
54
55
58
51
49
30
23
22
15
21
11
7
-8
2
9
16
17
9
12
7
16
15
16
24
37
39
37
39
41
50
52
59
58
72
76
73
83
80
79
74
75
73
69
54
46
54
39
34
31
28
26
27
35
30
33
42
48
42
41
37
47
34
35
39
40
52
51
51
28
39
39
35
26
30
22
21
17
20
31
17
9
18
17
15
28
27
35
45
47
48
57
56
56
64
65
62
56
58
52
56
59
63
54
54
48
52
49
53
60
64
55
47
48
43
40
28
31
21
26
26
15
11
16
14
4
9
9
12
23
29
23
26
38
50
50
59
64
65
65
71
84
87
96
94
95
97
98
96
92
100
87
72
65
63
55
63
57
40
38
39
37
43
42
42
41
36
43
42
37
51
48
48
52
52
58
49
57
48
47
45
49
55
69
78
73
85
76
73
70
67
70
67
64
67
56
48
51
49
50
52
52
54
56
50
43
49
64
59
64
53
57
59
73
84
67
71
74
76
76
79
86
76
78
77
55
56
57
51
38
32
24
19
16
6
9
14
16
24
19
29
34
47
54
48
74
79
87
95
102
98
102
112
105
117
130
120
101
93
96
92
90
87
72
66
57
51
45
39
43
45
39
38
27
36
51
42
54
62
58
69
68
71
77
67
69
72
75
90
95
102
106
109
107
103
107
119
120
97
98
96
83
78
75
75
70
69
65
61
54
48
58
67
71
69
64
78
87
91
98
100
99
103
104
99
98
106
100
100
100
89
100
107
93
84
70
63
56
52
32
30
24
8
13
12
19
32
30
39
47
47
67
82
97
88
95
114
116
128
133
127
135
129
120
116
129
114
110
105
100
90
84
75
65
66
53
38
29
32
16
18
10
17
21
38
41
34
43
40
46
53
62
71
74
89
84
79
87
91
107
105
102
91
87
84
77
75
77
74
73
77
78
61
54
49
55
42
49
65
54
60
65
69
79
92
98
95
106
103
94
102
98
98
87
84
84
89
81
80
65
57
58
56
53
44
34
32
26
11
11
9
14
14
15
17
13
24
32
39
47
59
79
91
101
101
122
124
120
118
115
131
124
121
118
113
109
99
91
96
79
78
64
49
44
34
35
29
31
33
33
20
8
24
30
33
36
33
54
51
46
54
58
65
57
64
61
82
85
63
61
59
47
44
45
55
46
38
28
34
41
40
44
33
41
34
47
42
46
66
60
61
58
64
73
73
75
75
69
55
58
49
50
51
54
33
23
20
14
10
12
9
6
0
-5
3
-4
2
13
14
7
1
-3
12
14
25
30
48
51
47
78
84
87
84
83
82
85
77
83
83
80
75
65
61
55
59
49
44
36
28
13
22
19
27
13
14
15
1
8
8
0
-1
5
2
6
8
24
27
27
27
35
42
47
39
23
32
21
19
20
27
29
20
28
17
33
43
45
54
53
50
60
53
52
70
74
71
66
63
61
70
53
49
54
48
46
33
27
33
19
18
16
3
-4
-5
-15
-18
-14
-20
-28
-29
-25
-2
3
4
20
20
27
35
33
42
64
57
47
57
51
58
66
76
79
72
78
79
79
77
74
69
66
51
51
41
39
34
20
11
7
8
0
3
1
1
-3
3
2
-3
5
11
2
