SAMPLES:	8529
BITSPERSAMPLE:	16
CHANNELS:	1
SAMPLERATE:	16000
NORMALIZED:	FALSE
30
22
17
34
43
31
27
21
48
41
17
0
22
52
35
30
7
18
41
38
29
11
22
31
34
21
35
39
34
32
22
39
48
51
39
41
42
46
39
23
35
46
55
40
23
27
58
61
48
30
40
62
61
64
42
48
58
50
52
45
51
55
54
42
45
55
67
57
49
59
63
65
45
56
67
60
60
57
46
64
55
52
52
57
56
58
62
55
52
47
60
48
52
51
61
63
61
59
57
63
61
55
57
53
54
63
48
56
53
55
49
56
51
51
52
49
55
52
44
38
43
38
41
41
40
38
37
41
41
40
42
38
32
35
41
27
30
36
33
38
49
31
38
44
32
33
28
34
43
43
56
45
39
37
41
33
35
47
53
36
43
48
41
43
34
43
38
45
46
54
42
49
52
46
49
40
37
41
37
38
39
44
46
39
41
41
41
34
36
29
25
29
21
20
26
28
34
36
29
17
20
22
17
20
23
23
25
24
14
18
18
23
15
15
5
18
17
12
20
17
21
20
23
15
4
15
11
15
12
16
20
10
19
24
10
17
23
18
18
4
20
11
7
12
14
19
23
13
11
28
17
19
25
23
29
24
30
32
35
43
36
44
29
34
37
28
35
42
34
43
35
47
45
47
41
39
49
54
46
42
48
49
56
48
48
50
52
53
60
58
63
58
55
54
58
58
57
49
54
56
61
62
53
52
52
53
56
51
45
55
51
43
51
52
51
50
49
40
42
43
40
40
40
46
38
42
48
47
44
41
45
39
43
47
50
41
46
53
54
53
48
45
46
54
58
58
59
55
54
58
55
61
59
59
57
66
56
50
57
60
57
62
57
71
63
63
58
57
65
50
60
54
67
60
62
56
51
62
61
67
60
54
57
61
60
65
66
68
75
63
68
70
67
70
66
65
72
69
74
76
74
68
69
81
79
70
66
76
78
76
72
72
62
58
60
64
55
44
56
55
54
49
55
62
57
53
61
69
57
54
53
54
49
59
57
45
52
57
53
49
52
46
46
41
46
41
49
60
46
47
45
49
59
41
41
44
46
53
45
46
50
54
57
49
48
56
49
43
44
42
37
41
43
40
51
42
42
44
37
32
37
42
41
35
36
38
31
32
31
39
41
35
40
33
32
19
19
26
25
27
29
25
19
20
16
20
12
9
19
11
17
12
10
10
5
13
0
10
10
5
11
6
14
4
8
10
-3
8
2
5
-1
4
16
1
7
5
0
7
13
12
-4
9
13
6
5
3
13
7
4
7
5
4
5
0
2
11
5
2
4
12
7
-1
0
8
3
11
10
18
14
7
6
10
14
16
21
22
18
23
15
21
30
21
32
28
28
26
27
26
25
29
27
19
14
16
29
28
15
17
24
29
26
29
38
30
22
20
22
28
16
19
30
30
28
23
20
16
24
17
22
24
15
23
19
15
15
13
18
23
25
13
17
20
19
9
20
25
24
15
24
26
28
26
24
21
23
32
25
27
35
30
28
39
28
21
24
28
25
26
24
21
24
23
25
32
22
25
28
23
23
30
29
22
38
33
29
26
23
30
29
31
32
33
25
36
38
34
42
32
32
34
32
42
31
33
42
40
50
47
36
48
45
47
52
34
41
51
44
45
45
42
47
46
47
38
38
43
36
35
44
35
25
30
31
37
27
31
30
25
30
30
28
29
31
30
33
27
31
23
22
27
25
26
26
31
34
37
34
23
31
33
20
29
25
25
28
31
37
39
34
32
30
30
35
26
23
26
24
28
19
32
22
22
23
22
18
15
9
10
22
12
23
15
16
23
17
15
11
11
15
16
13
26
7
7
11
5
4
10
6
-4
0
1
5
7
-1
1
6
2
-1
0
4
0
6
7
-1
-1
5
3
3
2
-7
-18
-9
-12
-16
-10
-12
-16
-18
-10
-21
-16
-15
-19
-18
-25
-26
-22
-24
-30
-25
-31
-25
-24
-25
-21
-24
-27
-23
-22
-24
-24
-15
-22
-10
-11
-11
-10
-12
-13
-21
-10
-4
-10
-13
-10
-6
-3
-12
-10
-6
-2
0
3
4
0
1
-6
-2
2
4
-3
-3
2
-6
0
-5
-1
7
-5
4
0
-5
-3
-1
-6
2
-1
-6
1
6
2
4
8
-4
2
-4
5
6
-5
0
0
2
1
11
7
11
19
14
13
7
6
8
12
8
5
19
8
5
2
9
16
15
11
9
19
8
11
15
7
7
3
7
14
7
4
4
5
11
11
7
10
15
4
-2
9
14
6
4
4
16
8
5
15
12
3
16
17
6
15
18
18
11
19
14
18
19
25
29
9
16
16
21
17
6
9
7
13
11
27
19
26
24
26
34
36
31
25
39
21
24
22
28
32
30
26
33
33
22
28
27
30
24
17
30
27
24
18
22
31
30
22
18
16
24
31
25
22
23
25
20
29
23
23
32
26
32
33
30
32
31
33
35
39
42
37
36
40
40
36
26
30
30
39
46
37
32
27
21
30
33
26
22
12
23
21
17
18
24
17
20
9
17
27
20
20
19
15
18
15
13
13
11
17
5
13
11
5
3
0
5
2
-8
-7
1
-5
-6
-1
-2
3
0
2
-4
0
-3
2
11
6
17
12
19
9
21
25
27
34
34
39
43
53
47
54
56
59
60
66
70
63
57
65
61
64
58
64
64
63
60
54
50
47
50
44
51
41
27
26
17
6
0
5
8
-8
-11
-11
-27
-27
-39
-38
-42
-42
-60
-58
-63
-75
-73
-81
-83
-87
-88
-90
-95
-104
-99
-110
-98
-115
-114
-114
-115
-114
-105
-105
-111
-95
-99
-100
-97
-84
-78
-83
-84
-72
-64
-71
-65
-77
-86
-81
-91
-94
-100
-92
-93
-91
-102
-104
-99
-89
-68
-58
-54
-34
-20
-9
16
31
48
74
79
97
112
126
138
132
138
149
150
165
179
172
172
169
176
167
162
170
160
148
138
144
135
135
126
110
107
89
87
82
73
60
46
31
31
22
8
-1
-2
-15
-22
-22
-32
-33
-35
-42
-50
-64
-68
-76
-90
-101
-109
-124
-131
-132
-137
-144
-151
-162
-160
-166
-159
-157
-153
-149
-135
-121
-115
-103
-92
-78
-66
-51
-35
-26
-7
7
9
28
26
38
39
47
47
39
49
30
34
39
20
23
15
14
17
17
9
-1
2
4
8
2
-3
-1
9
19
28
28
38
38
53
65
71
98
125
122
129
143
163
172
174
186
187
196
191
196
200
182
180
174
170
160
145
143
119
108
103
88
75
61
43
27
21
15
-11
-15
-27
-47
-50
-69
-81
-88
-91
-96
-109
-105
-116
-115
-115
-116
-113
-117
-112
-103
-85
-84
-81
-80
-79
-69
-67
-69
-74
-74
-81
-92
-91
-98
-101
-121
-133
-142
-165
-192
-216
-232
-246
-265
-274
-293
-304
-274
-243
-222
-209
-204
-155
-88
-32
-13
12
58
116
158
180
206
234
252
243
245
253
262
244
219
202
183
164
141
132
119
88
62
31
21
24
18
-4
-37
-54
-66
-68
-82
-102
-127
-148
-148
-149
-156
-167
-166
-168
-147
-139
-130
-108
-90
-61
-39
-13
9
49
76
100
114
128
141
155
172
169
187
183
194
190
174
170
162
148
135
136
109
98
76
55
54
37
35
14
-10
-28
-39
-46
-59
-75
-107
-111
-112
-129
-125
-151
-157
-153
-160
-153
-161
-160
-168
-164
-161
-139
-144
-131
-121
-123
-117
-123
-105
-105
-100
-107
-92
-79
-73
-71
-70
-70
-68
-58
-62
-61
-38
-45
-37
-32
-33
-28
-27
-23
-25
-8
-13
-5
7
20
24
30
40
50
64
72
82
81
96
105
121
125
131
135
145
146
141
144
141
151
139
124
121
123
107
97
87
83
76
62
43
31
11
4
-7
-21
-25
-39
-54
-58
-76
-82
-84
-106
-101
-107
-122
-119
-126
-137
-131
-124
-132
-129
-133
-132
-127
-135
-128
-124
-123
-112
-117
-121
-121
-126
-113
-105
-105
-109
-107
-96
-103
-104
-97
-104
-108
-108
-112
-128
-136
-156
-187
-209
-241
-252
-265
-259
-262
-262
-245
-231
-200
-152
-115
-91
-47
-13
39
86
132
172
203
220
243
259
266
265
264
245
234
223
191
169
154
131
106
79
65
56
40
26
27
17
10
8
18
14
23
25
19
31
27
43
54
63
77
93
105
122
135
158
180
194
202
212
235
244
252
254
249
241
232
213
201
183
152
126
104
74
49
30
-2
-34
-62
-104
-136
-142
-161
-186
-216
-228
-243
-257
-258
-272
-277
-288
-301
-301
-315
-323
-330
-353
-349
-370
-389
-401
-420
-448
-451
-423
-392
-369
-366
-352
-300
-199
-138
-109
-76
-10
70
115
154
203
254
271
268
274
296
303
282
248
211
185
144
107
89
73
32
-18
-43
-55
-41
-39
-60
-73
-74
-58
-44
-35
-45
-53
-71
-83
-73
-67
-102
-131
-141
-134
-137
-145
-147
-137
-130
-127
-110
-87
-52
-32
-8
11
27
54
66
95
103
97
90
78
86
83
65
27
13
-15
-30
-50
-74
-98
-122
-124
-128
-118
-126
-136
-131
-114
-91
-82
-76
-63
-58
-36
-46
-33
-27
-25
-15
-16
-15
-15
0
7
26
36
46
79
104
139
171
181
203
246
279
281
276
276
287
288
281
257
245
227
204
190
171
144
117
90
59
46
15
2
-9
-20
-37
-53
-56
-64
-63
-63
-71
-80
-94
-91
-80
-95
-97
-105
-120
-130
-121
-121
-133
-131
-132
-123
-117
-122
-118
-118
-121
-120
-110
-117
-120
-121
-133
-140
-147
-155
-175
-194
-212
-241
-256
-279
-308
-324
-329
-326
-325
-313
-311
-292
-253
-210
-174
-142
-104
-50
0
44
95
141
185
211
228
248
274
284
276
265
264
242
226
213
192
169
140
122
102
82
71
51
33
14
1
-8
-3
-21
-28
-31
-35
-41
-42
-49
-53
-39
-41
-29
-22
-5
26
35
59
82
109
142
164
201
223
246
264
283
300
304
307
304
303
295
294
271
241
213
194
171
149
117
88
72
35
12
-1
-26
-54
-79
-92
-110
-131
-143
-156
-173
-175
-182
-192
-193
-202
-197
-202
-192
-194
-202
-199
-195
-192
-204
-201
-212
-222
-238
-256
-277
-304
-330
-353
-354
-340
-331
-343
-336
-302
-241
-192
-155
-122
-65
-6
56
126
162
216
258
273
308
313
324
329
306
287
255
224
192
160
135
98
43
14
-2
-11
-17
-46
-58
-47
-51
-41
-36
-37
-41
-47
-49
-48
-45
-71
-77
-85
-91
-105
-114
-125
-124
-116
-122
-107
-91
-80
-53
-21
-8
19
45
62
91
108
114
115
132
147
171
162
169
171
169
187
183
189
193
187
197
193
202
201
192
197
195
191
177
169
158
159
147
132
113
113
90
73
72
51
47
29
18
17
-11
-27
-27
-39
-56
-66
-83
-103
-107
-122
-143
-162
-170
-193
-195
-206
-209
-214
-222
-228
-234
-225
-228
-219
-221
-216
-205
-198
-203
-210
-205
-214
-211
-224
-235
-247
-251
-252
-252
-214
-194
-195
-182
-152
-112
-62
-26
2
33
80
111
153
186
204
217
214
213
208
200
196
185
158
118
86
81
56
46
17
-5
-23
-24
-16
-11
-21
-34
-20
-12
8
25
28
23
28
27
33
46
46
55
63
78
88
107
133
150
198
242
277
301
345
382
422
455
458
464
457
455
433
416
379
344
319
275
230
189
149
113
83
50
18
-29
-52
-66
-87
-120
-149
-163
-169
-167
-184
-204
-218
-233
-228
-236
-249
-258
-274
-286
-289
-308
-327
-352
-363
-383
-415
-450
-502
-563
-623
-687
-716
-704
-643
-588
-566
-576
-513
-355
-157
-43
-5
52
187
348
473
530
581
633
662
626
606
622
601
522
400
299
245
189
129
81
37
-38
-118
-147
-90
-35
-59
-116
-140
-96
-24
-3
-28
-58
-67
-77
-73
-63
-71
-103
-129
-123
-81
-52
-60
-31
18
68
103
130
193
257
310
311
298
317
326
329
296
243
172
115
72
46
4
-56
-127
-162
-163
-157
-160
-178
-147
-110
-34
43
97
160
238
306
365
427
470
501
527
537
536
518
518
507
487
457
407
373
337
309
271
236
199
151
120
99
63
21
-20
-69
-81
-118
-153
-184
-208
-219
-233
-241
-259
-252
-252
-237
-223
-212
-192
-194
-180
-155
-137
-129
-124
-109
-109
-127
-147
-164
-196
-239
-275
-337
-392
-457
-523
-558
-587
-571
-534
-501
-479
-441
-338
-216
-104
-42
20
111
219
295
332
376
409
418
388
361
346
312
265
198
135
85
26
0
-17
-24
-62
-114
-120
-92
-57
-48
-54
-66
-40
-18
7
12
-4
-17
-30
-33
-25
-23
-36
-38
-21
19
42
79
130
180
218
256
304
376
448
500
530
544
567
571
579
578
546
500
459
438
397
358
322
276
248
206
174
139
116
92
81
66
39
42
40
46
49
29
16
9
9
9
-7
-26
-43
-62
-74
-83
-124
-159
-197
-234
-263
-297
-360
-418
-484
-542
-631
-729
-831
-956
-1100
-1230
-1266
-1166
-964
-858
-894
-932
-699
-225
161
210
166
328
698
978
997
957
1044
1135
1047
824
691
691
637
385
92
-86
-157
-236
-305
-302
-349
-490
-609
-517
-255
-109
-213
-359
-268
-18
145
115
21
25
88
143
135
129
138
156
163
201
278
316
341
394
467
486
433
392
426
470
408
233
58
-10
-26
-126
-305
-473
-561
-570
-550
-546
-540
-539
-483
-355
-192
-52
42
143
298
500
644
718
776
858
959
986
943
882
844
831
789
686
548
455
409
353
269
154
66
40
17
-25
-77
-115
-119
-97
-92
-95
-104
-104
-76
-41
-13
-33
-38
-12
48
73
58
22
0
15
3
-35
-117
-177
-217
-269
-340
-443
-542
-627
-709
-830
-958
-1093
-1171
-1195
-1180
-1141
-1056
-947
-761
-538
-283
-92
116
345
631
825
911
946
1051
1151
1120
993
836
711
570
372
164
-9
-160
-313
-458
-540
-570
-590
-621
-593
-543
-477
-420
-368
-258
-143
-82
-66
-18
59
141
181
160
165
201
258
303
338
361
394
420
458
477
468
426
366
313
252
157
30
-72
-189
-286
-404
-509
-570
-564
-541
-498
-454
-326
-133
85
285
449
576
724
897
1020
1074
1033
1006
985
955
864
737
605
511
409
282
157
73
13
-26
-81
-144
-206
-221
-211
-200
-203
-248
-243
-201
-147
-126
-127
-129
-94
-64
-75
-106
-136
-175
-198
-257
-352
-481
-588
-680
-811
-970
-1156
-1324
-1497
-1650
-1728
-1627
-1322
-957
-796
-789
-614
2
723
1068
937
862
1180
1590
1606
1273
1025
1012
887
449
-49
-263
-272
-403
-717
-967
-990
-856
-695
-544
-391
-329
-343
-251
64
364
399
189
70
237
465
478
270
132
215
365
382
273
280
428
542
518
410
355
363
341
222
17
-207
-419
-540
-585
-664
-794
-939
-911
-741
-562
-464
-352
-130
212
508
700
851
1016
1202
1307
1301
1192
1060
946
861
708
477
275
165
116
31
-78
-150
-160
-107
-80
-84
-76
-28
50
141
181
173
213
280
365
390
321
280
315
346
316
205
104
34
-32
-133
-274
-429
-542
-649
-763
-900
-1058
-1192
-1322
-1445
-1597
-1757
-1942
-2132
-2104
-1849
-1153
-597
-313
-373
-4
1005
2042
2311
1818
1599
1968
2412
2007
1147
600
585
368
-418
-1268
-1438
-1179
-1094
-1408
-1634
-1443
-960
-526
-224
24
100
98
173
500
807
734
345
124
341
687
693
389
270
573
877
813
447
380
614
740
424
-129
-417
-423
-458
-778
-1174
-1409
-1394
-1230
-1045
-856
-712
-447
-61
443
807
954
1020
1194
1488
1590
1425
1140
1020
993
893
599
274
100
99
117
30
-143
-173
-45
118
115
13
-26
66
209
225
143
108
210
361
424
411
372
428
538
545
444
238
153
147
102
-140
-395
-530
-518
-559
-703
-849
-908
-881
-906
-992
-1140
-1252
-1410
-1520
-1723
-1883
-2214
-2421
-2253
-1540
-449
-1
65
-51
1009
2413
3297
2639
1710
1586
2123
1993
673
-565
-911
-748
-1268
-2275
-2771
-2145
-1350
-1081
-1296
-1064
-353
424
825
998
1013
846
608
497
687
723
390
-58
-99
425
878
805
477
583
1092
1270
732
-48
-211
-21
-159
-1006
-1805
-1902
-1477
-1239
-1376
-1417
-948
-188
440
783
1017
1310
1533
1626
1438
1116
727
439
218
-14
-251
-459
-448
-257
24
225
333
408
552
764
844
676
383
213
198
165
-3
-209
-170
72
280
373
423
611
871
965
862
631
522
428
309
-7
-338
-517
-485
-358
-410
-464
-479
-255
-118
-123
-309
-437
-488
-592
-869
-1213
-1475
-1645
-1866
-2135
-2345
-2413
-2477
-2436
-1899
-724
770
1395
1363
1201
2332
3666
3992
2502
888
520
877
370
-1334
-2520
-2351
-1633
-1775
-2370
-2185
-836
340
575
223
407
988
1317
1032
631
398
131
-201
-349
25
520
673
540
717
1381
1829
1500
691
291
337
-31
-1134
-2255
-2349
-1757
-1401
-1718
-1804
-949
380
1172
1250
1279
1651
1968
1690
1002
418
187
-103
-559
-1114
-1200
-906
-392
11
333
729
1092
1430
1511
1444
1176
799
303
-168
-404
-472
-484
-509
-334
61
526
831
977
1107
1243
1205
914
541
324
232
52
-206
-371
-203
101
313
322
301
392
550
483
116
-290
-517
-567
-752
-1067
-1296
-1212
-989
-877
-931
-970
-870
-867
-1172
-1630
-2024
-2324
-2603
-2370
-1426
219
1239
1357
1128
1963
3654
4363
3143
837
-217
-88
-216
-1831
-3408
-3469
-2254
-1559
-1805
-1697
-309
1415
1951
1324
760
963
1148
698
-129
-579
-621
-586
-506
-55
795
1447
1567
1473
1602
1683
1126
0
-943
-1229
-1429
-2062
-2729
-2481
-1234
-32
392
471
1033
1960
2338
1732
849
335
91
-479
-1314
-1749
-1413
-774
-459
-354
19
797
1444
1547
1271
1054
929
658
123
-283
-355
-219
-210
-281
-125
336
772
829
685
596
608
498
203
-54
-75
55
158
222
414
703
940
891
731
620
509
263
-166
-513
-661
-609
-587
-598
-562
-339
-130
-73
-214
-354
-428
-592
-965
-1394
-1655
-1755
-1864
-2226
-2516
-2711
-2524
-2458
-1707
-337
1726
2667
2347
1516
1908
3346
3562
1756
-1061
-1987
-1309
-727
-1823
-2926
-2346
-515
442
-127
-632
170
1397
1334
-2
-1053
-776
-67
119
-148
-3
680
1274
1441
1415
1530
1504
1033
244
-378
-764
-1195
-1597
-1598
-1054
-547
-429
-433
86
987
1435
1017
283
24
165
22
-543
-870
-572
-92
26
-151
-2
587
967
616
-90
-395
-179
38
-26
-107
187
706
1026
1046
1046
1161
1107
711
35
-384
-479
-403
-393
-359
-80
366
785
1026
1131
1142
1087
898
615
305
61
-107
-172
-114
51
187
229
241
253
233
82
-168
-430
-608
-687
-715
-674
-575
-426
-313
-336
-440
-614
-781
-1138
-1564
-2227
-2672
-3125
-3197
-3176
-2217
-373
1978
3353
3073
2323
2325
3424
3312
1336
-1725
-3045
-2387
-1424
-1795
-2547
-1782
231
1530
966
-103
-99
736
662
-727
-2025
-1740
-400
614
824
1048
1793
2533
2453
1600
756
262
-138
-784
-1476
-1742
-1440
-787
-63
549
856
791
528
364
320
68
-426
-899
-932
-577
-168
136
494
916
1086
722
130
-223
-214
-292
-769
-1194
-1058
-240
540
988
1156
1500
1797
1634
977
267
-55
-215
-426
-767
-785
-347
290
717
852
887
931
871
658
312
80
110
314
489
483
478
586
759
687
343
-93
-367
-446
-504
-586
-573
-308
14
154
78
-71
-94
-215
-503
-971
-1305
-1415
-1376
-1422
-1483
-1569
-1661
-1971
-2463
-2935
-3085
-2482
-1015
1013
2451
2617
1978
1813
2669
3197
2037
-561
-2432
-2267
-1226
-1057
-1890
-1906
-473
1031
929
-307
-864
-163
463
-163
-1360
-1487
-228
1121
1488
1269
1427
1869
1811
876
-201
-639
-475
-413
-742
-1017
-684
85
695
830
538
95
-340
-630
-742
-702
-584
-422
-170
217
602
910
965
743
238
-380
-844
-965
-801
-651
-538
-318
188
796
1214
1257
1070
924
765
453
26
-266
-245
-61
90
122
147
233
369
402
303
177
128
180
278
393
583
830
1012
975
711
384
181
60
-122
-361
-495
-328
-37
192
225
192
173
113
-144
-517
-774
-840
-832
-881
-869
-752
-575
-595
-871
-1178
-1508
-1816
-2468
-3175
-3715
-3451
-2098
198
2568
3511
3025
2029
2079
2635
2242
148
-2291
-2998
-1878
-686
-727
-1127
-432
959
1362
182
-1317
-1575
-926
-571
-1040
-1286
-425
1042
1992
2056
1868
1714
1309
399
-631
-1113
-831
-232
159
298
494
824
1036
913
419
-345
-1157
-1656
-1577
-990
-240
374
779
1097
1313
1189
632
-133
-789
-1189
-1360
-1294
-893
-211
529
1028
1177
1135
1057
882
467
-46
-315
-256
24
275
492
727
914
917
574
102
-262
-393
-352
-202
80
471
879
1196
1327
1244
993
634
198
-232
-497
-496
-285
-3
250
430
565
562
373
-18
-426
-711
-892
-976
-925
-699
-394
-177
-144
-274
-567
-943
-1425
-1862
-2317
-2640
-3024
-3238
-3107
-2114
-280
1928
3332
3134
1903
1045
1225
1462
586
-1142
-2164
-1560
-243
317
-78
-319
161
456
-296
-1576
-2059
-1422
-593
-259
-147
410
1258
1695
1476
1066
788
344
-450
-1075
-943
-134
671
1012
1060
1100
1051
614
-122
-716
-963
-1135
-1390
-1315
-580
506
1256
1340
976
562
204
-237
-735
-1024
-934
-663
-326
94
581
930
898
559
153
3
-1
66
101
300
663
931
953
746
480
156
-185
-519
-723
-652
-362
24
418
798
1104
1136
865
506
214
60
-31
-63
-56
76
269
434
480
385
195
-89
-360
-585
-671
-696
-606
-537
-443
-363
-307
-315
-472
-723
-1017
-1275
-1539
-1726
-2013
-2188
-2465
-2459
-2412
-1828
-678
1099
2628
2828
1884
742
730
1096
880
-380
-1446
-1237
-196
361
18
-379
-61
202
-451
-1626
-2044
-1283
-387
-49
-110
332
1063
1349
891
399
389
350
-154
-790
-612
387
1278
1353
953
715
723
397
-422
-1105
-1069
-619
-404
-413
-141
549
1099
1017
362
-290
-588
-681
-785
-724
-337
188
534
621
602
552
410
109
-217
-319
-101
250
593
824
1069
1160
987
610
207
-66
-225
-333
-380
-237
117
505
728
710
596
457
364
288
148
74
161
370
558
611
551
402
212
3
-193
-331
-399
-347
-312
-235
-220
-203
-308
-448
-610
-733
-885
-1111
-1324
-1504
-1559
-1699
-1856
-2173
-2368
-2460
-2113
-1091
667
2380
2840
1914
626
307
672
639
-303
-1102
-745
365
862
411
-94
133
358
-439
-1874
-2534
-1751
-570
45
168
579
1222
1335
701
46
-8
151
-122
-659
-557
402
1452
1696
1216
706
478
185
-438
-1020
-973
-407
75
197
200
483
776
636
5
-652
-936
-825
-584
-306
97
534
811
737
495
188
-70
-286
-367
-212
172
619
911
1056
1109
1067
788
367
40
-42
12
73
120
225
353
440
397
308
256
265
238
195
201
258
341
335
267
164
78
26
-3
-24
-37
-40
-87
-178
-310
-465
-578
-650
-691
-732
-738
-744
-779
-952
-1244
-1586
-1943
-2258
-2610
-2883
-2997
-2512
-1103
1034
2807
2997
1729
419
190
445
103
-824
-1060
-88
1091
1214
511
161
447
291
-894
-2231
-2376
-1389
-441
-24
258
807
1094
607
-278
-637
-375
-138
-312
-353
321
1354
1843
1447
721
281
71
-274
-739
-901
-481
170
578
613
551
493
295
-139
-641
-862
-763
-536
-305
-89
201
376
346
96
-118
-248
-286
-283
-100
230
572
751
711
585
479
415
302
257
318
491
552
505
363
236
142
70
21
55
193
390
542
590
550
467
304
88
-100
-184
-133
-7
116
146
119
74
-5
-187
-384
-554
-595
-608
-626
-668
-653
-619
-682
-955
-1346
-1705
-1937
-2219
-2591
-2980
-2876
-1774
122
1897
2284
1334
228
124
482
338
-424
-588
279
1262
1303
658
331
483
226
-703
-1540
-1400
-613
-118
-71
37
419
485
-60
-727
-778
-355
-90
-246
-284
322
1249
1632
1227
522
114
7
-75
-171
-115
200
485
512
350
268
239
107
-197
-456
-431
-247
-103
-119
-133
-30
20
-111
-322
-348
-200
-42
28
100
232
375
446
414
343
323
384
466
545
651
739
755
662
477
320
218
183
217
282
368
449
487
460
389
305
250
230
204
161
128
97
46
-69
-197
-259
-270
-247
-230
-222
-220
-267
-367
-527
-636
-692
-771
-919
-1139
-1306
-1399
-1567
-1855
-2132
-1965
-1140
15
695
440
-283
-617
-282
122
118
-45
69
392
526
510
644
826
562
-188
-784
-625
42
369
211
16
182
467
376
-67
-421
-383
-143
-62
-216
-259
29
439
682
607
364
87
-124
-131
76
329
362
163
-26
77
363
476
263
-87
-235
-99
99
145
13
-64
-11
93
84
-57
-145
-134
-50
20
39
19
6
67
177
261
202
52
-50
-3
138
251
239
183
173
226
318
398
410
342
287
289
298
266
205
174
226
298
330
330
342
377
386
319
187
23
-140
-298
-386
-386
-345
-333
-362
-339
-222
-128
-218
-450
-663
-757
-812
-931
-1122
-1216
-1211
-965
-565
-248
-470
-1175
-1611
-1192
-250
142
-397
-1174
-1176
-301
503
509
-99
-559
-444
-5
324
283
140
55
168
314
389
326
121
9
143
406
478
285
86
154
484
676
466
-21
-301
-74
369
579
329
-27
-156
53
282
311
113
-70
40
210
302
289
239
163
109
79
-4
-88
-156
-129
-6
144
234
140
-15
-65
31
122
25
-162
-231
-57
208
317
220
46
25
104
183
167
131
152
262
399
464
429
315
256
237
208
121
38
38
142
284
358
329
217
99
-35
-179
-337
-546
-757
-936
-1008
-1046
-1131
-1202
-1144
-808
-320
-84
-500
-1208
-1430
-821
-32
49
-685
-1345
-1095
-148
483
258
-410
-698
-413
22
188
55
-85
-48
174
352
407
299
125
82
256
467
432
159
-38
89
452
641
427
28
-90
218
610
663
297
-81
-154
68
303
321
160
23
64
231
349
266
-39
-264
-230
-54
18
-66
-109
34
296
435
326
71
-94
-62
103
150
31
-98
-65
172
366
328
99
-99
-127
-5
119
130
102
149
308
465
479
356
231
193
237
247
209
148
179
287
364
348
220
92
18
-36
-110
-188
-274
-320
-339
-309
-289
-361
-559
-831
-1053
-1105
-875
-558
-480
-983
-1639
-1713
-906
-17
-21
-822
-1384
-891
131
532
-5
-683
-691
-152
322
369
241
279
367
395
348
287
145
-116
-202
53
416
482
203
49
279
696
729
267
-223
-230
230
616
564
193
-48
84
377
485
304
49
-44
53
216
287
228
70
-3
59
154
127
-12
-118
-39
93
106
-35
-185
-161
-41
76
83
25
-14
27
133
206
196
71
-27
24
212
364
305
149
70
116
134
18
-152
-217
-121
43
147
161
198
272
322
257
81
-81
-127
-70
-12
-29
-104
-195
-309
-430
-529
-626
-783
-1030
-1164
-948
-440
-124
-512
-1224
-1429
-678
227
215
-712
-1433
-1004
36
523
63
-662
-772
-310
169
243
53
-77
-65
104
268
356
236
79
123
419
694
598
284
104
270
610
651
315
-85
-124
209
538
536
204
-71
-29
220
373
307
149
62
127
262
341
247
67
19
129
221
155
15
-3
147
308
290
112
-57
-77
41
126
90
-67
-188
-145
38
158
82
-104
-190
-48
156
236
120
-4
-19
58
106
95
74
101
223
343
430
393
291
175
90
0
-140
-300
-417
-402
-302
-243
-296
-458
-589
-624
-593
-635
-730
-612
-236
-11
-450
-1179
-1396
-679
155
75
-826
-1394
-857
135
487
1
-603
-601
-180
185
176
46
22
81
217
329
439
362
216
232
427
583
417
100
-22
190
468
420
91
-150
24
436
718
632
306
105
190
442
559
442
215
88
190
377
426
254
18
-48
79
238
234
129
66
149
266
250
108
-37
-50
36
124
133
65
5
17
119
216
208
91
-35
3
165
219
102
-74
-123
-44
16
-10
-80
-78
6
105
117
16
-121
-198
-195
-188
-208
-266
-308
-251
-156
-117
-184
-289
-428
-537
-664
-777
-655
-310
-39
-484
-1272
-1607
-886
107
188
-668
-1312
-806
258
694
209
-453
-471
-95
235
164
29
19
27
70
116
245
193
40
58
298
533
381
40
-114
138
507
493
205
-50
111
515
819
746
378
116
109
291
354
201
1
-54
81
245
297
173
32
38
147
248
197
104
92
198
318
290
148
5
33
172
249
144
-49
-131
-71
62
75
-6
-50
-9
103
168
138
40
-48
-67
-34
-5
-31
-63
-68
0
85
71
-61
-222
-294
-280
-270
-353
-472
-536
-501
-465
-530
-705
-867
-1001
-1065
-909
-530
-210
-455
-1095
-1422
-801
123
344
-387
-1096
-829
74
588
270
-316
-447
-152
199
244
105
-5
-33
72
205
293
195
82
153
438
681
583
295
125
283
559
574
283
-49
-50
254
585
615
350
108
128
334
458
354
119
-40
-3
191
332
331
246
250
380
502
472
308
135
107
173
152
25
-127
-111
58
222
198
22
-108
-88
41
102
76
34
50
150
253
293
242
137
62
43
75
60
-12
-79
-55
17
32
-58
-201
-264
-244
-201
-280
-441
-546
-558
-562
-607
-776
-887
-808
-453
-218
-440
-964
-1187
-722
-117
-15
-551
-977
-770
-178
149
-59
-395
-477
-267
-7
82
114
81
123
198
336
402
308
215
254
450
541
393
216
252
506
698
627
364
178
230
406
522
387
184
97
231
465
580
494
310
234
295
403
362
181
34
67
223
303
244
97
40
106
170
126
-26
-116
-93
21
95
68
-8
-41
4
104
166
121
47
8
87
197
211
141
52
40
87
74
0
-102
-134
-104
-86
-91
-121
-135
-130
-121
-157
-252
-358
-461
-507
-580
-651
-656
-514
-258
-250
-512
-833
-772
-432
-174
-310
-642
-721
-490
-183
-83
-196
-342
-373
-234
-62
36
15
-61
-30
106
225
173
76
65
215
376
340
213
113
203
358
433
352
195
152
248
428
490
383
251
239
358
470
478
364
287
291
332
348
308
250
197
193
211
208
149
88
62
74
100
50
-5
-22
14
53
36
-50
-130
-146
-103
-80
-80
-87
-71
-48
-47
-85
-140
-150
-153
-134
-149
-183
-160
-117
-91
-96
-137
-203
-247
-256
-277
-312
-347
-385
-402
-432
-453
-417
-297
-247
-387
-625
-732
-569
-329
-255
-363
-427
-315
-111
5
-36
-133
-190
-164
-63
-7
23
17
65
181
279
261
159
133
183
258
231
141
90
132
243
304
299
253
187
176
220
285
255
185
135
217
363
444
431
344
315
352
385
314
210
172
224
305
303
252
220
214
226
179
106
55
36
53
80
121
124
72
4
1
30
49
-2
-81
-106
-86
-57
-96
-164
-182
-158
-117
-123
-171
-195
-215
-239
-283
-346
-411
-441
-416
-406
-421
-520
-577
-524
-376
-286
-409
-602
-688
-495
-277
-218
-351
-432
-306
-118
12
-18
-115
-156
-94
45
149
205
213
279
367
402
383
290
245
249
290
299
255
215
246
365
444
437
373
305
285
273
271
218
195
233
280
321
336
354
367
384
352
299
256
263
294
323
318
288
251
223
203
183
125
61
6
6
26
61
106
119
116
83
43
32
31
23
-17
-73
-90
-79
-68
-81
-95
-94
-113
-165
-236
-301
-325
-306
-311
-345
-380
-415
-450
-517
-543
-511
-377
-378
-508
-681
-648
-396
-240
-283
-465
-497
-355
-195
-149
-199
-207
-192
-106
-13
23
85
85
151
207
255
249
218
206
234
298
282
242
196
236
371
462
465
389
313
307
358
385
351
303
264
289
356
399
399
359
304
288
310
301
244
184
194
249
253
198
127
134
178
160
93
23
39
81
97
36
-20
-31
-11
-21
-83
-111
-98
-78
-55
-59
-70
-85
-98
-101
-127
-204
-301
-358
-395
-406
-436
-476
-497
-500
-478
-477
-445
-422
-348
-346
-420
-510
-526
-411
-329
-307
-386
-371
-325
-248
-196
-188
-197
-232
-211
-183
-142
-53
-24
24
41
73
103
128
157
160
208
215
222
215
217
291
339
333
238
189
217
306
360
311
280
289
358
386
377
340
297
305
293
291
276
274
285
294
319
303
280
255
265
272
235
181
124
133
168
184
137
54
4
4
-5
-52
-102
-140
-142
-133
-122
-113
-110
-110
-123
-142
-196
-251
-312
-351
-344
-349
-356
-403
-423
-430
-374
-311
-260
-321
-443
-499
-448
-359
-341
-361
-349
-272
-174
-115
-91
-88
-78
-88
-102
-91
-141
-142
-128
-73
-8
45
72
133
225
287
293
244
221
265
303
343
310
297
299
315
351
357
364
331
289
260
271
285
281
271
258
278
275
256
236
249
306
334
329
276
270
265
275
241
160
111
80
105
111
92
64
50
27
9
17
0
-26
-48
-67
-83
-109
-126
-148
-150
-134
-128
-112
-111
-117
-135
-173
-213
-240
-266
-267
-282
-338
-346
-293
-203
-186
-261
-359
-393
-347
-298
-275
-284
-281
-235
-163
-105
-73
-77
-99
-104
-93
-69
-54
-61
-51
-34
19
63
77
113
147
173
170
148
128
126
172
219
241
219
213
240
296
344
331
302
280
265
272
289
290
298
296
291
286
290
301
303
306
297
279
262
239
225
204
185
154
113
68
47
32
30
-11
-54
-59
-51
-58
-97
-129
-132
-120
-116
-150
-188
-190
-150
-124
-158
-195
-194
-175
-151
-148
-170
-198
-229
-250
-273
-307
-331
-348
-340
-324
-288
-275
-271
-281
-295
-271
-235
-222
-225
-216
-180
-137
-109
-118
-121
-74
-56
-24
-28
-9
9
51
58
82
102
78
89
80
93
93
81
64
73
107
149
188
189
182
191
201
208
187
153
127
117
137
162
181
187
189
203
245
271
265
229
200
193
212
214
186
139
113
103
85
69
36
22
22
22
25
27
13
0
0
-11
-39
-70
-85
-95
-80
-59
-40
-49
-57
-84
-77
-93
-136
-184
-228
-218
-211
-207
-221
-230
-253
-250
-218
-187
-211
-276
-327
-308
-246
-219
-253
-274
-249
-183
-113
-128
-141
-141
-111
-69
-47
-63
-76
-45
-15
10
-16
-41
-44
0
42
56
64
65
90
115
146
170
170
177
182
222
239
237
212
204
233
247
239
197
182
221
254
245
203
156
158
171
174
131
111
111
123
124
107
99
91
79
90
101
104
75
30
20
24
24
14
-2
-11
10
53
56
46
42
58
77
67
28
-26
-52
-87
-103
-115
-142
-156
-161
-145
-104
-82
-83
-124
-153
-155
-163
-177
-202
-188
-173
-150
-127
-109
-87
-85
-97
-134
-139
-129
-142
-149
-179
-166
-125
-83
-62
-66
-57
-27
2
-1
-9
-19
-14
0
22
36
38
49
56
92
138
151
155
163
190
224
251
263
235
212
209
200
190
179
151
136
152
175
182
188
189
187
195
189
179
157
137
136
136
113
90
70
69
83
74
28
-5
-16
-18
-21
-38
-57
-65
-53
-43
-52
-78
-94
-78
-58
-35
-25
-34
-20
-23
-28
-48
-63
-66
-73
-64
-72
-91
-93
-95
-65
-51
-42
-28
-32
-35
-25
-25
-51
-84
-123
-133
-142
-156
-173
-167
-134
-112
-84
-85
-101
-101
-98
-100
-112
-117
-115
-86
-70
-61
-66
-55
-31
-27
-18
-24
-39
-35
-14
6
24
38
47
53
65
97
99
95
116
131
157
150
151
160
166
162
135
142
169
197
197
189
191
221
234
221
188
163
151
126
92
52
35
12
-18
-30
-28
-17
-26
-60
-90
-78
-57
-69
-83
-105
-96
-68
-62
-88
-120
-120
-100
-90
-87
-113
-118
-120
-111
-112
-109
-115
-125
-136
-119
-72
-55
-56
-58
-69
-63
-59
-73
-84
-60
-18
11
22
0
1
-6
-6
-8
-37
-41
-26
21
82
96
87
66
65
76
82
45
14
4
8
39
44
30
-1
-2
12
24
28
32
50
73
86
77
56
23
11
14
19
26
46
78
99
108
107
100
85
72
81
97
92
99
90
110
128
126
104
76
52
66
79
83
75
53
58
76
63
22
-9
-6
26
32
25
16
29
36
43
18
2
-3
-44
-77
-100
-121
-116
-98
-105
-103
-88
-72
-87
-110
-111
-103
-102
-119
-128
-119
-91
-76
-69
-66
-87
-85
-86
-64
-47
-43
-33
-16
25
35
15
0
15
36
61
76
80
90
116
150
165
155
132
95
82
99
95
94
99
120
142
145
133
120
116
126
128
131
122
117
106
105
99
76
42
29
34
39
32
28
37
43
49
25
2
-24
-47
-55
-64
-65
-53
-51
-49
-40
-45
-45
-60
-79
-73
-80
-62
-60
-49
-39
-47
-42
-41
-44
-39
-28
-9
-3
16
25
40
48
33
12
-6
16
26
26
15
5
25
37
20
1
-18
-16
-34
-58
-81
-90
-94
-102
-107
-126
-119
-114
-108
-110
-119
-106
-95
-61
-53
-42
-34
-22
-29
-44
-37
-29
-7
7
9
18
52
52
48
33
20
31
54
61
67
82
91
101
94
95
96
79
78
71
84
99
100
100
90
81
63
29
-12
-39
-49
-28
-20
-14
-30
-60
-55
-46
-52
-86
-117
-134
-146
-152
-152
-167
-177
-175
-178
-162
-146
-140
-131
-133
-124
-118
-112
-111
-119
-112
-113
-86
-65
-62
-30
1
25
29
19
13
11
11
1
-18
-21
-3
12
10
15
30
28
31
-1
-9
10
21
18
9
17
20
17
16
12
-4
9
10
10
12
24
38
47
37
2
-15
-26
-26
-31
-53
-52
-38
-22
-7
1
10
15
4
-6
-11
-10
-6
-20
-12
-11
-6
-10
-26
-29
-20
-7
-10
-6
-10
4
2
-17
-40
-44
-38
-30
-20
-19
-17
-5
27
42
40
28
36
42
42
18
2
1
7
7
-15
-14
-10
-11
-7
11
23
26
16
10
5
0
-27
-44
-66
-59
-45
-33
-22
-28
-12
8
12
-2
-12
-32
-44
-47
-46
-41
-34
-20
-17
-6
-6
26
26
-2
-7
-4
21
22
24
31
36
56
64
62
52
50
59
64
63
53
54
58
66
71
68
57
34
34
24
18
7
-20
-32
-19
-3
11
-10
-42
-64
-75
-64
-82
-105
-124
-133
-134
-132
-116
-115
-101
-82
-69
-58
-59
-60
-69
-80
-99
-100
-84
-59
-30
-1
4
6
17
34
50
31
19
13
18
46
70
76
91
91
88
85
86
97
96
80
89
74
64
55
34
19
-6
-15
-29
-53
-69
-55
-40
-26
-40
-37
-40
-43
-50
-72
-90
-102
-89
-94
-105
-98
-80
-71
-68
-68
-61
-51
-61
-58
-68
-79
-83
-101
-102
-95
-75
-59
-58
-50
-39
-35
-31
-43
-48
-34
-36
-54
-61
-71
-80
-65
-80
-75
-68
-73
-69
-78
-70
-72
-80
-91
-108
-113
-130
-126
-131
-137
-127
-132
-119
-107
-106
-101
-87
-71
-80
-87
-96
-105
-112
-115
-108
-87
-52
-14
13
25
26
28
35
26
16
20
15
31
36
35
47
37
38
35
32
13
5
-3
-13
-15
-18
-17
-11
-15
-4
0
13
29
30
29
10
14
3
0
-10
-15
-30
-27
-23
-34
-33
-45
-41
-50
-47
-53
-53
-53
-41
-42
-48
-53
-52
-62
-63
-59
-71
-67
-84
-85
-90
-78
-71
-72
-74
-78
-63
-67
-76
-100
-117
-124
-117
-96
-86
-85
-81
-77
-59
-47
-41
-44
-61
-68
-59
-60
-76
-71
-45
-38
-23
-17
-18
-9
6
10
11
14
7
19
10
19
26
21
9
-2
-7
14
45
49
35
18
21
34
33
16
15
6
1
13
6
-1
1
7
18
23
40
49
54
51
51
52
45
43
19
20
21
23
15
-5
0
-1
-7
-16
-25
-32
-37
-26
-11
-3
-12
-14
-6
-9
0
3
-8
-15
-19
0
12
-2
-3
-6
-11
-20
-25
-39
-59
-58
-64
-64
-63
-60
-57
-49
-25
8
-11
-27
-30
-37
-31
-41
-41
-54
-56
-50
-34
-22
-22
-10
-17
-23
-27
-33
-37
-56
-64
-56
-46
-28
-38
-37
-39
-29
-23
-19
-31
-52
-46
-42
-34
-39
-42
-27
-5
-3
-7
2
18
20
11
4
5
17
14
-1
-3
9
13
3
10
2
12
13
17
32
33
37
30
20
3
-24
-47
-37
-40
-52
-51
-39
-24
-15
-22
-13
-15
-32
-39
-56
-56
-65
-76
-98
-89
-81
-75
-73
-79
-79
-77
-80
-91
-110
-119
-109
-119
-115
-112
-113
-106
-87
-86
-71
-61
-65
-48
-48
-47
-68
-71
-82
-83
-86
-81
-77
-81
-80
-66
-48
-46
-50
-48
-42
-38
-35
-38
-48
-58
-51
-43
-56
-69
-68
-59
-58
-58
-46
-56
-48
-44
-41
-55
-62
-68
-73
-56
-60
-59
-58
-51
-47
-49
-33
-40
-51
-49
-53
-46
-49
-59
-46
-45
-16
-4
-7
0
11
10
-6
5
2
7
5
-2
-7
-21
-13
-21
-26
-20
-16
-21
-17
-16
-5
-9
-21
-27
-36
-46
-51
-63
-68
-62
-68
-61
-57
-60
-64
-61
-55
-65
-71
-72
-81
-91
-84
-87
-93
-103
-94
-80
-88
-89
-88
-79
-73
-74
-86
-89
-79
-80
-72
-74
-50
-37
-19
-9
2
13
9
19
8
0
-6
-8
-5
-1
4
23
14
9
10
8
6
14
34
51
63
66
72
73
80
77
54
40
36
25
21
26
29
30
36
40
44
47
38
14
10
-8
-22
-17
-29
-37
-34
-46
-40
-25
-27
-32
-33
-32
-46
-58
-59
-61
-65
-61
-63
-64
-46
-33
-30
-44
-42
-33
-42
-55
-50
-49
-57
-55
-43
-23
-18
-9
1
5
14
18
23
17
16
17
13
21
27
27
8
-7
-8
-10
-13
-12
-8
-1
1
12
6
2
-17
-33
-31
-45
-38
-45
-39
-24
-7
-14
-33
-37
-38
-40
-40
-37
-42
-36
-21
7
34
26
31
28
20
30
41
60
59
67
72
78
84
82
68
66
63
60
62
47
48
48
56
64
63
63
57
63
55
45
26
-5
-29
-44
-49
-49
-56
-58
-48
-52
-64
-71
-103
-128
-139
-152
-158
-158
-162
-162
-165
-147
-148
-148
-138
-148
-152
-146
-130
-143
-133
-125
-117
-108
-94
-69
-64
-55
-55
-57
-58
-49
-42
-30
-24
-10
-5
-1
-10
-11
-6
-12
0
5
11
22
30
48
59
47
22
3
-17
-27
-32
-52
-59
-48
-20
-5
0
-8
-6
-13
-21
-24
-48
-46
-41
-39
-45
-37
-36
-34
-36
-36
-48
-50
-50
-54
-48
-42
-48
-50
-47
-44
-29
-35
-36
-27
-29
-26
-21
-10
-4
0
-7
-12
-12
-28
-40
-59
-66
-72
-75
-77
-79
-60
-58
-38
-38
-44
-54
-58
-73
-83
-86
-98
-90
-70
-56
-47
-35
-39
-35
-43
-58
-66
-79
-85
-75
-61
-46
-35
-35
-25
-22
-22
-9
-21
-16
-28
-19
-12
-6
7
6
16
13
16
5
5
0
-8
-3
-4
10
23
31
34
26
20
13
6
-1
-4
7
20
32
54
57
53
54
50
49
32
22
16
-2
-4
-3
7
13
17
18
16
28
27
15
10
8
4
1
-9
-17
-19
-25
-34
-48
-45
-28
-36
-41
-42
-39
-36
-47
-41
-42
-49
-51
-52
-37
-35
-32
-30
-15
-17
-3
8
8
14
8
17
1
-5
-6
-7
-9
-7
-4
8
13
32
33
40
35
28
37
30
31
38
45
53
57
53
52
43
52
47
38
34
33
33
36
34
28
30
19
25
24
17
-2
3
11
21
26
24
32
30
24
22
17
4
-4
-16
-15
-7
5
1
1
5
9
21
16
0
-4
1
12
20
-1
4
0
10
11
12
22
24
20
14
19
11
0
-21
-35
-31
-32
-39
-41
-45
-42
-38
-27
-27
-32
-36
-51
-52
-59
-56
-63
-64
-57
-65
-61
-60
-51
-57
-53
-50
-43
-50
-59
-47
-43
-37
-30
-25
-30
-23
-23
-22
-19
-13
-8
-6
-1
-1
5
9
3
19
6
-2
-2
-14
-8
-12
-20
-8
5
11
16
10
20
17
8
1
-6
-12
-15
-32
-42
-39
-31
-21
-31
-48
-43
-40
-40
-51
-70
-70
-74
-72
-66
-53
-52
-39
-35
-25
-26
-21
-14
-31
-23
-19
-13
-30
-20
-14
-23
-14
-18
-17
-21
-21
-34
-35
-30
-34
-24
-18
-13
-14
-8
-17
-28
-27
-26
-27
-31
-23
-12
-11
-19
-14
-24
-37
-46
-44
-42
-41
-40
-29
-20
-15
-11
-6
11
2
-1
3
11
10
4
8
15
26
29
31
33
36
27
32
26
11
11
23
22
40
49
39
45
48
46
48
37
42
51
54
61
71
78
86
84
80
62
39
36
29
19
27
32
29
31
36
37
17
15
-6
-7
-10
-19
-13
-29
-13
-3
-16
-19
-24
-4
-17
-26
-30
-41
-35
-22
-6
-12
-12
-12
-8
-3
-1
5
-4
-2
-12
-15
-16
-11
-8
-15
-4
-5
-13
-8
-1
-5
-13
-20
-16
-3
-3
8
4
4
10
6
-4
-11
2
2
9
-6
-3
12
24
38
26
23
19
10
14
13
13
-4
1
9
29
46
52
66
67
75
59
64
55
53
68
75
80
79
78
66
70
71
68
55
52
51
61
58
56
64
48
43
32
13
24
14
12
2
15
27
22
32
12
10
3
-8
-22
-32
-41
-45
-48
-58
-55
-68
-58
-63
-49
-54
-64
-52
-51
-42
-49
-52
-54
-51
-44
-47
-48
-54
-47
-42
-37
-30
-39
-48
-44
-39
-36
-32
-35
-31
-40
-41
-44
-37
-46
-51
-39
-33
-36
-41
-36
-35
-35
-32
-34
-38
-34
-30
-29
-30
-22
-16
-13
-21
-22
-28
-22
-30
-31
-25
-28
-13
