SAMPLES:	15158
BITSPERSAMPLE:	16
CHANNELS:	1
SAMPLERATE:	16000
NORMALIZED:	FALSE
120
112
111
114
114
113
112
115
117
109
104
105
102
95
104
107
98
99
102
102
93
94
91
88
83
88
81
84
79
66
67
66
58
53
55
52
49
52
46
43
28
23
26
11
23
17
16
10
5
1
-5
-10
-8
-16
-22
-12
-22
-26
-40
-45
-52
-57
-52
-67
-66
-61
-85
-83
-79
-92
-105
-112
-105
-115
-121
-116
-128
-131
-129
-134
-126
-132
-137
-151
-147
-146
-150
-156
-152
-160
-164
-159
-166
-164
-169
-182
-186
-181
-177
-184
-189
-186
-192
-197
-199
-196
-192
-201
-204
-201
-200
-207
-203
-204
-198
-197
-211
-212
-217
-210
-213
-214
-216
-213
-221
-220
-216
-225
-228
-227
-232
-228
-233
-235
-232
-235
-232
-229
-239
-231
-232
-235
-241
-239
-237
-239
-238
-243
-248
-246
-244
-255
-253
-248
-231
-239
-234
-236
-232
-232
-244
-227
-231
-236
-234
-234
-240
-230
-237
-223
-221
-225
-219
-219
-219
-215
-215
-217
-216
-215
-205
-201
-201
-213
-199
-194
-202
-193
-194
-199
-191
-184
-180
-193
-189
-181
-186
-183
-180
-172
-173
-168
-165
-165
-151
-151
-159
-146
-139
-149
-138
-129
-136
-127
-118
-113
-117
-108
-110
-94
-88
-93
-84
-83
-85
-74
-66
-71
-59
-51
-47
-43
-34
-32
-28
-18
-11
-17
-14
-13
-13
1
-1
2
1
10
11
16
22
25
24
14
25
30
35
44
47
50
54
57
64
50
54
67
67
66
73
80
79
70
80
76
84
85
75
87
86
85
87
92
99
96
111
102
95
106
107
117
113
115
117
119
110
120
121
117
114
115
116
118
124
124
123
124
127
122
123
121
124
127
126
122
128
130
124
126
131
129
124
128
128
127
126
130
130
130
128
114
126
138
129
127
132
122
121
125
113
112
112
113
120
107
110
106
106
97
96
98
80
81
83
86
70
71
63
50
58
54
50
50
53
31
28
42
33
17
15
9
15
6
-2
-7
-14
-12
-20
-21
-33
-30
-31
-32
-26
-48
-45
-49
-59
-60
-70
-54
-65
-74
-71
-69
-80
-88
-89
-99
-87
-93
-93
-100
-97
-99
-111
-105
-112
-114
-116
-115
-124
-125
-133
-137
-143
-145
-133
-146
-145
-155
-159
-156
-169
-168
-167
-170
-183
-178
-176
-187
-191
-184
-180
-180
-176
-186
-198
-185
-183
-193
-184
-191
-201
-194
-200
-194
-193
-203
-204
-195
-204
-211
-208
-218
-221
-219
-216
-215
-211
-209
-217
-207
-209
-213
-213
-212
-205
-196
-206
-200
-196
-209
-199
-203
-196
-193
-201
-202
-197
-195
-199
-194
-191
-198
-194
-202
-189
-180
-193
-181
-187
-185
-179
-184
-177
-172
-178
-180
-174
-172
-170
-175
-169
-168
-168
-163
-161
-151
-155
-153
-150
-151
-137
-139
-137
-145
-137
-131
-131
-126
-115
-115
-111
-116
-114
-117
-111
-91
-101
-95
-97
-89
-85
-82
-83
-74
-74
-65
-55
-62
-60
-47
-53
-51
-43
-37
-33
-32
-30
-25
-15
-10
-12
-15
-4
-6
9
8
17
29
26
21
20
30
35
39
45
43
49
54
47
56
53
57
56
59
65
73
74
77
84
85
101
100
99
99
101
99
108
116
114
123
113
134
125
119
135
129
131
128
132
137
128
136
145
143
142
140
141
137
143
148
140
130
145
144
143
141
137
145
134
144
153
140
149
148
139
148
146
148
158
159
148
150
156
159
164
154
153
152
147
157
160
152
158
160
148
149
154
149
138
136
149
144
141
143
139
138
135
142
134
136
129
121
127
129
127
117
115
115
121
117
106
105
100
105
103
100
86
85
83
80
87
71
61
61
65
56
54
48
38
34
30
26
23
24
16
10
13
9
-4
-5
-13
-15
-16
-29
-34
-38
-50
-44
-49
-55
-52
-60
-61
-64
-66
-73
-89
-86
-93
-99
-90
-98
-110
-109
-105
-119
-106
-115
-126
-126
-134
-134
-137
-131
-147
-148
-152
-163
-157
-164
-163
-162
-165
-162
-170
-179
-172
-162
-174
-175
-169
-179
-175
-185
-185
-173
-180
-182
-176
-181
-189
-185
-189
-190
-183
-192
-203
-197
-207
-199
-199
-211
-204
-210
-208
-211
-227
-218
-227
-217
-217
-221
-218
-223
-220
-217
-206
-211
-227
-218
-224
-221
-208
-224
-214
-213
-205
-210
-212
-214
-202
-195
-203
-205
-207
-195
-200
-191
-189
-195
-189
-189
-194
-189
-192
-192
-192
-190
-179
-185
-191
-177
-184
-176
-174
-165
-164
-168
-166
-160
-158
-150
-154
-156
-152
-154
-146
-152
-146
-147
-131
-124
-127
-130
-131
-117
-119
-118
-117
-109
-106
-115
-98
-95
-99
-99
-84
-86
-87
-81
-78
-75
-80
-66
-65
-61
-51
-39
-40
-36
-30
-27
-32
-21
-17
-12
-7
-1
9
0
5
10
19
27
19
22
36
32
39
38
57
59
55
63
75
76
68
73
74
84
82
87
85
88
89
89
94
98
102
109
101
100
112
107
116
117
115
119
120
107
118
121
119
125
134
129
127
136
128
128
136
144
139
136
148
133
131
132
139
141
135
138
132
138
139
142
139
144
149
141
134
142
143
141
134
143
146
134
142
138
145
141
135
129
131
139
137
135
134
131
133
133
124
131
126
125
131
122
131
128
111
116
116
111
114
110
111
110
105
109
98
102
92
90
86
89
78
67
76
62
53
58
65
60
57
52
54
45
34
27
31
37
25
27
21
13
5
13
1
-4
-1
-9
-15
-20
-29
-26
-30
-33
-41
-47
-49
-65
-61
-62
-67
-68
-64
-75
-72
-89
-91
-80
-91
-97
-104
-107
-109
-112
-118
-117
-125
-116
-116
-118
-126
-134
-135
-139
-143
-147
-149
-148
-157
-153
-154
-165
-157
-165
-166
-171
-168
-170
-168
-160
-178
-168
-177
-171
-171
-175
-171
-176
-183
-201
-196
-191
-189
-192
-196
-192
-195
-193
-197
-197
-191
-194
-198
-188
-188
-187
-188
-197
-190
-190
-195
-196
-192
-201
-203
-193
-197
-198
-190
-195
-194
-195
-187
-178
-188
-187
-183
-192
-190
-180
-186
-181
-194
-193
-186
-196
-187
-187
-193
-190
-181
-180
-185
-185
-178
-175
-179
-172
-176
-169
-165
-162
-162
-170
-161
-148
-150
-143
-141
-145
-141
-138
-139
-141
-131
-120
-125
-114
-109
-105
-104
-109
-106
-98
-86
-89
-88
-90
-85
-76
-73
-75
-65
-66
-53
-44
-52
-46
-37
-28
-41
-30
-25
-16
-17
-8
-8
-2
9
1
14
17
15
16
23
26
31
35
31
36
49
42
45
54
60
58
65
70
69
81
83
86
85
90
90
100
102
92
106
110
104
107
113
119
134
132
126
128
121
132
135
136
145
145
144
148
150
150
152
160
160
153
158
159
162
167
165
163
170
172
164
167
164
165
164
170
167
157
168
168
162
163
165
168
169
174
165
164
172
167
169
173
174
169
165
159
163
174
160
162
160
164
162
157
156
157
157
159
149
142
150
142
145
145
149
143
140
147
150
149
131
131
138
139
148
139
141
130
134
131
127
122
116
119
114
105
100
107
101
95
93
88
82
75
63
63
61
63
59
58
44
32
22
20
29
24
25
14
-1
-3
-2
-2
-24
-16
-13
-22
-34
-39
-41
-45
-38
-59
-49
-54
-58
-62
-72
-67
-75
-76
-83
-82
-87
-85
-92
-94
-88
-97
-101
-103
-107
-108
-105
-117
-121
-115
-116
-124
-128
-130
-132
-136
-133
-141
-141
-148
-152
-154
-145
-150
-165
-153
-159
-156
-165
-170
-175
-172
-172
-168
-166
-169
-179
-180
-187
-186
-189
-196
-183
-182
-189
-190
-189
-192
-189
-195
-187
-191
-188
-186
-188
-189
-190
-189
-188
-186
-195
-191
-189
-190
-196
-185
-185
-181
-187
-183
-179
-182
-181
-178
-177
-184
-182
-174
-183
-176
-170
-175
-169
-172
-160
-163
-166
-160
-159
-167
-169
-158
-166
-169
-159
-160
-153
-147
-153
-143
-148
-149
-137
-135
-129
-137
-132
-133
-133
-130
-128
-122
-122
-121
-114
-111
-107
-100
-105
-107
-92
-93
-87
-82
-83
-78
-66
-58
-47
-41
-46
-40
-30
-24
-31
-25
-17
-19
-13
-6
2
13
10
9
21
17
28
34
36
36
46
45
49
62
53
66
63
69
68
73
82
78
86
84
84
89
92
93
105
105
102
111
112
124
123
124
135
135
128
129
132
139
144
143
139
149
139
142
160
146
157
155
152
157
151
148
162
158
168
171
157
173
168
169
171
172
175
173
177
182
184
175
179
191
189
188
186
176
185
196
191
188
186
186
179
189
188
175
185
184
177
186
182
171
175
177
174
176
169
177
164
170
178
162
173
170
175
178
168
160
163
165
167
171
169
160
159
161
145
151
155
143
144
147
135
134
122
117
123
118
114
114
116
110
113
117
109
93
98
87
78
80
79
72
61
59
50
52
54
49
37
33
27
16
18
13
15
3
3
-14
-15
-5
-23
-19
-24
-41
-41
-43
-37
-45
-58
-59
-70
-80
-87
-81
-82
-89
-92
-88
-95
-96
-97
-101
-103
-118
-122
-115
-125
-130
-126
-129
-133
-133
-142
-150
-148
-152
-155
-158
-152
-164
-159
-164
-160
-166
-168
-169
-181
-172
-174
-176
-177
-189
-184
-185
-193
-189
-190
-192
-188
-186
-189
-192
-188
-190
-192
-197
-197
-193
-191
-194
-205
-189
-197
-211
-193
-192
-185
-187
-190
-187
-195
-197
-192
-197
-183
-189
-192
-186
-190
-177
-190
-188
-173
-185
-181
-182
-182
-180
-186
-178
-177
-179
-181
-181
-180
-167
-169
-175
-168
-165
-162
-163
-176
-170
-163
-161
-150
-150
-154
-163
-157
-138
-139
-143
-143
-144
-136
-137
-136
-129
-119
-135
-122
-119
-118
-111
-102
-100
-100
-82
-93
-89
-81
-73
-67
-63
-61
-50
-38
-49
-44
-40
-35
-27
-26
-8
-5
-11
-15
3
3
3
16
18
27
25
27
41
37
39
40
43
54
59
53
63
67
67
72
72
75
79
95
90
93
102
95
100
105
113
109
113
120
116
117
138
138
132
137
136
139
144
148
141
146
147
149
151
135
148
145
149
164
162
161
167
164
170
164
159
173
161
165
168
168
180
174
173
170
168
169
167
170
169
177
176
171
181
179
180
176
171
182
179
180
172
172
166
164
172
175
171
168
175
180
176
171
167
176
171
168
171
162
179
171
180
167
164
174
162
174
171
163
159
159
153
154
160
154
148
144
141
127
134
132
124
125
117
122
118
107
108
97
94
99
90
88
89
89
84
79
78
73
69
60
62
65
46
48
43
34
39
27
32
33
19
9
9
-1
-2
-6
-14
-23
-23
-26
-34
-31
-31
-36
-51
-43
-45
-49
-53
-58
-56
-67
-65
-72
-72
-71
-80
-87
-75
-82
-91
-93
-91
-85
-91
-90
-108
-109
-103
-107
-116
-117
-111
-119
-115
-116
-119
-126
-131
-124
-127
-131
-138
-143
-146
-139
-145
-152
-154
-145
-150
-158
-158
-157
-166
-166
-155
-162
-157
-159
-153
-159
-161
-161
-172
-173
-170
-169
-172
-162
-168
-171
-168
-169
-163
-158
-161
-171
-163
-156
-158
-167
-158
-153
-153
-150
-154
-146
-151
-148
-144
-139
-139
-150
-145
-144
-145
-143
-145
-142
-148
-140
-132
-130
-137
-137
-138
-140
-133
-126
-121
-121
-120
-123
-111
-114
-121
-110
-114
-100
-99
-99
-98
-101
-90
-94
-97
-79
-87
-83
-78
-78
-72
-72
-62
-63
-57
-52
-56
-51
-44
-38
-34
-35
-32
-20
-20
-15
-6
-7
-5
-1
2
24
17
18
23
28
28
24
34
37
40
43
53
61
61
71
67
74
89
77
83
89
98
90
93
99
105
113
105
115
117
117
117
126
127
129
126
131
139
135
145
143
143
147
156
152
160
164
162
156
163
170
164
169
166
163
174
188
181
180
185
185
182
186
198
194
183
186
190
189
195
197
190
196
187
198
191
191
203
206
207
209
204
203
215
204
205
200
206
206
210
212
207
210
212
216
208
212
211
208
210
210
208
201
221
205
205
202
206
206
203
205
195
207
187
194
192
186
186
184
180
179
180
175
174
177
178
174
161
160
163
156
157
152
149
151
150
143
134
128
127
120
112
103
102
106
97
94
83
81
74
82
70
71
64
51
60
50
54
42
48
39
30
21
18
22
12
7
-2
1
6
-4
2
-1
-2
-10
-17
-25
-26
-28
-27
-40
-37
-39
-48
-49
-59
-48
-54
-47
-57
-60
-58
-57
-66
-67
-68
-73
-76
-77
-78
-78
-83
-89
-98
-102
-103
-108
-104
-101
-108
-115
-114
-117
-119
-131
-123
-125
-128
-131
-133
-134
-127
-128
-127
-132
-143
-135
-134
-130
-137
-134
-140
-136
-134
-145
-138
-137
-131
-133
-132
-134
-132
-131
-128
-128
-129
-130
-141
-136
-137
-131
-130
-124
-133
-139
-133
-122
-128
-134
-118
-121
-122
-127
-121
-120
-118
-126
-115
-119
-129
-106
-121
-113
-117
-117
-112
-115
-108
-104
-106
-105
-101
-98
-91
-90
-87
-87
-82
-86
-79
-78
-81
-73
-79
-79
-69
-61
-63
-54
-58
-53
-50
-43
-43
-39
-26
-37
-27
-15
-16
-17
-4
0
-3
2
3
12
14
24
19
25
39
43
46
43
51
49
56
55
60
67
75
74
74
77
75
89
90
95
91
98
98
95
101
99
106
115
119
124
123
129
124
137
129
135
141
138
138
142
142
147
151
150
154
160
162
165
174
176
177
173
168
167
174
175
182
186
186
194
194
191
197
201
207
216
207
206
201
212
221
218
214
223
218
218
223
221
223
219
220
218
222
223
220
218
222
214
220
215
221
209
220
228
222
230
229
226
226
228
226
232
222
226
221
220
217
220
230
228
227
218
223
221
217
226
220
223
220
210
212
202
208
215
215
211
205
201
201
196
201
188
176
178
173
165
159
168
159
155
149
145
127
131
130
128
123
119
126
105
107
104
95
101
90
82
74
74
79
75
71
60
56
56
52
36
35
37
29
27
21
28
15
16
6
-1
4
-13
-14
-13
-19
-24
-29
-30
-36
-37
-42
-48
-56
-46
-63
-67
-63
-76
-73
-83
-78
-80
-89
-94
-89
-99
-97
-93
-101
-102
-98
-101
-99
-107
-113
-103
-114
-110
-111
-114
-109
-120
-124
-119
-122
-124
-123
-120
-119
-121
-131
-126
-135
-136
-134
-143
-144
-142
-141
-142
-136
-143
-150
-149
-149
-141
-143
-152
-141
-141
-143
-144
-146
-145
-148
-138
-142
-140
-133
-140
-127
-132
-129
-125
-128
-118
-124
-118
-121
-131
-129
-125
-123
-131
-126
-118
-121
-119
-116
-121
-128
-128
-125
-117
-116
-121
-116
-116
-112
-107
-108
-108
-109
-103
-104
-103
-95
-94
-95
-93
-91
-78
-68
-75
-71
-62
-63
-60
-53
-48
-37
-35
-35
-31
-36
-27
-31
-21
-10
-10
-2
-2
-9
-1
12
11
15
14
24
24
21
33
39
45
44
41
51
61
52
61
64
70
71
72
81
77
89
92
89
95
103
103
108
102
110
114
122
126
120
118
124
130
125
129
131
136
143
140
139
153
146
155
153
164
163
162
172
168
173
179
175
180
188
171
180
192
196
192
191
201
195
199
210
199
206
206
203
216
210
215
224
217
215
212
221
222
214
211
221
223
224
222
227
225
221
223
220
216
222
223
216
222
216
215
204
210
209
208
215
207
202
204
207
201
196
200
201
200
203
200
192
191
197
190
189
191
184
184
180
183
174
168
165
158
153
158
153
154
143
140
142
135
138
126
131
118
114
105
110
101
86
94
91
80
79
76
62
60
54
57
51
55
43
41
37
26
20
15
22
18
5
3
-5
-11
-9
-11
-11
-24
-31
-35
-31
-35
-45
-55
-60
-69
-61
-68
-80
-85
-82
-82
-84
-90
-98
-94
-92
-97
-109
-114
-114
-124
-122
-124
-132
-129
-130
-130
-136
-136
-142
-131
-135
-143
-142
-146
-155
-150
-151
-149
-148
-161
-153
-157
-157
-156
-163
-166
-172
-163
-160
-161
-159
-167
-172
-170
-177
-178
-164
-165
-168
-178
-175
-169
-170
-170
-169
-174
-171
-163
-154
-159
-159
-166
-164
-169
-159
-156
-169
-174
-169
-164
-161
-152
-167
-168
-160
-157
-162
-161
-165
-152
-153
-149
-157
-163
-151
-151
-151
-151
-150
-153
-146
-136
-139
-153
-142
-112
-115
-137
-152
-137
-111
-104
-127
-134
-124
-109
-106
-123
-120
-98
-101
-94
-83
-96
-104
-81
-69
-67
-65
-82
-69
-53
-58
-48
-50
-52
-43
-26
-6
-14
-40
-33
-21
-7
11
-4
-14
0
23
21
18
11
6
36
49
50
26
15
33
75
88
59
32
36
86
109
81
53
58
94
127
113
77
72
92
127
116
91
94
110
130
117
111
106
112
133
148
122
92
117
160
163
136
134
119
133
190
171
134
140
140
151
196
166
144
165
157
205
185
155
183
179
182
214
213
191
187
181
205
226
198
175
169
205
232
210
173
167
208
229
187
181
226
201
185
198
196
185
200
196
178
198
218
213
178
198
214
195
163
172
205
214
193
156
169
210
190
154
163
182
175
155
178
187
168
138
131
186
189
132
156
193
170
132
138
156
169
146
112
124
136
148
152
118
95
97
112
133
129
97
76
87
91
92
100
66
54
75
66
57
54
49
28
42
65
50
12
19
44
24
0
-2
5
12
11
-30
-23
11
10
-7
-36
-36
-14
-24
-17
-24
-59
-74
-28
-42
-82
-56
-50
-79
-77
-55
-82
-83
-82
-68
-71
-90
-95
-96
-109
-82
-72
-102
-120
-124
-75
-112
-130
-102
-107
-121
-101
-117
-165
-153
-115
-110
-117
-113
-150
-167
-90
-87
-123
-152
-164
-103
-87
-139
-123
-168
-166
-67
-135
-163
-135
-113
-99
-119
-133
-133
-134
-127
-142
-119
-90
-146
-161
-107
-112
-151
-130
-108
-155
-129
-94
-148
-141
-130
-144
-106
-86
-135
-186
-151
-44
-85
-176
-104
-67
-144
-136
-103
-93
-111
-138
-90
-83
-113
-98
-113
-95
-72
-111
-126
-48
-66
-114
-102
-106
-15
-63
-98
-65
-39
-67
-66
-31
-71
-76
-25
-27
-56
-17
9
-31
-29
19
13
-13
-18
-15
29
41
-23
-6
36
31
8
25
14
87
79
22
55
94
55
50
80
88
85
42
82
109
84
116
90
49
146
126
139
77
91
160
80
124
160
131
130
152
119
139
188
140
136
183
198
114
116
221
205
152
173
148
188
200
183
234
178
129
199
249
233
147
183
243
213
183
200
255
234
182
171
209
271
280
179
196
244
222
231
249
223
227
235
191
263
291
176
214
264
250
235
246
228
239
278
244
199
200
259
254
229
224
260
265
229
234
243
269
271
190
202
303
220
170
233
258
256
218
216
257
212
220
232
205
261
206
159
219
241
195
196
217
214
200
208
210
162
172
189
184
180
134
174
178
121
195
177
101
149
185
124
76
125
157
124
60
115
170
77
30
80
149
97
39
70
78
91
44
56
91
26
59
66
-29
31
71
-45
33
83
-15
5
12
31
-12
-47
6
-4
-35
62
27
-134
-29
6
-50
-44
-28
-45
-83
-80
-41
-15
-66
-98
-65
-58
-90
-78
-75
-80
-53
-89
-112
-83
-103
-77
-70
-171
-69
-45
-184
-88
-127
-136
-42
-131
-147
-97
-54
-132
-181
-96
-53
-159
-158
-90
-154
-123
-127
-81
-109
-168
-138
-109
-125
-66
-150
-111
-90
-98
-78
-222
-154
-56
-172
-155
-93
-140
-99
-121
-187
-116
-44
-151
-195
-146
-88
-31
-149
-174
-46
-95
-167
-110
-105
-87
-113
-147
-51
-96
-136
-73
-93
-139
-89
-91
-173
0
-21
-197
-53
-77
-127
-84
-65
-67
-114
-128
-18
16
-161
-120
46
-61
-96
-60
-81
-23
-80
-21
-12
-46
-79
-13
-41
-2
-11
-77
114
60
-75
-14
49
24
16
-11
-26
67
111
-8
43
42
42
79
80
101
64
44
95
103
45
75
121
90
65
162
80
79
152
67
95
187
149
69
126
115
132
206
131
134
136
111
184
170
134
166
147
142
201
136
186
188
182
194
180
127
175
233
216
102
162
290
149
176
220
207
186
207
164
228
229
145
164
286
257
87
207
288
232
178
175
289
238
182
279
261
144
199
213
209
229
254
278
194
191
236
257
226
219
205
285
261
124
227
309
268
116
160
352
258
179
183
258
297
238
181
231
221
153
238
272
205
155
250
173
122
262
323
153
67
229
279
173
186
215
107
169
193
177
212
156
123
246
200
131
120
61
165
215
184
138
63
112
162
150
83
99
149
82
140
94
58
103
106
61
130
55
42
31
48
146
57
-7
-2
76
108
41
-40
31
29
-4
65
-11
18
-14
-68
-9
-21
34
-77
-130
8
30
-64
-97
-13
-99
-17
-4
-62
-88
-102
31
-41
-130
-82
-61
-134
-105
-71
-22
-102
-135
-75
-145
10
-112
-188
-92
-103
-109
-104
-150
2
-25
-260
-124
-64
-89
-153
-150
-166
-58
-26
-207
-121
-91
-89
-189
-184
-134
-27
-31
-247
-134
-68
-89
-123
-189
-82
-104
-267
-61
-25
-145
-139
-206
-80
-65
-128
-212
-170
16
-124
-147
-130
-111
-121
-138
-113
-83
-77
-175
-115
-15
-32
-174
-257
20
-31
-181
-106
-62
-147
-2
-75
-85
-118
-118
8
-113
-152
-84
-40
-66
-25
-128
-79
-82
-17
-14
-103
-39
6
-35
-77
7
21
-69
-76
37
40
-14
45
-99
-59
118
95
10
-102
37
117
-115
84
96
-19
-8
21
187
251
-36
-107
157
81
142
192
-60
4
109
39
121
202
72
-117
229
223
-25
236
114
-49
304
164
-11
119
26
-60
310
296
36
156
182
77
37
310
227
185
108
42
285
206
-77
175
426
159
173
168
119
266
245
17
111
392
258
74
110
327
243
59
387
282
277
83
31
369
299
195
187
257
98
245
183
162
268
217
224
151
263
170
351
152
-57
364
294
182
300
171
81
171
243
356
342
-20
172
356
103
352
149
223
188
193
422
-3
302
265
14
348
405
26
112
294
167
246
208
104
325
145
106
322
263
19
213
209
86
365
159
90
76
398
228
-67
273
232
69
148
121
211
201
-4
110
285
91
79
276
-25
194
171
-54
234
71
74
152
68
-63
172
134
70
149
15
197
-101
-61
201
112
8
-48
98
36
58
-79
-11
79
0
37
-91
28
96
-101
-93
-69
-73
45
68
-172
130
-131
-203
232
-213
-96
262
-191
-235
260
-233
-413
175
67
-221
-162
-93
-3
-39
-139
-245
-38
34
-406
7
12
-246
95
-216
-163
-60
-303
-125
32
-196
-73
-29
-295
-48
-140
-174
-178
-277
-9
-56
-110
-114
-282
-90
-40
-309
15
-76
-328
-158
63
-145
-417
-50
-112
-215
-8
-137
-107
-154
-216
-66
-163
-94
-35
-352
-180
-3
-194
-80
-156
-258
119
-253
-246
-30
-148
-13
-305
-300
135
-98
-272
-54
-164
-132
-30
-171
-170
-144
-64
119
-274
-208
19
-111
-212
-52
-67
-83
107
-201
-167
-104
-91
-129
-220
255
-105
-245
251
-58
-204
-81
53
-86
-290
53
265
-12
-159
-157
-172
61
214
-152
-113
281
136
-194
-162
-20
85
-130
8
161
-8
17
112
101
49
-92
-131
435
101
-339
365
74
-245
226
204
20
-55
97
118
134
183
142
71
155
-150
28
355
-64
211
269
-96
246
238
-74
248
267
-67
167
191
172
177
77
123
165
122
119
313
58
54
356
216
146
188
185
138
211
72
174
506
157
-38
194
173
270
99
222
183
45
234
227
224
423
-26
-43
323
370
358
264
-112
-48
539
336
133
136
220
300
255
-101
282
455
275
-3
315
461
110
23
-14
297
335
99
349
419
-216
214
450
14
155
152
249
485
-5
32
361
193
119
-26
95
454
-19
159
333
26
393
220
18
161
14
105
155
171
385
51
99
311
7
97
-6
46
346
271
72
44
26
269
51
-79
171
-96
209
240
-194
426
238
-306
168
71
-156
78
14
147
113
32
67
-183
-236
150
127
-42
-28
-133
173
127
-255
-87
-123
-148
99
-43
-44
208
-227
-260
-10
-218
-23
32
-240
89
-32
-211
1
-293
-211
70
-63
-68
-247
-111
102
-389
-120
-194
-73
7
-70
-176
-74
-338
-101
131
-240
-249
-190
-63
-196
-66
-271
-76
-26
-325
-298
48
-137
-344
-59
-193
-331
-10
-105
-337
-151
-122
-192
-226
-98
-217
-261
-65
-160
-234
-90
-260
-172
-108
-189
-240
-223
-100
78
-294
-434
-79
17
-18
-419
-209
132
-307
-480
32
49
-142
-104
-416
-243
63
-208
-347
-118
37
127
-297
-485
-76
99
-296
-303
-56
19
-53
-390
-238
-67
-114
-34
-110
-47
-148
-230
11
-60
-120
-184
37
-140
-263
37
-131
-73
-2
-122
46
38
-443
-123
247
6
-133
193
-85
-162
149
-279
-219
430
72
-182
-140
-14
216
-87
-108
76
-16
34
201
131
258
-3
-479
152
364
12
-27
55
-86
0
221
483
83
-305
-58
232
160
23
308
68
100
-12
96
226
128
37
101
274
176
309
67
196
137
79
-84
98
331
365
259
-103
143
382
179
-61
148
299
168
45
437
548
-396
-20
448
317
79
133
462
143
-19
224
361
24
86
227
253
251
22
-27
406
423
233
184
-62
218
262
352
266
91
136
175
341
204
27
109
231
205
211
371
236
-111
71
704
132
-181
349
215
273
220
186
218
228
167
183
-56
238
547
-55
25
396
45
82
390
172
54
0
344
428
-43
31
180
16
63
127
293
132
-210
244
158
-93
162
487
74
-117
-8
318
207
-66
-140
92
724
5
-583
121
480
-169
-134
68
536
-25
-353
234
4
-86
324
172
-158
-286
164
369
-178
-260
4
117
187
22
-338
-57
395
-4
-416
-66
-91
-3
43
-208
-99
18
-88
-197
-140
-49
101
-106
-301
-43
224
-17
-305
-379
-283
25
282
161
-349
-572
140
490
-416
-578
-45
196
102
-602
-411
282
86
-459
-134
-173
-9
2
-515
-117
275
-255
-461
-172
49
20
-414
-385
-100
-153
-3
-189
-78
79
-299
-240
-447
-95
306
-515
-495
-60
142
-130
-307
-268
-422
-165
-1
81
-188
-302
-206
-18
-154
-289
55
-398
-288
59
-89
-173
-137
-118
-147
-209
-296
-47
199
-435
-221
26
5
-170
-339
-200
-183
76
22
-108
-201
-248
-440
191
109
-231
-177
-28
-229
-86
-5
101
-189
-312
-105
25
399
-354
-338
99
-130
-285
101
277
-185
-354
-148
192
-18
-212
78
134
-188
-197
35
148
171
-174
-161
147
-91
9
330
-96
-159
-26
158
375
95
-239
-33
198
71
223
-53
179
232
-259
174
507
-264
255
58
-34
349
5
168
120
-49
-144
173
215
124
291
280
-93
-36
125
183
252
423
128
-31
161
268
248
317
-179
-137
524
426
252
-50
-23
434
116
71
429
55
40
428
156
48
369
202
65
209
-43
414
748
-214
-245
523
469
226
-70
-3
320
215
354
334
221
-55
392
322
-39
85
322
332
330
-144
225
627
132
-48
2
219
280
388
481
255
-301
0
659
347
-84
229
232
118
133
519
319
-80
75
252
281
164
245
358
167
-12
276
293
74
233
149
71
599
-79
-246
550
340
-176
207
386
63
-175
188
484
-169
-194
728
231
-557
145
584
256
-371
-244
203
413
341
-304
-291
339
9
93
116
-90
46
26
-187
-81
188
244
-304
-404
26
-66
253
79
-424
-109
77
-224
29
76
-375
-180
-79
-36
-45
-230
9
-102
-255
-200
-51
273
-219
-530
174
-79
-240
310
-300
-359
289
261
64
-239
-245
494
457
-487
26
538
33
23
-150
74
764
121
-437
-128
295
527
104
-221
-215
-92
192
22
18
-295
-452
268
-169
-427
-276
-136
-390
-705
-521
-492
-66
-508
-1204
-721
-475
-186
-575
-1314
-550
446
-22
-925
-1501
-721
661
153
-810
-916
-517
324
343
-449
-571
-217
185
121
-214
-192
67
295
142
-199
-216
22
268
210
-59
-111
-97
139
369
38
-249
-5
62
75
-46
157
470
51
-64
-140
188
389
455
116
-219
166
396
497
135
-70
132
510
-93
-156
614
466
-48
-439
-195
-20
44
-261
-140
-43
-516
-536
-649
-486
-482
-857
-1130
-614
317
622
-44
-1090
-1961
-918
584
667
-322
-1178
-541
507
589
-172
-643
-389
444
365
-301
-144
676
1258
299
-797
-570
443
1110
629
-233
-353
436
941
631
-241
-342
250
392
124
-44
381
720
321
-225
-377
85
839
1040
473
-22
-38
651
935
647
547
409
470
650
827
838
722
582
465
199
463
969
731
267
-4
51
130
-75
46
146
-180
-687
-813
-679
-405
-713
-1294
-1340
-529
971
776
-635
-2332
-2166
103
1400
801
-972
-1243
336
1584
746
-615
-590
801
1411
184
-77
1024
2197
1381
-807
-1134
472
1919
1434
-207
-727
538
1316
642
-507
-693
189
271
-188
-302
268
875
364
-760
-1154
-241
994
1484
516
-361
-133
869
1727
1179
376
72
705
1493
1560
1129
798
580
225
137
596
1103
447
-717
-932
-75
647
-87
-1521
-2118
-1443
-860
-1275
-2003
-1979
-1189
51
254
-866
-2537
-3226
-851
1443
1460
-841
-2000
-62
2234
1640
-733
-1277
712
2565
1339
-135
597
2432
2076
-810
-1944
207
2522
1733
-862
-1815
23
1493
315
-1724
-2058
-394
342
-582
-1289
-629
310
-312
-1733
-1964
-576
847
830
-469
-895
140
1413
1475
362
271
937
1483
1288
1122
1547
1531
511
-357
329
1470
1371
-305
-1232
-569
371
65
-1085
-1604
-1601
-1728
-2019
-2038
-2144
-2557
-3024
-2637
-1045
426
-227
-2425
-4342
-2725
715
2245
693
-1722
-1244
1152
2471
1191
-234
121
1852
2050
1133
1272
2444
2530
118
-1835
-801
1912
2569
273
-2005
-1545
288
546
-1044
-2386
-1819
-773
-811
-1271
-1073
-310
-523
-1877
-2613
-1412
689
1491
404
-902
-398
1252
2222
1684
1161
1686
1996
1669
1243
1982
2584
1376
-367
-248
1483
2021
302
-1517
-1197
-141
-68
-1195
-1829
-1773
-2072
-2769
-3003
-2691
-2708
-3240
-3072
-1105
830
81
-2874
-4777
-2375
1876
3221
769
-1642
-274
2823
3467
1152
-291
1099
3213
2979
1636
1872
3236
2774
-211
-2074
-247
2672
2560
-430
-2450
-1307
470
71
-1979
-2874
-1684
-561
-800
-1413
-1103
-325
-732
-2126
-2391
-609
1567
2027
533
-528
125
1886
2794
2430
2041
2425
2922
2320
1729
1890
2558
1721
312
323
1766
2183
297
-1641
-1504
-135
85
-960
-1889
-1859
-1871
-2439
-2969
-3008
-2959
-3357
-3067
-1557
335
804
-1198
-3156
-3191
-382
2485
2896
1197
-38
1042
2779
3044
1691
1018
1767
3069
3178
2705
2577
2431
1145
-893
-1313
650
2440
1563
-1026
-2477
-1550
-411
-776
-2140
-2538
-1571
-693
-831
-1264
-1061
-838
-1321
-2011
-1343
693
2280
2030
549
69
880
2130
2600
2665
3334
3286
2320
1266
1566
2609
2200
667
3
1002
1979
1105
-904
-1870
-1593
-863
-661
-1044
-1633
-2425
-3114
-3143
-2941
-3165
-3549
-3427
-1965
-417
507
-463
-2300
-3297
-2088
1030
3062
2652
635
187
1556
2928
2283
935
1146
2736
3635
2705
1727
1777
1562
-41
-1601
-922
1426
2160
137
-2564
-2986
-1612
-914
-1806
-2679
-2075
-1003
-1002
-1808
-1995
-1449
-1146
-1681
-1816
-316
1709
2317
1079
-407
-310
917
2500
3402
3965
3256
1483
358
899
2623
2617
1112
-159
378
1338
1027
-576
-1969
-2372
-1768
-755
-359
-1177
-2821
-3978
-3903
-3209
-3122
-3471
-3594
-2493
-1043
104
-317
-2158
-3625
-3110
174
3116
3400
1172
-330
558
2158
2224
1151
1365
2963
3848
2552
1127
1265
1699
433
-1473
-1175
1324
2533
520
-2702
-3703
-2248
-1102
-1608
-2351
-1780
-871
-1283
-2736
-3014
-1731
-680
-1096
-1764
-767
1240
2084
765
-546
-164
1305
2112
2373
3525
4770
3534
43
-1624
908
4452
4103
934
-940
214
1217
105
-1512
-1686
-1007
-811
-1034
-1155
-1552
-2888
-4214
-4262
-3052
-2272
-2602
-3157
-2260
-456
554
-1208
-3712
-4018
-684
3577
4247
1600
-1067
-269
2209
2982
1646
1280
2948
4500
3299
879
548
1981
2078
-32
-1150
792
2997
1732
-2057
-4213
-2638
-326
-185
-1581
-1971
-1106
-982
-2502
-3475
-2199
-150
268
-1004
-1372
228
1766
1317
-311
-620
1231
3266
3881
3804
3325
2342
696
120
2085
4262
4343
1875
-285
-329
585
766
-62
-880
-815
-415
-390
-1072
-2312
-3272
-3495
-2996
-2427
-2411
-3006
-3136
-2270
-379
622
-1219
-3917
-4266
-120
4494
4500
621
-2191
-353
3124
3617
1724
1501
3696
4772
2329
-55
1115
3689
3097
-268
-1392
1494
3713
1403
-2971
-4099
-1302
844
-151
-1982
-1858
-828
-1574
-3635
-3626
-1112
1045
210
-2042
-2211
-173
1318
686
-464
240
2126
3058
2788
3038
3679
2586
354
-233
2941
5800
4704
690
-1610
-435
1352
1501
465
-180
-446
-914
-1558
-1742
-1915
-2292
-2956
-3099
-2874
-2669
-3290
-3685
-2916
-629
800
-1150
-4317
-4959
-332
4307
3939
-665
-3142
-197
3825
3725
934
595
3361
4621
1889
-448
1311
4349
3293
-769
-1918
1487
3725
1111
-3281
-3667
-491
1126
-774
-2789
-2183
-785
-1673
-3918
-3745
-1064
929
-506
-3006
-2997
-636
969
282
-608
331
1948
2134
1519
2122
3245
2533
317
93
2902
5024
3434
-152
-1366
144
1605
1250
141
-222
-466
-1381
-2292
-2261
-1601
-1736
-2833
-3901
-4025
-3576
-3154
-2662
-1041
-116
-1809
-5224
-6145
-1366
4008
4223
-896
-4385
-1878
2669
3352
1098
740
3268
3995
980
-1067
1529
5095
3855
-751
-1978
1768
4340
1651
-2909
-3175
-44
1328
-546
-2100
-1254
-465
-2354
-4606
-3670
-332
1294
-598
-3278
-3681
-1821
-355
-3
56
789
1108
1094
1041
1449
1974
1507
1385
1852
3075
3427
2159
331
-396
500
1769
1889
1117
171
-560
-1356
-2070
-1847
-1052
-925
-2314
-3781
-4250
-3278
-2258
-838
-531
-2164
-4872
-5749
-1934
2438
2980
-953
-3828
-2147
1264
1877
772
1405
3800
3477
-142
-1799
1701
5879
4884
340
-1262
1792
3682
1699
-1084
-326
1800
1275
-1224
-1581
507
1101
-1615
-4012
-2766
467
1567
-698
-2955
-3167
-1577
-538
-140
299
913
755
-418
-1047
346
2613
3476
1881
183
603
2130
2670
1565
1049
1355
1496
593
190
821
1263
-83
-1776
-1983
-796
-546
-1710
-2502
-1134
-9
-1365
-4173
-4888
-1547
1367
997
-2260
-3542
-1619
526
63
-965
123
2471
2266
-459
-1577
964
4008
3545
905
101
2085
3201
1784
-69
826
2714
2614
422
-647
569
1594
444
-1321
-1091
677
1208
-364
-2047
-1786
-374
-102
-755
-949
172
592
-491
-1532
-675
1267
1840
683
-95
578
1413
1013
227
733
1799
1798
450
-279
220
807
171
-694
-727
26
162
-72
-522
-1114
-2061
-2841
-1630
180
928
-783
-2561
-2630
-1471
-995
-955
-211
1145
898
-1120
-2325
-953
1459
2045
1040
488
1095
1087
288
-14
1437
2635
2099
491
11
844
1307
716
81
328
767
590
-80
-305
-264
-238
-497
-587
-397
-226
-279
-596
-752
-652
-451
-220
-103
83
98
-202
-432
-175
486
746
416
-40
66
236
96
-213
-14
296
111
-687
-1093
-732
34
522
-126
-1142
-2197
-1780
-631
286
-244
-1418
-1912
-1526
-1277
-1499
-1083
100
721
-645
-2340
-2266
-227
1195
848
-123
-21
301
-158
-842
18
1809
2338
921
-595
-314
788
1062
449
402
928
1015
70
-646
-380
396
474
-134
-427
-224
42
-325
-799
-790
-380
-276
-527
-574
-235
-137
-647
-1054
-715
-50
95
-241
-341
-81
-60
-391
-427
96
522
284
-136
-111
171
160
-48
74
228
38
-598
-768
-415
-2
-139
-566
-779
-781
-917
-1126
-900
-359
-104
-612
-1189
-1153
-613
-380
-458
-369
66
180
-211
-584
-309
340
652
493
274
354
426
334
224
400
720
809
511
236
267
440
404
216
131
267
391
304
50
-96
-67
14
26
-26
29
119
137
0
-73
37
249
298
144
126
333
556
529
296
234
430
591
506
339
403
599
566
225
-54
36
246
189
-76
-209
-113
-133
-367
-582
-530
-325
-341
-574
-649
-449
-311
-484
-731
-558
-111
78
-182
-467
-276
172
301
75
-33
269
612
533
255
263
571
731
531
363
555
798
717
377
269
486
610
430
306
457
642
500
166
82
396
607
415
164
200
443
493
316
251
452
565
405
201
294
602
704
496
297
329
522
507
314
252
368
451
304
81
43
139
65
-122
-222
-137
-73
-212
-407
-412
-305
-341
-524
-600
-418
-252
-366
-549
-473
-246
-162
-293
-362
-189
43
54
-80
-83
106
255
183
66
157
387
473
313
120
187
414
503
336
169
186
270
219
84
102
281
369
258
126
115
184
168
102
114
225
281
192
134
168
193
123
43
116
260
284
137
23
34
60
58
62
69
26
-117
-209
-121
19
-49
-319
-499
-402
-200
-232
-480
-624
-492
-347
-444
-647
-701
-580
-553
-674
-672
-467
-309
-442
-664
-650
-443
-284
-368
-424
-263
-152
-230
-388
-306
-6
143
-22
-196
-89
112
115
-93
-134
87
240
74
-179
-166
59
138
2
-54
123
262
95
-154
-133
117
208
53
-41
110
265
101
-182
-176
117
267
51
-208
-153
112
153
-70
-228
-114
13
-102
-293
-251
17
134
-67
-369
-489
-357
-202
-137
-122
-180
-313
-486
-533
-404
-265
-320
-458
-486
-365
-308
-429
-577
-537
-315
-256
-401
-517
-420
-265
-266
-360
-347
-145
14
-85
-224
-135
91
178
14
-39
143
325
235
-3
-31
224
419
319
148
204
382
340
141
92
286
438
338
131
121
269
346
219
105
188
322
272
84
46
228
372
248
2
-33
173
287
135
-66
-29
211
300
130
-73
-69
129
187
62
-43
-15
87
85
16
-42
-78
-107
-105
-61
51
56
-116
-276
-264
-108
-45
-121
-214
-202
-138
-126
-150
-85
58
106
-16
-116
0
240
368
266
109
135
337
457
404
317
376
508
482
337
330
512
659
550
321
248
399
528
446
287
298
456
517
368
218
270
390
392
283
238
334
343
211
83
128
301
318
148
58
163
293
226
31
-23
126
254
147
20
29
159
215
85
-36
-14
63
88
63
25
34
-13
-110
-161
-110
1
-21
-151
-235
-207
-102
-73
-131
-167
-122
-56
-80
-138
-117
13
67
-6
-39
90
232
181
43
-2
152
289
236
133
138
263
270
146
73
141
256
232
84
9
107
234
193
51
-4
102
156
59
-60
-12
116
105
3
-51
8
31
-92
-167
-52
122
79
-171
-295
-143
42
8
-189
-267
-148
-8
-28
-177
-263
-228
-169
-187
-221
-197
-154
-152
-265
-370
-340
-293
-275
-324
-322
-272
-283
-408
-460
-337
-186
-199
-358
-407
-284
-159
-194
-263
-222
-81
-54
-194
-265
-145
1
2
-119
-162
-42
53
19
-69
-109
-69
-52
-80
-98
-58
35
18
-99
-153
-115
-41
-46
-130
-144
-37
18
-63
-221
-223
-78
-13
-79
-192
-168
-69
-49
-129
-170
-125
-108
-175
-217
-126
6
28
-133
-272
-219
-99
-44
-101
-147
-112
-109
-172
-238
-205
-96
-80
-178
-224
-175
-116
-150
-240
-224
-148
-112
-141
-148
-86
-65
-142
-205
-122
45
99
17
-75
-78
-28
4
46
112
162
145
108
88
82
49
38
102
184
189
111
64
123
179
115
-14
-19
95
173
134
38
16
45
35
-13
-12
78
145
100
38
44
99
110
6
-18
133
282
245
92
56
158
211
126
86
242
380
289
98
60
220
315
226
125
157
247
225
112
78
140
186
120
92
144
199
155
47
24
84
159
171
185
193
169
88
67
157
276
325
259
198
219
308
342
256
192
235
330
331
243
203
272
356
311
190
111
156
198
193
180
181
184
141
73
51
98
155
179
185
197
177
104
56
91
194
253
200
133
150
224
248
203
151
201
274
293
242
223
242
199
118
88
191
302
246
84
10
72
150
112
72
91
100
14
-72
-45
52
78
-18
-55
14
83
18
-65
-14
98
93
-49
-69
95
231
138
-44
-61
95
181
66
-30
29
143
110
-29
-58
37
79
-46
-163
-115
13
6
-113
-154
-72
-25
-89
-181
-151
-31
-19
-113
-191
-156
-104
-119
-163
-146
-80
-69
-106
-146
-137
-136
-142
-133
-103
-54
-82
-148
-204
-209
-167
-111
-85
-116
-175
-242
-232
-171
-126
-124
-183
-224
-207
-170
-167
-215
-250
-232
-185
-155
-193
-227
-203
-175
-195
-272
-283
-193
-111
-111
-173
-208
-197
-215
-263
-226
-139
-80
-156
-254
-225
-146
-124
-206
-236
-166
-114
-162
-238
-210
-93
-63
-161
-256
-224
-104
-45
-111
-182
-173
-139
-162
-201
-168
-87
-60
-144
-214
-191
-112
-102
-170
-180
-86
-52
-148
-250
-247
-167
-143
-197
-173
-92
-81
-191
-289
-179
-11
-6
-134
-200
-105
-8
-56
-138
-142
-53
-27
-118
-144
-50
35
-31
-186
-227
-139
-41
-36
-108
-152
-132
-110
-109
-132
-103
-89
-92
-64
-32
29
20
-44
-75
-19
58
100
67
57
111
139
119
88
137
229
245
137
98
166
243
225
145
111
135
168
169
140
133
138
105
74
64
125
187
140
26
-16
16
76
94
93
114
119
57
13
57
170
236
197
121
93
148
174
175
193
199
161
96
78
136
192
160
57
-10
1
28
61
70
47
-5
-39
28
117
124
36
-36
18
139
231
191
165
196
236
216
176
234
379
442
364
286
315
417
416
325
287
349
402
330
241
269
327
259
94
53
209
318
201
-27
-84
44
136
63
-15
47
101
40
-81
-76
102
191
80
-19
62
235
251
101
38
160
301
294
157
141
229
249
126
7
58
166
136
10
-51
-26
-59
-160
-210
-141
-77
-147
-240
-238
-121
-107
-202
-283
-206
-51
-19
-75
-88
4
69
21
-35
52
205
222
108
54
160
265
204
69
58
157
184
72
-21
24
89
-15
-209
-244
-105
-8
-160
-364
-385
-250
-186
-285
-369
-311
-238
-304
-411
-347
-153
-80
-222
-383
-299
-71
25
-92
-221
-156
4
11
-94
-119
-1
49
-87
-234
-202
-34
-10
-169
-309
-274
-193
-265
-411
-429
-309
-243
-341
-451
-399
-291
-283
-383
-437
-327
-186
-182
-263
-258
-143
-58
-90
-149
-109
21
48
-15
-55
0
77
38
-53
-80
-20
10
-46
-120
-139
-132
-156
-214
-264
-229
-192
-247
-353
-400
-340
-241
-215
-282
-327
-306
-294
-282
-246
-155
-114
-167
-232
-229
-132
-48
-41
-75
-95
-78
-48
-30
-36
-30
-37
-66
-90
-89
-81
-90
-126
-151
-160
-181
-210
-241
-235
-201
-187
-188
-196
-185
-178
-179
-162
-131
-90
-54
-28
2
39
62
100
138
135
119
137
192
249
215
133
115
168
224
194
111
89
113
114
64
14
27
59
25
-54
-76
-35
2
-24
-69
-52
10
18
-12
-29
3
45
69
90
122
135
129
134
127
151
185
201
221
239
245
202
170
164
183
200
181
159
132
129
108
67
39
29
51
56
36
22
38
56
78
42
8
50
139
215
210
149
150
229
306
321
307
324
350
365
335
322
323
327
330
340
339
332
292
233
184
178
198
201
181
138
94
56
34
27
38
42
63
66
48
48
54
73
97
99
92
111
159
219
222
194
172
177
202
211
225
248
264
250
219
163
110
96
117
161
162
95
9
-32
-43
-52
-53
-64
-60
-63
-77
-89
-89
-80
-93
-96
-50
32
91
91
16
-27
26
136
227
239
190
133
144
160
174
166
161
173
161
119
72
55
19
-23
-71
-66
-47
-58
-110
-183
-197
-198
-212
-250
-254
-211
-157
-157
-206
-225
-234
-189
-158
-135
-100
-45
-19
-80
-134
-114
-58
-22
-32
-50
-35
-38
-67
-113
-138
-134
-141
-154
-179
-188
-187
-233
-286
-329
-320
-301
-301
-299
-281
-300
-340
-347
-340
-285
-233
-203
-180
-157
-146
-151
-161
-126
-44
33
56
57
26
1
18
42
43
12
10
50
66
12
-104
-167
-144
-111
-127
-175
-197
-180
-188
-281
-370
-351
-279
-243
-273
-280
-219
-184
-238
-309
-289
-181
-76
-64
-102
-117
-118
-125
-116
-72
-15
-13
-58
-67
-57
-46
-85
-140
-136
-79
-56
-142
-210
-179
-138
-158
-247
-290
-226
-170
-162
-206
-225
-177
-122
-140
-145
-92
-22
28
30
8
-4
36
97
156
215
236
210
182
167
210
252
283
367
362
267
282
284
150
57
23
-32
-59
-34
-23
-35
-40
-97
-113
-29
-8
-28
-44
28
336
271
-28
107
168
-7
119
173
-23
82
238
135
168
274
242
459
648
425
343
425
180
6
110
35
-86
50
97
52
145
167
81
154
201
70
31
39
-46
-39
2
-30
94
225
182
175
314
354
290
267
271
329
380
323
226
243
322
312
309
337
344
390
416
329
248
255
235
170
165
170
175
189
169
115
125
174
162
180
223
210
191
201
167
133
167
185
166
228
289
273
279
303
314
317
264
197
278
354
325
331
297
281
315
264
150
73
4
-108
-203
-310
-243
143
99
-192
-4
128
-203
-375
-281
-242
-198
-17
22
-5
237
262
54
193
275
79
91
213
226
276
261
176
235
305
192
95
176
364
553
391
121
130
-20
-184
-69
-115
-204
-96
-129
-271
-54
-29
-205
-13
-74
-308
-126
-109
-286
-207
-117
-163
-63
6
-79
-11
4
3
-7
18
0
-26
13
-49
-103
-151
-165
-139
-105
-185
-197
-195
-256
-295
-245
-234
-343
-318
-294
-383
-286
-150
-186
-220
-267
-133
-113
-207
-138
-97
-181
-179
-135
-75
35
-185
-305
14
-74
-313
-147
-115
-215
-45
-154
-363
-27
89
-297
-209
-42
-195
-94
-75
-214
-11
114
-277
-338
-49
-170
-217
-118
-194
-141
-80
-187
-215
-98
-74
-73
-79
-155
-222
-96
-82
-160
-71
-100
-142
-107
-141
-92
-39
-218
-201
-67
-201
-207
-16
-214
-280
-146
-199
-180
-174
-306
-300
-94
-95
-236
-305
-249
-72
-123
-205
-107
11
-46
-207
-29
102
16
-108
-49
-2
84
-26
-206
-65
73
101
24
12
36
-7
19
45
91
-15
-63
187
118
-28
33
43
74
103
-8
-33
57
66
192
46
-202
89
285
195
67
-33
129
317
78
104
243
94
118
95
83
143
43
115
111
44
21
79
148
146
86
83
108
78
60
104
196
116
40
121
71
67
103
206
137
28
234
304
57
88
301
196
272
297
176
186
184
152
217
172
108
219
255
209
374
222
23
312
304
112
123
189
218
161
211
206
145
158
254
274
39
109
288
165
-22
46
360
223
-63
132
411
269
-35
74
250
204
201
171
156
139
143
218
199
-6
-11
200
243
169
168
73
-32
231
258
-23
-76
129
180
179
44
-109
111
109
-13
95
225
77
-21
25
103
166
237
-38
-41
280
48
9
90
30
256
151
-141
32
231
-104
-48
208
-120
-10
127
-56
-26
-73
-27
49
18
-141
-151
-77
-126
1
-174
-278
24
13
-243
-217
5
-85
-169
-281
-95
15
-53
-234
-163
-147
-153
-27
-206
-43
-40
-175
-107
-142
-255
5
10
-316
-149
-186
-293
-47
-49
-244
-147
-241
-226
-109
-202
-69
-243
-397
-138
-32
-227
-341
-107
-152
-234
-97
-221
-97
-159
-257
-131
-104
-198
-322
-180
-197
-212
-187
-114
-11
-9
-163
-222
-241
-270
-92
-112
-94
-76
-192
-130
-144
-265
-224
-165
-304
-193
-152
-202
-247
-367
-145
-152
-226
-325
-293
-161
-208
-336
-157
-96
-236
-138
-244
-171
-189
-177
-179
-119
22
-91
-260
-233
-92
-105
50
-234
-346
-156
26
-54
-294
-155
-26
-90
-204
-82
-238
-31
21
-235
-182
-88
22
-117
-108
37
-37
-81
-49
32
124
-140
-255
176
190
-20
47
-112
8
251
146
-196
-34
104
-56
116
153
96
-78
-25
143
161
-29
-73
55
158
173
61
152
233
292
-189
-330
211
234
147
-18
-172
48
92
-23
28
76
38
48
115
94
67
47
156
174
206
360
119
-17
194
256
116
164
126
251
331
104
35
152
126
122
316
172
-36
159
387
284
63
34
197
229
235
223
185
239
295
175
218
321
232
214
242
246
303
344
163
188
183
211
288
142
224
304
155
2
258
256
85
188
223
149
-7
193
259
93
198
220
109
214
171
-18
196
255
45
184
195
29
156
166
194
109
130
169
95
102
11
105
281
203
-52
97
119
136
39
61
201
-23
-11
250
152
-60
101
149
-14
120
90
30
-43
76
190
22
41
204
62
-91
282
107
-142
95
142
-95
121
132
48
178
-98
-40
94
14
29
39
-19
-105
46
106
36
-174
-231
49
50
-130
-143
-69
14
-51
-265
-167
-21
-81
-150
-175
31
-211
-348
-44
-20
-121
-235
-137
-282
-155
-49
-214
-222
-177
-230
-173
-272
-301
-7
-211
-380
-38
-158
-435
-182
-209
-392
-69
-86
-253
-120
-246
-276
-207
-208
-119
-136
-163
-43
-204
-378
-46
-4
-303
-153
-79
-87
-138
-154
-219
-66
-132
-155
-210
-156
-99
-215
-121
-165
-141
-196
-60
-173
-309
-67
-202
-192
-102
-204
-226
-176
-216
-233
-163
-149
-188
-295
-249
-178
-165
-193
-296
-266
-251
-109
-221
-343
-179
-137
-278
-165
-117
-355
-247
-45
-73
-142
-186
-274
-171
-69
-97
-248
-254
-90
-58
-201
-207
-49
-131
-254
19
-73
-180
-121
-203
-110
114
-72
-124
-62
-62
156
-100
-27
81
-171
-61
162
166
81
-207
-51
223
-79
-57
155
128
-44
74
-89
-15
90
-50
58
27
73
36
58
-82
49
88
-64
131
41
23
83
115
-10
-36
115
75
82
34
139
98
-89
69
283
64
-122
72
128
121
89
126
178
19
110
46
17
141
108
47
251
-51
-102
330
108
-53
219
120
92
243
105
31
85
299
232
136
110
105
246
290
54
190
391
208
109
223
305
194
243
75
261
338
27
176
281
133
210
251
111
217
118
244
219
73
143
159
227
67
78
254
237
49
91
186
173
87
164
189
145
208
73
44
261
170
28
247
236
-3
255
117
15
280
58
-76
330
136
-108
91
36
189
98
-138
-10
105
3
78
56
44
53
46
106
-60
22
54
94
110
65
61
88
101
-49
226
165
-61
13
88
132
168
-7
-149
126
95
7
-21
-7
19
-15
-90
-58
-74
-49
-5
-156
-112
27
-81
-178
-116
-93
-4
-48
-223
-137
-81
-91
-159
-94
-68
-109
-115
-111
-203
-83
-108
-116
-183
-179
-78
-211
-194
-143
-137
-339
-92
-106
-221
-205
-312
-165
-193
-255
-226
-230
-184
-178
-109
-221
-334
-202
-35
-191
-183
-156
-163
-136
-262
-118
-19
-192
-224
-186
-133
-74
-195
-205
-180
-167
-132
-186
-222
-232
-265
-196
-108
-256
-293
-147
-246
-321
-202
-166
-253
-227
-289
-212
-110
-340
-321
-208
-126
-156
-255
-276
-141
-191
-255
-174
-89
-173
-227
-135
-170
-163
-151
-209
-155
-83
-198
-129
-174
-295
-144
-105
-278
-159
-167
-285
-160
-184
-256
-192
-241
-176
-13
-170
-252
-254
-123
-54
-182
-96
56
-175
-250
-53
42
-57
-177
-136
54
-20
-58
-82
-63
48
-86
-279
28
129
-133
-82
-154
68
94
-226
-187
73
-121
-86
125
-148
73
95
-177
15
58
-20
-39
102
53
66
68
-134
2
158
179
-27
10
91
83
-168
126
203
-105
-28
80
48
39
106
-156
68
22
-134
181
107
70
74
-71
112
134
-4
47
282
49
113
129
113
266
71
128
151
196
181
138
63
310
266
-55
135
201
191
201
69
121
203
36
149
299
116
56
159
118
69
188
176
57
24
258
263
4
26
183
176
140
145
147
105
185
212
79
58
170
163
207
135
114
226
75
94
223
58
44
189
134
198
140
-72
79
155
83
103
-40
90
223
34
-38
90
155
57
-72
124
224
154
55
82
99
79
170
43
45
185
90
53
42
130
36
-84
90
138
53
-22
-41
-88
32
101
32
-64
-132
12
31
-86
-172
-26
27
-3
-93
-95
-73
-67
-43
-65
-64
-117
-64
-60
-69
-13
-140
-163
-6
-180
-223
-78
31
-222
-127
-91
-246
-205
-191
-218
-97
-87
-452
-115
-185
-232
-64
-391
-263
-110
-276
-183
-122
-291
-291
-124
-206
-270
-184
-118
-202
-213
-102
-230
-296
-154
-82
-219
-248
-226
-75
-204
-275
-254
-284
-23
-205
-293
-241
-67
-313
-384
-153
-111
-304
-370
-57
-205
-231
-326
-215
-291
-156
-150
-303
-181
-193
-93
-233
-361
-184
-147
-223
-226
-137
-229
-306
-186
-196
-257
-174
-255
-307
-223
-202
-181
-447
-330
-60
-216
-405
-270
-239
-289
-16
-258
-412
-221
-263
-147
-215
-280
-67
-144
-325
-168
-108
-199
-92
-155
-215
-76
-99
-114
-165
-170
-69
-114
-180
-77
-78
-156
-137
-31
-80
-153
-118
12
-106
-229
25
-186
-177
2
68
-181
-123
-54
-47
94
-161
-229
23
175
-122
-106
84
-70
50
-81
-109
81
113
-94
-97
171
75
-158
-84
133
62
-59
-57
-41
21
36
38
-54
-38
-54
12
110
-17
35
17
44
55
62
30
103
79
-116
165
161
149
22
-72
307
203
56
52
182
192
49
107
221
157
45
163
130
184
133
27
228
175
142
146
85
62
163
128
127
143
203
181
66
99
122
197
210
122
140
195
284
34
100
258
140
84
170
337
109
35
175
171
231
109
23
185
93
239
98
-17
169
128
42
42
116
94
115
30
75
86
50
60
79
172
43
27
138
145
138
98
98
122
107
51
49
209
278
-15
-9
203
55
160
94
18
129
94
-57
10
99
66
6
-43
128
-49
-134
10
40
-24
52
-29
-33
34
-230
80
107
-184
-100
29
20
-165
-49
-48
-16
-109
-72
-67
-74
36
-100
-193
-56
37
-95
-141
-104
-168
-80
-81
-255
-121
-96
-187
-143
-178
-117
-107
-242
-306
-86
-5
-238
-275
-173
-91
-307
-201
-17
-228
-262
-129
-126
-210
-90
-142
-302
-141
-221
-61
-92
-229
-344
-117
-88
-208
-142
-303
-60
-232
-295
-174
-171
-442
-212
-85
-222
-280
-384
-278
-197
-112
-288
-232
-353
-210
-88
-305
-222
-287
-67
-212
-266
-195
-210
-262
-246
-111
-221
-94
-153
-349
-143
-176
-257
-217
-156
-203
-340
-218
-129
-243
-293
-254
-224
-175
-335
-219
-187
-325
-227
-119
-216
-350
-225
-216
-138
-187
-197
-197
-177
-110
-233
-235
-183
59
-207
-221
-111
-137
-163
-201
-99
-108
-104
-191
-147
-70
-90
-240
-150
42
-144
-136
-199
-189
25
-56
-243
-112
-85
-34
-44
-136
-53
-89
-90
54
-62
-175
30
74
-87
-68
82
-40
-42
33
3
51
-13
-49
-5
12
3
-38
0
-90
12
26
51
-59
-115
61
17
33
-35
-17
-12
75
61
-77
-61
110
38
50
46
21
55
74
158
130
41
139
219
-21
88
170
254
145
-10
150
353
-21
-7
127
192
167
25
37
202
231
-105
85
245
91
-34
210
160
167
116
45
191
270
129
53
174
238
169
131
107
234
275
200
115
131
210
305
103
50
291
100
51
140
126
138
103
39
91
104
141
31
-60
4
199
44
15
129
12
110
100
-30
89
135
128
123
24
143
174
80
-39
188
215
62
153
142
141
141
64
93
162
82
132
92
79
88
104
68
-43
110
159
-26
-12
-6
97
83
27
-89
36
101
-73
-6
51
-4
27
-27
-1
120
-53
-80
3
11
20
1
-156
-45
74
13
-88
-135
-113
-103
-132
-137
-73
-216
-83
-212
-182
-103
-303
-345
-125
-31
-181
-316
-248
-186
-158
-239
-221
-205
-145
-183
-241
-109
-181
-196
-57
-171
-273
-85
-78
-97
-208
-144
-177
-188
-52
-87
-176
-253
-109
-148
-165
-113
-276
-183
-149
-213
-239
-177
-268
-137
-163
-296
-97
-203
-383
-175
-137
-259
-165
-260
-284
-68
-201
-417
-269
-156
-98
-215
-342
-250
-92
-253
-289
-236
-269
-188
-143
-350
-266
-147
-313
-258
-292
-250
-261
-315
-256
-134
-281
-398
-262
-202
-189
-314
-282
-236
-240
-222
-241
-195
-136
-193
-184
-159
-147
-179
-204
-92
-107
-84
-93
-257
-138
-61
-198
-124
-13
-176
-123
-117
-158
-105
-146
-134
-149
-79
-187
-138
-99
-146
-131
-26
-78
-153
-48
-138
-92
-113
-18
-16
-83
-67
-103
-140
-12
83
-114
7
-21
-73
66
16
37
-127
-122
66
-17
21
-35
-190
-46
60
-42
44
-94
-132
-12
88
10
-111
-61
-39
10
31
38
-72
34
101
58
49
15
71
131
103
64
82
147
89
77
145
161
103
94
78
156
285
102
11
101
183
205
13
-9
225
204
33
91
195
53
113
166
84
194
110
140
185
102
145
199
73
127
207
93
134
196
164
255
126
95
137
133
191
262
147
2
164
203
129
72
149
77
74
83
173
134
50
54
136
95
36
70
41
180
119
67
82
130
114
117
132
36
141
201
99
145
156
110
99
145
182
85
97
101
134
139
144
14
88
89
21
161
23
0
35
87
72
11
-81
47
65
70
20
-49
61
-18
59
5
-75
-7
26
62
3
-45
11
-11
-70
-18
18
-36
-85
-2
6
-116
-96
-19
-122
-129
-67
-188
-81
-84
-176
-84
-111
-242
-177
-184
-112
-106
-206
-202
-223
-97
-198
-219
-212
-106
-136
-269
-124
-147
-150
-215
-217
-140
-132
-231
-167
-151
-254
-165
-188
-123
-233
-181
-221
-220
-244
-129
-162
-348
-155
-241
-210
-205
-215
-145
-288
-339
-152
-147
-346
-210
-186
-287
-238
-189
-289
-248
-111
-259
-316
-137
-161
-261
-171
-203
-201
-198
-258
-168
-173
-239
-311
-229
-100
-128
-270
-350
-244
-98
-204
-342
-206
-250
-237
-299
-320
-231
-196
-304
-305
-144
-196
-238
-262
-287
-197
-206
-247
-178
-233
-253
-168
-169
-157
-237
-257
-134
-126
-260
-225
-146
-175
-94
-207
-239
-57
-164
-317
-183
-79
-115
-160
-281
-68
-65
-214
-125
-201
-138
-71
-132
-176
-69
-105
-205
-39
-68
-54
-157
-150
58
-20
-42
44
-85
-155
110
3
-98
-62
35
41
-45
-114
-15
47
-78
2
-11
-15
37
-53
0
1
-9
-45
12
-6
22
16
22
8
60
7
-31
44
51
145
15
67
3
85
100
65
81
64
68
104
145
104
85
62
71
121
95
87
233
59
-18
29
172
234
54
-6
87
179
188
87
17
118
145
160
171
135
92
51
164
236
117
145
181
120
173
204
143
131
110
263
134
125
120
138
86
199
107
97
189
-10
185
173
134
79
38
172
113
79
154
181
30
51
250
179
79
8
69
257
152
13
152
165
174
131
117
109
64
160
135
152
163
112
30
121
201
86
-24
27
141
113
145
11
51
46
31
124
112
2
15
15
68
72
69
5
8
6
19
45
27
-22
-20
91
-1
-35
-17
26
-32
4
-56
-40
-64
-4
15
-103
-125
-117
-37
-43
-140
-97
-111
-188
-57
-82
-177
-133
-149
-33
-167
-247
-78
-83
-143
-124
-206
-129
-84
-151
-87
-127
-231
-117
-117
-157
-115
-169
-120
-142
-157
-170
-250
-130
-22
-225
-256
-142
-157
-171
-250
-211
-206
-171
-184
-250
-178
-180
-205
-220
-244
-210
-137
-158
-271
-220
-242
-225
-172
-221
-148
-212
-263
-184
-165
-252
-142
-229
-298
-180
-197
-238
-222
-228
-248
-259
-242
-170
-212
-267
-260
-243
-193
-283
-229
-196
-238
-252
-238
-187
-212
-267
-195
-167
-208
-232
-164
-166
-165
-165
-264
-141
-131
-143
-123
-181
-152
-131
-135
-126
-137
-122
-188
-94
-87
-176
-123
-114
-159
-150
-110
-188
-49
-75
-152
-151
-119
-50
-151
-128
-39
-112
-182
19
-54
-181
-27
-75
-136
-32
-21
2
-10
-134
-49
32
-21
-75
-56
5
11
-85
-85
79
57
-81
-34
-49
13
41
-22
30
47
-65
7
117
-83
2
141
-4
49
52
89
111
21
33
104
133
113
97
11
61
203
142
134
109
34
154
189
75
136
169
62
179
100
162
150
78
110
168
190
167
145
24
185
231
143
155
141
108
161
267
70
203
211
96
170
208
153
268
193
79
208
242
151
153
171
209
174
107
143
230
261
127
111
141
193
212
152
111
169
137
123
222
110
158
211
159
131
177
194
144
160
151
208
162
221
175
151
139
226
267
113
153
204
186
197
170
127
233
162
107
207
140
169
233
30
103
239
125
100
111
97
126
149
54
101
131
56
117
141
45
57
118
59
83
108
112
56
-33
64
98
60
37
-35
17
106
-58
-18
36
-20
-2
-58
-19
-35
-27
-40
-33
-105
-106
-12
-39
-79
-120
-30
-91
-89
-24
-82
-41
-28
-90
-120
-18
-45
-101
-111
-86
-16
-39
-101
-123
-72
-45
-35
-100
-107
-93
-98
-158
-112
-19
-119
-176
-131
-119
-110
-138
-126
-116
-195
-170
-97
-90
-184
-280
-152
-87
-171
-234
-68
-135
-237
-101
-195
-140
-97
-265
-208
-48
-203
-198
-88
-203
-155
-123
-221
-131
-148
-206
-131
-242
-153
-74
-240
-218
-75
-202
-211
-165
-242
-101
-191
-174
-20
-236
-242
-127
-213
-101
-73
-308
-128
-26
-219
-179
-165
-186
-30
-94
-228
-155
-133
-107
-115
-89
-159
-204
-132
-121
-72
-122
-226
-60
-112
-246
-62
-95
-169
-91
-167
-97
-17
-224
-143
10
-132
-121
-78
-136
12
-94
-202
9
31
-112
-63
-10
-19
-108
49
45
-108
-18
24
44
-7
-58
44
-1
24
135
13
-114
51
93
21
32
-12
47
52
-17
66
119
-61
8
112
108
66
59
39
27
212
87
20
144
8
144
267
22
109
150
61
225
125
66
205
187
51
132
222
118
106
139
93
219
198
49
151
182
166
142
82
179
198
94
128
212
148
200
156
91
289
159
92
250
227
138
152
219
216
219
139
114
276
255
151
157
183
205
223
185
169
228
165
140
220
191
177
126
94
184
236
173
79
122
212
199
171
113
142
202
171
119
123
205
184
116
129
195
218
167
149
188
223
95
190
236
87
183
201
143
196
164
130
160
83
214
232
-8
83
229
135
94
61
76
171
110
86
74
89
83
130
146
-13
118
111
54
102
84
54
45
134
68
35
58
72
46
10
42
32
-33
52
52
-81
-48
-8
43
-53
-107
-38
-39
-17
-43
-68
-77
-79
-112
-104
-77
-39
-26
-134
-180
-61
-40
-77
-105
-149
-41
-40
-157
-54
-46
-179
-133
2
-80
-157
-119
-168
-48
-66
-224
-134
-122
-107
-65
-225
-185
-85
-149
-146
-148
-200
-208
-181
-151
-117
-149
-206
-201
-177
-164
-128
-176
-208
-155
-85
-221
-204
-90
-186
-205
-146
-153
-202
-214
-168
-150
-180
-194
-228
-227
-194
-162
-230
-257
-174
-155
-263
-272
-168
-164
-225
-235
-216
-161
-155
-200
-236
-222
-125
-163
-251
-183
-88
-190
-228
-75
-103
-212
-157
-136
-159
-143
-215
-174
-21
-115
-204
-171
-176
-70
-202
-205
-54
-154
-129
-169
-213
-80
-98
-170
-125
-150
-120
-106
-130
-96
-144
-101
-59
-111
-107
-121
-129
-75
-24
-69
-129
-130
22
2
-118
-92
-46
-16
10
-68
-98
-54
-50
52
-35
-83
-55
-31
17
-1
-60
-33
-5
14
51
-49
-67
9
51
77
80
-26
-2
101
51
120
127
25
28
84
147
149
1
88
144
41
179
92
42
174
116
99
176
73
111
172
105
142
128
105
152
128
157
178
60
128
232
101
126
145
118
189
217
112
149
119
127
204
187
190
98
148
193
206
202
75
76
195
179
202
264
75
21
223
222
138
181
78
104
265
143
144
153
54
161
165
155
233
66
56
260
138
78
251
146
92
212
137
199
185
106
212
151
159
175
88
168
156
171
218
100
75
180
124
163
137
2
181
176
67
176
59
0
119
92
138
98
54
55
40
31
103
134
-11
19
63
73
40
26
47
30
50
-19
9
-4
-9
65
6
-49
-16
-46
-52
53
4
-115
-57
-62
-14
-17
-110
-62
-66
-106
-71
-68
-71
-102
-131
-75
-54
-115
-118
-140
-149
-88
-75
-70
-114
-127
-103
-138
-103
-41
-170
-134
-35
-149
-142
-104
-121
-141
-202
-130
-35
-170
-217
-133
-151
-132
-148
-145
-227
-170
-115
-191
-189
-145
-150
-206
-172
-147
-167
-229
-209
-170
-191
-207
-179
-202
-265
-188
-125
-194
-226
-224
-192
-166
-200
-233
-190
-219
-223
-183
-231
-244
-187
-189
-217
-241
-192
-212
-215
-175
-200
-263
-229
-150
-198
-260
-213
-177
-266
-224
-162
-189
-236
-183
-137
-189
-224
-151
-161
-217
-166
-143
-202
-160
-100
-177
-228
-136
-109
-125
-170
-166
-111
-183
-109
-89
-227
-200
-108
-111
-136
-156
-180
-108
-109
-182
-127
-103
-115
-118
-171
-119
-70
-170
-140
-56
-126
-101
-54
-110
-92
-28
-54
-92
-63
-45
-31
-84
-82
15
-56
-99
0
-15
-39
31
-67
-28
42
-24
5
13
-10
-16
-1
9
37
9
6
13
7
2
1
84
76
-7
65
69
63
81
15
36
102
73
102
99
68
87
53
57
127
145
81
34
119
106
88
121
84
126
73
74
195
84
45
171
172
104
79
80
142
194
104
106
162
127
151
131
103
185
139
73
139
201
209
107
56
119
194
185
101
101
152
151
175
182
88
69
147
158
146
131
115
149
154
142
186
111
63
190
129
73
200
193
139
177
168
118
168
147
112
164
143
155
175
95
165
182
32
89
210
133
100
123
108
82
71
122
153
74
19
112
141
79
49
70
46
57
114
57
33
84
66
22
20
54
75
20
32
72
19
-27
14
75
-13
-31
18
-20
-53
19
1
-107
-37
30
-42
-93
-70
-41
-67
-140
-101
24
-34
-126
-119
-74
-62
-95
-155
-151
-65
-82
-144
-119
-62
-110
-184
-166
-88
-76
-170
-156
-78
-182
-176
-89
-185
-205
-130
-208
-196
-76
-172
-270
-150
-158
-232
-190
-216
-170
-148
-265
-195
-104
-226
-224
-224
-267
-171
-178
-242
-149
-169
-242
-174
-204
-233
-172
-236
-251
-174
-183
-193
-223
-259
-214
-168
-197
-218
-252
-212
-179
-180
-200
-259
-197
-217
-249
-184
-203
-232
-166
-217
-209
-163
-266
-234
-173
-228
-199
-165
-216
-199
-206
-214
-220
-220
-200
-240
-216
-184
-195
-195
-246
-230
-141
-153
-228
-222
-226
-185
-153
-153
-165
-233
-214
-159
-178
-160
-132
-210
-174
-122
-168
-159
-149
-181
-132
-108
-149
-151
-134
-138
-110
-128
-133
-93
-87
-114
-148
-92
-35
-74
-122
-111
-22
-51
-123
-71
-38
-16
-51
-107
-37
-16
-100
-45
4
-52
-33
-17
-6
-12
-46
31
35
-39
28
23
-11
31
6
18
45
-6
20
43
28
46
65
67
83
57
47
68
62
104
101
56
88
127
70
52
116
121
97
109
115
116
76
71
149
145
85
94
121
120
110
91
116
138
138
117
93
134
151
109
105
126
159
131
99
152
168
139
135
155
149
157
129
117
162
169
159
134
121
155
124
129
181
185
157
122
112
191
220
134
114
163
175
163
155
192
218
160
115
200
245
124
78
206
247
116
75
192
211
139
111
134
179
185
136
116
173
153
119
127
116
127
107
63
122
149
100
95
75
82
108
36
41
101
64
58
60
19
47
77
23
15
28
13
41
27
-8
15
2
-24
-3
-2
-13
0
-38
-35
10
-3
-14
-20
-72
-57
-11
-47
-60
-74
-88
-27
-30
-100
-113
-87
-54
-80
-123
-79
-20
-90
-162
-102
-62
-106
-131
-140
-102
-98
-167
-162
-110
-106
-139
-172
-171
-117
-157
-219
-165
-160
-169
-164
-206
-211
-157
-212
-216
-178
-217
-215
-199
-206
-227
-213
-222
-222
-213
-224
-209
-212
-251
-238
-205
-209
-232
-227
-226
-222
-215
-224
-233
-225
-235
-239
-217
-218
-222
-226
-229
-223
-226
-220
-215
-222
-237
-224
-203
-203
-221
-221
-223
-226
-184
-187
-219
-186
-180
-207
-185
-197
-207
-188
-167
-163
-209
-210
-159
-169
-209
-208
-170
-179
-202
-202
-174
-169
-187
-214
-189
-175
-179
-162
-185
-196
-169
-144
-191
-198
-173
-141
-165
-191
-148
-134
-160
-156
-131
-147
-144
-126
-117
-119
-116
-93
-111
-109
-73
-84
-111
-95
-75
-65
-57
-73
-62
-66
-70
-31
-37
-65
-59
-40
-25
-20
-31
-21
7
-4
-11
9
18
8
15
43
54
60
51
45
51
67
73
84
74
76
84
91
83
74
66
72
83
72
79
78
74
82
83
71
67
84
88
86
94
91
92
83
106
110
88
96
102
110
123
126
110
134
134
125
122
121
131
143
137
123
138
141
132
127
133
146
148
130
137
153
152
148
140
147
151
153
149
155
148
138
147
168
160
157
162
155
165
154
159
158
170
162
138
153
157
150
145
148
151
145
139
124
136
140
135
142
134
132
125
121
117
103
101
111
112
106
111
102
98
100
95
91
91
99
87
93
85
74
82
87
72
59
68
56
56
48
34
40
21
11
13
14
7
3
1
-7
0
-14
-18
-27
-31
-31
-44
-40
-36
-45
-37
-55
-61
-62
-64
-73
-74
-76
-79
-79
-85
-95
-94
-106
-115
-106
-109
-98
-108
-117
-121
-130
-133
-132
-134
-143
-152
-147
-147
-145
-156
-163
-165
-161
-171
-174
-169
-171
-174
-185
-182
-178
-173
-183
-189
-182
-181
-193
-200
-185
-194
-195
-200
-215
-202
-194
-207
-209
-213
-205
-216
-233
-216
-224
-230
-226
-235
-240
-226
-227
-239
-229
-229
-233
-237
-244
-241
-231
-232
-237
-240
-241
-237
-228
-229
-232
-246
-239
-228
-231
-222
-232
-225
-223
-224
-219
-216
-214
-214
-227
-221
-211
-218
-209
-208
-219
-216
-214
-218
-200
-204
-206
-196
-195
-198
-196
-193
-192
-192
-189
-181
-181
-180
-167
-171
-164
-159
-163
-145
-156
-152
-157
-151
-143
-151
-144
-132
-129
-128
-131
-136
-127
-116
-101
-113
-114
-99
-100
-97
-97
-97
-82
-79
-74
-69
-70
-54
-56
-60
-49
-40
-33
-36
-25
-18
-11
-14
-19
-4
12
7
2
4
2
18
27
24
28
27
23
28
37
46
43
54
51
48
53
54
58
57
55
61
66
73
71
68
69
86
96
90
102
99
99
100
103
105
119
121
109
121
117
122
129
128
134
139
124
133
139
138
148
140
140
146
142
138
152
150
140
145
148
141
139
138
143
143
143
142
136
141
144
154
142
150
147
148
142
152
154
146
154
149
154
159
160
145
149
146
158
149
135
154
151
143
143
145
138
139
147
133
128
133
132
130
134
127
123
120
109
123
112
110
110
104
100
93
103
96
91
100
95
76
70
67
60
57
62
52
49
44
40
42
40
24
18
22
15
3
1
-6
-8
-11
-20
-24
-29
-31
-38
-47
-43
-46
-52
-51
-67
-75
-68
-74
-70
-75
-76
-80
-91
-93
-96
-104
-108
-110
-106
-107
-116
-127
-141
-140
-151
-146
-146
-145
-158
-160
-157
-164
-164
-174
-189
-184
-172
-184
-188
-190
-194
-197
-192
-196
-199
-211
-204
-202
-208
-209
-219
-211
-210
-207
-212
-228
-227
-234
-234
-230
-232
-232
-245
-244
-247
-246
-252
-253
-253
-262
-265
-257
-259
-259
-263
-272
-265
-260
-261
-262
-251
-257
-267
-256
-255
-246
-251
-256
-246
-240
-235
-228
-239
-235
-236
-241
-237
-236
-229
-246
-241
-242
-239
-230
-235
-238
-233
-247
-238
-222
-240
-228
-228
-240
-230
-220
-226
-225
-226
-212
-200
-217
-222
-209
-205
-203
-203
-204
-203
-196
-208
-198
-198
-191
-192
-195
-186
-180
-176
-180
-167
-172
-170
-163
-160
-160
-146
-156
-153
-147
-145
-142
-134
-129
-133
-121
-121
-121
-108
-91
-85
-89
-80
-83
-70
-62
-52
-47
-52
-45
-43
-39
-32
-28
-18
-19
-14
-6
-15
-6
-6
-2
4
7
13
18
27
24
28
35
24
29
37
38
44
40
39
39
44
50
54
58
56
67
68
58
55
75
77
73
74
77
80
83
79
81
81
90
89
87
96
88
95
91
92
98
94
86
92
92
99
97
99
107
108
112
116
113
116
117
119
131
130
129
131
130
117
126
135
127
131
126
128
126
125
134
126
121
125
124
124
119
113
122
114
108
114
112
114
115
100
90
100
101
92
96
99
92
90
94
90
92
86
84
86
80
69
59
59
66
61
49
40
50
45
39
46
32
28
23
15
20
10
-7
2
-7
-9
-14
-21
-13
-22
-20
-25
-18
-31
-40
-42
-40
-37
-54
-51
-60
-67
-63
-61
-78
-86
-75
-86
-94
-99
-105
-97
-110
-115
-110
-119
-127
-127
-138
-145
-141
-151
-165
-168
-162
-162
-170
-181
-167
-178
-180
-175
-188
-175
-180
-189
-186
-181
-185
-197
-206
-203
-199
-199
-199
-206
-208
-217
-210
-216
-223
-221
-231
-233
-224
-229
-227
-229
-238
-243
-243
-234
-241
-233
-237
-235
-240
-251
-245
-244
-237
-247
-245
-238
-240
-234
-241
-232
-231
-236
-232
-231
-233
-233
-240
-238
-236
-237
-233
-230
-232
-238
-241
-235
-233
-228
-219
-235
-239
-226
-228
-227
-221
-230
-221
-217
-216
-220
-219
-217
-211
-205
-218
-212
-205
-201
-192
-196
-197
-198
-189
-192
-195
-188
-185
-184
-180
-179
-176
-184
-167
-162
-171
-165
-162
-158
-152
-138
-139
-134
-138
-127
-124
-124
-104
-116
-106
-104
-104
-100
-88
-81
-73
-69
-63
-55
-64
-46
-50
-50
-48
-30
-28
-31
-26
-27
-24
-9
-8
-11
-10
-8
9
-11
6
9
0
14
16
24
31
41
37
34
39
46
51
51
46
50
52
57
67
61
75
74
74
83
87
92
99
96
107
108
109
102
106
117
106
121
120
121
128
122
125
129
128
139
134
135
143
140
147
139
146
154
152
161
150
156
157
158
168
163
164
167
171
167
168
165
172
167
163
162
156
161
160
154
157
148
141
162
150
160
168
157
154
153
153
155
151
149
153
149
153
151
149
140
129
145
150
150
140
133
145
143
145
140
129
136
135
131
123
122
124
114
112
107
106
107
111
113
101
97
97
91
86
77
79
73
64
54
54
47
44
45
38
31
33
25
19
26
23
9
12
6
0
-3
-14
-14
-10
-15
-24
-24
-20
-37
-36
-45
-53
-50
-54
-60
-75
-68
-71
-77
-84
-91
-87
-89
-92
-106
-99
-103
-109
-105
-119
-114
-114
-116
-131
-128
-123
-129
-140
-132
-131
-140
-140
-146
-149
-154
-166
-167
-168
-170
-166
-171
-181
-173
-174
-193
-176
-180
-183
-189
-189
-191
-196
-198
-197
-188
-199
-192
-199
-199
-196
-197
-198
-203
-191
-194
-193
-190
-190
-186
-197
-195
-193
-195
-190
-197
-188
-200
-201
-188
-204
-201
-195
-186
-188
-186
-197
-193
-191
-193
-196
-190
-191
-207
-190
-187
-191
-198
-201
-195
-189
-195
-192
-191
-189
-190
-187
-182
-173
-178
-173
-174
-175
-165
-165
-172
-168
-161
-172
-162
-155
-171
-165
-155
-159
-152
-150
-150
-145
-143
-143
-146
-130
-119
-116
-118
-112
-93
-96
-91
-90
-82
-76
-71
-57
-62
-62
-54
-47
-49
-39
-27
-35
-29
-17
-16
-13
-10
-13
-2
2
6
2
10
12
14
25
24
19
22
24
31
43
31
48
49
48
53
46
63
66
65
69
63
70
73
78
86
78
84
87
89
83
82
93
90
102
102
107
105
101
107
105
116
117
115
109
120
119
125
136
124
126
138
136
137
141
141
148
154
160
164
168
162
169
176
174
172
167
173
175
174
183
169
176
179
176
173
173
173
163
168
164
166
158
161
171
160
160
157
154
162
164
162
155
167
167
161
158
157
163
154
151
150
137
141
140
139
149
146
136
118
129
129
125
124
119
98
109
113
98
101
98
98
94
90
86
81
77
75
74
73
68
66
60
61
59
53
52
52
48
41
37
34
27
12
19
9
3
-7
0
-2
-17
-20
-22
-24
-36
-29
-41
-55
-51
-56
-58
-69
-68
-73
-70
-74
-89
-90
-97
-86
-95
-104
-102
-105
-112
-116
-131
-117
-116
-123
-118
-136
-136
-142
-149
-156
-156
-154
-157
-162
-166
-163
-169
-184
-187
-176
-176
-186
-188
-189
-199
-198
-194
-196
-198
-209
-196
-200
-196
-203
-205
-200
-207
-195
-210
-208
-212
-214
-216
-214
-219
-210
-205
-204
-212
-216
-204
-216
-208
-214
-210
-208
-201
-215
-220
-218
-216
-205
-207
-199
-199
-202
-204
-202
-190
-196
-205
-203
-207
-195
-196
-201
-190
-196
-202
-190
-200
-189
-185
-185
-183
-188
-173
-182
-176
-175
-181
-179
-182
-179
-176
-167
-170
-159
-162
-162
-162
-163
-163
-160
-156
-143
-140
-156
-146
-138
-142
-135
-130
-121
-118
-124
-123
-114
-118
-111
-104
-89
-95
-84
-82
-81
-68
-76
-61
-68
-62
-53
-52
-51
-47
-43
-41
-36
-36
-26
-22
-20
-15
-3
2
-4
6
12
19
21
21
19
30
28
32
48
44
52
50
56
60
54
59
64
69
65
70
74
84
82
75
82
86
87
88
91
100
96
92
96
104
114
99
109
113
112
126
119
121
134
124
115
132
136
144
143
135
143
143
145
139
126
154
153
147
145
151
154
151
152
146
151
158
165
156
158
164
162
161
159
171
166
159
164
161
170
169
161
163
161
166
163
157
160
154
167
160
158
161
161
160
155
156
149
150
142
143
151
139
138
145
132
134
139
135
134
132
138
132
128
124
125
121
114
123
116
112
109
100
98
104
98
92
98
94
74
82
81
70
70
58
55
56
49
41
45
39
28
29
23
17
19
14
15
17
3
-6
-4
-6
-15
-20
-13
-22
-35
-36
-47
-47
-51
-46
-52
-66
-67
-70
-71
-75
-80
-82
-87
-88
-90
-94
-102
-110
-113
-111
-123
-121
-124
-137
-135
-152
-140
-142
-142
-146
-146
-134
-140
-161
-157
-158
-157
-152
-159
-166
-174
-169
-172
-167
-170
-173
-180
-176
-180
-177
-172
-176
-184
-183
-185
-198
-195
-194
-209
-201
-210
-212
-212
-208
-197
-216
-211
-214
-214
-207
-213
-210
-210
-216
-207
-213
-212
-213
-218
-215
-217
-213
-214
-207
-210
-203
-203
-197
-200
-200
-201
-203
-200
-196
-199
-201
-205
-205
-193
-199
-193
-194
-186
-181
-181
-177
-177
-174
-175
-170
-171
-170
-171
-166
-161
-157
-156
-162
-148
-142
-152
-145
-148
-136
-136
-137
-130
-120
-120
-130
-120
-125
-114
-112
-108
-98
-99
-96
-96
-99
-102
-83
-80
-71
-76
-71
-61
-62
-51
-62
-49
-46
-40
-31
-29
-30
-21
-22
-12
0
-4
8
0
6
12
22
17
24
29
27
30
33
40
38
48
47
49
48
37
39
48
60
68
63
61
63
70
64
68
73
83
90
87
91
99
103
93
107
97
101
107
121
128
93
97
139
141
114
125
143
129
138
146
142
130
116
124
143
143
134
137
137
141
138
153
149
135
134
146
156
147
161
152
150
161
160
163
159
164
159
163
155
155
164
156
144
151
151
153
156
157
153
147
148
152
153
148
146
145
143
148
148
139
146
144
132
142
142
141
129
131
135
131
130
123
125
117
108
105
102
105
106
102
104
90
91
93
94
85
75
75
66
61
63
57
66
58
48
47
40
45
35
21
24
22
28
13
7
9
-17
-22
-28
-23
-22
-33
-38
-36
-37
-55
-60
-56
-55
-66
-73
-83
-83
-79
-92
-91
-97
-98
-106
-119
-115
-127
-124
-130
-132
-132
-142
-139
-139
-141
-148
-152
-158
-154
-154
-163
-157
-154
-154
-173
-165
-167
-171
-168
-161
-166
-160
-162
-166
-163
-170
-176
-175
-174
-182
-182
-183
-174
-183
-188
-178
-185
-182
-178
-184
-188
-177
-182
-190
-184
-185
-184
-197
-194
-188
-191
-197
-182
-188
-193
-192
-189
-187
-193
-188
-186
-180
-184
-184
-184
-182
-187
-183
-184
-184
-185
-187
-183
-189
-184
-194
-190
-178
-181
-179
-187
-191
-175
-177
-174
-171
-179
-182
-178
-171
-172
-173
-171
-161
-164
-156
-155
-158
-145
-149
-139
-146
-150
-140
-136
-139
-139
-133
-126
-124
-125
-131
-116
-108
-107
-101
-107
-106
-97
-99
-78
-79
-89
-74
-78
-75
-67
-59
-53
-46
-39
-29
-28
-22
-29
-29
-17
-8
-1
-4
7
4
7
11
12
18
25
29
26
37
41
40
46
43
41
51
48
53
51
65
62
67
80
69
74
77
83
92
105
93
102
106
110
110
112
124
130
132
130
129
137
129
130
141
131
136
148
151
142
147
142
154
156
158
154
158
161
163
167
165
178
171
173
174
171
184
183
188
183
182
200
191
187
191
180
193
193
189
192
196
199
189
198
186
191
192
188
192
190
184
189
188
179
178
184
185
174
185
173
170
174
169
176
170
167
174
178
169
170
167
173
171
167
182
169
167
169
158
156
160
151
148
148
144
150
144
137
135
134
128
136
120
118
122
116
106
106
111
91
91
94
92
89
90
87
82
79
67
71
70
68
59
59
54
51
43
36
40
29
32
23
18
19
8
6
-4
-6
-12
-12
-13
