SAMPLES:	9336
BITSPERSAMPLE:	16
CHANNELS:	1
SAMPLERATE:	16000
NORMALIZED:	FALSE
-167
-157
-157
-163
-150
-154
-150
-154
-148
-134
-152
-151
-142
-141
-125
-127
-131
-125
-123
-121
-120
-118
-119
-105
-120
-116
-110
-112
-111
-109
-109
-114
-115
-120
-123
-133
-126
-129
-129
-127
-124
-135
-136
-137
-151
-155
-158
-144
-150
-150
-152
-145
-136
-139
-132
-131
-138
-131
-126
-123
-129
-118
-109
-113
-104
-103
-105
-107
-98
-96
-98
-91
-93
-100
-103
-102
-102
-104
-98
-102
-104
-105
-106
-104
-94
-93
-103
-85
-80
-82
-78
-68
-59
-55
-53
-51
-53
-52
-48
-42
-42
-45
-42
-42
-29
-41
-51
-35
-40
-49
-46
-39
-49
-45
-48
-45
-41
-45
-36
-41
-39
-46
-48
-46
-58
-56
-49
-65
-69
-49
-52
-56
-47
-60
-48
-50
-65
-58
-53
-47
-57
-54
-48
-54
-54
-45
-44
-44
-41
-41
-40
-40
-41
-33
-32
-34
-26
-31
-42
-39
-32
-30
-40
-43
-33
-42
-43
-37
-43
-44
-36
-42
-44
-48
-57
-66
-65
-70
-72
-66
-66
-58
-64
-68
-81
-78
-76
-82
-77
-83
-76
-70
-80
-74
-64
-67
-69
-70
-83
-78
-73
-68
-78
-75
-73
-78
-82
-83
-73
-73
-77
-79
-71
-73
-80
-84
-89
-93
-89
-83
-88
-92
-93
-90
-92
-88
-97
-93
-96
-105
-105
-111
-105
-98
-101
-110
-112
-106
-114
-113
-113
-121
-115
-126
-120
-120
-125
-124
-128
-131
-133
-133
-128
-139
-147
-140
-153
-138
-147
-151
-153
-163
-163
-158
-150
-151
-138
-141
-128
-122
-131
-126
-127
-126
-133
-124
-127
-128
-126
-121
-121
-126
-128
-131
-126
-131
-134
-131
-134
-127
-124
-128
-123
-124
-122
-131
-137
-131
-136
-143
-135
-147
-147
-151
-149
-146
-146
-146
-141
-133
-132
-124
-119
-114
-113
-114
-100
-96
-95
-95
-95
-87
-87
-92
-90
-94
-101
-94
-92
-92
-103
-97
-96
-99
-99
-84
-88
-91
-79
-81
-81
-79
-66
-60
-63
-71
-62
-60
-57
-56
-58
-50
-49
-55
-49
-53
-52
-49
-54
-54
-50
-65
-73
-71
-61
-54
-63
-55
-60
-62
-63
-61
-57
-52
-56
-60
-55
-51
-45
-39
-38
-33
-23
-22
-36
-33
-23
-20
-12
-22
-21
-18
-23
-16
-31
-34
-31
-42
-51
-59
-63
-48
-53
-58
-71
-78
-70
-67
-74
-79
-75
-69
-61
-72
-70
-77
-79
-70
-78
-74
-65
-69
-59
-55
-60
-56
-52
-33
-42
-39
-34
-33
-38
-37
-42
-44
-52
-60
-57
-51
-55
-58
-63
-71
-60
-69
-71
-71
-71
-65
-68
-68
-66
-63
-54
-58
-57
-67
-52
-53
-60
-57
-61
-62
-65
-61
-71
-75
-66
-82
-80
-87
-101
-91
-89
-90
-96
-103
-88
-79
-85
-82
-90
-86
-81
-81
-95
-91
-84
-102
-85
-98
-101
-90
-97
-93
-109
-107
-102
-106
-101
-98
-85
-97
-100
-96
-97
-98
-92
-101
-99
-96
-103
-107
-107
-106
-108
-110
-113
-104
-112
-107
-117
-103
-106
-95
-90
-98
-88
-92
-94
-98
-84
-85
-94
-90
-74
-81
-75
-66
-64
-65
-56
-50
-49
-38
-31
-16
-10
-17
-14
-20
-7
-10
-4
-4
-11
-10
-14
-26
-23
-17
-10
-11
-19
-9
-17
-10
-15
-6
-6
-14
-7
-13
-19
-16
-20
-21
-9
-7
2
15
4
8
7
8
14
2
1
3
-6
4
9
3
-4
-15
-9
-15
-19
-24
-19
-25
-27
-25
-35
-28
-16
-25
-32
-37
-31
-33
-28
-26
-30
-27
-29
-28
-27
-23
-29
-16
-20
-31
-23
-28
-34
-46
-49
-48
-56
-54
-54
-62
-62
-67
-73
-74
-67
-72
-72
-72
-68
-66
-77
-71
-69
-74
-70
-65
-56
-54
-55
-48
-51
-59
-60
-56
-60
-60
-71
-62
-62
-59
-62
-69
-57
-63
-67
-69
-69
-58
-57
-62
-67
-63
-64
-67
-74
-71
-75
-74
-76
-80
-76
-79
-68
-80
-74
-76
-79
-66
-71
-72
-71
-71
-76
-78
-79
-77
-82
-85
-81
-72
-78
-83
-80
-82
-82
-85
-79
-72
-74
-75
-79
-81
-86
-92
-88
-88
-79
-77
-69
-84
-72
-65
-73
-70
-66
-66
-64
-69
-64
-57
-53
-51
-50
-44
-46
-50
-49
-43
-41
-43
-40
-25
-21
-24
-28
-20
-20
-22
-25
-26
-13
-23
-31
-35
-35
-41
-39
-43
-54
-51
-44
-49
-57
-64
-70
-73
-72
-79
-78
-87
-84
-80
-86
-87
-104
-101
-95
-101
-106
-116
-117
-115
-120
-121
-124
-121
-138
-140
-142
-143
-148
-155
-146
-149
-148
-149
-145
-151
-154
-151
-157
-153
-161
-148
-156
-154
-153
-155
-151
-155
-143
-143
-132
-134
-134
-133
-122
-116
-107
-89
-92
-83
-77
-88
-82
-75
-77
-65
-67
-68
-66
-71
-52
-56
-56
-53
-56
-54
-54
-54
-56
-48
-64
-58
-62
-72
-76
-79
-82
-88
-93
-98
-114
-120
-104
-114
-114
-110
-119
-118
-115
-112
-114
-117
-107
-117
-113
-103
-102
-102
-103
-103
-104
-108
-103
-96
-94
-94
-100
-101
-106
-106
-104
-103
-113
-106
-98
-105
-106
-119
-117
-115
-117
-115
-117
-107
-107
-114
-95
-100
-93
-84
-84
-81
-70
-67
-67
-72
-71
-74
-86
-74
-73
-74
-77
-74
-83
-87
-90
-76
-76
-67
-73
-82
-76
-88
-93
-85
-80
-88
-81
-69
-75
-87
-81
-86
-82
-83
-90
-93
-102
-107
-114
-117
-120
-118
-122
-126
-128
-138
-141
-142
-138
-148
-145
-153
-159
-163
-165
-166
-162
-163
-163
-157
-163
-165
-169
-155
-159
-159
-158
-169
-166
-170
-174
-177
-177
-176
-172
-168
-164
-153
-153
-149
-143
-152
-148
-136
-122
-120
-109
-96
-93
-73
-74
-63
-52
-49
-45
-48
-35
-29
-28
-28
-26
-33
-29
-20
-30
-28
-38
-48
-57
-57
-59
-58
-68
-68
-85
-96
-101
-95
-110
-124
-129
-134
-132
-148
-146
-151
-152
-163
-170
-167
-167
-169
-168
-169
-164
-172
-177
-169
-172
-165
-168
-165
-160
-152
-149
-139
-133
-136
-116
-111
-110
-106
-102
-91
-100
-119
-122
-122
-119
-123
-140
-145
-145
-159
-163
-169
-181
-181
-184
-194
-205
-197
-202
-201
-212
-222
-220
-230
-228
-241
-250
-246
-254
-264
-268
-272
-276
-282
-284
-298
-298
-302
-315
-328
-338
-323
-325
-324
-321
-311
-297
-297
-305
-291
-280
-270
-276
-266
-257
-246
-241
-236
-227
-216
-207
-211
-201
-198
-181
-189
-184
-184
-177
-176
-167
-164
-172
-166
-173
-171
-178
-171
-174
-168
-167
-178
-174
-170
-169
-185
-190
-193
-191
-200
-201
-208
-201
-205
-209
-194
-189
-191
-184
-178
-182
-173
-178
-175
-172
-168
-168
-171
-165
-177
-171
-168
-166
-174
-176
-162
-161
-163
-161
-161
-162
-156
-157
-141
-144
-144
-134
-132
-127
-132
-128
-125
-116
-114
-112
-116
-110
-107
-107
-110
-110
-110
-113
-103
-98
-102
-104
-97
-87
-86
-84
-85
-88
-91
-87
-82
-82
-82
-77
-81
-76
-54
-57
-46
-42
-34
-33
-31
-18
-25
-26
-22
-29
-24
-23
-26
-20
-10
-2
4
13
10
14
17
16
16
24
24
24
29
33
36
23
29
32
40
45
34
35
39
36
24
41
50
50
50
43
53
49
36
50
45
47
48
37
39
35
35
33
22
21
29
17
3
7
4
-10
-10
-18
-27
-30
-43
-45
-52
-60
-69
-91
-107
-123
-125
-127
-124
-125
-119
-124
-125
-113
-104
-84
-91
-80
-61
-25
-6
10
29
41
55
73
72
79
88
99
101
106
112
123
119
127
131
137
149
143
155
137
146
145
135
134
131
129
127
118
124
126
112
108
101
97
87
93
87
83
74
73
72
66
64
56
37
27
29
26
30
20
29
27
14
14
5
-1
-8
-9
-16
-24
-18
-30
-23
-28
-37
-29
-34
-30
-31
-34
-34
-40
-29
-35
-26
-14
-3
2
6
15
22
19
16
25
25
36
38
47
38
40
53
44
47
52
50
52
58
63
42
46
35
15
16
2
-8
-14
-14
-30
-44
-43
-51
-81
-85
-86
-98
-101
-114
-126
-133
-154
-159
-169
-186
-196
-216
-223
-227
-238
-261
-272
-287
-299
-311
-316
-328
-339
-334
-334
-327
-322
-310
-301
-287
-273
-258
-247
-224
-195
-197
-176
-150
-160
-151
-134
-127
-113
-103
-92
-92
-80
-66
-49
-49
-52
-41
-43
-52
-54
-56
-48
-53
-65
-55
-56
-57
-48
-58
-74
-71
-74
-77
-83
-81
-75
-73
-70
-73
-71
-78
-88
-96
-83
-81
-80
-78
-78
-72
-69
-58
-65
-49
-48
-50
-56
-47
-42
-45
-38
-38
-35
-26
-14
-6
12
16
17
27
15
19
36
26
32
32
37
49
62
71
69
69
69
66
62
62
69
73
68
68
70
69
54
61
52
55
48
43
46
29
26
12
0
-2
-11
-27
-34
-52
-79
-100
-105
-110
-133
-157
-173
-189
-211
-217
-221
-234
-237
-232
-220
-218
-207
-199
-188
-160
-133
-126
-104
-74
-55
-44
-15
22
35
43
68
81
78
98
109
114
127
151
152
148
162
170
165
162
157
160
149
143
142
142
135
125
130
133
131
122
127
127
117
111
115
114
110
106
111
98
82
81
77
63
55
62
47
42
45
50
38
20
22
18
9
0
5
21
30
26
36
28
32
44
42
45
42
47
52
48
54
62
75
76
78
76
80
73
78
83
60
66
63
42
23
34
29
18
10
-1
-14
-43
-41
-46
-59
-70
-81
-96
-123
-133
-132
-158
-174
-195
-215
-238
-265
-299
-304
-327
-364
-367
-381
-373
-370
-371
-349
-343
-335
-311
-285
-273
-248
-205
-176
-152
-130
-110
-96
-81
-61
-45
-43
-19
-5
-1
4
15
41
41
47
56
55
60
39
31
42
32
36
39
42
43
27
24
28
23
27
19
29
21
4
9
16
3
-7
2
2
-11
-20
-25
-38
-45
-50
-42
-44
-44
-42
-57
-53
-43
-39
-37
-47
-39
-20
-23
-28
-15
-6
-4
-4
1
-9
2
2
-3
-1
-3
0
-11
-1
-10
-13
-11
-15
-28
-40
-36
-51
-62
-61
-62
-91
-114
-107
-107
-117
-139
-155
-162
-165
-181
-207
-204
-209
-235
-263
-271
-292
-341
-362
-382
-419
-445
-446
-436
-429
-426
-442
-433
-404
-391
-378
-378
-321
-265
-248
-250
-221
-161
-123
-114
-118
-75
-52
-44
-27
-26
23
50
71
72
62
90
105
80
42
37
54
56
43
45
56
68
63
53
58
81
79
70
67
72
86
80
67
66
62
60
49
41
42
46
46
36
25
37
61
45
9
32
51
28
4
19
44
25
13
32
39
11
18
46
23
-8
6
18
-2
-16
2
6
-12
-32
-28
-25
-51
-49
-62
-59
-60
-94
-111
-108
-107
-128
-156
-154
-159
-186
-191
-201
-192
-220
-222
-204
-227
-256
-262
-243
-279
-298
-293
-334
-377
-390
-370
-370
-375
-342
-336
-356
-336
-303
-308
-296
-238
-188
-154
-131
-126
-78
-19
23
19
20
63
86
101
83
102
157
179
162
133
151
157
143
109
99
113
125
130
82
80
100
119
93
68
105
135
122
93
134
170
157
139
113
119
166
158
116
138
165
144
122
152
164
124
138
186
166
121
163
203
149
128
182
176
119
112
152
129
87
110
116
96
71
70
57
41
48
40
7
-3
-7
-1
-30
-35
-44
-96
-85
-68
-74
-133
-128
-92
-126
-194
-166
-126
-182
-220
-161
-167
-240
-201
-143
-205
-246
-184
-193
-281
-252
-188
-260
-307
-269
-256
-287
-236
-176
-203
-216
-156
-128
-146
-141
-96
-46
-8
5
42
79
142
191
204
225
222
277
297
282
283
335
351
307
289
309
296
251
233
215
201
205
201
152
139
208
198
175
165
178
200
183
156
199
242
215
184
208
249
204
207
236
235
203
229
261
223
188
238
252
212
167
201
216
171
151
172
169
116
125
146
125
65
84
85
31
13
99
66
-74
-39
76
9
-104
-38
18
-72
-92
-21
-81
-132
-51
-51
-137
-119
-107
-159
-181
-126
-140
-209
-158
-128
-219
-244
-185
-198
-263
-264
-244
-268
-308
-330
-340
-342
-369
-394
-339
-296
-303
-304
-263
-261
-265
-208
-202
-224
-159
-63
-103
-108
9
79
70
97
153
149
167
211
211
185
250
280
205
168
190
185
162
168
151
138
153
157
119
122
169
167
150
159
183
173
170
179
161
174
199
199
186
180
206
228
222
192
199
249
239
168
160
235
226
180
174
170
156
169
183
120
92
162
142
26
34
98
61
-12
10
44
14
-22
-39
-13
-5
-53
-80
-74
-83
-96
-70
-72
-138
-134
-108
-129
-147
-130
-193
-215
-152
-176
-270
-239
-195
-264
-314
-273
-287
-341
-313
-329
-397
-393
-354
-428
-492
-450
-418
-454
-406
-334
-366
-386
-340
-305
-305
-284
-250
-207
-157
-129
-129
-62
20
56
72
97
133
139
141
154
141
180
203
160
113
137
154
143
142
116
91
116
176
119
81
177
207
137
130
197
161
119
192
183
143
179
233
177
143
208
235
178
180
225
225
175
150
182
201
169
143
208
185
125
116
162
155
72
97
158
72
-9
87
116
-51
-85
99
65
-114
-88
31
-38
-114
-45
-45
-96
-86
-68
-84
-109
-84
-94
-112
-110
-105
-122
-148
-167
-144
-153
-218
-198
-159
-217
-276
-195
-197
-341
-349
-238
-305
-425
-370
-277
-339
-361
-266
-262
-306
-279
-232
-242
-246
-176
-133
-133
-96
-53
-13
21
80
110
109
110
133
162
176
175
185
207
192
184
184
159
193
224
178
143
174
202
154
143
183
183
164
192
190
138
141
177
152
152
244
213
124
155
278
203
124
166
190
183
176
176
88
117
242
165
55
154
177
114
116
223
156
30
81
171
83
45
127
93
48
60
113
44
-9
56
109
58
-5
-15
16
15
4
-16
-58
-41
-25
-30
-16
-37
-95
-83
-43
-63
-154
-160
-86
-131
-220
-171
-164
-226
-286
-259
-235
-321
-345
-271
-219
-212
-233
-221
-206
-223
-175
-134
-135
-141
-73
5
-9
-20
63
128
125
144
167
163
182
217
244
217
260
300
244
244
298
300
247
287
321
300
322
375
324
285
349
397
352
338
364
318
339
383
392
334
324
337
345
320
315
328
346
371
364
364
300
314
362
358
248
254
330
346
251
285
333
262
184
245
282
181
139
203
223
190
128
76
134
199
115
16
104
151
53
44
73
67
55
38
-12
-2
82
37
-47
4
25
-41
-79
-53
-15
-116
-158
-132
-84
-182
-217
-159
-185
-277
-292
-262
-240
-228
-232
-191
-202
-207
-189
-148
-179
-187
-129
-79
-89
-71
-31
-14
44
113
124
65
100
152
157
139
172
201
202
170
194
207
204
206
158
192
231
175
175
207
251
164
155
266
242
147
143
288
229
90
206
263
115
66
204
264
56
61
244
178
58
114
196
156
53
119
173
65
59
152
158
7
64
189
81
14
118
140
-4
-30
120
137
-49
-55
100
63
-94
-78
24
3
-89
-44
34
-49
-180
-54
121
-47
-231
-31
16
-252
-271
36
-33
-365
-240
-35
-268
-436
-217
-264
-406
-386
-303
-409
-518
-380
-289
-398
-364
-298
-391
-396
-242
-248
-336
-217
-126
-199
-162
-117
-86
-34
-39
63
8
-90
17
98
64
-20
24
150
54
-21
81
81
65
85
123
68
11
75
33
51
68
66
28
73
-15
47
59
61
51
37
41
69
34
19
-12
62
84
8
26
22
19
11
21
27
27
21
48
-47
35
99
-21
-161
22
121
-126
-106
44
42
-139
-140
32
-77
-164
-29
-27
-125
-136
-117
-93
-117
-134
-114
-258
-227
-138
-196
-174
-266
-273
-234
-143
-318
-339
-174
-354
-508
-251
-182
-622
-543
-271
-494
-751
-412
-237
-463
-404
-299
-532
-428
-159
-338
-405
-211
-111
-166
-234
-131
-53
-106
96
81
-76
24
91
65
107
178
99
77
207
56
-40
116
173
13
106
94
99
55
116
77
-110
167
188
-26
13
215
27
-28
193
306
25
3
284
197
-57
188
340
159
-5
209
216
48
156
235
173
81
203
136
129
236
230
11
199
269
232
7
59
254
307
140
-54
50
392
115
-189
78
339
-60
-189
273
58
-161
-47
74
-20
-84
-73
-42
-107
-6
-275
-283
-57
-178
-337
-167
-247
-531
-418
-221
-498
-620
-217
-186
-305
-267
-280
-349
-289
-61
-87
-327
-21
181
-8
-84
47
165
244
187
165
200
236
340
293
190
302
382
310
263
138
232
339
348
239
156
319
298
232
225
110
231
326
255
156
73
253
293
59
143
254
230
296
194
191
196
254
274
245
260
317
297
245
325
412
303
225
383
337
234
244
298
320
199
315
427
217
-38
31
467
459
29
-83
290
370
90
144
292
176
-60
-150
-43
194
120
-154
-282
-188
-140
-248
-321
-462
-413
-374
-592
-807
-713
-589
-857
-914
-585
-387
-288
-464
-762
-727
-308
-65
-125
-218
-13
280
280
-79
-218
277
745
668
236
226
575
616
424
285
401
717
663
208
26
396
733
518
90
27
274
457
262
30
62
302
297
-93
-156
127
280
144
-102
-41
185
263
219
58
70
286
318
262
231
349
468
341
216
317
531
565
429
378
492
492
395
279
334
508
471
290
148
159
302
281
74
-9
114
154
-85
-216
-92
-26
-162
-296
-368
-374
-266
-301
-556
-632
-491
-588
-784
-843
-863
-894
-972
-1157
-1344
-1259
-846
-531
-566
-921
-1273
-1105
-534
-146
-127
-181
-56
125
-2
-201
-89
500
972
805
404
296
572
778
626
409
563
825
715
242
71
400
581
307
-168
-198
161
307
9
-340
-312
-66
-125
-451
-482
-119
77
-168
-520
-528
-166
31
-84
-141
14
143
72
-17
153
492
611
416
338
600
869
816
643
691
930
1000
780
599
750
961
804
400
247
475
580
384
121
58
127
55
-220
-374
-205
-45
-216
-547
-669
-519
-426
-584
-752
-759
-733
-782
-1044
-1156
-1069
-999
-1197
-1440
-1492
-1109
-550
-367
-738
-1319
-1254
-606
157
312
109
91
379
412
174
244
877
1542
1464
850
471
842
1288
1143
727
773
1138
1091
515
95
408
781
482
-165
-257
170
448
56
-541
-633
-253
-103
-414
-536
-195
86
-225
-725
-729
-142
292
188
-96
-90
212
293
195
324
744
969
835
656
820
1235
1407
1129
965
1182
1465
1356
1027
1014
1144
1050
690
442
579
872
721
181
-145
-31
92
-67
-258
-282
-203
-299
-577
-835
-688
-404
-465
-737
-852
-786
-815
-929
-1054
-1092
-975
-1021
-1253
-1300
-929
-510
-347
-699
-1229
-1103
-340
407
359
31
84
411
441
182
317
1047
1656
1394
608
400
935
1331
1011
618
914
1252
979
236
-39
414
769
381
-228
-241
241
309
-345
-811
-563
-112
-187
-561
-642
-274
-140
-542
-912
-665
-11
240
-72
-328
-125
110
107
56
319
759
863
557
420
742
1167
1213
989
989
1262
1409
1151
898
962
1183
1092
695
455
592
756
482
55
-155
-24
54
-163
-395
-368
-342
-516
-772
-871
-678
-535
-719
-973
-1019
-887
-900
-1038
-1078
-1064
-1044
-1168
-1331
-1315
-1010
-660
-554
-733
-1078
-1147
-676
33
287
37
-143
57
255
210
148
552
1221
1285
613
194
571
1087
1058
608
601
921
934
438
-44
173
618
489
-112
-283
63
228
-221
-709
-644
-256
-152
-436
-656
-475
-298
-495
-842
-720
-169
85
-125
-360
-291
-116
-4
22
223
525
664
458
353
659
1001
1030
898
938
1168
1297
1161
917
883
1069
1052
753
576
696
760
470
85
-56
55
171
30
-237
-345
-337
-476
-703
-720
-541
-486
-664
-924
-1027
-901
-832
-999
-1100
-1011
-1018
-1220
-1350
-1202
-789
-461
-575
-1153
-1370
-831
-58
149
-177
-370
-56
341
162
-125
241
1163
1373
630
34
468
1231
1208
554
430
1063
1247
555
-166
145
832
721
-80
-398
71
451
-96
-837
-799
-193
-51
-520
-834
-594
-333
-643
-1036
-924
-372
-84
-279
-620
-610
-347
-211
-232
-41
311
363
185
131
414
764
925
832
752
977
1149
1048
828
813
983
1033
786
567
523
606
477
100
-94
27
79
-153
-456
-544
-513
-627
-863
-942
-794
-736
-907
-1201
-1265
-1105
-1074
-1158
-1198
-1175
-1223
-1330
-1461
-1182
-701
-472
-839
-1407
-1315
-550
135
-17
-492
-470
75
255
-141
-278
493
1260
955
-13
-169
686
1215
710
94
467
1137
885
-140
-402
378
883
252
-517
-377
281
210
-615
-999
-572
-102
-340
-836
-823
-511
-607
-991
-1151
-735
-326
-369
-680
-826
-696
-535
-431
-262
-8
81
-67
-173
61
422
699
614
526
688
941
1014
793
678
824
966
855
628
555
668
534
139
-129
1
185
66
-316
-526
-507
-549
-797
-940
-820
-704
-832
-1181
-1353
-1253
-1110
-1168
-1256
-1300
-1286
-1398
-1510
-1451
-1072
-708
-676
-1199
-1568
-1191
-307
130
-236
-610
-317
219
127
-249
-13
933
1295
566
-157
270
1141
1132
352
191
968
1296
512
-354
-51
714
626
-245
-552
37
410
-252
-1053
-964
-331
-239
-777
-1004
-704
-589
-974
-1309
-1132
-590
-409
-669
-915
-865
-681
-552
-448
-208
-11
-14
-112
-100
226
626
748
598
608
847
1076
1071
884
844
993
1028
789
597
699
821
538
23
-170
29
118
-146
-447
-540
-585
-761
-1017
-1073
-932
-898
-1132
-1406
-1459
-1395
-1324
-1424
-1505
-1587
-1547
-1647
-1534
-1182
-786
-803
-1515
-1832
-1244
-139
134
-461
-866
-282
250
-43
-526
59
1233
1350
176
-538
357
1410
1111
71
144
1054
1240
152
-548
101
936
514
-566
-718
62
362
-491
-1183
-940
-379
-451
-926
-1087
-764
-756
-1140
-1428
-1166
-654
-527
-777
-1002
-1022
-882
-692
-445
-135
-17
-97
-243
-166
169
576
779
731
644
792
987
957
849
963
1159
1099
752
524
674
773
481
68
-17
114
-3
-369
-572
-546
-591
-863
-1091
-1032
-926
-1073
-1368
-1519
-1437
-1355
-1351
-1434
-1500
-1584
-1666
-1724
-1664
-1191
-785
-656
-1169
-1687
-1458
-412
277
-65
-591
-302
297
230
-229
-32
1065
1544
724
-279
87
1169
1310
366
-22
721
1201
440
-564
-346
539
543
-472
-981
-381
204
-384
-1281
-1365
-784
-566
-978
-1279
-1026
-802
-1140
-1561
-1455
-875
-552
-685
-954
-1012
-889
-715
-562
-268
-6
55
-83
-171
92
538
872
840
647
709
993
1081
976
907
1034
1083
748
396
476
727
574
69
-272
-198
-143
-383
-663
-723
-722
-915
-1217
-1266
-1117
-1089
-1273
-1544
-1641
-1571
-1447
-1429
-1579
-1744
-1764
-1752
-1740
-1369
-940
-683
-1181
-1852
-1647
-492
325
33
-597
-393
249
212
-301
-105
1140
1756
849
-367
-74
1101
1349
413
-28
676
1181
415
-667
-486
427
459
-536
-1101
-584
78
-360
-1242
-1461
-964
-704
-992
-1225
-961
-801
-1087
-1480
-1475
-931
-492
-459
-668
-790
-770
-608
-382
-17
230
240
165
166
317
565
841
1007
1038
960
921
966
1061
1099
1104
990
740
536
513
575
454
130
-136
-186
-260
-447
-580
-547
-576
-865
-1209
-1146
-925
-947
-1143
-1309
-1282
-1264
-1371
-1385
-1283
-1248
-1418
-1629
-1617
-1451
-1054
-587
-439
-1017
-1651
-1344
-181
552
177
-400
-106
521
330
-314
-23
1333
1834
763
-337
78
1193
1141
58
-179
724
1107
90
-908
-521
363
157
-960
-1307
-494
103
-531
-1423
-1431
-854
-776
-1155
-1206
-714
-500
-933
-1424
-1337
-729
-338
-368
-471
-438
-418
-414
-303
74
387
416
251
229
474
665
773
901
1004
967
843
784
909
1037
1045
830
529
309
328
410
322
97
-137
-233
-350
-559
-635
-482
-444
-690
-1027
-1042
-855
-832
-983
-1098
-1034
-954
-1089
-1253
-1215
-1077
-1107
-1321
-1493
-1353
-834
-249
-198
-939
-1515
-1069
60
595
91
-283
346
921
349
-520
-22
1528
1954
706
-335
316
1405
979
-276
-248
910
1205
-59
-1043
-366
576
43
-1276
-1434
-292
251
-604
-1433
-1225
-596
-739
-1355
-1241
-452
-163
-713
-1281
-1094
-480
-283
-410
-377
-135
-37
-206
-231
139
469
422
204
252
610
805
721
713
858
956
769
531
656
936
1051
768
321
148
188
219
130
-5
-103
-212
-429
-679
-774
-604
-452
-609
-882
-995
-890
-810
-938
-1104
-1037
-851
-881
-1088
-1207
-1107
-1004
-1122
-1397
-1480
-1070
-442
-179
-562
-1207
-1325
-610
168
222
-198
-105
551
648
-114
-553
294
1459
1291
97
-314
583
1198
414
-527
-136
832
660
-546
-952
-18
507
-441
-1538
-1195
-94
-23
-974
-1382
-789
-398
-959
-1518
-1057
-266
-341
-1045
-1206
-603
-206
-514
-758
-426
-29
-131
-440
-207
416
557
95
-207
175
667
678
418
428
772
967
710
365
425
747
862
583
279
245
379
363
23
-268
-236
-114
-213
-503
-619
-484
-394
-624
-955
-948
-692
-648
-856
-1004
-883
-758
-863
-1038
-1031
-835
-786
-979
-1117
-1047
-960
-1007
-919
-566
-280
-500
-959
-995
-446
108
87
-247
-253
135
293
-32
-248
141
692
603
-58
-376
57
544
333
-236
-352
-2
67
-422
-794
-495
-42
-197
-806
-1020
-649
-400
-656
-966
-813
-461
-493
-870
-928
-566
-360
-581
-815
-636
-289
-251
-448
-457
-229
-109
-260
-332
-72
203
139
-113
-113
133
217
38
-99
88
361
292
-2
-126
54
168
-17
-264
-280
-149
-188
-436
-599
-521
-432
-531
-739
-775
-620
-528
-644
-748
-675
-510
-503
-665
-736
-583
-402
-444
-546
-567
-426
-356
-440
-511
-452
-337
-353
-490
-557
-495
-469
-505
-563
-531
-497
-583
-706
-695
-599
-577
-691
-757
-701
-625
-675
-823
-861
-768
-726
-805
-898
-888
-771
-777
-864
-875
-794
-707
-708
-707
-673
-601
-557
-553
-525
-472
-385
-346
-336
-293
-265
-255
-263
-197
-127
-89
-70
-60
-56
-58
-15
2
25
33
15
-34
-61
-36
-25
-58
-104
-149
-214
-245
-271
-265
-270
-299
-380
-456
-488
-478
-474
-496
-528
-523
-498
-516
-547
-550
-541
-533
-495
-457
-437
-450
-439
-404
-393
-397
-390
-369
-346
-337
-370
-420
-395
-369
-386
-442
-499
-534
-552
-561
-572
-602
-638
-662
-730
-775
-769
-783
-825
-852
-850
-864
-862
-858
-864
-835
-846
-926
-965
-927
-816
-761
-790
-818
-792
-754
-763
-748
-672
-552
-506
-573
-604
-518
-403
-340
-316
-329
-323
-300
-300
-261
-199
-132
-113
-128
-117
-101
-66
-32
-40
-86
-112
-138
-127
-107
-77
-106
-197
-307
-388
-375
-348
-365
-419
-464
-492
-569
-688
-702
-599
-494
-535
-659
-692
-592
-528
-593
-638
-541
-395
-408
-507
-507
-379
-278
-332
-402
-352
-203
-168
-229
-250
-197
-190
-257
-306
-269
-187
-202
-292
-355
-367
-383
-493
-566
-533
-497
-526
-645
-687
-690
-760
-870
-910
-820
-768
-821
-954
-970
-905
-826
-840
-830
-770
-693
-712
-789
-761
-608
-500
-481
-485
-439
-366
-352
-328
-282
-147
-122
-213
-239
-112
64
112
27
-37
-3
16
-40
-27
106
225
179
-4
-99
-36
53
44
-14
-30
-30
-114
-216
-237
-178
-146
-228
-339
-427
-435
-433
-440
-427
-393
-366
-384
-406
-364
-316
-308
-311
-310
-255
-188
-149
-138
-111
-112
-127
-176
-142
-16
78
80
-30
-52
-11
-1
-88
-44
44
4
-118
-185
-121
-163
-230
-277
-301
-342
-398
-514
-610
-604
-625
-771
-924
-827
-697
-662
-729
-801
-902
-988
-933
-721
-577
-615
-680
-655
-506
-369
-327
-369
-358
-267
-168
-111
-23
72
115
86
47
103
174
186
158
180
213
183
88
33
84
130
66
-82
-212
-230
-212
-223
-210
-164
-168
-315
-487
-456
-270
-173
-316
-482
-453
-315
-242
-315
-355
-314
-285
-314
-294
-224
-142
-91
-72
-33
25
103
171
152
159
203
205
146
114
233
428
453
276
108
113
193
276
201
113
45
76
86
-59
-257
-382
-402
-408
-400
-567
-700
-715
-626
-628
-771
-983
-1126
-1140
-1127
-1119
-1199
-1221
-1186
-876
-471
-362
-674
-1001
-820
-257
133
21
-237
-122
339
576
459
378
532
637
450
293
485
769
769
558
440
475
350
-58
-292
-64
249
77
-413
-619
-370
-164
-363
-722
-797
-607
-555
-707
-659
-376
-201
-349
-534
-429
-177
-95
-186
-116
169
343
228
149
340
618
599
345
226
406
679
706
593
575
673
659
462
315
289
282
265
201
118
72
17
-39
-76
-111
-188
-283
-274
-178
-88
-42
-56
-150
-290
-339
-297
-275
-337
-466
-522
-508
-554
-704
-862
-929
-998
-1226
-1517
-1635
-1410
-956
-490
-320
-532
-826
-769
-278
231
285
42
122
587
925
811
625
824
1171
1091
593
297
468
688
657
518
457
257
-225
-613
-527
-261
-353
-734
-862
-591
-442
-722
-1005
-865
-523
-485
-745
-779
-460
-147
-75
-87
44
195
207
200
327
512
570
527
651
861
870
693
550
602
689
598
427
346
389
471
434
293
134
17
-23
1
-29
-143
-221
-134
7
12
-88
-111
-11
72
41
-1
83
187
178
107
77
59
-64
-228
-285
-274
-393
-636
-815
-870
-956
-1184
-1442
-1618
-1726
-1869
-1912
-1614
-1042
-628
-664
-886
-732
-163
263
241
38
212
707
1022
940
807
1040
1385
1366
959
580
537
645
568
378
155
-80
-323
-534
-610
-675
-821
-974
-986
-972
-1090
-1308
-1294
-975
-704
-712
-850
-759
-439
-186
-139
-101
91
355
468
430
468
632
803
840
851
866
847
732
593
548
556
480
293
132
59
56
8
-86
-163
-218
-268
-298
-292
-281
-283
-277
-235
-186
-131
-53
43
135
136
68
14
6
49
45
-26
-149
-255
-313
-394
-532
-741
-897
-997
-1127
-1352
-1597
-1789
-1904
-2041
-2132
-1950
-1467
-968
-847
-933
-816
-264
235
309
170
261
665
912
786
612
886
1325
1461
1179
821
705
673
558
301
25
-234
-469
-705
-821
-846
-885
-962
-1049
-1101
-1180
-1292
-1324
-1204
-1012
-864
-849
-790
-544
-235
4
104
199
368
563
635
613
659
790
893
862
877
929
931
791
621
573
580
450
206
-11
-73
-80
-177
-282
-340
-288
-214
-210
-287
-338
-300
-217
-181
-166
-88
42
152
144
114
186
271
267
175
85
36
-64
-212
-331
-366
-452
-636
-801
-891
-990
-1205
-1466
-1665
-1797
-1953
-2047
-1901
-1491
-1065
-976
-964
-659
-30
427
406
247
394
724
814
611
486
818
1181
1183
900
708
748
757
564
274
2
-289
-612
-920
-1041
-1105
-1198
-1244
-1221
-1179
-1229
-1272
-1206
-1049
-952
-935
-966
-855
-619
-394
-194
-18
214
475
648
718
790
887
963
888
758
719
725
684
533
449
461
398
199
9
-135
-207
-310
-448
-567
-710
-752
-740
-688
-662
-656
-578
-414
-323
-308
-260
-125
23
31
-7
9
111
184
145
60
11
9
5
-101
-263
-390
-490
-618
-823
-1038
-1171
-1214
-1351
-1593
-1883
-2066
-2129
-1975
-1642
-1297
-1142
-1086
-834
-355
102
253
307
510
799
784
550
486
770
1006
940
730
619
694
686
510
297
140
-60
-413
-813
-1078
-1226
-1333
-1432
-1520
-1525
-1475
-1387
-1278
-1159
-998
-884
-826
-719
-563
-435
-289
-118
112
347
478
583
745
924
1042
1079
1090
1115
1053
864
638
481
390
271
120
-15
-133
-230
-359
-451
-514
-635
-671
-639
-642
-722
-812
-782
-642
-536
-443
-329
-165
3
82
155
227
292
348
334
292
220
153
111
23
-98
-212
-281
-364
-498
-625
-732
-826
-980
-1193
-1419
-1605
-1761
-1898
-1926
-1757
-1452
-1156
-978
-782
-408
93
473
572
632
803
966
948
778
714
840
900
780
626
614
675
635
497
371
221
-48
-398
-719
-907
-1049
-1249
-1422
-1447
-1328
-1201
-1137
-985
-700
-383
-167
-105
-36
123
267
326
337
437
615
718
775
879
1052
1184
1183
1159
1175
1146
980
714
499
397
212
-43
-308
-433
-407
-399
-421
-460
-455
-365
-306
-357
-396
-362
-269
-201
-196
-151
-42
124
240
333
461
571
651
689
664
626
547
438
303
138
-16
-149
-264
-382
-478
-573
-632
-733
-863
-956
-1037
-1131
-1290
-1476
-1573
-1546
-1376
-1164
-970
-814
-596
-204
251
614
792
917
1092
1225
1191
1029
957
961
901
737
541
458
445
425
381
300
193
42
-168
-337
-456
-574
-725
-885
-983
-983
-879
-780
-651
-477
-247
-30
124
293
471
621
666
640
613
609
620
650
700
717
696
677
725
797
807
745
646
575
495
346
189
62
-17
-79
-174
-261
-314
-266
-177
-97
-6
43
95
159
237
314
367
355
344
398
480
521
466
432
468
505
484
420
358
337
290
152
-48
-216
-292
-337
-424
-540
-680
-753
-747
-757
-820
-864
-825
-794
-850
-949
-961
-801
-548
-373
-330
-267
-26
331
584
661
751
913
1061
1026
899
840
873
853
730
583
455
397
343
333
335
290
193
98
96
83
16
-82
-126
-157
-215
-288
-308
-240
-167
-110
-51
37
140
218
306
413
502
518
478
471
511
529
522
503
483
514
530
531
561
605
657
650
618
599
562
508
439
372
336
285
229
191
188
214
230
253
287
324
346
339
353
396
426
421
364
329
322
299
247
199
185
165
146
113
77
51
37
11
-36
-70
-117
-165
-177
-194
-245
-291
-349
-385
-418
-445
-488
-547
-576
-581
-532
-386
-277
-246
-238
-108
136
339
436
499
660
843
946
954
954
997
1018
989
913
819
721
671
687
718
652
506
419
403
389
281
146
67
43
-32
-172
-250
-267
-265
-286
-296
-266
-195
-90
15
107
174
252
335
405
451
513
583
639
675
708
792
871
873
858
869
930
984
966
878
815
779
705
574
433
309
208
106
-23
-115
-141
-93
-32
-3
31
42
57
97
141
199
223
252
276
279
247
236
289
356
409
428
435
463
462
420
365
327
260
155
34
-62
-117
-155
-202
-274
-357
-432
-500
-566
-620
-681
-712
-680
-569
-489
-447
-353
-166
97
285
445
580
745
919
1020
1102
1159
1233
1245
1195
1100
1043
1015
972
904
792
720
647
596
503
438
339
212
103
-7
-81
-134
-197
-284
-311
-321
-331
-299
-237
-113
27
139
221
329
468
571
640
678
737
781
806
817
860
948
985
951
873
837
854
856
813
759
660
576
473
332
228
148
103
51
-4
-31
1
62
111
143
198
285
383
461
517
566
610
608
572
518
503
489
453
405
360
348
348
339
317
290
241
170
109
48
-20
-104
-183
-230
-276
-289
-281
-267
-229
-214
-229
-272
-309
-321
-332
-335
-310
-291
-259
-186
-109
26
196
360
516
619
717
842
943
972
946
921
911
842
731
623
550
514
440
362
291
261
234
164
109
91
70
19
-38
-99
-121
-174
-235
-258
-246
-199
-199
-217
-175
-87
-8
34
46
94
145
163
185
202
243
276
299
340
355
383
450
543
615
635
605
567
549
537
498
447
400
325
229
138
104
96
73
38
-2
-36
-56
-60
-51
-16
2
-4
1
38
90
124
126
123
130
124
101
62
74
97
115
104
78
65
75
90
59
7
-42
-50
-79
-117
-149
-192
-238
-302
-346
-356
-390
-398
-439
-479
-503
-539
-540
-533
-515
-488
-433
-339
-220
-96
7
137
279
428
563
629
701
752
820
799
736
664
628
599
502
387
273
206
150
88
13
-38
-105
-175
-251
-295
-330
-369
-413
-463
-493
-515
-481
-437
-368
-282
-191
-68
51
153
247
353
445
512
554
561
575
570
555
535
533
529
514
496
448
412
393
382
346
275
206
153
99
7
-68
-91
-77
-114
-157
-187
-165
-96
-40
14
66
141
192
228
255
291
312
311
317
300
281
265
239
211
165
118
79
67
42
-2
-50
-64
-81
-128
-168
-173
-152
-175
-229
-248
-233
-201
-197
-228
-222
-195
-181
-220
-225
-192
-155
-154
-172
-180
-142
-70
-8
46
82
127
173
193
238
283
321
320
295
260
215
194
184
172
133
82
52
75
128
169
169
173
225
269
280
272
282
312
304
252
183
173
188
168
111
65
75
76
73
79
122
223
246
200
204
269
314
303
296
339
423
428
369
350
396
437
410
368
364
396
386
324
280
286
264
212
155
153
154
106
57
27
36
55
36
5
-2
12
24
42
53
65
73
94
139
175
180
180
196
226
232
235
246
252
273
260
232
192
151
119
111
95
67
23
-1
-26
-61
-94
-132
-157
-155
-180
-232
-271
-282
-288
-305
-309
-296
-265
-238
-191
-116
-8
112
223
322
418
511
577
610
607
591
588
576
536
466
403
358
312
243
186
165
158
171
167
170
185
173
120
82
72
96
125
112
121
119
138
190
245
324
383
464
530
592
628
650
674
707
708
657
595
543
500
454
382
344
333
315
276
247
247
229
200
185
175
160
137
100
106
124
130
106
94
135
192
218
230
297
377
424
437
441
446
475
473
433
384
361
318
268
222
168
133
107
73
51
39
15
26
31
15
2
2
14
9
14
24
50
87
147
181
189
187
189
204
199
164
122
126
130
125
101
82
121
153
155
164
176
190
206
207
207
212
211
217
229
227
233
244
254
289
326
368
390
417
435
451
463
442
465
482
507
503
493
465
446
441
412
374
333
324
337
343
328
316
317
339
346
360
373
390
385
382
411
450
459
458
429
414
439
436
419
411
416
387
343
298
275
261
239
215
177
167
162
170
177
175
164
169
173
173
191
212
229
247
257
263
252
247
262
266
268
264
263
304
321
316
287
273
267
274
256
199
159
130
104
45
-8
-54
-49
-65
-115
-158
-183
-187
-198
-184
-153
-178
-193
-193
-153
-87
-51
-18
38
113
176
214
254
311
361
374
347
325
342
358
337
302
256
233
206
152
87
81
105
97
57
49
65
71
73
69
62
78
91
82
78
95
124
132
147
157
194
224
237
261
299
337
345
333
302
284
261
234
207
203
192
159
116
102
114
115
110
108
90
75
58
45
68
103
104
77
77
96
128
156
183
194
234
268
290
297
305
306
305
289
235
204
184
140
92
35
-23
-54
-65
-79
-101
-120
-127
-101
-75
-59
-47
-37
-13
3
-10
1
31
64
78
61
60
63
89
86
60
48
34
-1
-39
-56
-76
-96
-117
-131
-148
-163
-163
-143
-110
-96
-105
-112
-94
-43
-12
3
38
77
114
118
121
162
196
207
191
161
159
152
159
153
131
110
75
39
12
2
-10
-44
-81
-101
-98
-102
-121
-128
-115
-83
-82
-91
-80
-39
28
78
97
114
167
213
231
253
290
326
353
341
322
324
340
344
329
308
276
243
204
165
147
121
93
47
5
-23
-52
-59
-63
-58
-34
-19
1
36
70
106
130
154
172
195
232
249
265
298
320
339
325
298
293
291
276
225
159
111
77
32
-47
-97
-125
-140
-157
-189
-211
-202
-187
-176
-156
-134
-110
-91
-53
-13
45
78
97
122
174
224
246
252
269
303
314
299
283
268
257
225
144
96
57
27
-18
-78
-116
-126
-127
-151
-142
-121
-103
-96
-93
-67
-37
19
43
66
80
95
140
163
188
210
241
267
261
253
267
286
308
301
283
257
250
245
239
215
192
176
149
133
115
113
120
102
91
96
103
119
131
149
157
169
174
190
215
254
279
304
319
327
331
312
300
291
272
233
191
165
151
114
64
15
6
2
-30
-57
-83
-62
-53
-77
-103
-105
-53
-25
-29
-33
-1
50
81
83
99
139
154
146
135
133
140
147
126
112
122
110
97
85
81
81
58
27
10
26
19
-3
-31
-38
-21
-13
-19
-20
13
48
61
71
69
77
88
97
91
88
80
66
72
66
85
92
94
103
116
122
106
99
95
92
99
86
67
78
71
75
88
100
130
173
200
220
222
243
272
285
285
290
304
307
313
315
306
314
319
291
272
267
272
270
236
204
193
183
157
117
96
107
96
78
59
77
87
78
83
82
87
96
97
93
121
144
143
137
145
165
173
174
180
196
187
155
125
103
99
86
57
11
-5
-9
0
-15
-22
8
40
49
40
33
56
78
67
61
58
100
116
126
121
135
166
157
140
107
106
129
116
102
95
86
59
25
4
4
24
14
-5
-23
-38
-51
-47
-46
-37
-20
-6
10
23
50
73
101
121
155
171
186
200
199
207
220
233
226
219
217
206
177
159
135
103
81
53
20
9
0
-12
-35
-44
-44
-47
-36
-15
6
19
49
69
98
115
136
153
173
190
191
190
183
177
181
177
174
180
170
151
138
114
98
74
64
44
5
-23
-56
-80
-107
-122
-116
-124
-114
-119
-134
-113
-77
-41
-33
-19
1
25
36
35
55
86
108
91
82
85
109
121
105
92
97
107
75
28
0
-17
-21
-60
-106
-117
-130
-137
-136
-127
-119
-103
-86
-81
-63
-31
4
19
32
54
54
62
69
95
113
131
126
118
122
120
138
135
124
114
99
68
55
44
52
56
26
-7
-43
-49
-56
-66
-82
-103
-98
-97
-90
-72
-57
-18
12
46
60
80
107
147
178
190
205
207
207
214
215
217
201
186
162
149
144
128
109
89
84
50
23
1
-13
-10
-7
-16
-32
-19
-3
15
29
54
86
110
129
137
147
147
153
163
165
171
157
142
131
142
141
131
126
122
130
105
80
54
37
43
34
24
17
-1
-6
-19
-37
-27
-3
-7
-7
-14
-27
-7
17
30
31
28
30
60
72
85
114
130
153
145
133
134
160
167
161
172
166
167
135
139
153
155
146
117
89
80
72
45
36
36
34
-2
-30
-44
-53
-21
0
-2
-14
-5
27
52
61
60
96
134
144
139
153
195
219
229
235
243
258
266
263
278
283
285
266
237
217
200
182
146
138
119
94
87
80
89
84
76
75
71
82
87
77
77
100
110
109
102
109
116
118
139
154
171
197
204
200
199
190
192
197
189
177
147
124
93
61
40
15
-13
-32
-55
-91
-102
-105
-107
-113
-111
-107
-103
-96
-70
-32
-5
4
9
48
92
107
118
126
141
161
160
144
149
160
179
156
114
90
72
61
22
-3
-23
-45
-77
-99
-114
-110
-114
-141
-142
-132
-130
-128
-132
-114
-80
-59
-44
-47
-30
-5
28
52
75
105
131
146
165
169
182
194
227
222
185
169
153
148
119
91
69
43
34
13
-9
-26
-23
-28
-47
-64
-74
-73
-65
-40
-43
-45
-35
-9
22
40
49
72
110
130
125
123
120
142
138
123
105
88
89
71
44
33
38
37
23
12
10
10
-9
-17
-32
-37
-35
-35
-38
-47
-34
-30
-12
8
31
48
55
58
80
86
98
99
113
142
123
118
108
100
108
93
74
60
32
12
0
-6
-20
-32
-39
-49
-49
-44
-35
-37
-30
-24
-25
-20
-10
-6
-17
-23
-23
-11
-11
0
-2
10
32
30
46
47
40
49
51
50
50
35
40
41
35
31
24
31
44
40
40
23
20
27
6
-16
-27
-31
-32
-55
-75
-77
-73
-56
-77
-89
-88
-81
-89
-122
-128
-135
-127
-135
-138
-137
-125
-101
-93
-93
-88
-65
-39
-27
-35
-39
-52
-66
-71
-83
-75
-62
-69
-74
-82
-87
-87
-96
-89
-104
-120
-144
-168
-177
-182
-200
-214
-218
-216
-214
-212
-199
-181
-170
-147
-145
-161
-159
-149
-143
-144
-151
-157
-136
-135
-129
-117
-99
-81
-89
-91
-88
-92
-118
-124
-139
-162
-174
-200
-220
-236
-248
-241
-238
-229
-225
-222
-243
-246
-227
-206
-197
-192
-178
-165
-145
-130
-103
-78
-61
-58
-66
-53
-43
-42
-52
-50
-51
-46
-76
-100
-86
-103
-109
-133
-156
-166
-179
-192
-211
-219
-226
-243
-263
-264
-245
-240
-225
-214
-202
-192
-175
-171
-173
-167
-169
-174
-168
-162
-156
-156
-147
-139
-129
-146
-145
-128
-140
-154
-172
-203
-212
-221
-240
-250
-247
-246
-250
-241
-245
-245
-221
-211
-207
-198
-198
-184
-172
-175
-165
-162
-158
-159
-156
-164
-163
-150
-146
-145
-145
-134
-141
-162
-177
-191
-197
-216
-250
-260
-247
-239
-259
-272
-273
-269
-267
-278
-282
-268
-259
-265
-268
-253
-229
-218
-210
-202
-202
-182
-181
-175
-176
-173
-180
-173
-181
-193
-198
-203
-203
-191
-182
-185
-181
-177
-165
-166
-160
-169
-169
-167
-162
-155
-159
-146
-143
-138
-140
-136
-136
-137
-137
-151
-172
-196
-219
-247
-257
-276
-301
-320
-321
-318
-327
-317
-309
-305
-293
-282
-275
-272
-253
-218
-202
-192
-190
-169
-144
-122
-109
-96
-86
-73
-63
-72
-65
-71
-72
-96
-126
-147
-159
-170
-186
-203
-225
-235
-251
-274
-298
-315
-330
-344
-376
-404
-418
-433
-441
-437
-436
-433
-420
-390
-373
-357
-348
-329
-302
-287
-279
-287
-276
-266
-259
-262
-260
-253
-261
-270
-279
-291
-301
-323
-334
-341
-349
-371
-382
-377
-375
-366
-380
-373
-368
-342
-325
-328
-312
-296
-282
-282
-271
-262
-238
-237
-241
-238
-221
-207
-219
-213
-205
-211
-222
-239
-233
-225
-242
-267
-287
-292
-290
-307
-330
-329
-326
-315
-318
-315
-301
-284
-286
-299
-289
-266
-262
-265
-252
-227
-193
-176
-171
-156
-131
-120
-144
-139
-138
-131
-139
-156
-188
-202
-202
-221
-237
-261
-254
-277
-306
-324
-330
-338
-338
-336
-330
-322
-317
-303
-286
-266
-253
-238
-225
-214
-210
-202
-190
-183
-168
-151
-146
-146
-138
-140
-133
-142
-152
-166
-171
-172
-184
-206
-219
-221
-227
-252
-270
-283
-280
-275
-283
-287
-277
-273
-280
-283
-286
-275
-262
-254
-251
-241
-244
-228
-218
-213
-206
-194
-185
-177
-174
-165
-159
-155
-156
-154
-169
-181
-185
-190
-191
-202
-216
-225
-228
-225
-227
-236
-239
-239
-240
-239
-262
-269
-268
-269
-265
-270
-267
-275
-275
-277
-281
-283
-275
-273
-279
-265
-267
-261
-275
-276
-264
-268
-264
-272
-273
-265
-263
-280
-277
-258
-256
-261
-261
-246
-228
-224
-222
-221
-210
-191
-183
-180
-162
-153
-148
-152
-145
-134
-140
-154
-168
-184
-191
-189
-189
-195
-202
-193
-206
-219
-228
-230
-227
-230
-241
-255
-255
-275
-273
-276
-292
-270
-265
-269
-282
-275
-253
-252
-239
-236
-225
-214
-215
-205
-197
-185
-168
-165
-167
-154
-148
-143
-124
-117
-120
-126
-137
-138
-139
-147
-162
-181
-193
-184
-206
-210
-210
-212
-205
-213
-216
-221
-213
-204
-189
-186
-190
-188
-174
-182
-185
-187
-187
-186
-193
-190
-195
-195
-208
-209
-210
-206
-203
-207
-204
-195
-176
-178
-182
-195
-191
-184
-174
-180
-187
-180
-188
-186
-180
-168
-160
-138
-145
-140
-135
-122
-116
-105
-100
-107
-102
-108
-109
-115
-104
-104
-114
-114
-120
-134
-142
-150
-158
-164
-161
-160
-178
-193
-187
-195
-199
-198
-187
-180
-172
-159
-144
-132
-125
-104
-92
-77
-62
-60
-47
-54
-50
-58
-68
-61
-65
-62
-64
-75
-68
-69
-75
-100
-107
-106
-125
-133
-142
-136
-139
-151
-171
-164
-157
-147
-134
-140
-132
-143
-129
-125
-125
-114
-109
-103
-96
-96
-86
-71
-62
-58
-60
-55
-59
-69
-79
-85
-93
-108
-126
-132
-136
-145
-159
-167
-173
-159
-159
-162
-169
-170
-160
-165
-154
-148
-134
-133
-139
-140
-133
-130
-125
-118
-116
-111
-115
-120
-107
-110
-106
-121
-131
-134
-153
-138
-129
-137
-138
-129
-137
-137
-130
-120
-118
-131
-132
-130
-132
-117
-110
-89
-90
-73
-52
-42
-34
-24
-7
-7
-6
-5
-5
10
8
-12
-3
-8
-21
-33
-56
-66
-74
-94
-116
-125
-135
-141
-135
-147
-150
-145
-129
-127
-116
-101
-83
-68
-61
-43
-22
-10
7
29
47
61
67
74
80
71
65
71
72
78
78
64
61
63
54
65
66
69
67
74
65
64
71
68
89
88
95
86
95
91
97
108
122
122
125
130
127
134
148
158
154
151
154
158
173
154
143
147
148
146
136
132
136
144
140
125
124
126
142
132
131
137
137
142
154
161
163
191
186
199
215
222
224
227
228
230
232
231
214
204
204
189
175
174
169
151
128
128
118
108
101
84
71
65
66
55
48
48
53
55
66
77
86
92
89
116
133
142
171
171
183
212
206
215
225
233
242
242
245
243
248
249
236
226
232
220
214
209
190
180
172
164
156
138
135
132
122
121
125
131
109
117
127
127
129
133
143
149
145
127
120
133
148
135
145
145
138
140
145
143
147
148
138
129
136
136
134
117
103
101
94
88
91
91
81
78
76
78
84
93
84
83
91
94
103
110
118
116
133
138
133
142
147
150
146
156
148
152
148
142
137
128
110
110
111
104
93
95
85
73
86
78
89
79
83
83
80
75
71
76
77
76
68
71
80
91
102
114
120
138
148
148
162
167
164
167
165
164
174
162
170
179
167
162
160
152
138
139
138
129
124
115
100
95
93
87
75
70
64
73
84
79
81
84
86
99
99
99
91
94
97
98
103
105
92
89
84
73
76
77
83
71
70
75
72
74
84
86
91
86
79
80
74
65
71
68
59
67
65
68
59
63
73
69
73
66
80
85
89
76
60
62
39
41
37
31
27
27
16
15
14
18
14
21
24
26
20
-14
3
-3
-21
-20
-12
-16
-10
-9
-10
-9
-1
11
-7
1
3
12
14
11
31
28
35
34
37
43
54
60
47
52
47
39
33
18
11
4
-7
-16
-27
-44
-53
-62
-75
-84
-83
-90
-110
-105
-108
-107
-109
-107
-112
-111
-103
-107
-115
-111
-102
-99
-98
-109
-105
-99
-85
-81
-77
-92
-84
-84
-100
-87
-97
-106
-109
-118
-117
-117
-130
-142
-146
-144
-146
-163
-164
-166
-175
-185
-182
-181
-189
-195
-195
-199
-191
-187
-188
-176
-174
-183
-180
-185
-182
-184
-175
-189
-202
-199
-194
-200
-216
-223
-224
-218
-225
-234
-237
-230
-235
-225
-224
-229
-225
-219
-213
-198
-197
-195
-193
-183
-177
-176
-164
-158
-148
-154
-143
-125
-127
-129
-133
-132
-129
-136
-138
-152
-160
-151
-154
-167
-171
-167
-174
-180
-178
-195
-196
-191
-188
-183
-204
-221
-217
-218
-226
-205
-205
-183
-175
-175
-162
-157
-147
-148
-143
-145
-138
-146
-145
-151
-149
-163
-166
-164
-168
-167
-164
-165
-171
-177
-170
-177
-185
-176
-179
-179
-175
-173
-173
-173
-175
-172
-171
-176
-176
-171
-166
-156
-157
-162
-169
-161
-160
-157
-152
-146
-147
-165
-167
-172
-157
-163
-167
-157
-144
-141
-147
-145
-146
-123
-108
-111
-120
-117
-120
-113
-119
-123
-126
-130
-137
-153
-158
-164
-153
-161
-158
-156
-166
-174
