SAMPLES:	9031
BITSPERSAMPLE:	16
CHANNELS:	1
SAMPLERATE:	16000
NORMALIZED:	FALSE
24
25
17
24
19
11
18
20
22
29
31
13
15
9
1
-9
-6
-19
-15
-15
-26
-10
-23
-30
-18
-23
-19
-23
-19
-18
-14
-10
-10
1
-9
-2
-9
-15
-14
-12
-15
-17
-9
-1
2
-14
-12
-6
-15
-10
-12
-9
-14
-12
-12
-19
-18
-13
-5
-16
-16
-17
-12
-21
-18
-16
-23
-27
-18
-24
-23
-21
-24
-12
-9
-6
-10
-20
-8
-17
-13
0
-2
3
-8
11
5
12
6
16
11
6
25
8
11
12
18
6
3
10
9
17
8
5
13
16
22
31
40
38
46
45
44
38
34
34
32
33
30
38
40
39
36
36
51
46
42
46
45
49
52
58
59
53
50
60
58
51
46
49
47
40
41
40
37
32
28
31
30
19
21
22
26
24
33
31
47
52
41
48
51
53
42
44
32
37
41
48
49
42
51
53
50
55
52
47
43
41
49
48
44
45
38
39
52
31
36
41
35
44
36
25
37
37
33
34
36
37
43
41
28
49
43
32
30
31
36
44
46
42
54
47
46
55
51
55
57
57
60
59
51
57
52
51
52
44
45
46
42
57
59
62
71
74
82
73
88
72
75
81
67
78
67
64
61
67
70
65
60
57
67
68
63
67
72
66
68
68
64
68
71
66
56
59
66
58
60
50
52
52
50
48
42
41
33
35
22
19
26
35
30
32
40
41
27
35
36
25
21
16
21
15
18
21
11
12
16
9
19
10
7
11
-8
1
-1
-10
-12
-8
2
-3
2
-2
-7
3
2
-3
-6
-13
-7
-1
-3
-8
4
6
1
-9
-3
-4
-4
12
11
5
13
6
6
2
-2
8
4
11
4
5
7
3
3
9
10
10
10
2
8
11
9
6
8
13
15
22
13
27
20
23
29
23
25
15
11
2
13
8
10
7
-2
2
-4
-2
10
0
1
10
10
24
19
25
24
30
30
31
21
21
34
29
31
27
27
34
29
25
38
37
41
41
32
31
29
34
32
35
42
44
44
49
50
41
36
36
31
35
33
41
43
41
47
35
30
33
34
35
31
17
32
34
19
29
26
26
31
29
37
36
45
44
36
40
38
43
40
40
50
39
45
49
49
49
69
65
55
65
66
54
57
68
63
68
64
69
78
76
79
79
88
86
86
88
90
88
90
97
94
86
89
97
99
99
100
106
104
107
97
96
102
97
99
101
93
80
77
81
75
77
78
75
77
73
74
70
78
85
91
80
83
88
84
87
90
87
82
90
83
88
83
87
87
91
85
82
89
92
91
90
88
81
89
100
88
95
91
86
92
96
86
81
89
81
84
85
94
83
81
78
75
74
64
62
69
67
66
68
63
64
63
66
60
59
67
57
59
64
64
72
60
53
56
60
44
55
60
55
57
60
60
65
60
55
65
60
69
67
76
74
68
77
76
85
83
74
76
80
74
85
78
78
77
79
77
79
78
83
85
74
83
86
83
79
77
72
73
66
63
67
62
57
53
41
50
47
37
40
47
46
38
36
44
43
38
37
30
33
27
27
27
35
33
20
28
32
28
26
20
22
20
18
23
20
21
26
25
34
36
36
45
33
47
36
34
33
25
31
32
33
22
25
17
21
12
26
15
10
22
17
18
16
20
12
11
9
10
15
20
19
21
22
11
16
10
10
16
12
14
8
15
22
12
19
18
19
11
21
26
14
23
16
19
31
25
32
29
36
36
33
27
30
34
31
37
37
34
29
38
34
36
40
40
46
50
42
54
54
45
51
49
42
49
48
48
42
45
49
43
46
33
35
34
33
31
42
44
35
41
39
46
41
42
40
32
42
48
42
46
46
47
39
32
38
39
43
45
36
40
47
52
49
57
55
50
61
56
65
63
63
48
55
59
67
69
58
63
63
67
69
61
58
60
48
60
64
63
61
57
68
70
62
65
61
63
60
70
69
60
59
52
61
48
52
59
52
52
58
60
52
60
52
60
67
56
59
57
53
62
67
71
81
70
78
83
74
74
79
81
73
73
77
74
77
84
85
78
77
77
83
83
87
79
94
95
90
92
85
92
88
90
85
87
84
84
95
95
83
77
84
75
83
79
81
79
77
71
72
71
73
68
68
70
65
75
70
68
60
53
60
51
58
59
53
58
69
88
104
118
129
130
120
101
103
90
67
70
80
99
77
51
49
49
59
68
63
54
39
22
30
44
37
29
33
27
39
43
50
33
10
11
25
33
42
33
20
17
24
27
8
-10
-2
21
17
7
4
6
7
0
5
13
1
-11
-3
15
21
22
13
14
20
16
20
21
19
8
12
25
23
14
4
8
19
17
-10
-13
4
-6
-1
-5
-8
1
-5
-7
-5
-2
-20
-32
-14
-6
-19
-25
-21
-25
-20
-27
-31
-21
-27
-34
-30
-33
-26
-37
-47
-53
-51
-57
-59
-41
-38
-37
-46
-43
-51
-40
-36
-34
-34
-31
-33
-32
-16
-19
-20
-24
-29
-20
-10
-33
-15
-6
-23
-23
-18
-17
-22
-29
-32
-29
-32
-43
-39
-25
-31
-40
-39
-38
-30
-37
-41
-39
-29
-31
-36
-24
-27
-22
-33
-31
-23
-33
-31
-30
-26
-19
-25
-24
-26
-14
-23
-19
-24
-21
-21
-21
-14
-13
-10
-14
1
3
4
0
10
15
20
7
8
22
11
7
10
17
18
19
13
26
20
11
8
17
19
17
34
28
28
30
28
32
52
41
45
40
35
38
41
43
28
27
36
42
41
39
33
35
35
35
29
25
33
38
44
42
36
37
39
39
36
22
33
38
41
40
39
41
42
29
34
27
24
26
34
39
42
48
34
42
33
31
24
26
24
23
22
6
11
23
20
14
19
29
20
17
12
20
18
18
21
29
29
25
26
34
32
29
25
21
28
20
22
28
31
33
33
52
43
45
35
35
45
29
43
41
42
46
45
48
48
50
45
42
56
44
46
47
54
59
49
51
56
59
50
48
46
46
48
46
48
59
49
40
43
40
43
44
42
40
41
44
40
38
32
31
28
27
20
29
30
21
16
16
29
25
16
10
18
15
20
9
9
11
1
-4
-2
7
6
13
8
9
11
7
10
2
3
7
-6
8
3
-7
-9
-5
-2
-1
-5
-6
0
-16
-11
-18
-24
-18
-15
-18
-13
-29
-23
-29
-33
-26
-34
-24
-15
-19
-24
-28
-30
-16
-2
-2
-26
-33
-35
-29
-6
-1
-12
-29
-29
-26
-16
-5
2
0
-10
-15
-14
3
12
12
6
0
-8
4
16
21
17
17
10
10
17
21
24
21
14
6
8
13
14
15
12
12
11
13
22
16
17
7
-1
13
19
23
19
11
9
12
12
5
15
17
5
10
19
10
20
17
22
30
29
30
39
42
38
39
42
47
49
46
43
40
38
41
40
40
44
48
40
38
53
47
54
53
47
42
38
47
46
46
44
50
50
46
45
45
37
32
37
32
37
25
24
28
30
25
27
31
30
22
25
27
20
32
22
24
27
29
33
29
35
44
44
43
40
46
52
42
44
49
44
58
51
54
65
56
60
61
66
60
65
62
74
70
59
74
60
74
65
66
68
56
61
65
67
68
64
55
54
61
64
66
67
57
58
51
58
59
53
61
53
49
62
64
72
62
68
67
59
67
57
60
59
67
60
58
63
62
71
61
61
62
64
70
71
68
68
71
66
73
64
58
62
64
62
60
62
66
64
62
55
50
56
58
63
49
55
57
58
53
36
44
38
24
25
14
13
17
11
2
12
13
5
17
4
5
15
7
2
5
9
5
7
0
-7
7
9
16
21
16
13
15
18
11
21
26
25
26
25
34
31
25
34
44
28
29
25
19
26
14
10
27
20
11
18
20
23
20
21
15
3
15
18
10
5
-3
3
6
1
5
4
4
2
5
6
7
8
5
1
3
6
2
4
-8
-5
11
-2
10
11
3
12
10
3
10
15
13
11
11
17
14
24
23
20
11
16
7
9
19
13
17
10
17
15
11
1
-2
1
-9
-10
-1
-12
-11
-11
-9
-22
-19
-12
-15
-9
-21
-17
-17
-16
-33
-32
-33
-19
-21
-29
-15
-21
-20
-10
-24
-24
-18
-16
-7
-13
-10
-5
-5
7
4
-2
1
12
17
25
22
27
33
31
31
29
20
28
24
27
30
34
38
39
48
51
46
37
49
45
51
49
55
50
47
51
44
55
55
51
57
50
56
61
54
56
49
44
50
54
46
38
36
41
40
26
23
25
26
22
27
36
33
24
14
14
10
13
22
27
19
18
16
22
17
21
25
25
14
11
10
8
16
9
8
15
10
16
8
11
17
17
10
2
12
2
4
0
3
6
-1
-5
1
4
5
5
10
24
22
15
21
23
19
28
30
30
34
36
47
57
61
61
74
76
71
88
88
86
101
97
98
106
113
115
114
117
122
136
124
124
128
121
120
129
118
116
126
115
114
111
107
103
97
95
88
87
88
70
61
67
54
49
43
33
27
18
13
4
3
0
-14
-7
-18
-29
-31
-40
-40
-57
-59
-74
-72
-76
-91
-91
-95
-97
-111
-119
-116
-112
-117
-132
-128
-135
-140
-139
-136
-145
-148
-147
-143
-142
-136
-129
-122
-130
-115
-96
-100
-79
-71
-67
-66
-45
-39
-27
-13
4
11
16
33
38
54
65
73
86
101
109
118
123
129
133
143
140
150
155
157
158
154
161
154
149
143
148
139
141
136
137
138
132
123
117
113
107
99
85
85
83
77
67
63
58
50
49
28
21
28
19
13
-3
-12
-16
-29
-34
-40
-43
-44
-53
-62
-62
-57
-67
-74
-78
-69
-84
-83
-93
-105
-109
-124
-129
-149
-147
-153
-167
-178
-186
-185
-205
-220
-227
-246
-258
-272
-287
-293
-313
-320
-312
-300
-277
-275
-263
-239
-221
-204
-188
-169
-155
-125
-114
-103
-83
-60
-25
-15
6
37
61
84
111
142
162
170
171
188
207
207
215
225
213
216
227
231
230
225
230
224
223
229
227
216
203
190
185
172
175
168
147
151
144
139
136
131
122
126
115
110
109
99
89
83
63
45
34
36
25
17
15
2
-1
2
-3
-16
-22
-31
-45
-58
-69
-72
-86
-104
-106
-124
-111
-119
-122
-119
-117
-119
-126
-120
-118
-114
-112
-110
-118
-95
-102
-93
-66
-62
-47
-51
-32
-20
2
15
27
45
60
64
70
84
87
95
98
109
115
119
133
139
140
145
145
156
158
153
149
150
150
152
143
135
146
138
133
129
124
123
118
122
114
112
118
113
105
101
112
105
111
122
117
121
119
124
124
118
128
112
105
106
100
100
88
87
73
65
57
56
45
45
41
26
27
18
15
11
-2
-17
-21
-21
-28
-36
-33
-39
-55
-60
-56
-61
-77
-76
-81
-80
-92
-97
-106
-120
-120
-132
-141
-151
-167
-182
-187
-204
-208
-221
-231
-241
-253
-263
-262
-262
-280
-289
-284
-273
-271
-259
-231
-230
-212
-199
-182
-154
-151
-123
-107
-87
-72
-47
-13
5
26
46
75
90
117
142
152
177
198
209
228
238
244
256
255
268
261
259
260
253
261
247
231
224
222
212
201
182
167
148
136
108
91
67
53
34
15
7
10
13
8
7
11
18
16
23
23
18
27
21
10
13
3
-4
-10
-18
-30
-26
-28
-39
-43
-45
-49
-52
-63
-66
-72
-82
-83
-82
-88
-103
-102
-100
-104
-112
-120
-115
-115
-114
-118
-119
-132
-146
-142
-142
-156
-164
-170
-201
-217
-235
-245
-270
-285
-298
-302
-312
-304
-289
-280
-260
-253
-244
-217
-196
-175
-155
-153
-128
-117
-101
-84
-58
-51
-23
3
33
56
77
110
138
156
169
204
221
240
247
261
264
267
266
263
263
248
249
249
223
222
207
186
168
147
128
98
78
71
45
33
28
26
29
20
32
34
42
40
43
54
53
58
58
55
53
60
53
48
34
37
34
24
26
14
15
13
5
17
2
-1
3
-3
-7
-17
-19
-21
-18
-16
-17
-11
-12
-18
-27
-34
-29
-36
-36
-52
-57
-73
-75
-76
-95
-101
-120
-126
-136
-146
-174
-183
-201
-227
-245
-259
-274
-288
-298
-304
-303
-290
-281
-271
-253
-211
-189
-165
-131
-111
-94
-63
-38
-36
0
21
41
59
84
117
135
173
206
225
247
275
295
317
327
323
327
318
329
329
306
288
273
258
226
193
161
126
105
84
55
34
20
13
16
28
32
32
37
58
58
60
66
63
71
64
73
73
55
67
63
55
56
50
32
21
22
-3
-8
-11
-19
-26
-21
-27
-21
-16
-24
-17
-24
-25
-21
-37
-39
-53
-71
-72
-87
-104
-107
-125
-132
-144
-149
-162
-167
-185
-203
-207
-236
-252
-282
-306
-345
-378
-407
-442
-479
-518
-531
-544
-538
-539
-522
-502
-474
-449
-420
-386
-356
-328
-303
-267
-239
-220
-191
-165
-134
-106
-65
-18
23
59
98
146
187
228
268
290
317
333
329
349
341
333
317
303
273
240
215
168
130
77
15
-46
-88
-131
-170
-202
-208
-204
-208
-186
-158
-126
-119
-113
-94
-83
-69
-87
-82
-65
-67
-58
-65
-68
-56
-59
-72
-85
-95
-96
-101
-104
-114
-131
-138
-127
-130
-137
-128
-122
-117
-117
-126
-126
-129
-128
-138
-145
-141
-158
-166
-168
-182
-186
-197
-201
-210
-218
-220
-248
-265
-286
-314
-349
-384
-424
-468
-520
-555
-572
-578
-592
-597
-591
-573
-515
-468
-426
-376
-339
-291
-246
-196
-155
-121
-100
-69
-26
6
43
90
138
173
222
268
307
373
423
456
477
503
518
528
529
519
498
465
429
375
334
270
200
137
50
-14
-61
-101
-126
-127
-122
-103
-71
-45
-20
15
28
31
51
60
61
68
62
69
73
81
80
84
87
79
75
65
53
46
39
14
12
-1
-1
3
-10
-7
4
16
21
15
15
12
3
8
-9
-27
-42
-57
-77
-91
-112
-128
-129
-143
-161
-179
-205
-234
-263
-291
-337
-393
-442
-504
-570
-616
-652
-665
-674
-699
-712
-688
-637
-582
-527
-473
-420
-365
-298
-238
-189
-138
-94
-59
-19
20
53
109
158
197
232
267
337
397
429
467
491
500
521
528
518
506
465
420
383
328
272
205
148
77
-7
-77
-135
-173
-207
-220
-224
-224
-195
-143
-102
-56
-17
34
68
95
132
145
178
190
205
224
227
245
244
243
221
200
189
161
144
119
103
104
100
94
94
90
104
113
117
127
108
98
92
91
77
70
56
35
33
1
-16
-28
-38
-53
-75
-73
-90
-105
-144
-158
-203
-261
-301
-361
-415
-491
-577
-651
-705
-757
-779
-799
-808
-805
-774
-716
-637
-549
-455
-363
-262
-173
-92
13
83
134
173
204
228
258
303
327
343
364
400
452
503
523
560
580
594
598
589
572
527
471
388
290
199
99
-5
-116
-233
-333
-410
-465
-516
-539
-554
-551
-529
-494
-446
-403
-341
-296
-250
-185
-135
-93
-44
0
40
90
123
161
200
212
223
217
208
191
136
98
59
8
-44
-50
-59
-60
-51
-38
-11
8
27
49
60
59
55
32
20
8
-8
-33
-45
-57
-69
-70
-86
-99
-114
-126
-140
-170
-193
-231
-264
-310
-363
-431
-494
-575
-665
-747
-855
-937
-994
-1040
-1088
-1126
-1145
-1131
-1079
-981
-865
-743
-622
-503
-371
-222
-71
50
121
176
228
288
347
370
391
404
423
465
507
559
617
668
703
724
735
749
743
711
640
546
453
347
236
116
-12
-125
-230
-318
-389
-439
-464
-476
-470
-448
-414
-367
-305
-241
-172
-113
-39
35
109
181
257
324
395
479
527
585
612
644
670
684
658
619
568
491
411
323
243
177
146
128
123
125
166
212
263
296
312
324
345
346
332
317
291
273
246
230
223
205
190
172
173
169
175
162
131
93
57
5
-51
-124
-211
-319
-456
-594
-726
-859
-957
-1034
-1098
-1149
-1170
-1108
-959
-758
-598
-447
-292
-64
192
395
534
593
670
755
808
816
786
776
775
764
759
776
812
869
924
949
943
950
971
974
911
801
670
528
393
247
73
-113
-266
-392
-503
-572
-614
-640
-629
-591
-533
-463
-393
-298
-222
-157
-91
-18
70
142
201
258
315
373
453
526
583
620
652
680
685
667
629
575
479
370
248
124
11
-99
-207
-308
-372
-409
-417
-411
-396
-352
-298
-216
-152
-84
-45
-15
2
16
14
-5
-35
-83
-118
-161
-205
-240
-282
-336
-386
-454
-521
-611
-693
-801
-941
-1110
-1297
-1478
-1692
-1893
-2042
-2153
-2250
-2302
-2249
-2067
-1783
-1542
-1351
-1142
-797
-395
-106
64
119
211
322
373
330
221
137
87
40
-25
-62
-72
-16
36
49
47
35
88
83
12
-153
-349
-512
-660
-824
-1054
-1270
-1438
-1539
-1586
-1602
-1602
-1559
-1444
-1285
-1139
-1000
-831
-667
-489
-359
-276
-186
-95
15
110
160
215
287
399
491
555
582
621
657
656
631
562
482
385
282
144
5
-125
-219
-308
-379
-431
-456
-428
-407
-362
-326
-271
-188
-101
-14
38
101
171
244
305
334
339
334
358
352
325
278
207
133
23
-88
-230
-386
-563
-760
-960
-1187
-1446
-1692
-1892
-2036
-2143
-2219
-2168
-1919
-1500
-1098
-786
-467
9
623
1151
1414
1496
1603
1794
1920
1854
1630
1440
1310
1207
1080
940
850
848
887
840
756
696
716
697
562
307
7
-238
-438
-647
-933
-1203
-1401
-1463
-1441
-1383
-1301
-1158
-939
-680
-421
-180
52
274
463
597
687
751
819
865
877
851
835
845
891
920
885
843
781
751
669
559
408
236
67
-97
-255
-390
-479
-563
-590
-593
-566
-494
-400
-287
-197
-123
-51
42
106
132
137
125
128
133
127
101
64
19
-30
-62
-133
-251
-405
-565
-738
-952
-1204
-1479
-1779
-2081
-2441
-2801
-3123
-3258
-3221
-3004
-2653
-2250
-1742
-1178
-495
255
1006
1563
1873
2039
2169
2322
2295
2082
1711
1369
1091
857
682
502
407
339
309
267
245
255
234
130
-132
-443
-765
-1003
-1220
-1467
-1700
-1861
-1867
-1736
-1465
-1122
-761
-376
45
499
903
1234
1472
1630
1679
1630
1533
1416
1323
1175
1001
829
687
651
628
596
502
372
250
146
33
-134
-342
-544
-668
-753
-796
-782
-702
-560
-383
-155
71
306
523
694
815
852
863
823
762
643
491
333
215
124
-1
-125
-255
-370
-491
-606
-781
-1007
-1254
-1499
-1757
-2002
-2297
-2621
-2957
-3315
-3688
-4043
-4200
-3863
-3032
-2016
-1360
-1028
-456
804
2392
3405
3438
3000
2935
3269
3354
2787
1809
1056
606
298
-104
-466
-559
-443
-353
-542
-742
-700
-404
-287
-660
-1294
-1795
-1893
-1825
-1830
-1983
-2033
-1782
-1226
-483
251
934
1517
2041
2462
2744
2890
2894
2719
2308
1793
1307
954
702
448
164
-108
-223
-179
-35
34
-37
-163
-295
-351
-400
-501
-657
-754
-763
-641
-404
-79
300
655
982
1305
1611
1846
1950
1900
1661
1349
1065
826
576
242
-95
-364
-475
-489
-508
-587
-732
-887
-1055
-1196
-1379
-1626
-1955
-2263
-2598
-2849
-3137
-3402
-3773
-4117
-4118
-3379
-1938
-490
279
516
1196
2759
4530
5237
4539
3485
3074
3172
2829
1679
377
-442
-732
-1002
-1357
-1520
-1205
-688
-553
-847
-1160
-970
-558
-534
-1146
-1939
-2301
-2102
-1650
-1301
-997
-534
181
1087
2035
2895
3459
3703
3580
3255
2805
2298
1696
944
115
-638
-1074
-1182
-1045
-887
-779
-691
-485
-166
125
278
204
-36
-244
-319
-256
-166
-76
94
380
768
1240
1747
2119
2296
2278
2123
1891
1590
1185
667
86
-401
-670
-744
-701
-671
-643
-559
-429
-296
-239
-346
-580
-899
-1178
-1474
-1731
-1981
-2190
-2418
-2582
-2762
-2871
-3070
-3095
-2824
-1944
-696
412
1017
1295
1959
3069
4124
4194
3348
2303
1787
1630
1153
224
-751
-1240
-1276
-1305
-1352
-1292
-891
-522
-494
-789
-1036
-875
-622
-621
-1015
-1357
-1254
-699
-1
599
1141
1682
2273
2784
3126
3252
3113
2674
1897
1048
277
-288
-725
-1128
-1465
-1608
-1403
-968
-486
-132
70
188
293
378
408
365
271
172
172
314
605
962
1272
1505
1686
1788
1858
1805
1539
1113
600
146
-196
-452
-617
-708
-704
-549
-301
-12
207
273
239
116
-54
-285
-555
-863
-1127
-1373
-1510
-1649
-1703
-1826
-1943
-2223
-2524
-2965
-3297
-3250
-2488
-1100
196
933
1050
1639
2921
4406
4672
3602
2021
1143
929
559
-478
-1665
-2259
-2140
-1904
-1725
-1454
-848
-223
-61
-454
-881
-804
-450
-334
-694
-1050
-871
-107
848
1648
2288
2771
3134
3255
3137
2818
2262
1405
281
-775
-1502
-1766
-1785
-1747
-1601
-1253
-633
46
576
819
854
787
639
451
298
234
289
408
577
815
1191
1533
1741
1690
1423
1061
706
356
-108
-555
-894
-926
-768
-500
-228
45
335
609
785
774
614
321
-4
-341
-626
-857
-1032
-1123
-1168
-1179
-1270
-1365
-1595
-1874
-2420
-3016
-3839
-4203
-3961
-2448
-440
1218
1804
2050
3048
4719
5961
5200
3127
956
23
-380
-1099
-2352
-3172
-3041
-2336
-1783
-1390
-803
69
503
68
-912
-1530
-1349
-887
-734
-920
-746
186
1581
2838
3607
3931
3922
3557
2787
1804
765
-232
-1231
-2138
-2662
-2529
-1843
-1007
-322
198
691
1171
1420
1327
940
464
129
-55
-71
83
446
916
1387
1713
1818
1763
1513
1109
501
-165
-703
-975
-1012
-930
-729
-365
162
681
979
979
766
514
262
6
-351
-707
-948
-977
-843
-693
-576
-555
-635
-936
-1341
-1977
-2544
-3252
-3868
-4764
-5035
-4241
-1620
1371
3362
3489
3191
4020
5651
6245
4192
916
-1593
-2058
-2011
-2401
-3204
-3063
-1947
-745
-342
-325
-4
547
392
-905
-2451
-2989
-2117
-865
-77
251
950
2272
3702
4488
4336
3577
2478
1236
-105
-1250
-1972
-2220
-2259
-2139
-1712
-849
219
1018
1279
1118
864
631
415
97
-162
-201
70
497
975
1402
1746
1896
1722
1246
605
39
-410
-742
-1009
-1028
-717
-149
337
632
761
834
825
612
188
-338
-740
-938
-838
-646
-452
-319
-186
-90
-80
-277
-648
-1185
-1825
-2533
-3193
-3747
-4109
-4463
-4723
-4020
-1770
1709
4126
4476
3234
3042
4116
5120
3608
328
-2406
-2782
-1898
-1607
-2099
-2119
-996
123
218
-545
-973
-751
-558
-1299
-2501
-2946
-1840
96
1612
2246
2435
2782
3283
3451
2906
1794
499
-543
-1263
-1597
-1572
-1235
-755
-247
65
222
318
408
418
157
-232
-440
-257
144
606
1002
1388
1689
1743
1503
1143
825
470
0
-528
-752
-600
-225
139
419
668
863
915
712
325
-29
-241
-343
-499
-631
-637
-396
-79
162
135
-101
-467
-809
-1120
-1430
-1776
-2143
-2481
-2810
-3141
-3516
-3876
-4025
-3090
-716
2394
4149
3811
2577
2702
4088
4692
2678
-701
-2738
-2371
-1325
-1359
-2103
-1985
-801
55
-260
-1047
-1213
-778
-612
-1215
-1889
-1663
-342
1266
2339
2708
2704
2573
2378
2063
1443
504
-462
-1077
-1213
-1043
-824
-550
-66
407
489
59
-359
-261
106
221
31
56
577
1295
1697
1695
1581
1498
1223
589
-102
-429
-360
-264
-322
-316
-18
505
888
911
679
440
316
178
-60
-205
-183
-27
34
4
-94
-163
-217
-376
-734
-1230
-1690
-1921
-1923
-1987
-2290
-2749
-3190
-3437
-3762
-3669
-2317
666
3665
4581
3327
2079
2774
4302
4012
1030
-2213
-3205
-2068
-1237
-1598
-2033
-1326
-263
-170
-1021
-1601
-1364
-911
-955
-1284
-1054
-74
1239
2338
3121
3444
3034
2034
1086
681
451
-172
-943
-1189
-702
-109
0
-87
79
317
-83
-1081
-1660
-1181
-156
384
485
714
1481
2206
2270
1729
1128
681
192
-403
-736
-540
-76
290
372
442
570
714
604
287
-91
-309
-413
-452
-296
68
450
495
259
-54
-287
-543
-817
-1128
-1390
-1665
-1866
-2009
-1979
-2057
-2433
-3146
-3866
-4313
-3624
-1393
1947
4313
4325
2845
2282
3407
4290
2807
-492
-2774
-2638
-1445
-1245
-1718
-1445
-288
134
-886
-2136
-2239
-1574
-1386
-1825
-1789
-564
1060
2098
2534
3053
3519
3003
1441
-20
-321
24
32
-457
-553
4
640
689
315
75
-154
-676
-1468
-1676
-874
370
1169
1345
1380
1639
1827
1541
821
136
-259
-382
-428
-266
216
780
1030
777
353
39
-118
-327
-561
-573
-347
-16
247
512
734
773
437
-157
-743
-1083
-1286
-1392
-1427
-1394
-1359
-1497
-1881
-2428
-3092
-3691
-4348
-4082
-2069
1394
4121
4192
2624
1894
3093
3992
2457
-806
-2629
-1937
-437
-461
-1219
-912
363
642
-875
-2493
-2547
-1626
-1393
-1822
-1537
281
2135
2656
2162
2099
2612
2287
612
-1003
-996
124
778
541
396
1026
1637
1132
-141
-1111
-1169
-1181
-1562
-1736
-817
844
2015
2146
1742
1559
1477
974
19
-633
-546
-71
202
353
710
1251
1293
721
-34
-387
-404
-479
-614
-498
17
522
686
515
317
121
-231
-839
-1285
-1334
-1051
-876
-900
-1029
-1135
-1431
-2078
-3063
-3847
-4498
-4147
-2151
1292
4240
4465
2762
1638
2517
3389
1968
-1206
-2804
-1783
-27
-82
-997
-634
817
952
-1094
-3131
-2952
-1397
-806
-1424
-1408
516
2600
2913
1644
937
1409
1576
408
-920
-645
812
1699
1379
1018
1319
1514
469
-1094
-1848
-1301
-662
-687
-752
131
1612
2342
1828
888
522
510
224
-399
-551
1
687
823
659
638
787
527
-230
-907
-975
-563
-248
-114
45
388
562
332
-106
-380
-460
-668
-999
-1175
-1020
-780
-719
-920
-1219
-1639
-2241
-3032
-3716
-4049
-3293
-882
2247
4257
3505
1597
886
1848
2245
479
-1848
-1891
73
1415
533
-672
-115
946
98
-2614
-4209
-3132
-1104
-551
-1084
-686
1236
2733
2323
952
494
937
807
-231
-724
332
1796
2123
1267
605
605
479
-514
-1637
-1702
-768
-3
19
-39
571
1407
1447
602
-207
-213
254
514
484
708
1235
1549
1243
691
388
248
-115
-656
-890
-564
-60
148
124
123
173
-22
-480
-822
-775
-628
-712
-1007
-1172
-1131
-1128
-1401
-1853
-2371
-2874
-3414
-3770
-3425
-1640
1184
3361
3450
1855
838
1322
2062
1233
-650
-1226
248
1776
1432
-40
-425
374
218
-1748
-3620
-3219
-1247
-8
-255
-476
382
1449
1281
171
-292
243
625
117
-256
620
2181
2717
1859
766
418
384
-213
-1059
-1119
-270
503
483
116
224
709
796
189
-416
-358
188
589
674
800
1060
1095
649
74
-117
-12
36
-139
-192
70
373
401
161
-18
-109
-269
-551
-623
-378
-46
-52
-398
-752
-912
-1116
-1558
-2150
-2638
-2996
-3295
-3373
-2588
-536
1859
2989
2114
582
237
1018
1270
210
-814
-236
1298
1858
881
-118
34
375
-533
-2201
-2740
-1611
-189
266
151
446
951
805
-69
-578
-183
400
294
-52
378
1462
2142
1586
659
224
232
78
-428
-603
-151
468
639
436
352
519
609
398
117
129
410
622
644
625
692
726
492
145
-20
83
124
-27
-180
-115
68
44
-165
-348
-338
-255
-320
-474
-590
-600
-677
-904
-1204
-1432
-1634
-1881
-2236
-2638
-2840
-2492
-1292
366
1610
1541
670
108
529
1102
862
147
121
1091
1771
1287
243
-182
7
-216
-1125
-1760
-1427
-590
-190
-191
-65
177
15
-580
-915
-482
178
508
459
633
1119
1478
1340
834
509
463
568
543
446
403
447
446
302
74
-66
-73
-21
-2
80
225
358
347
222
140
105
117
95
148
254
319
268
152
63
-21
-121
-254
-362
-405
-439
-471
-558
-609
-693
-840
-1077
-1311
-1554
-1845
-2252
-2578
-2693
-2195
-1116
231
1042
802
222
-94
309
533
311
51
385
1143
1347
842
281
286
416
-29
-771
-1059
-550
6
106
-58
-72
30
-180
-607
-673
-292
48
-17
-247
-8
516
865
677
439
475
681
711
531
456
480
531
412
323
356
474
555
554
564
491
320
66
-100
-110
-53
-39
-47
2
111
239
266
136
-73
-280
-390
-391
-319
-288
-352
-509
-680
-856
-1022
-1273
-1585
-1921
-2133
-2268
-2147
-1562
-759
70
181
-1
-173
-115
-29
-255
-257
159
830
1208
1105
925
858
733
264
-211
-403
-283
-57
-2
111
128
43
-217
-457
-389
-191
-8
-17
-19
138
360
484
393
310
309
370
373
336
429
607
715
671
527
426
350
304
322
396
430
324
198
172
260
275
128
-71
-157
-140
-112
-171
-265
-319
-319
-344
-446
-518
-489
-401
-351
-415
-524
-615
-691
-760
-836
-908
-1024
-977
-794
-341
-80
-134
-360
-478
-319
-261
-348
-445
-353
-180
-211
-234
-50
255
313
20
-186
-23
451
611
478
295
336
472
407
242
89
94
138
143
133
130
173
133
71
-28
-64
-4
30
111
215
397
545
528
471
428
511
539
418
245
191
363
515
550
436
253
130
21
11
11
18
-25
-108
-78
-45
-34
-188
-391
-496
-525
-490
-532
-585
-609
-593
-578
-635
-612
-594
-551
-626
-778
-840
-741
-494
-375
-438
-575
-524
-238
37
85
-143
-364
-405
-261
-47
-1
-4
-41
22
199
320
375
277
217
229
280
333
274
267
306
394
413
314
216
195
317
443
505
495
389
334
339
382
369
267
142
82
144
229
285
283
205
137
75
41
7
-35
-68
-89
-48
-8
31
31
-14
-64
-135
-203
-303
-418
-534
-660
-758
-920
-963
-901
-777
-830
-1058
-1182
-1074
-723
-590
-723
-932
-869
-493
-175
-139
-344
-463
-365
-161
19
19
-16
-56
0
135
211
222
53
-88
-44
201
434
449
391
441
664
849
817
647
506
533
601
609
551
485
525
572
606
503
332
157
60
63
61
13
-112
-154
-70
101
207
131
2
-45
27
91
67
-43
-163
-213
-251
-277
-317
-383
-493
-652
-793
-888
-938
-959
-925
-866
-827
-941
-1075
-1054
-762
-453
-410
-656
-853
-690
-274
25
-30
-248
-285
-113
173
323
316
222
120
165
293
454
495
395
309
314
421
458
430
385
384
452
480
496
435
325
262
263
308
244
106
45
136
283
328
233
131
150
272
396
416
328
252
224
238
226
160
95
50
59
69
40
-53
-141
-172
-170
-186
-319
-488
-634
-662
-662
-685
-791
-848
-769
-589
-544
-726
-940
-985
-750
-538
-543
-810
-993
-879
-534
-229
-181
-307
-397
-307
-32
222
346
292
217
267
405
566
601
538
488
541
658
675
641
554
551
576
590
591
544
570
601
620
568
435
317
273
332
379
383
286
174
125
138
188
181
136
99
108
176
225
222
129
-17
-128
-208
-265
-327
-384
-431
-432
-424
-430
-472
-553
-650
-804
-968
-1053
-1034
-945
-966
-1094
-1154
-987
-638
-418
-429
-605
-674
-553
-369
-259
-276
-303
-287
-171
21
172
271
257
230
230
287
372
427
491
571
658
690
677
641
585
603
629
627
618
586
648
731
803
740
560
391
305
313
303
268
186
136
150
188
228
190
109
41
21
53
50
51
37
26
10
-38
-74
-105
-187
-299
-435
-529
-616
-727
-870
-983
-1032
-1019
-947
-936
-989
-1169
-1278
-1234
-1009
-781
-707
-774
-805
-639
-423
-305
-351
-455
-456
-354
-177
-46
30
92
140
232
316
408
458
498
544
610
700
728
708
659
617
661
686
626
520
478
526
569
523
365
275
297
396
440
406
366
325
300
267
266
287
260
201
120
126
171
175
103
-27
-68
-69
-97
-176
-263
-261
-244
-251
-361
-514
-628
-706
-777
-845
-834
-819
-831
-957
-1050
-983
-767
-587
-612
-745
-818
-751
-607
-545
-572
-605
-561
-421
-224
0
101
125
99
148
273
380
403
372
413
481
582
625
615
618
643
686
704
719
696
646
606
574
549
461
374
320
361
444
454
379
294
263
303
344
299
204
132
135
195
208
134
21
-82
-136
-173
-232
-268
-285
-321
-366
-426
-486
-534
-607
-699
-733
-735
-655
-568
-558
-612
-734
-811
-831
-748
-681
-660
-669
-621
-469
-290
-213
-276
-396
-410
-336
-210
-133
-105
-54
29
167
297
399
474
543
597
629
660
664
635
602
573
597
612
596
561
560
627
679
671
574
470
420
435
409
307
178
93
101
147
205
250
295
344
357
324
229
99
-46
-170
-245
-262
-242
-224
-226
-231
-196
-175
-223
-358
-521
-648
-724
-755
-752
-712
-666
-647
-705
-773
-795
-740
-694
-685
-716
-725
-655
-533
-407
-337
-334
-321
-269
-157
11
128
224
251
290
327
373
393
392
407
383
418
477
510
538
556
582
624
637
593
523
457
390
354
338
371
444
487
484
462
422
377
313
236
181
134
100
85
106
136
141
91
25
-14
-56
-113
-172
-212
-214
-223
-250
-292
-335
-384
-461
-517
-571
-600
-608
-602
-575
-606
-649
-724
-782
-784
-763
-739
-725
-688
-641
-581
-502
-438
-369
-338
-306
-249
-179
-62
24
121
196
294
364
422
472
468
447
393
359
341
326
363
365
363
369
395
431
398
335
255
258
276
288
290
302
343
347
317
262
236
228
218
185
166
183
206
209
170
111
42
-24
-56
-69
-57
-40
-46
-52
-52
-36
-62
-119
-212
-289
-344
-443
-526
-570
-542
-531
-589
-676
-735
-670
-599
-571
-597
-625
-603
-577
-520
-474
-392
-310
-252
-188
-134
-38
52
126
163
173
213
239
308
366
384
391
348
342
331
327
335
359
407
442
476
479
493
511
508
458
375
342
327
311
286
236
205
209
196
167
132
109
85
51
12
0
-17
-22
-23
-4
14
30
47
38
11
-51
-115
-135
-134
-143
-172
-249
-318
-390
-452
-517
-554
-553
-569
-624
-670
-627
-522
-422
-385
-397
-363
-295
-225
-175
-159
-123
-73
-16
31
50
51
50
55
85
129
176
212
268
348
395
399
403
421
419
405
358
344
357
397
430
405
408
383
347
300
254
248
218
168
103
90
134
188
199
179
164
191
214
203
217
256
285
260
216
186
177
145
63
-30
-84
-99
-130
-156
-172
-186
-239
-349
-461
-530
-574
-595
-617
-588
-549
-532
-525
-502
-427
-389
-393
-471
-496
-425
-332
-273
-266
-251
-192
-101
-38
-19
26
76
140
208
244
296
343
383
381
375
378
367
355
314
319
369
422
449
436
424
439
422
368
297
230
201
225
263
290
290
276
250
208
161
92
46
32
42
73
109
143
157
143
103
65
36
4
-27
-55
-51
-66
-61
-46
-60
-116
-233
-352
-445
-468
-479
-512
-542
-529
-472
-452
-480
-530
-517
-463
-450
-475
-522
-462
-350
-276
-292
-321
-294
-247
-191
-158
-133
-67
15
91
153
230
307
332
320
278
248
235
220
198
189
245
301
324
302
277
291
303
256
203
185
202
274
310
322
337
354
350
322
313
322
357
367
380
390
376
324
255
201
160
109
47
15
29
73
84
64
4
-79
-169
-251
-312
-388
-432
-464
-458
-394
-361
-373
-427
-458
-498
-550
-603
-637
-618
-567
-503
-497
-485
-421
-332
-253
-243
-273
-275
-238
-164
-95
-36
2
36
73
84
130
173
223
269
312
352
359
381
377
383
352
303
251
209
238
284
325
348
362
389
405
383
326
273
250
237
210
218
266
322
379
406
410
396
350
283
211
160
155
137
111
112
105
92
73
30
-19
-69
-113
-175
-236
-287
-310
-301
-291
-318
-364
-414
-440
-433
-451
-501
-533
-518
-461
-397
-368
-378
-371
-334
-322
-313
-289
-226
-136
-68
-30
-35
-60
-74
-77
-54
-42
0
16
60
158
246
302
283
239
195
182
175
201
215
214
269
333
450
539
557
515
461
453
444
402
359
331
355
381
370
345
310
299
293
269
238
230
212
206
223
213
200
158
90
55
46
49
62
66
58
47
-15
-90
-170
-266
-330
-395
-450
-464
-464
-425
-379
-335
-334
-384
-435
-476
-466
-461
-477
-509
-515
-443
-345
-265
-243
-241
-217
-190
-154
-115
-67
-21
10
38
74
133
190
217
206
193
209
246
262
261
260
257
247
241
250
283
294
294
290
287
346
400
421
408
372
337
291
245
212
200
195
206
223
241
255
249
218
175
130
89
38
22
6
15
23
3
-9
-18
-27
-46
-110
-208
-252
-269
-255
-265
-292
-315
-315
-322
-352
-365
-386
-392
-425
-457
-465
-407
-366
-351
-380
-411
-383
-344
-290
-278
-292
-274
-231
-163
-94
-45
-14
-2
1
14
43
72
105
127
119
127
133
138
148
159
176
182
189
191
226
281
314
326
305
292
306
309
321
301
275
293
307
319
318
315
293
273
240
228
222
202
180
140
125
122
124
116
90
72
37
-2
-48
-83
-124
-143
-178
-215
-255
-282
-280
-286
-296
-315
-328
-334
-323
-329
-322
-321
-330
-335
-328
-313
-307
-299
-311
-330
-317
-304
-288
-294
-289
-263
-225
-176
-139
-101
-69
-30
6
38
66
90
91
115
152
191
231
261
278
318
338
346
332
328
337
329
343
329
328
319
313
333
341
351
366
368
363
355
333
296
270
262
241
205
167
124
103
93
90
93
87
86
59
32
10
5
-14
-54
-100
-125
-154
-185
-172
-156
-139
-126
-138
-157
-177
-182
-186
-207
-247
-294
-318
-336
-334
-320
-315
-315
-286
-264
-234
-214
-204
-204
-196
-172
-170
-188
-215
-193
-151
-102
-53
-35
-9
26
69
84
103
114
133
174
202
222
238
266
320
366
368
369
348
337
330
327
314
301
302
299
298
299
301
312
289
253
216
197
163
124
127
149
185
193
180
165
148
136
105
55
22
-1
-14
-21
-30
-45
-63
-90
-98
-110
-127
-134
-158
-176
-186
-193
-199
-215
-232
-234
-232
-231
-225
-234
-244
-267
-274
-270
-297
-314
-312
-296
-259
-221
-183
-175
-167
-131
-76
-54
-38
-44
-34
-9
-1
-7
-20
-4
34
80
115
141
161
187
204
191
183
174
172
181
188
214
258
298
317
285
263
239
211
184
152
121
104
99
86
74
65
94
99
81
61
68
81
94
78
44
36
22
7
-4
-23
-36
-51
-68
-92
-87
-93
-114
-145
-149
-147
-149
-156
-173
-163
-165
-160
-163
-169
-152
-133
-132
-153
-172
-195
-204
-192
-180
-184
-193
-202
-189
-169
-142
-145
-138
-119
-111
-83
-56
-23
5
15
16
16
-7
-7
-12
-17
-19
-14
-20
-18
10
28
46
42
30
36
64
120
154
165
159
181
208
203
186
148
116
101
89
94
114
108
106
91
80
78
76
62
55
74
104
125
136
155
167
182
167
126
96
67
58
43
6
-19
-30
-45
-63
-52
-67
-75
-93
-104
-119
-115
-100
-110
-108
-132
-146
-152
-163
-157
-149
-120
-89
-62
-47
-49
-46
-63
-83
-112
-131
-134
-124
-97
-75
-31
-19
1
21
30
30
-1
-44
-52
-39
-11
5
34
46
56
73
91
117
131
130
118
119
127
157
206
225
217
207
208
211
214
199
170
157
152
151
147
136
121
96
78
63
87
104
122
147
141
140
134
129
119
97
59
34
43
61
87
101
87
71
56
37
11
-12
-40
-47
-50
-61
-60
-56
-47
-59
-90
-128
-184
-204
-222
-223
-201
-181
-170
-181
-187
-169
-160
-162
-161
-163
-122
-91
-69
-38
-20
-7
-3
-3
-19
-8
-2
4
18
41
79
108
122
101
95
105
114
122
118
139
162
197
217
220
221
212
187
151
128
132
142
144
155
138
131
135
98
75
68
57
63
64
86
92
109
114
99
69
43
21
-7
-29
-50
-46
-57
-76
-81
-88
-74
-71
-103
-129
-139
-139
-142
-163
-187
-181
-178
-172
-174
-178
-184
-185
-199
-217
-229
-225
-208
-207
-201
-198
-184
-162
-141
-122
-106
-72
-44
-40
-35
-33
-33
-26
-18
-26
-28
-13
-8
21
49
75
103
120
119
108
107
119
122
98
96
91
107
128
144
159
172
182
154
141
127
123
105
84
61
61
71
90
109
99
65
43
27
26
15
4
20
3
15
0
-29
-44
-62
-87
-111
-140
-170
-177
-178
-169
-174
-183
-199
-196
-204
-209
-203
-186
-139
-108
-87
-64
-65
-66
-65
-88
-102
-109
-113
-106
-89
-75
-62
-48
-38
-32
-42
-67
-73
-55
-41
-14
9
29
62
83
80
98
115
127
123
116
114
135
140
129
126
106
99
82
67
57
52
52
73
76
89
100
92
96
78
72
75
64
62
69
88
100
106
80
59
39
22
7
-15
-23
-26
-6
13
23
9
-17
-43
-55
-50
-45
-62
-74
-96
-85
-61
-74
-94
-106
-86
-65
-55
-75
-73
-56
-50
-56
-72
-73
-55
-39
-35
-34
-28
-13
-6
-13
-16
-5
-4
-11
-19
-8
18
25
20
33
57
87
97
96
98
91
91
93
102
107
108
112
119
130
122
111
94
71
67
71
67
65
53
49
37
24
25
19
14
21
17
5
3
11
22
33
42
27
25
13
2
3
8
18
21
22
13
5
-3
4
3
-1
0
-12
-25
-31
-38
-48
-57
-52
-51
-68
-54
-48
-46
-21
-11
-4
-2
1
5
7
0
-11
-31
-41
-26
-13
6
2
4
-9
-16
-20
-43
-54
-78
-79
-61
-29
-16
-6
11
31
42
34
23
18
31
25
21
-1
-3
7
-8
-18
-8
-7
-15
-38
-59
-51
-32
-15
-44
-68
-55
-34
0
-7
-19
-28
-26
-10
-8
0
7
7
-8
-15
-44
-50
-52
-47
-50
-40
-32
-34
-28
-13
-12
-21
-11
-13
-5
-12
-20
-18
-6
2
3
7
8
-3
-6
-12
-27
-27
-25
-13
-12
-13
-22
-32
-38
-54
-69
-80
-93
-98
-90
-79
-59
-63
-69
-69
-51
-27
-18
-17
-14
-7
3
16
11
18
19
1
-13
-29
-26
-23
-20
-3
0
0
-14
-16
-14
-19
-25
-35
-25
2
31
38
33
48
55
57
38
11
-10
-18
-18
-31
-37
-35
-21
-18
-2
-5
-22
-8
-10
-14
-28
-28
-39
-21
-8
0
7
3
15
31
33
27
31
32
43
53
64
57
49
47
44
38
38
49
53
61
66
75
64
49
39
14
-5
-18
-34
-31
-17
1
18
20
31
48
42
23
27
24
40
47
35
37
39
48
49
37
6
-19
-22
-30
-23
-38
-42
-41
-38
-36
-55
-53
-52
-40
-38
-35
-37
-32
-7
13
36
38
43
28
29
48
56
55
47
39
43
61
69
68
66
58
53
76
85
81
87
79
71
72
70
60
45
33
31
33
38
38
40
42
41
46
43
29
30
17
29
30
36
44
42
64
53
77
80
78
52
58
74
77
63
28
24
17
-5
-30
-37
-32
-20
-33
-32
-30
-24
-22
-16
-35
-48
-37
-31
-22
-13
4
4
7
11
29
30
27
23
-6
-4
-4
-15
-6
5
7
7
14
26
32
34
36
18
9
3
-6
-5
1
10
15
19
24
42
69
90
94
79
54
45
39
32
25
4
-8
11
33
45
49
53
37
30
13
-15
-31
-35
-48
-64
-65
-69
-60
-40
-18
-17
-19
-25
-34
-24
-10
-12
-21
-30
-40
-40
-47
-42
-33
-39
-31
-34
-39
-36
-31
-26
-26
-36
-47
-40
-39
-36
-44
-51
-45
-27
-27
-23
-4
-5
1
11
30
33
50
50
53
54
50
63
62
63
54
58
52
60
49
40
43
43
53
50
41
34
29
28
29
12
3
-24
-29
-12
-1
12
6
7
17
10
-6
-12
-27
-41
-57
-72
-66
-68
-60
-47
-55
-64
-56
-49
-40
-36
-49
-43
-44
-33
-34
-39
-35
-27
-21
-17
-10
-25
-10
-18
-23
-25
-16
-17
-21
-18
-9
3
-5
4
2
11
29
41
49
65
70
88
97
97
90
84
71
61
63
68
64
57
66
80
97
94
85
74
77
69
52
36
32
31
37
36
33
32
48
61
40
26
21
19
10
-2
-6
0
-1
1
11
22
22
-5
-17
-39
-48
-54
-66
-63
-75
-66
-88
-90
-75
-69
-58
-67
-55
-16
10
28
36
31
29
23
14
6
3
5
25
33
49
47
57
44
31
28
13
-5
-19
-14
17
44
46
78
103
113
111
95
85
77
84
83
94
102
108
128
135
114
110
99
89
88
82
82
67
66
70
72
58
42
22
15
17
1
2
-1
2
15
24
18
4
1
-13
-11
-19
-25
-5
4
-5
-7
4
13
6
4
-5
-12
-15
-8
-4
0
5
4
-17
-13
-4
2
12
10
-1
-3
11
13
8
-3
-10
-4
-8
-12
-6
-14
-15
-7
4
4
4
7
13
10
7
16
8
13
25
45
57
45
34
34
40
32
42
37
30
47
48
54
42
32
27
18
38
14
8
17
17
26
25
27
12
17
22
20
20
4
-13
-32
-36
-46
-36
-37
-38
-16
-6
6
3
-1
-6
0
0
3
-6
-20
-16
-14
-33
-34
-36
-43
-32
-24
-12
3
20
17
21
21
14
17
10
14
21
37
45
43
23
27
32
29
0
-17
-30
-50
-48
-50
-35
-29
-32
-30
-28
-30
-23
-12
-8
7
20
22
28
35
34
41
38
21
16
26
31
46
51
40
29
27
40
48
40
28
20
11
16
38
52
55
62
63
70
76
77
85
85
94
89
82
83
91
96
85
64
49
44
27
29
31
42
44
50
44
45
50
38
31
20
11
22
39
34
42
44
53
56
45
33
32
29
15
4
-4
-1
-9
-9
-3
1
16
27
31
37
48
46
44
35
22
26
24
36
38
62
76
75
92
89
96
79
55
51
50
46
39
43
59
72
75
91
91
97
100
99
90
94
114
116
117
117
121
121
111
104
93
97
112
111
103
96
100
100
92
90
69
64
66
70
86
79
92
93
100
99
95
94
92
86
76
87
87
89
94
91
82
70
53
36
16
3
-1
-12
1
15
22
30
19
24
8
-8
-19
-23
-8
-11
-1
11
21
34
28
37
56
62
62
55
61
75
87
105
111
120
127
125
125
130
130
115
122
120
121
136
123
120
115
105
116
111
123
134
143
154
159
146
136
130
115
106
103
96
87
93
76
47
35
29
27
14
-4
-4
-5
-8
-11
-7
3
0
7
-1
0
3
24
35
10
14
8
0
-15
-20
-11
-31
-48
-54
-42
-35
-36
-46
-52
-51
-38
-39
-43
-48
-38
-26
-22
-9
-2
28
31
33
40
39
35
38
46
38
23
21
20
20
24
27
37
38
49
68
92
89
90
97
88
90
80
73
73
78
86
88
99
100
88
85
79
78
84
71
54
52
47
52
33
6
15
17
2
-1
5
-1
-9
-13
-14
-12
-26
-36
-36
-43
-41
-31
-13
-6
-1
0
0
10
14
7
5
8
-4
3
-1
10
9
7
10
1
7
8
7
13
17
20
28
16
25
26
35
47
56
62
62
68
71
84
85
74
77
84
81
91
90
93
86
72
68
82
79
74
71
78
75
77
80
100
99
86
89
87
96
90
85
86
79
72
78
73
66
53
52
59
51
41
39
33
13
9
-14
-20
-29
-25
-12
-19
2
6
16
21
24
21
16
20
24
30
22
23
23
27
32
31
24
28
25
29
37
26
35
37
41
58
65
62
73
81
89
78
88
111
126
144
153
150
139
137
138
129
119
106
104
117
124
148
148
151
154
151
133
121
108
100
103
103
112
110
109
104
103
109
96
89
80
76
68
68
75
62
62
46
31
26
28
24
20
17
21
24
26
23
27
39
37
36
30
19
29
36
54
64
63
67
59
59
59
50
43
43
40
39
30
46
51
49
52
58
58
51
51
52
57
67
75
79
86
90
91
97
82
83
112
111
116
114
115
121
114
114
102
101
91
89
90
91
106
101
101
87
79
88
82
74
63
70
74
81
75
58
69
62
51
50
42
44
49
45
44
36
27
18
10
0
-13
-16
-16
-26
-35
-33
-25
-22
-17
-35
-32
-38
-42
-34
-27
-12
-17
2
15
26
21
31
31
16
6
-3
-3
5
7
-3
-8
-7
1
5
4
18
15
11
13
24
35
37
40
44
44
45
48
50
46
59
55
46
54
48
46
47
46
42
