SAMPLES:	14684
BITSPERSAMPLE:	16
CHANNELS:	1
SAMPLERATE:	16000
NORMALIZED:	FALSE
539
510
751
744
713
632
539
643
979
1181
976
763
857
1137
1159
1122
1028
1052
987
735
559
574
695
822
891
801
742
713
720
837
823
694
581
514
439
401
319
334
281
136
246
539
599
425
318
398
395
253
156
269
333
187
78
242
421
333
244
251
305
331
349
205
34
20
79
22
115
186
144
117
170
440
580
404
191
259
426
515
417
120
-117
-18
326
449
256
169
344
445
205
33
232
511
390
148
144
261
425
504
429
425
600
744
952
836
496
274
310
395
250
-10
-144
45
168
108
140
292
247
110
84
126
55
-150
-210
-93
37
137
6
-65
-131
-206
-51
88
89
-108
-205
4
305
370
22
-109
183
350
58
-190
-66
212
105
-264
-393
-292
-235
-225
-135
11
185
194
228
369
486
356
123
219
400
338
79
-70
163
413
332
84
185
384
330
122
39
148
194
124
155
96
143
253
158
-61
-213
-109
97
149
70
-2
-189
-243
-231
-101
-39
-216
-360
-322
-38
198
-1
-200
-223
-154
-232
-353
-308
-166
-204
-433
-407
-192
-37
-79
-107
23
97
-32
40
220
115
-69
-150
-49
-4
-139
-348
-309
-389
-510
-450
-341
-292
-357
-341
-216
-129
-186
-189
-114
-263
-375
-297
-224
-53
67
-15
-131
-121
-98
-44
-26
-56
-83
-123
-169
-320
-282
-10
12
-56
-61
-57
-28
-32
-71
-54
-26
-114
-107
-63
-27
-109
-95
152
339
304
161
101
90
34
-51
7
108
101
87
47
61
5
6
9
-200
-204
147
356
149
-219
-279
85
261
230
131
121
168
267
434
652
673
504
481
511
582
719
774
594
343
267
448
586
475
465
744
900
878
740
571
700
830
687
460
505
554
633
652
492
322
336
509
581
468
319
360
357
336
365
393
217
50
142
313
303
148
128
250
240
46
122
357
490
477
452
566
605
611
555
463
351
375
471
583
542
381
290
314
434
364
211
278
432
409
337
296
378
262
179
324
546
562
377
281
361
503
484
449
349
249
289
445
482
419
380
462
431
419
453
446
470
643
707
453
252
309
511
694
643
464
455
681
875
767
560
589
826
970
811
610
635
616
681
810
889
920
782
669
779
823
800
720
537
430
395
618
649
410
273
328
462
421
411
419
342
268
410
537
465
585
685
674
678
660
718
670
628
583
636
811
819
697
648
814
805
712
756
894
989
996
899
811
896
1053
1262
1353
1289
987
857
1070
1177
1082
924
1034
1243
1288
1068
892
786
811
945
1034
1111
1014
935
1019
1060
752
600
788
908
781
705
788
802
817
662
566
607
808
1020
942
642
554
808
1027
1020
852
708
593
776
883
656
477
567
783
771
679
624
609
708
869
832
711
665
711
693
452
361
462
487
322
260
433
611
567
526
527
554
457
249
245
417
676
777
746
738
758
830
698
428
515
897
903
530
383
624
819
662
301
121
238
537
508
95
-23
321
570
322
152
167
234
295
282
89
73
119
88
29
70
279
307
326
325
279
138
-114
-83
303
587
398
115
1
205
368
313
169
182
370
465
477
389
378
489
545
611
601
541
444
372
331
279
446
622
571
377
387
508
426
376
406
448
349
212
275
477
498
322
237
266
333
362
418
367
182
259
487
529
481
506
659
746
495
291
563
844
700
259
261
705
1011
924
732
829
921
1001
1061
943
739
611
713
843
704
439
503
719
790
673
609
765
933
892
824
963
993
925
908
999
829
671
720
754
765
646
506
372
514
729
733
750
567
428
474
602
554
357
304
345
394
443
362
290
326
279
104
-2
125
76
-100
-15
3
6
49
-49
-191
-240
-257
-321
-395
-358
-223
-156
-183
-207
-143
-77
-170
-181
-93
62
79
-35
-20
-38
-208
-413
-360
-244
-116
-65
-223
-251
-27
218
140
-132
-209
-232
-328
-535
-562
-378
-258
-257
-336
-381
-371
-356
-377
-303
-273
-312
-391
-419
-405
-407
-477
-312
24
-7
-379
-536
-255
-70
-351
-637
-587
-358
-295
-232
-59
-83
-331
-502
-245
-14
-56
-191
-181
-168
-200
-174
-186
-190
-155
-98
-71
-224
-423
-384
-231
-238
-397
-338
-224
-365
-465
-305
-166
-206
-412
-572
-473
-361
-309
-256
-318
-334
-364
-432
-441
-512
-511
-361
-283
-312
-380
-541
-775
-719
-614
-745
-804
-688
-528
-415
-393
-365
-515
-636
-483
-352
-368
-485
-352
-16
6
-389
-595
-468
-402
-386
-323
-258
-248
-597
-815
-498
-257
-301
-532
-552
-332
-214
-339
-435
-374
-328
-515
-603
-518
-623
-605
-297
-85
-312
-503
-287
-81
-203
-423
-373
-55
20
-260
-624
-719
-451
-217
-248
-540
-538
-311
-381
-627
-604
-447
-421
-551
-544
-552
-663
-551
-355
-287
-382
-463
-509
-496
-540
-501
-367
-296
-427
-535
-326
-149
-245
-508
-650
-561
-576
-600
-506
-296
-282
-439
-444
-237
-173
-360
-443
-271
-152
-240
-311
-412
-428
-369
-341
-409
-478
-488
-352
-211
-188
-248
-215
-135
-139
-13
203
210
-72
-325
-225
38
91
-52
-219
-239
-122
-138
-113
-12
4
-100
-295
-300
-51
85
55
56
132
136
154
284
240
164
240
330
328
342
276
121
25
110
203
124
195
335
394
329
368
318
255
321
516
450
138
45
163
340
189
-151
-267
11
213
74
43
286
442
249
50
140
253
168
36
110
75
-116
-358
-303
106
235
-18
-195
-105
199
310
234
151
96
305
507
603
440
235
270
534
583
407
303
351
613
727
687
559
465
575
673
483
357
549
686
809
821
655
432
506
717
693
610
699
943
1125
1064
789
696
658
679
930
1035
1018
1095
1175
1132
1009
1008
1180
1193
1141
1190
1131
1041
1088
1154
1194
1122
1030
1176
1335
1220
1053
1040
1001
890
716
689
801
721
631
745
867
675
556
713
981
929
593
324
244
535
763
821
767
797
1022
1152
1092
1035
1182
1327
1245
1204
1319
1313
1139
1099
1222
1250
1227
1225
1191
1206
1327
1209
1070
1130
1257
1296
1198
1159
1111
1075
1117
1047
1048
1039
964
968
1015
1016
1013
1212
1414
1276
1182
1273
1299
1127
854
744
771
850
842
1080
1239
1071
980
1026
1305
1291
1030
896
994
1203
1304
1171
1171
1313
1399
1375
1132
1098
1193
1275
1127
904
854
1006
1094
1145
1172
1175
1190
1299
1282
1296
1349
1317
1224
1040
884
880
962
1084
1142
1161
1133
1182
1096
888
874
960
1081
944
666
597
768
863
852
788
654
509
637
685
534
455
592
775
850
866
795
751
708
799
798
837
1025
1178
954
618
736
882
840
852
869
911
888
818
755
631
611
648
520
520
465
634
743
773
865
1016
1129
1209
1319
1198
984
816
919
998
968
811
634
612
673
738
683
714
839
1046
1034
879
934
1035
1075
1029
1202
1402
1182
1004
1228
1491
1454
1238
1210
1414
1566
1447
1421
1521
1573
1552
1589
1703
1682
1717
1646
1656
1595
1351
1241
1355
1436
1383
1331
1312
1328
1381
1424
1373
1314
1393
1571
1542
1409
1364
1446
1545
1477
1314
1237
1493
1646
1470
1467
1588
1742
1799
1731
1801
1895
1844
1822
1903
2009
2051
2140
2146
2189
2267
2300
2359
2269
2046
2105
2326
2231
2065
1993
1985
1983
1937
1904
1832
1802
1860
2044
2059
1903
1769
1882
2262
2160
1905
1913
2096
2192
2074
2036
2139
2306
2298
2180
2093
2140
2125
1888
1780
1910
2079
2074
2018
1823
1707
1809
1860
2009
1889
1687
1816
1983
2086
2086
1844
1663
1726
1843
1806
1651
1628
1700
1759
1832
1752
1880
1984
1873
1660
1493
1520
1602
1734
1717
1520
1509
1675
1736
1661
1409
1497
1646
1618
1394
1308
1451
1613
1645
1403
1300
1395
1528
1635
1758
1740
1590
1519
1655
1581
1375
1225
1335
1434
1335
1283
1312
1481
1338
1162
1165
1296
1335
1179
1023
1082
1242
1027
942
1122
1282
1205
1097
1114
1232
1287
1224
1305
1482
1398
1138
1039
1162
1166
1118
1145
1079
1073
1157
1324
1481
1399
1112
979
1070
1201
992
787
887
1071
1055
724
523
673
969
979
712
634
661
599
460
298
383
229
109
108
244
414
191
70
64
291
408
424
272
179
170
42
-145
-210
-180
-149
-111
-206
-250
-290
-264
-343
-259
-108
-64
-158
-330
-237
3
44
-190
-453
-348
-185
-304
-353
-381
-384
-356
-227
-35
-296
-575
-448
-102
-66
-391
-627
-500
-358
-538
-726
-615
-313
-343
-561
-617
-318
-104
-336
-572
-575
-436
-300
-373
-580
-648
-670
-601
-605
-731
-562
-353
-457
-719
-772
-577
-483
-471
-558
-629
-631
-708
-673
-661
-657
-627
-659
-764
-927
-1008
-911
-905
-1006
-1094
-958
-545
-409
-728
-1015
-887
-554
-540
-863
-933
-699
-468
-524
-622
-469
-340
-360
-540
-760
-733
-644
-607
-690
-812
-858
-853
-924
-897
-783
-800
-847
-725
-598
-665
-909
-1077
-938
-526
-265
-520
-834
-661
-283
-252
-522
-758
-695
-411
-185
-239
-365
-394
-329
-246
-298
-482
-609
-525
-408
-587
-753
-605
-554
-697
-818
-768
-741
-730
-578
-439
-441
-596
-639
-527
-386
-300
-371
-570
-648
-549
-498
-640
-748
-694
-719
-837
-1031
-1051
-913
-961
-1090
-1366
-1540
-1413
-1285
-1264
-1345
-1405
-1327
-1189
-1173
-1244
-1123
-837
-751
-877
-1071
-866
-568
-752
-983
-1012
-833
-857
-1045
-979
-846
-943
-1142
-1219
-1032
-859
-853
-941
-966
-935
-728
-709
-897
-876
-690
-407
-408
-730
-841
-646
-547
-683
-831
-753
-732
-756
-800
-787
-622
-603
-805
-783
-526
-434
-509
-484
-391
-393
-498
-524
-484
-479
-617
-677
-569
-529
-600
-728
-745
-670
-619
-613
-601
-639
-645
-635
-662
-824
-953
-777
-522
-663
-1051
-1097
-852
-724
-908
-1083
-1033
-940
-857
-886
-955
-914
-868
-942
-1136
-1036
-873
-806
-944
-1089
-1102
-1057
-1026
-1154
-1005
-813
-1090
-1495
-1483
-1103
-986
-1196
-1463
-1341
-996
-1064
-1402
-1494
-1378
-1223
-1062
-1131
-1313
-1366
-1227
-1066
-1213
-1316
-1332
-1224
-1206
-1356
-1235
-1028
-887
-1030
-1210
-1318
-1449
-1606
-1689
-1656
-1490
-1398
-1370
-1330
-1289
-1371
-1561
-1750
-1605
-1582
-1763
-1832
-1841
-1625
-1324
-1232
-1462
-1652
-1555
-1400
-1544
-1755
-1682
-1353
-1279
-1492
-1543
-1354
-1293
-1490
-1676
-1576
-1328
-1276
-1490
-1595
-1483
-1240
-1166
-1424
-1420
-1227
-1085
-1189
-1268
-1215
-1163
-1060
-990
-1054
-1342
-1317
-1104
-1100
-1264
-1403
-1339
-1153
-1088
-1127
-1090
-1065
-1118
-1115
-1079
-1062
-1205
-1217
-1095
-1053
-1027
-974
-965
-893
-860
-952
-1119
-1061
-973
-1088
-1217
-1140
-1006
-1047
-1180
-1197
-1164
-1080
-885
-857
-780
-762
-926
-990
-821
-679
-760
-977
-1007
-872
-804
-875
-896
-696
-623
-812
-885
-713
-575
-738
-895
-902
-806
-877
-911
-812
-804
-965
-1117
-1041
-957
-978
-939
-727
-681
-795
-821
-621
-475
-437
-657
-830
-747
-804
-865
-936
-961
-894
-829
-891
-823
-707
-767
-922
-879
-472
-337
-573
-987
-1132
-847
-593
-602
-917
-1075
-925
-741
-625
-626
-785
-903
-755
-627
-689
-827
-763
-551
-549
-690
-766
-698
-774
-833
-850
-973
-1096
-1138
-1030
-891
-872
-874
-981
-893
-689
-867
-1170
-1083
-840
-977
-1172
-1122
-928
-769
-718
-778
-902
-1013
-1013
-1025
-1263
-1476
-1428
-1154
-1002
-1203
-1459
-1459
-1220
-1203
-1334
-1234
-945
-887
-1107
-1042
-762
-867
-1060
-1052
-995
-902
-967
-1178
-1254
-1198
-1124
-1092
-1158
-1180
-1191
-1123
-977
-898
-908
-922
-916
-920
-988
-974
-1023
-996
-931
-891
-697
-711
-908
-1154
-1025
-622
-668
-1147
-1510
-1266
-806
-631
-887
-1230
-1246
-1038
-1035
-1363
-1519
-1345
-1035
-966
-1158
-1171
-984
-830
-819
-937
-1077
-1019
-905
-920
-1103
-1052
-740
-571
-764
-777
-642
-661
-654
-547
-562
-744
-828
-905
-922
-794
-661
-737
-806
-741
-514
-367
-361
-534
-579
-433
-371
-627
-744
-525
-401
-406
-483
-310
-172
-197
-303
-470
-505
-305
-191
-194
-288
-349
-203
-64
-77
-254
-340
-286
-214
-169
-63
130
107
108
178
197
174
121
91
49
87
-99
-290
-300
-371
-309
-205
-140
-142
-127
28
140
115
5
-140
-237
-124
6
59
-86
-148
56
199
69
-145
-129
-23
-54
-129
-219
-169
-123
-114
-112
-235
-332
-284
-152
-46
-41
-225
-299
-196
-112
-52
-143
-214
-131
0
-2
-218
-433
-460
-276
-358
-644
-669
-439
-295
-496
-719
-599
-268
-120
-370
-618
-399
-119
-235
-508
-627
-405
-71
-101
-272
-343
-292
-235
-303
-414
-407
-318
-326
-334
-329
-328
-291
-49
24
-207
-447
-377
-25
46
-223
-564
-465
-220
-162
-352
-385
-260
-101
13
-238
-497
-431
-244
-324
-515
-504
-361
-386
-586
-572
-161
-33
-328
-490
-352
-91
-173
-479
-600
-571
-544
-490
-405
-337
-210
-182
-239
-390
-417
-378
-272
-171
-227
-409
-437
-233
-88
-367
-602
-155
105
-189
-514
-464
-290
-194
-331
-412
-405
-457
-414
-214
-86
-236
-122
23
-39
-147
80
309
216
76
119
219
54
12
138
262
246
38
-129
-66
34
101
38
-64
-130
-74
97
72
85
38
1
43
193
286
263
230
183
173
331
345
200
126
178
429
514
351
-2
46
376
418
190
219
338
351
355
302
260
66
50
259
305
228
328
563
642
483
321
355
371
375
366
369
368
285
304
429
358
299
338
465
469
373
392
313
338
426
487
404
296
353
401
357
208
232
544
616
295
268
477
446
144
40
138
75
-175
-224
-149
-103
-166
-139
-125
-223
-264
-252
-276
-295
-129
91
60
-351
-478
-151
55
-38
-247
-310
-171
-202
-361
-419
-349
-296
-321
-403
-438
-427
-466
-426
-340
-305
-468
-581
-577
-679
-721
-615
-522
-511
-567
-521
-283
7
-131
-339
-370
-227
-104
-258
-494
-514
-208
-189
-513
-738
-580
-400
-476
-690
-808
-719
-758
-956
-1084
-1059
-966
-833
-761
-799
-807
-854
-975
-942
-837
-824
-594
-418
-510
-546
-411
-302
-462
-790
-756
-435
-469
-706
-797
-658
-390
-373
-560
-543
-489
-543
-615
-761
-794
-676
-544
-597
-633
-512
-439
-471
-385
-245
-326
-497
-558
-393
-221
-143
-256
-440
-384
-163
-144
-381
-556
-404
-244
-354
-606
-590
-327
-291
-543
-691
-580
-359
-186
-321
-469
-453
-372
-319
-404
-439
-347
-303
-304
-363
-361
-334
-390
-435
-401
-396
-559
-476
-354
-345
-404
-521
-573
-558
-523
-379
-294
-412
-367
-309
-332
-364
-380
-368
-217
-133
-288
-422
-426
-176
-218
-644
-889
-654
-269
-113
-366
-701
-756
-588
-421
-570
-586
-496
-365
-456
-606
-737
-885
-869
-807
-813
-877
-763
-668
-591
-849
-975
-754
-630
-572
-678
-880
-849
-686
-706
-854
-949
-740
-664
-1005
-1125
-942
-854
-956
-982
-831
-840
-881
-827
-927
-1137
-1068
-845
-762
-903
-1233
-1240
-1121
-1065
-928
-888
-777
-699
-709
-759
-771
-912
-1155
-1219
-1021
-942
-1054
-1037
-805
-556
-752
-806
-569
-491
-737
-1066
-908
-550
-460
-624
-752
-866
-877
-848
-777
-709
-633
-658
-573
-519
-607
-607
-504
-414
-622
-788
-698
-484
-352
-512
-597
-504
-375
-375
-479
-545
-536
-314
-157
-264
-424
-551
-480
-342
-416
-565
-604
-358
-321
-456
-378
-209
-342
-533
-495
-331
-393
-556
-603
-554
-346
-351
-367
-400
-324
-268
-220
-65
-80
-318
-525
-472
-181
2
-187
-365
-366
-428
-482
-438
-446
-521
-609
-464
-393
-391
-355
-367
-410
-517
-457
-324
-175
-297
-503
-445
-306
-267
-482
-590
-393
-52
14
-312
-622
-617
-268
-74
-202
-436
-315
-90
-115
-361
-567
-460
-222
-207
-447
-620
-597
-415
-465
-611
-711
-746
-706
-644
-643
-646
-659
-828
-842
-634
-403
-503
-655
-651
-578
-600
-520
-406
-559
-615
-621
-612
-715
-700
-693
-697
-675
-626
-663
-873
-994
-809
-731
-878
-798
-590
-682
-1033
-1132
-953
-709
-630
-637
-596
-607
-511
-472
-636
-791
-848
-724
-569
-512
-509
-528
-403
-176
-210
-494
-727
-707
-657
-756
-648
-456
-366
-448
-382
-341
-512
-615
-595
-590
-493
-423
-379
-374
-488
-354
-171
-53
-113
-200
-314
-291
-276
-527
-815
-855
-461
-256
-495
-607
-563
-475
-457
-524
-491
-414
-374
-259
-147
20
213
151
-80
-194
-47
-20
-232
-292
-25
243
130
-59
-185
-255
-263
-227
-253
-322
-267
-310
-374
-373
-419
-491
-399
-233
-113
-18
-19
121
198
26
-175
-166
-69
-5
-45
-81
-91
-236
-327
-268
-240
-381
-634
-656
-357
-281
-445
-449
-219
-161
-353
-554
-581
-414
-223
-185
-144
158
178
33
14
12
-54
-96
-35
64
174
111
-31
19
76
154
75
33
141
24
-95
-125
-42
-52
-181
-246
-260
-274
-213
-307
-401
-617
-787
-616
-358
-339
-581
-571
-211
-73
-503
-788
-712
-580
-493
-412
-348
-372
-314
-247
-400
-716
-815
-577
-347
-353
-469
-391
-353
-461
-476
-285
-316
-510
-486
-289
-316
-613
-466
-242
-263
-500
-566
-305
-93
-243
-516
-602
-391
-125
-311
-624
-586
-132
109
-202
-351
-183
51
40
-194
-298
-245
-151
40
99
-68
-143
8
175
6
-221
-233
71
-33
-401
-370
-233
-267
-377
-253
-84
-77
-187
-203
-172
-203
-69
43
-16
-137
-110
-46
-135
-354
-397
-338
-278
-543
-595
-326
-181
-185
-443
-676
-746
-649
-625
-524
-544
-562
-609
-694
-619
-446
-545
-687
-628
-572
-578
-617
-557
-380
-458
-666
-711
-522
-421
-703
-860
-574
-219
-301
-599
-690
-189
22
-385
-670
-354
157
46
-222
-187
33
141
-45
-384
-515
-379
-158
-92
-234
-141
-53
-93
-51
96
179
153
-30
-188
-153
-91
-84
-196
-61
210
249
164
101
169
165
216
344
372
307
265
197
0
124
409
414
118
-141
-43
235
387
251
120
93
127
80
21
193
233
124
335
614
568
343
358
565
612
386
339
465
257
-80
-94
68
133
161
11
-28
169
193
-114
-9
399
619
503
221
144
311
600
453
168
210
386
302
-32
-246
-36
239
104
-185
-198
94
321
247
220
145
181
177
240
353
423
421
212
139
140
196
305
369
403
438
489
498
442
640
878
951
877
744
658
470
371
486
625
747
784
666
652
810
841
658
575
804
1010
924
830
774
776
852
1000
1119
1055
1055
1246
1409
1290
1066
925
1092
1258
1151
980
1055
1140
1101
1097
1239
1438
1379
1322
1216
1047
883
1059
1178
1140
1161
1247
1254
1216
1260
1357
1475
1400
1270
1121
1150
1142
1102
1038
1120
1326
1364
1412
1449
1470
1434
1397
1280
1222
1336
1371
1316
1206
1124
1006
1174
1331
1484
1467
1211
1283
1521
1699
1753
1639
1321
1254
1515
1789
1636
1341
1511
1838
1828
1587
1423
1451
1499
1479
1473
1548
1572
1452
1426
1527
1679
1722
1489
1316
1281
1453
1724
1853
1720
1617
1641
1898
1889
1506
1352
1479
1819
1944
1811
1585
1625
1785
1684
1515
1484
1567
1563
1631
1851
1957
1880
1679
1604
1784
1925
1836
1655
1608
1726
1925
1993
1932
1999
2135
2348
2342
2042
2064
2362
2500
2367
2118
2043
2208
2566
2710
2525
2382
2647
2833
2644
2399
2438
2716
2803
2655
2540
2704
2785
2749
2617
2563
2707
2848
2590
2237
2364
2710
2744
2495
2421
2463
2397
2259
2164
2241
2333
2454
2422
2401
2438
2315
2264
2168
2052
1992
2008
2005
2054
1955
1927
2033
2043
2059
2111
2296
2460
2549
2712
2853
2775
2700
2766
2834
2838
2973
3230
3319
2994
2863
3109
3203
2985
2869
2916
3012
2893
2726
2725
2734
2785
2819
2782
2747
2734
2990
3151
3008
2838
2845
2997
2989
2806
2662
2751
2974
2946
2634
2486
2610
2699
2669
2371
2159
2245
2422
2570
2557
2451
2409
2439
2366
2137
2087
2269
2354
2427
2482
2623
2530
2325
2368
2569
2475
2183
2153
2079
1995
2003
1982
1994
2041
1893
1692
1598
1603
1601
1699
1644
1510
1652
1807
1669
1445
1534
1752
1914
2062
2004
1759
1726
1781
1944
1881
1655
1677
2000
2183
1882
1525
1313
1536
1699
1533
1479
1685
1923
1904
1592
1360
1577
1957
1995
1708
1508
1677
1932
2015
1887
1797
1860
1966
1924
1936
2066
2056
1961
1620
1620
1910
2075
1830
1621
1768
1964
1746
1542
1734
1929
1990
1922
1911
1944
1973
1931
1985
2108
2145
2037
1908
1951
2013
1960
1791
1891
2263
2361
2212
2137
2283
2354
2141
1914
1960
2046
1968
1627
1412
1510
1720
1779
1646
1839
2147
2264
1937
1812
2074
2091
1706
1485
1769
1924
1811
1662
1961
2254
2187
1973
1941
2078
2244
2147
1981
2120
2355
2248
1953
1782
1833
2082
2093
1930
1844
1963
1916
1680
1503
1601
1932
2177
2017
1834
1850
1890
1844
1841
1988
2005
2035
1999
1838
1778
1672
1688
1910
1882
1919
1902
1748
1688
1626
1614
1536
1422
1481
1548
1672
1651
1399
1426
1666
1720
1561
1552
1676
1682
1468
1515
1752
1928
1877
1665
1778
2053
2014
1785
1767
1788
1738
1563
1519
1578
1618
1562
1425
1405
1486
1589
1639
1571
1405
1437
1464
1327
1105
1055
1152
1212
1235
1244
1293
1221
1175
1110
1070
1097
1088
1022
829
755
941
1133
996
880
1013
1202
1146
868
834
966
1114
1090
1046
1160
1203
1182
1201
1160
1110
1102
1152
1226
1189
1114
1136
1141
893
682
782
842
666
633
840
1087
1019
669
531
839
1157
1056
788
638
822
1123
1044
809
874
1260
1500
1441
1226
1314
1510
1491
1384
1338
1320
1176
1078
1115
1140
994
893
1026
1162
1144
1177
1393
1476
1499
1604
1486
1398
1316
1377
1431
1306
1214
1196
1221
1260
1144
1232
1550
1596
1537
1489
1597
1629
1586
1513
1546
1623
1533
1399
1511
1742
1822
1745
1735
1572
1359
1370
1477
1618
1612
1639
1771
1879
1854
1793
1775
1919
1934
1821
1872
1994
1990
1683
1569
1872
2167
2054
1775
1800
2038
2109
1915
1788
1750
1711
1577
1495
1598
1666
1648
1687
1797
1797
1758
1712
1770
1645
1510
1507
1488
1489
1657
1819
1743
1471
1337
1428
1438
1099
920
1143
1380
1142
758
925
1367
1454
931
688
1020
1288
1004
760
924
1227
1237
1086
1070
1023
1050
1232
1424
1187
692
733
1131
1180
870
615
697
850
809
703
748
878
865
687
619
743
892
925
816
869
841
780
758
723
781
754
592
519
531
605
656
676
644
626
579
590
452
199
149
286
395
60
-90
111
440
473
289
470
822
923
570
346
552
773
718
466
355
351
350
274
329
432
572
697
592
298
167
289
344
255
43
33
209
305
264
255
300
352
484
701
852
883
866
746
662
608
587
574
685
891
1076
974
640
499
632
861
882
846
902
976
875
655
595
710
773
697
633
681
669
637
725
761
784
788
867
957
1035
991
871
1026
1281
1322
1032
851
888
1037
1075
985
1011
1394
1572
1146
801
1110
1376
1098
654
560
982
1150
1017
979
945
773
555
718
978
997
858
819
990
984
752
649
832
873
744
555
621
798
788
627
374
499
812
956
896
909
1178
1424
1336
1065
1062
1179
1126
873
904
1308
1527
1310
1070
1109
1285
1359
1196
1015
1062
1171
1150
1204
1267
1263
1270
1229
1131
1133
1060
920
928
955
1008
985
1066
1119
1036
966
992
1079
1359
1407
1191
1140
1271
1537
1727
1775
1866
1885
1556
1388
1622
1879
1733
1441
1396
1596
1739
1554
1243
1324
1547
1506
1383
1366
1698
1974
1762
1584
1748
1851
1803
1532
1394
1533
1710
1775
1671
1681
1434
1250
1434
1681
1588
1228
1145
1321
1324
1112
901
902
1127
1108
870
717
929
1189
1049
971
1102
1256
1189
1131
1209
1307
1140
1056
1241
1409
1426
1254
1273
1383
1392
1169
954
961
1133
1303
1329
1287
1271
1283
1318
1366
1360
1424
1430
1353
1396
1530
1637
1609
1534
1567
1499
1258
1286
1432
1357
1301
1465
1730
1507
937
872
1207
1269
994
758
802
1018
1112
1072
1046
1237
1508
1468
1211
1045
1063
1054
907
802
904
869
638
619
757
887
874
738
897
1023
930
930
818
682
669
835
997
1040
1145
1207
1163
1186
1345
1427
1339
1239
1323
1475
1592
1430
1297
1379
1656
1673
1508
1703
1909
1847
1511
1522
1766
1728
1420
1272
1307
1262
1445
1692
1781
1538
1264
1266
1398
1510
1303
1028
1064
1292
1274
1052
1023
1167
1128
901
757
860
1239
1340
1248
1109
990
790
513
449
550
779
812
861
781
629
632
643
675
635
720
671
705
968
1331
1333
1029
869
1034
1241
1232
1169
1108
1237
1407
1438
1421
1422
1624
1713
1752
1791
1665
1569
1544
1633
1662
1500
1256
1084
1187
1293
1263
1284
1354
1252
841
719
995
1160
928
617
627
893
935
744
642
630
576
473
380
266
208
302
407
412
411
360
462
620
628
594
708
934
929
543
433
585
760
707
716
810
868
783
536
459
584
717
637
597
618
703
841
839
773
810
800
832
855
780
701
609
637
718
717
413
236
425
663
582
309
292
505
544
278
45
-10
88
203
183
125
246
365
379
229
97
-10
35
230
218
42
-31
281
466
299
268
490
621
558
455
574
645
618
623
590
648
741
695
647
826
889
871
798
719
580
477
481
551
554
486
588
599
491
454
516
399
313
279
254
142
63
119
192
340
351
265
209
301
365
491
504
440
390
370
313
337
268
180
-16
-104
-29
-126
-191
-211
-143
-31
-63
-217
-16
99
-243
-535
-469
-206
-160
-278
-238
-257
-249
-108
-215
-397
-200
90
-19
-480
-742
-456
-132
-191
-741
-917
-397
86
26
-248
-70
283
232
-53
-235
-262
-53
65
144
145
173
96
106
225
353
431
323
326
539
714
639
273
90
256
493
284
-23
-66
73
231
-78
-406
-368
-96
-52
-340
-404
6
-14
-492
-617
-375
-300
-663
-1036
-1008
-827
-938
-1231
-1081
-663
-936
-1758
-2105
-1525
-822
-1074
-1603
-1585
-1525
-1646
-1524
-844
-391
-1025
-1770
-1112
69
221
-704
-1107
30
894
358
-501
-276
747
977
424
143
413
510
213
336
902
1024
553
192
520
1050
895
253
65
387
525
188
-198
-97
143
257
192
-133
-273
29
451
353
14
-4
184
233
179
37
103
220
-149
-347
-172
-6
-200
-310
-229
-149
-115
-130
-108
120
391
223
-75
91
439
601
437
376
711
1199
1042
617
762
1388
1714
1465
986
899
1349
1639
1442
1193
1378
1610
1251
846
1055
1460
1461
1227
1103
1147
1170
992
916
1117
982
404
121
353
509
206
-182
-396
-424
-353
-238
-517
-809
-804
-325
-187
-884
-1118
-579
-155
-756
-1880
-1526
95
630
-697
-1917
-682
1384
1117
-615
-797
1241
2333
857
-561
580
2250
1769
424
697
2306
2546
1579
1420
2516
3013
2142
1399
2011
2853
2456
1514
1364
2175
2554
2066
1526
1549
2027
2319
1988
1267
1079
1577
1849
1344
809
902
1360
1152
541
488
891
810
21
-329
262
533
-169
-729
-341
241
-129
-903
-883
-174
76
-450
-875
-565
128
187
-211
-237
133
309
223
465
852
736
260
224
990
1544
1140
541
663
1512
2282
2102
1290
1172
1707
2363
2427
1662
1166
1420
2156
2344
1871
1633
1922
2103
1863
1566
1471
1377
1318
1385
1312
871
297
169
469
650
178
-703
-1142
-782
-572
-936
-1914
-2241
-1540
-1069
-1811
-2519
-1895
-824
-1055
-3018
-3672
-1527
540
-675
-3635
-3518
-320
1304
-756
-2781
-1203
1732
1555
-1126
-1710
710
2317
1015
-344
821
2445
1663
295
1258
3380
2962
691
476
2771
4081
2390
846
1769
3679
3679
1876
1264
2368
3171
2275
1000
869
1433
1671
1215
455
194
409
325
-91
-340
-31
53
-807
-1536
-1044
-412
-852
-1835
-1887
-1030
-745
-1563
-2188
-1390
-444
-758
-1954
-2195
-1185
-341
-486
-843
-597
30
-48
-418
301
1405
1194
75
-27
1255
2377
1802
865
933
1757
2141
1300
893
1607
2293
1856
909
951
1631
1717
1110
671
708
694
-127
-313
167
125
-747
-1614
-1547
-873
-1273
-2564
-2799
-1504
-903
-3227
-5342
-3637
-353
-238
-4032
-6305
-3400
385
-472
-4430
-4741
-639
1298
-1834
-4575
-2315
1548
1188
-2123
-2721
229
1499
-517
-1205
1433
3172
1097
-1220
388
3578
3531
608
-61
2835
4458
2429
178
1526
3878
3634
1485
690
2142
3309
2632
1392
1413
1757
1331
613
773
1445
1557
810
-49
121
858
752
-338
-808
-171
359
-394
-1361
-1201
-4
343
-868
-1625
-877
451
781
28
-707
-140
973
1357
1349
1207
993
704
1110
2272
2705
1734
935
1281
2424
2829
1853
830
1505
3038
2976
1574
825
1507
2332
1990
537
-455
19
567
123
-853
-1242
-514
1296
477
-3266
-5142
-1993
3189
2599
-4131
-8080
-3012
4350
3613
-4812
-7094
941
6110
412
-6919
-4183
4527
5519
-1955
-5402
488
5727
1893
-2971
672
6136
3393
-2981
-1679
5892
7659
593
-3693
2186
8432
4807
-2344
-742
6314
7240
857
-2423
2138
6714
4639
-170
229
4048
4176
891
444
2987
3875
1391
-900
148
2639
2961
670
-381
1098
2267
761
-1016
-787
1157
2020
23
-2216
-1066
1937
2532
882
-385
498
2425
2413
755
864
3175
3501
1153
337
2774
4361
2896
1370
1795
3369
3323
1329
849
3165
4513
2196
-232
1172
3729
3253
837
37
1281
2147
699
-1038
-427
784
-141
-1042
681
507
-2930
-5210
-1621
4411
3430
-5351
-9301
-1508
7356
3698
-7713
-8247
2710
8112
82
-8580
-3609
7647
7402
-3036
-6502
2296
8314
2532
-3296
1664
8277
4987
-2579
-856
8465
10161
509
-4518
3583
11356
6125
-2910
-393
8737
9723
1010
-3204
3235
9338
5622
-1458
-512
4969
5001
430
-373
3194
4486
785
-2012
631
4344
2888
-1440
-1907
1425
2572
39
-1749
-114
2868
2564
-691
-1873
784
3322
3178
746
-253
1488
2978
2581
1702
1958
3249
3032
1820
2489
3707
4009
2976
1938
3052
4284
3641
2161
2353
4326
4492
2055
660
1999
3422
3334
1208
-149
412
945
-50
-610
-142
1480
1069
-2992
-5212
-2604
3296
3926
-2622
-8393
-4362
3473
4506
-3107
-8424
-2087
6299
3781
-5802
-7292
2653
9060
2716
-5460
-3042
5647
6885
227
-1612
4972
7755
1605
-2326
3879
10804
6731
-1682
-460
8463
10484
1756
-2806
4633
11927
6825
-2569
-1094
7843
10187
2852
-2246
1972
6945
4182
-689
631
5057
4577
-500
-1872
1966
4393
1772
-1375
-254
2743
1837
-1442
-1519
1855
3971
1007
-3193
-2253
2846
4719
943
-2267
-430
3657
4548
1772
-816
1187
4394
3767
579
162
2959
4004
2304
1527
2381
2643
1627
980
2226
3653
2020
-1616
-1360
2272
3158
-400
-3186
-2281
-8
468
-1783
-2119
-460
-1814
-5537
-4954
1054
3711
-2830
-10722
-7407
2840
5842
-4209
-12428
-4543
7661
4838
-8632
-11434
1672
10501
2783
-8593
-6042
5777
8054
-1476
-5268
3556
9195
2016
-4721
1759
11547
8229
-2946
-2989
8283
12861
2218
-5643
2586
13702
9410
-3426
-3912
7412
12524
3742
-4286
272
8141
5890
-1593
-1354
5150
5779
-719
-3394
1430
5288
1909
-2725
-1275
3307
2543
-2058
-2545
1854
3134
-261
-2775
63
4187
2125
-2493
-1953
3451
5338
1024
-2651
228
5423
5577
1234
-968
2340
5366
3411
244
1003
4059
3924
1085
241
2466
4141
2221
-311
57
1894
1413
-1279
-2678
-994
385
-982
-1489
-1268
-3005
-5003
-4230
540
2956
-2535
-9916
-7863
1855
5575
-3407
-11620
-5704
5349
4948
-6879
-11576
-497
9520
3245
-8569
-7322
4724
8332
-304
-5574
1361
8228
3289
-4334
-343
9735
8474
-2283
-4173
6301
12247
3830
-4637
919
11607
9487
-2283
-4509
5881
11957
3822
-5075
-1193
7389
6202
-1649
-2871
3428
5620
-626
-4526
272
5123
1879
-4037
-3045
2435
2316
-2841
-4117
1147
4130
-784
-5425
-1718
3968
2574
-2905
-3717
1784
4681
84
-4043
-1054
4554
3716
-2112
-3047
2054
5103
2067
-1719
-260
3499
3127
-477
-1438
1777
3387
379
-2655
-1453
1280
1059
-2352
-3554
-631
2186
788
-4905
-7100
-2831
2629
2313
-3583
-8591
-6221
1116
4114
-1485
-8754
-6450
1731
4032
-3062
-9034
-4042
5593
5507
-3803
-7861
-646
6190
3080
-2897
-1413
4193
4081
-1337
-1301
5832
8198
676
-4204
2410
10062
6176
-2823
-1503
8015
10378
1115
-4905
2024
10746
7415
-2246
-2688
5083
7677
1625
-2248
1600
5075
1505
-3170
-1021
4493
3628
-2381
-3816
1062
3471
-303
-3789
-1436
2864
1632
-2187
-2696
661
2382
108
-1405
633
2454
384
-1813
-64
3702
3115
-1079
-2323
1058
4514
2870
-1161
-1459
1965
3623
1083
-1558
-660
1486
879
-1619
-2119
-707
-211
-1385
-2095
-788
1349
-1141
-6543
-6893
-730
4618
1169
-7765
-10621
-2492
5660
2285
-8423
-10083
-415
5784
-234
-9675
-7962
3208
7021
-1521
-8910
-4027
5030
4722
-2288
-3133
2720
4272
-1142
-3539
3426
8919
3328
-4520
-1127
8637
8866
-881
-4104
4815
11401
4367
-5226
-1910
8912
10504
601
-4864
1483
7971
4632
-1546
-274
4950
4185
-1652
-2355
2914
4962
302
-3588
-677
3336
1503
-2906
-2146
2493
3869
-434
-4207
-1946
2647
3145
9
-1751
-490
1140
938
550
885
1177
284
-1216
-625
1653
2089
79
-1008
-31
1058
263
-1308
-760
956
789
-1512
-3580
-2813
-341
-17
-1586
-395
-99
-3544
-6640
-3824
4078
5883
-2924
-11544
-7053
5186
8094
-4201
-12453
-3641
8372
5364
-8822
-12261
1693
12073
3424
-10273
-7965
5484
8767
-886
-5409
2137
7547
974
-6193
-19
10500
7393
-5321
-6233
6753
12681
1876
-7240
809
13021
8910
-5456
-6891
6754
14070
3636
-6989
-1817
8544
7004
-2014
-2654
5438
7511
-602
-5091
1334
8222
3967
-4389
-3141
4688
5289
-1627
-4257
2181
7578
2802
-5055
-3634
4796
7560
1806
-2823
-400
3896
3407
314
629
3572
3540
-682
-2230
2012
5100
2053
-2301
-1408
2513
2554
-1282
-3158
-106
2569
-667
-5225
-3922
1255
2623
-604
-3980
-4526
-2603
-439
1479
1023
-2451
-6294
-4923
1721
4610
-1934
-8028
-3075
5509
4238
-5609
-8898
504
9028
4050
-6897
-6477
4097
8042
406
-4305
1622
6988
2568
-3484
-26
8227
7475
-1616
-3802
4944
9987
2377
-4253
1197
9876
6849
-3326
-4253
5015
10317
3082
-4658
-1212
6275
5345
-1004
-1593
3507
4924
-229
-3356
540
5038
2805
-2413
-1431
3437
3276
-1374
-2306
2544
5846
1885
-3613
-1831
4034
5359
760
-2478
-202
3106
2563
336
208
2067
2451
-262
-1308
1049
2687
724
-1572
-801
659
250
-1751
-2909
-1318
516
-1869
-5062
-4129
87
2227
-2129
-8144
-8308
-978
5034
1081
-8687
-10846
-2061
6140
3074
-8148
-10145
291
8063
1570
-9390
-7428
4415
8543
-151
-7792
-3078
6339
5806
-1870
-2234
4963
6625
-370
-3169
4376
10100
3849
-4845
-1563
9133
9441
-2119
-6436
3507
11844
4532
-6613
-3942
7521
9684
-608
-6406
315
7253
2818
-4304
-2180
4443
3260
-3877
-4738
2042
5409
-497
-6163
-2158
4598
2618
-4356
-4702
2468
6055
26
-5754
-2047
5157
5502
-112
-2841
313
3873
2742
98
254
2834
2925
47
-626
2043
3392
694
-2217
-883
1911
1081
-2326
-3427
-1391
29
-2097
-4588
-2154
2293
-194
-7558
-8985
-1185
6107
1349
-10375
-12784
-1411
7308
967
-11342
-10423
2417
7479
-2130
-12054
-6399
6642
7372
-4200
-9252
-484
7624
3348
-4067
-1167
6497
5568
-2119
-2306
6912
10555
1715
-5086
1891
11873
8133
-3493
-3576
8245
13228
2803
-6082
400
11544
9614
-2020
-4598
4242
8990
2254
-3383
1019
6909
3588
-3497
-2392
4779
6127
-990
-4783
575
5262
1918
-3455
-1800
4770
5707
-1556
-5197
474
6230
4180
-1381
-2540
1376
4226
2454
-137
353
2828
1993
-580
357
3236
2962
-323
-1343
1161
2570
305
-2358
-1749
1407
1254
-2772
-3420
1646
3504
-2816
-8648
-5091
5369
7734
-3922
-14049
-6337
9075
8869
-7111
-14859
-2525
10548
5170
-10037
-11780
3641
12392
1477
-11108
-5363
8124
7895
-3393
-5328
4526
8631
-40
-6165
2856
12993
6432
-7262
-4591
10772
13791
-718
-8602
2735
14715
8276
-6208
-5104
8961
13311
901
-7441
664
9802
5079
-4103
-2163
6187
5902
-3052
-4985
3576
8215
795
-6700
-1672
6999
4799
-4042
-5166
3319
8248
546
-7365
-2387
7302
7399
-1115
-5253
92
5969
4283
-1006
-1958
2331
3454
-751
-1757
2118
3819
-127
-3179
-1013
2108
1163
-3159
-5066
-1041
2266
-1807
-5696
-1702
2337
-2667
-9188
-5936
4413
6396
-5832
-15647
-6880
9581
8110
-9832
-15814
-787
11986
3556
-12612
-11759
5971
13091
-853
-12753
-3350
10774
7060
-5432
-4679
6759
8874
-1419
-5871
5267
14263
5054
-8070
-2031
14159
13619
-2608
-7363
6808
16435
5804
-8175
-3015
12704
13633
-1655
-8048
3408
12118
4675
-4648
-881
7718
5542
-3774
-3990
5682
9023
-539
-7497
-257
8408
4413
-4354
-3634
5510
7804
-1194
-6405
655
9059
6232
-3093
-4987
2484
7143
3287
-2049
-882
4116
3567
-665
-557
3850
4567
91
-2560
379
3716
1722
-2837
-3418
862
2423
-420
-1643
-935
-2167
-4570
-2881
3517
5407
-3923
-12463
-6050
8195
9875
-6288
-15372
-2952
12122
6514
-10735
-11865
4855
13494
879
-12258
-5032
11000
10049
-4211
-6221
6367
11086
210
-6290
4205
14315
6001
-8153
-4107
13559
15752
-1244
-8965
4896
17078
7810
-6997
-3585
11843
14478
469
-7371
2888
12670
6199
-3464
-317
7992
6075
-2719
-2549
6897
9853
493
-6489
626
9895
6196
-3162
-2100
7142
9036
-212
-4854
2477
10376
7102
-2635
-4236
4141
8808
3644
-1844
201
5207
4206
-355
23
4487
5285
511
-2427
734
4329
2143
-2387
-2567
1629
2994
295
-1155
-1715
-2553
-2971
728
5138
1893
-7941
-9847
1156
10614
4060
-10855
-10197
5074
11576
-453
-12373
-4680
11019
10517
-5187
-10635
2642
13460
5443
-6269
-2069
9032
8096
-2246
-2527
8923
12232
203
-7130
3581
15934
9308
-5381
-3871
10361
14131
1166
-6685
2792
13987
8880
-4044
-4058
7048
10561
2118
-2687
2380
6751
1964
-3009
1496
8004
5080
-3538
-3828
4695
7903
845
-4287
1307
8589
4287
-4779
-3275
6617
9952
1868
-6233
-2325
7335
8143
280
-4367
384
5459
2503
-1592
-183
3443
2937
-1060
-2369
525
2473
-498
-3417
-1883
1431
1060
-880
-3295
-4231
-2659
624
3371
1195
-5478
-8767
-2169
6832
5159
-7556
-11629
-188
9467
2550
-10383
-8395
5333
10030
-1295
-10851
-3050
9559
6954
-4789
-4864
5107
7516
-678
-3274
5568
10868
2397
-6913
-150
13245
11169
-3711
-6108
7309
14091
3322
-6717
113
11935
10186
-2800
-5895
4652
10375
2548
-4103
726
6496
2491
-4080
-1012
6983
6352
-3374
-6715
1920
8324
2710
-4991
-1509
6901
5233
-3342
-4437
3943
9405
3345
-5734
-4024
5409
8242
1066
-4275
-345
4381
2160
-1800
-369
3286
2361
-2743
-3892
782
3234
-655
-5631
-3695
1130
2428
-310
-5121
-6365
-2434
2793
3813
-502
-8377
-9479
-438
8038
3716
-10261
-11842
1240
10054
1322
-11595
-8269
6096
9907
-2548
-11038
-2336
9632
5882
-5193
-4628
4644
5859
-2010
-2895
6386
10186
274
-7190
1395
13840
9071
-5199
-4987
8305
13334
1620
-6718
1432
12613
8940
-3773
-4991
5596
9883
2261
-2439
1894
5909
2085
-2292
1402
7414
5300
-2686
-3729
3966
7297
1364
-3259
1536
6792
2985
-3532
-2105
5923
8533
1693
-5106
-1930
5911
6883
896
-2722
699
4044
1926
-1087
380
3512
2294
-1882
-3057
148
2299
-345
-3958
-3396
172
2933
891
-5161
-7361
-2556
4186
4922
-2582
-10075
-6687
3792
8726
52
-11073
-7215
5720
9070
-2387
-10852
-2864
9480
7551
-4984
-8382
2386
10500
3862
-4508
-734
6816
4405
-2469
266
8817
8155
-2346
-5473
5713
14196
5136
-6911
-2437
10536
11076
-1428
-5800
3775
11419
5305
-4654
-2614
6446
7402
467
-1685
2736
4633
-45
-2211
2698
6439
2412
-3612
-1505
5356
5360
-1085
-2559
3996
7128
996
-4185
93
7666
7523
-708
-5550
504
7941
6446
-825
-2336
2785
4760
1355
-824
1518
3693
1199
-2252
-2074
1125
1920
-1571
-4503
-2498
987
1443
-1076
-5094
-5612
-2342
2316
2915
-2562
-9052
-7395
2130
7673
-122
-11563
-8224
4979
8816
-2314
-11003
-3891
8332
7543
-4845
-9004
1258
9363
3020
-4858
-1105
5834
3851
-2380
283
8176
7681
-2502
-5501
5521
13730
5197
-6050
-1463
10356
10886
-665
-4956
3768
11160
5539
-4215
-2193
6452
7486
1109
-792
2782
3971
20
-1455
3211
6357
2173
-3982
-1879
5268
5808
-256
-2493
2833
6598
1513
-3865
-508
6412
6878
628
-3848
-236
5980
5992
821
-2030
750
3087
1143
111
2042
2937
550
-1814
-815
1657
1860
-1314
-3184
-1149
516
-1074
-1494
-1276
-3231
-4924
-3263
1291
2529
-3355
-10036
-6372
4309
7054
-4401
-13310
-4976
8029
6272
-7363
-11850
24
10529
3877
-9353
-7549
6000
9464
-1241
-6425
1422
7743
2500
-3657
992
8861
5801
-4174
-3236
8551
12138
363
-7071
1927
12347
7817
-3856
-3682
6933
11332
2487
-4942
591
8388
5680
-1199
-753
4092
4094
-424
-576
4245
5986
859
-3422
193
5739
3942
-1615
-1190
4048
5390
-162
-3155
2064
7516
5203
-1247
-2477
3049
7287
4648
124
-227
3624
4652
1238
494
2982
3970
1087
-1255
-48
2441
2322
-1024
-2803
-643
1079
-1217
-1515
970
-737
-5502
-5874
929
6000
587
-10247
-9594
3081
9579
-944
-12963
-6626
7982
8374
-5804
-12400
-732
11314
5093
-8827
-7700
6066
9882
-954
-6355
2439
9103
2512
-5364
159
10395
7613
-4706
-5578
7405
12974
1573
-7384
1098
12315
8515
-4081
-4698
6696
11599
2483
-5935
-88
8639
5807
-2350
-1592
4604
4739
-1538
-3821
2139
6046
1477
-4559
-2555
3640
3493
-1819
-2611
1938
4562
534
-3800
-540
5139
4124
-986
-2333
1070
3975
2669
500
-142
1324
2629
582
-478
1637
2689
275
-1691
-746
844
548
-1237
-2321
-1817
-726
-1512
-3208
-1135
1191
-2672
-7887
-6279
1154
4296
-2316
-11390
-9361
1765
6216
-2949
-12287
-7150
3856
4510
-5327
-11051
-3549
5766
2753
-6961
-7300
1210
4181
-1568
-4207
711
3378
-1110
-5222
-142
7367
4848
-5161
-5593
5339
10236
1416
-6433
-556
8625
7147
-2870
-4711
3802
8773
2745
-4267
-1164
4545
3578
-913
-548
2411
1863
-1626
-1750
2869
4237
-438
-4191
-1118
3396
1696
-2510
-2321
1189
2330
-102
-3123
-1484
2538
2404
-483
-1362
-35
190
290
1052
985
-499
-1181
-587
520
1917
837
-1493
-1838
-156
732
-297
-1603
-2523
-2157
-1274
-1747
-3504
-3405
-1405
268
-2722
-7062
-6798
-830
3785
-1065
-9746
-9485
-67
4623
-1292
-9592
-7514
1676
3621
-4089
-10228
-4136
4676
2404
-6530
-7740
-320
3943
-333
-4953
-1383
3193
888
-4511
-2269
5087
4870
-2912
-5201
2263
7483
2393
-4484
-1177
6663
6279
-2183
-4573
3183
8288
3306
-3425
-1442
4361
4708
147
-1027
2350
3198
-432
-2237
1425
3887
1072
-2396
-1141
2309
1378
-1914
-1945
1365
2150
-1188
-2863
-925
1710
1194
-1054
-1010
823
784
-875
-594
1483
1763
-969
-2417
-472
1452
901
-1513
-2445
-672
655
-159
-1992
-1958
-648
-788
-2576
-3984
-3505
-1814
-1492
-1787
-2631
-5026
-6092
-3694
765
1885
-3923
-9951
-6946
1226
4148
-3497
-10573
-5747
3052
2400
-7029
-10099
-1017
6040
351
-8573
-7103
2195
4857
-2178
-5548
-248
3404
-797
-5024
-78
6381
2939
-5257
-4891
4272
7624
-149
-5775
-75
7123
3935
-4220
-3728
4381
7027
499
-4630
-1026
4189
2727
-1466
-1182
1605
1022
-2075
-1468
2141
2480
-1532
-3841
-766
2427
582
-2981
-2078
1444
1504
-1713
-3324
-724
2263
1091
-2452
-2869
-141
1458
179
-1592
-1126
-52
99
-1092
-1657
-143
694
-815
-2590
-1895
-183
2
-1153
-1859
-1953
-1964
-2202
-2979
-2674
-2300
-2435
-2911
-1914
-1430
-4561
-7297
-4308
2249
2257
-6474
-12887
-6128
5103
4707
-7382
-13243
-2963
6768
1485
-9852
-9085
2603
6847
-2764
-10726
-3898
6119
3570
-6050
-5263
3576
4586
-3523
-5938
2927
8798
1123
-8829
-3713
9039
9301
-3101
-7297
2809
10029
3196
-6044
-2196
7529
7967
-1637
-5453
1777
6956
2574
-2449
52
3628
1531
-2621
-717
4377
3801
-2223
-4080
1484
4966
640
-3909
-1069
4291
3355
-2481
-4061
1389
5378
1761
-3313
-2057
2854
3504
423
-1149
642
2327
796
-1491
-437
2489
2062
-1699
-2747
490
2735
423
-2860
-2598
238
1003
-2116
-4299
-2795
-385
-1058
-3483
-3767
-496
211
-4513
-7288
-3074
3120
1505
-6631
-10025
-3503
3834
2114
-6683
-9519
-2117
3477
-533
-7384
-6080
1378
3216
-2588
-6395
-2320
2874
1710
-2746
-2048
2326
2083
-2138
-1979
3973
5878
145
-4674
155
7514
5933
-2126
-3677
3759
7828
2362
-3734
-310
6124
5590
-765
-2932
1751
4730
1936
-1370
240
2406
709
-2053
-418
3504
2906
-1399
-3216
313
3246
1091
-2164
-1460
1461
1602
-1187
-2334
260
2153
691
-1633
-1595
186
820
337
-40
-120
-151
-420
-141
827
1262
307
-870
-713
624
1238
265
-921
-956
-100
96
-698
-1723
-1077
-706
-1974
-3366
-3235
-1578
142
-203
-3767
-5781
-3458
1231
2380
-2336
-7400
-5746
1140
3814
-1918
-7849
-4404
3140
3573
-3305
-7059
-1610
4920
3199
-3475
-4324
1663
4706
975
-1677
1510
3991
1198
-1787
1864
6847
4906
-1481
-1698
5471
8337
2400
-2597
2028
8414
6238
-1037
-1641
5104
8527
3628
-1876
260
5323
5081
895
48
2679
3162
607
-193
2307
3654
805
-2109
-504
2748
2060
-1208
-1493
1317
2019
-577
-2386
-544
2334
1776
-1294
-1986
229
1782
750
-549
39
971
455
-697
-149
1614
1951
-36
-1521
-472
1216
1358
-150
-971
-414
129
-190
-1316
-1433
-692
-865
-2462
-3388
-2339
-1389
-1989
-2128
-1405
-2936
-5419
-5290
-1208
1961
-1232
-7352
-7829
-1400
2751
-1209
-7435
-6132
503
2389
-3046
-6956
-2493
3520
2088
-4143
-5101
289
3357
287
-2222
473
3127
702
-2321
863
5870
4370
-2016
-2966
3669
7351
2322
-3180
-104
6362
5669
-1205
-2530
3509
7055
2776
-2722
-1175
3558
3740
18
-1048
1430
2058
-686
-2221
411
2590
306
-3044
-2918
-180
475
-1542
-2531
-986
-381
-2355
-3338
-1312
722
-354
-2910
-3104
-737
988
81
-1589
-978
663
586
-840
-605
1088
1622
-84
-1498
-818
394
479
-452
-663
-306
-710
-1494
-1505
-652
-731
-1832
-2540
-2540
-2724
-2647
-2770
-3243
-2513
-1143
-2005
-5671
-6702
-2893
957
-47
-5248
-8260
-4788
928
1189
-3952
-7067
-3592
1097
138
-4584
-5359
-35
3192
-489
-4890
-3080
1446
2230
-564
-1529
785
1837
-144
-1100
2097
4555
1424
-2640
-744
4184
4219
-555
-1985
2093
4272
566
-3144
-905
3534
3016
-1726
-3474
-507
1494
-404
-2381
-1169
-106
-1684
-3257
-1917
223
-426
-2974
-3717
-1841
-1010
-2283
-3109
-1515
-203
-1579
-3129
-2716
-676
12
-1184
-2054
-1726
-1337
-1373
-879
-159
-301
-1728
-2008
-533
822
536
-1079
-1613
-712
443
196
-871
-992
-240
-266
-902
-1065
-917
-412
-419
-1021
-2157
-2709
-2266
-1631
-1946
-3216
-3907
-2914
-1468
-2015
-4132
-5726
-4614
-1473
94
-2893
-7009
-6240
-1481
778
-2207
-5992
-5308
-882
493
-3079
-5314
-2469
1380
441
-3116
-3456
-222
1511
-358
-1855
-275
1279
-501
-2137
-91
2820
1707
-2237
-2619
1548
3722
330
-3153
-1025
3004
1869
-2405
-2924
1046
3196
98
-3337
-2246
715
494
-1773
-1862
-168
-354
-2416
-2866
-596
678
-1106
-3488
-3003
-675
-523
-2538
-3278
-1582
-180
-1609
-3848
-3215
-400
329
-2236
-4028
-2512
-98
-66
-1709
-2748
-1637
232
-47
-1569
-1530
513
1152
-694
-1982
-858
959
916
-511
-1286
-430
371
-327
-1229
-758
-8
-906
-2485
-2615
-1255
-958
-2765
-4252
-3377
-1954
-2499
-4028
-3979
-2659
-3350
-5378
-5586
-3428
-1804
-3364
-6469
-6405
-2968
-1586
-3865
-6207
-5036
-2081
-1799
-4141
-5445
-3514
-1207
-2235
-4501
-3878
-1412
-773
-2003
-2621
-1433
-410
-1487
-2776
-1495
746
126
-2582
-2864
86
2131
262
-2523
-1597
1640
2164
-946
-2634
-168
2091
653
-2136
-2230
38
875
-764
-2349
-1864
-818
-1241
-2430
-2199
-1470
-1994
-3000
-3028
-2001
-1794
-2801
-3473
-2547
-1399
-1920
-3248
-2759
-1258
-1048
-2093
-3089
-2143
-615
-950
-2429
-2301
-690
-89
-1370
-2076
-878
152
58
-915
-1308
-374
198
-329
-1022
-717
238
81
-776
-734
-71
272
-514
-1584
-1440
-831
-1149
-2371
-2540
-2115
-2609
-3419
-3820
-3712
-2921
-2533
-3854
-5128
-5398
-4336
-3257
-3566
-4904
-6301
-5620
-3776
-3104
-4104
-5262
-5009
-3198
-2436
-4041
-5296
-3568
-808
-1065
-3403
-4007
-1951
228
-10
-1654
-1802
-270
304
-501
-497
795
1477
424
-534
401
2083
1824
140
-55
1296
1326
-276
-901
546
1574
97
-1847
-1615
186
324
-1464
-2343
-1283
-476
-1534
-2751
-2411
-1128
-808
-1960
-2927
-2301
-1475
-1938
-2591
-2182
-1476
-2045
-3272
-3048
-1377
-360
-1407
-3065
-2957
-1028
-4
-740
-1594
-1517
-505
7
-241
-228
211
562
299
-316
-240
191
467
669
375
-164
-487
-469
-70
87
-339
-1262
-2057
-1903
-1364
-1571
-2714
-3326
-3081
-3134
-3514
-3489
-4021
-5007
-5058
-4408
-4064
-4868
-5433
-5723
-5677
-5177
-4430
-4398
-5558
-6662
-6143
-3926
-3095
-4529
-6138
-4869
-1904
-1776
-4049
-5314
-2911
-149
-926
-3654
-3776
-637
860
-707
-2270
-742
988
360
-848
-161
1612
1231
-755
-919
1218
2167
454
-1201
65
1923
1270
-891
-1263
533
1174
-353
-1936
-1176
-90
-563
-1670
-1703
-1384
-2026
-2535
-1906
-799
-1191
-2941
-3525
-2087
-1134
-2174
-3253
-2778
-1720
-1874
-3146
-3305
-2005
-1020
-1822
-2975
-2543
-1080
-718
-1438
-1432
-865
-658
-1320
-1612
-714
299
191
-880
-1167
-257
450
12
-910
-888
-228
-184
-854
-1283
-935
-568
-732
-1438
-1963
-1881
-1610
-1814
-2455
-2485
-2600
-3346
-3192
-2626
-3266
-4322
-4124
-3582
-3740
-4280
-4325
-3615
-3599
-4831
-5509
-3719
-1702
-2488
-5159
-5675
-2784
-204
-1513
-4846
-4346
-354
1054
-1895
-4328
-1832
2179
1772
-1805
-2535
836
3016
1046
-1153
469
3057
2066
-608
-95
3158
3547
148
-1189
1913
4215
1704
-1473
-19
3383
2938
-679
-1725
1190
2989
794
-1794
-818
1337
697
-1610
-1735
217
522
-1452
-2403
-844
340
-879
-2611
-2112
-286
-127
-1620
-2293
-1318
-254
-697
-2078
-2244
-939
-391
-1374
-2093
-1326
-221
-211
-858
-848
-56
408
-200
-789
-420
389
289
-666
-881
-88
562
-42
-1195
-1014
90
146
-966
-1474
-749
-138
-898
-1914
-1624
-703
-514
-1456
-2026
-1444
-940
-1432
-2198
-1907
-1075
-1417
-2409
-2613
-1931
-1568
-2452
-3072
-1466
-499
-2501
-4459
-2763
854
783
-3225
-5095
-1413
2512
926
-3738
-3908
1161
3667
39
-3741
-1171
3716
3364
-844
-1745
1985
4206
1501
-812
1424
4152
2511
-905
-190
3628
4188
298
-1549
1686
4570
2228
-1386
-236
3516
3434
-592
-2082
1346
3721
1399
-1829
-1110
2005
2113
-758
-1559
981
2279
143
-2109
-776
1838
1438
-1187
-2000
238
1635
66
-1547
-739
1199
1019
-1267
-1869
142
1504
83
-1659
-924
975
1021
-410
-578
747
1356
141
-931
-14
1582
1148
-607
-682
940
1668
382
-665
54
1285
1039
-380
-640
764
1705
704
-715
-460
727
772
-224
-668
-130
264
-279
-949
-793
-439
-876
-1613
-1421
-586
-705
-1678
-1886
-908
-211
-1035
-2379
-2453
-969
266
-307
-1673
-2110
-1119
10
144
-932
-1463
-555
618
570
-507
-942
-181
1235
1272
133
-572
283
1621
1580
614
269
763
1197
864
573
1239
1815
1339
580
745
1479
1554
977
796
1231
1645
1280
713
988
1799
1707
776
257
662
1251
1211
816
615
817
898
682
540
791
1040
790
496
698
923
750
557
568
663
501
65
-56
238
620
606
139
-52
163
390
494
390
258
330
465
637
726
636
528
665
996
1057
781
738
1002
1212
1232
938
738
737
675
371
39
219
442
173
-123
19
228
-62
-563
-647
-458
-405
-504
-636
-913
-1121
-966
-846
-1225
-1705
-1497
-977
-803
-1244
-1806
-1639
-936
-780
-1391
-2035
-1849
-1056
-898
-1539
-1798
-1056
-579
-1078
-1586
-1160
-266
-1
-238
-201
222
473
360
361
777
1232
1032
686
914
1475
1792
1725
1699
1666
1676
1791
1901
1817
1831
2023
1982
1776
1614
1673
1858
1841
1567
1359
1116
1063
1166
1066
731
309
274
673
534
-24
-22
289
218
-272
-519
-19
310
-77
-472
-511
-402
-300
-310
-338
-386
-695
-788
-477
-35
-63
-374
-206
315
487
-103
-538
-92
563
413
-205
-311
234
712
484
-27
-16
399
502
140
-297
-85
397
158
-721
-1007
-212
149
-614
-1274
-1301
-940
-1067
-1653
-1894
-1569
-1413
-1739
-2301
-2552
-2116
-2017
-2223
-2388
-2306
-2260
-2489
-2571
-2298
-1999
-1962
-2035
-1896
-1691
-1594
-1499
-1336
-1131
-1116
-1073
-910
-663
-493
-439
-248
-50
8
-55
-73
349
684
634
381
471
894
1202
995
501
621
854
775
514
505
846
969
461
147
194
205
-71
-387
-229
-61
-359
-937
-1130
-894
-634
-878
-1360
-1445
-1192
-1050
-1265
-1562
-1640
-1544
-1573
-1682
-1728
-1637
-1306
-1213
-1650
-1954
-1611
-1139
-1172
-1621
-1825
-1466
-1206
-1224
-1268
-1006
-639
-789
-1235
-1288
-546
-24
-503
-1048
-834
-354
-468
-852
-997
-747
-569
-754
-991
-1139
-1211
-1063
-999
-1305
-1330
-966
-918
-1485
-1683
-1446
-1244
-1423
-1848
-1742
-1459
-1495
-1927
-1890
-1382
-1366
-1773
-1862
-1678
-1557
-1565
-1794
-1981
-1704
-1396
-1574
-1715
-1572
-1399
-1450
-1549
-1457
-1247
-983
-1027
-1190
-1099
-848
-698
-675
-362
-93
-174
-284
-179
53
131
-11
214
625
651
344
144
341
413
335
323
469
342
152
47
-48
-35
-62
-194
-318
-209
-184
-400
-388
-114
-169
-732
-1035
-728
-255
-524
-964
-654
-281
-460
-1108
-1275
-923
-771
-1289
-1743
-1302
-819
-1006
-1572
-1475
-842
-688
-1299
-1688
-1241
-776
-616
-710
-747
-616
-422
-260
-206
-52
-233
-673
-574
79
294
-160
-652
-662
-262
-222
-735
-876
-121
282
-461
-970
-411
62
-208
-786
-779
-247
-190
-776
-789
-63
69
-446
-987
-772
-15
231
-299
-560
-21
180
-385
-808
-470
27
68
-293
-612
-372
120
226
-37
-77
-13
-182
-241
-70
224
348
140
-257
-340
24
288
411
497
281
37
217
647
785
444
82
-74
149
504
279
-147
-137
487
976
783
355
205
560
933
924
826
922
972
836
913
1066
1042
1038
1110
1100
1143
1194
1054
876
857
893
713
777
905
845
694
768
949
773
506
379
520
798
704
133
-9
482
914
728
264
50
348
622
467
-15
-284
92
201
-169
-447
47
413
106
-485
-664
-231
64
-235
-631
-477
-236
-201
-79
-7
-210
-210
-116
-198
-223
-81
102
292
395
232
212
231
99
61
150
247
-106
-166
129
182
100
224
259
-190
-672
-544
21
309
-204
-905
-680
-177
-432
-972
-964
-623
-419
-440
-750
-867
-606
-522
-778
-795
-738
-960
-1026
-806
-624
-601
-710
-825
-619
-88
135
-93
-349
-205
115
-20
-210
-154
86
72
-199
-287
-154
36
-99
-338
-268
49
22
-135
-65
170
154
-147
-217
26
262
76
-92
-159
-53
89
-54
-407
-585
-424
-267
-513
-762
-844
-843
-895
-1026
-941
-860
-1007
-1254
-1294
-1235
-1242
-1320
-1322
-1314
-1376
-1405
-1526
-1494
-1226
-1163
-1344
-1381
-1296
-1213
-1255
-1433
-1593
-1454
-1241
-1242
-1472
-1448
-1223
-1235
-1219
-1045
-1060
-1279
-1137
-899
-1090
-1171
-880
-679
-843
-1131
-1164
-1016
-898
-1004
-1147
-1185
-1138
-811
-636
-758
-811
-604
-652
-1007
-989
-565
-377
-649
-888
-1043
-951
-622
-897
-1282
-790
-342
-750
-1271
-935
-513
-497
-646
-856
-707
-553
-623
-698
-560
-623
-910
-809
-512
-497
-875
-1049
-843
-503
-561
-1105
-1168
-557
-461
-984
-1206
-951
-389
-193
-667
-991
-564
-252
-583
-829
-490
-73
-171
-502
-595
-292
-78
-315
-489
-335
-138
-160
-527
-491
-177
-322
-561
-513
-225
79
-131
-533
-526
-267
-164
-509
-564
-228
-223
-708
-864
-384
-152
-590
-1188
-872
-160
-25
-495
-854
-361
152
80
-536
-604
-40
410
250
-35
154
393
521
320
141
195
386
354
368
631
601
310
123
289
444
326
131
124
303
421
349
108
167
248
198
131
245
416
309
54
-134
236
644
305
-299
-258
259
224
-336
-718
-479
10
48
-260
-446
-178
-18
-233
-418
-517
-561
-402
-391
-470
-340
-50
0
-292
-131
221
131
24
166
267
185
123
422
522
215
122
453
705
506
43
28
451
582
155
-52
257
506
212
25
298
565
575
384
290
455
475
158
23
252
500
290
-50
172
411
323
69
-78
202
473
325
66
99
374
484
374
515
800
793
455
301
462
766
649
325
276
527
790
650
198
219
758
989
642
417
675
974
1081
881
758
803
744
560
455
647
859
744
550
436
369
266
135
250
357
241
84
83
230
278
-6
-153
110
333
116
-185
-139
14
14
-153
-124
177
232
-23
7
196
75
-29
18
-49
-134
-64
37
123
19
-186
-123
161
171
52
110
283
508
468
399
401
440
409
219
273
375
349
400
827
1134
918
467
418
729
766
414
19
20
215
363
108
-201
-39
389
391
-79
-370
-154
124
25
-139
3
451
588
456
356
492
545
399
405
587
753
734
480
524
684
752
661
714
1085
1130
794
536
678
979
1223
915
362
353
656
774
683
545
602
814
684
532
641
802
597
349
443
464
258
89
321
465
285
67
87
287
165
-132
-276
-121
49
-81
-389
-274
44
56
-312
-509
-74
291
258
-29
85
539
717
524
537
945
1096
816
484
623
1124
1304
1025
730
978
1321
1205
1059
1272
1589
1682
1438
1257
1351
1622
1771
1518
1390
1634
1694
1407
1340
1643
2013
1803
1280
1344
1719
1675
1188
984
1278
1440
1103
721
760
1210
1331
1026
894
1013
1243
1373
1397
1492
1555
1527
1412
1345
1537
1787
1824
1725
1843
2014
1873
1565
1618
2060
2328
2272
2064
2022
2207
2321
2137
1946
2131
2384
2369
2130
2230
2411
2405
2161
2092
2236
2250
2096
1981
1904
1825
1804
1785
1687
1545
1407
1292
1146
1085
1235
1335
1202
917
885
1195
1428
1317
1222
1139
1344
1452
1250
1235
1231
1231
1178
1264
1213
1137
1293
1529
1438
1104
1346
1606
1655
1616
1628
1830
1863
1649
1501
1715
1750
1535
1336
1483
1811
1871
1689
1453
1482
1623
1687
1584
1394
1381
1428
1513
1458
1449
1529
1607
1523
1437
1601
1660
1464
1191
1257
1558
1528
1210
1345
1741
1645
1196
903
1097
1340
1130
698
857
1257
1371
1092
792
945
1242
1115
794
871
1285
1443
1136
1106
1420
1757
1566
1297
1427
1708
1730
1395
1250
1553
1880
1663
1320
1427
1689
1766
1508
1357
1718
1867
1592
1229
1323
1550
1472
1271
1077
1088
1239
1292
1180
1038
1038
1100
1159
1352
1528
1478
1190
1190
1244
1084
787
698
1012
1155
985
719
695
873
809
850
986
1122
1052
764
867
1263
1346
910
592
785
1173
1134
718
627
1023
1239
1091
1138
1269
1353
1237
1030
1155
1274
1264
1181
1303
1504
1487
1426
1547
1846
1902
1752
1703
1731
1701
1486
1378
1512
1547
1362
1315
1356
1143
782
782
1215
1385
1184
799
753
1078
1210
952
759
934
1149
1182
879
734
865
877
792
712
992
1365
1253
799
668
952
1249
1142
770
787
1261
1608
1451
1174
1094
1308
1320
1048
986
1197
1191
950
932
1249
1499
1142
891
1147
1392
1403
1104
911
1091
1402
1364
981
769
1137
1605
1257
727
564
636
724
562
430
554
714
746
809
622
434
350
368
563
545
340
211
298
501
507
266
202
456
601
496
469
563
839
860
559
587
952
966
673
517
599
977
1323
1286
1119
1208
1529
1533
1104
964
1150
1161
1076
918
855
885
1021
855
691
812
781
561
394
488
511
351
121
-62
-48
236
164
-156
-125
-43
-40
-154
-266
-347
-400
-286
-35
184
77
-134
-56
274
233
-4
13
70
255
406
487
501
571
654
667
680
638
522
407
421
516
407
261
217
260
342
274
264
377
364
322
157
69
175
258
319
312
157
66
92
66
-95
-328
-304
-271
-378
-489
-342
-294
-342
-297
-319
-428
-453
-377
-379
-265
-260
-342
-411
-326
-261
-118
35
306
525
466
262
168
458
812
733
454
531
816
908
783
739
935
1107
877
589
641
902
964
804
697
728
782
692
697
712
648
568
583
820
790
524
321
312
294
113
-82
-142
-212
-302
-359
-507
-517
-497
-422
-507
-560
-494
-463
-567
-711
-593
-327
-87
-263
-507
-135
272
244
7
66
313
336
164
271
548
541
346
158
420
754
683
502
556
737
686
539
635
723
546
418
533
718
745
590
618
771
774
509
256
211
281
245
152
320
347
35
-106
199
400
240
55
-3
86
-78
-259
-326
-330
-340
-371
-356
-320
-148
51
124
-138
-253
153
426
198
-76
18
392
523
261
102
309
480
417
376
584
544
280
102
359
772
502
56
56
378
529
118
-312
-210
212
352
-167
-554
-270
-62
-376
-716
-545
-257
-384
-832
-928
-787
-859
-1104
-1018
-725
-806
-1058
-1087
-707
-411
-625
-1004
-868
-292
-103
-479
-704
-311
52
-156
-475
-309
43
7
-145
-175
27
113
-26
-279
-327
-24
218
1
-202
30
307
127
-210
-132
218
360
-13
-395
-178
60
-88
-359
-324
-40
-73
-182
-110
63
84
-326
-601
-392
-181
-341
-579
-593
-359
-278
-509
-795
-909
-804
-579
-536
-832
-1208
-1216
-870
-760
-944
-1017
-759
-512
-589
-725
-554
-314
-308
-401
-380
-220
-148
-202
-192
-12
8
-180
-348
-378
-302
-335
-458
-521
-413
-336
-585
-927
-854
-625
-691
-865
-916
-747
-646
-854
-888
-700
-581
-622
-757
-900
-856
-618
-584
-765
-897
-825
-733
-802
-878
-739
-608
-719
-640
-362
-249
-368
-401
-266
-183
-345
-488
-357
-177
-220
-362
-366
-265
-123
-234
-544
-550
-437
-506
-478
-251
-286
-431
-544
-561
-565
-608
-513
-578
-663
-499
-361
-257
-225
-280
-289
-136
-76
-239
-300
-209
-87
-80
-1
-8
-79
-107
2
148
95
-81
-145
-78
28
-78
-416
-524
-372
-180
-283
-522
-529
-287
-88
-298
-528
-494
-128
-14
-233
-206
-45
13
-2
-22
162
319
119
-191
-297
-225
-301
-297
-263
-122
-135
-280
-280
-53
113
-3
-141
-49
204
276
24
-302
-164
193
305
27
-247
-266
-177
-199
-243
-234
-171
-106
-197
-154
-138
-244
-308
-319
-255
-197
-195
-243
-284
-315
-177
81
151
140
-125
-294
-153
-44
-130
-124
73
-16
-249
-238
-20
-9
-121
-250
-190
42
39
-101
-171
-4
162
103
-16
140
449
491
284
96
199
465
554
359
162
420
802
917
692
421
363
504
511
234
115
247
408
306
137
277
444
436
363
314
443
568
506
321
246
317
297
237
176
374
598
545
450
422
511
525
405
520
787
847
669
503
754
1051
1132
874
892
1142
1180
998
962
1100
1152
1155
1217
1412
1256
750
555
907
1120
1055
825
790
1085
1291
1189
938
904
1203
1324
1232
1148
1218
1470
1404
1199
1151
1151
1122
984
855
698
823
996
870
794
928
1070
944
954
1111
1313
1346
1272
1223
1058
1019
1210
1226
1043
894
937
1080
1103
894
833
904
1022
1060
1056
1138
1036
900
950
1057
982
887
837
748
731
749
606
402
528
729
634
453
355
392
428
366
212
19
81
297
329
309
352
282
244
156
159
273
207
87
168
386
509
512
470
575
638
575
514
632
843
794
621
585
809
773
555
546
712
857
602
378
412
584
613
141
-127
182
521
485
175
127
388
498
181
-183
-222
58
131
-4
110
327
387
226
253
469
608
508
213
160
325
385
305
210
306
473
459
326
259
345
439
348
186
236
213
26
-70
169
401
442
275
238
518
672
574
299
155
216
354
342
107
37
127
285
253
1
-153
-144
-19
-43
-131
-138
-314
-381
-369
-351
-384
-251
-133
-328
-672
-741
-475
-219
-206
-376
-495
-411
-257
-381
-557
-497
-196
35
7
-117
40
121
67
-5
133
379
468
479
340
281
199
135
125
209
257
166
219
430
498
324
382
573
615
482
464
547
746
844
726
629
638
527
271
262
416
515
488
470
251
175
257
264
271
204
308
385
277
282
452
523
499
539
644
573
482
517
545
623
472
141
-8
169
514
643
538
340
192
247
353
325
163
177
234
281
203
20
14
41
210
253
276
414
536
550
361
346
395
401
277
154
212
193
141
203
319
281
252
218
134
205
195
247
219
64
11
74
254
254
77
30
77
14
19
17
-137
18
279
340
227
219
402
471
351
262
364
457
571
375
33
-70
103
302
227
119
79
198
263
173
97
7
57
189
122
-66
-70
-41
-171
-200
-42
-40
-152
-304
-364
-78
101
-60
-90
-30
-90
-362
-508
-304
-76
-80
-163
-63
98
138
50
143
349
305
38
-103
-136
-4
83
-190
-449
-386
-143
-140
-488
-514
57
450
263
-29
-135
0
14
-178
-250
-156
-197
-362
-419
-360
-196
-201
-328
-224
-117
-25
-8
-279
-338
-174
-69
2
100
110
15
-236
-474
-308
-71
-7
-146
-250
-173
-129
-87
-83
-91
-70
15
68
10
40
123
290
469
522
509
612
693
529
203
146
403
566
465
257
246
461
488
269
113
205
145
-63
48
326
452
331
195
310
586
699
361
111
214
358
203
-75
-72
161
325
85
-13
63
219
460
311
75
52
232
490
508
194
-40
217
723
809
543
406
574
659
561
370
444
798
811
592
472
883
1171
1077
867
908
1159
1018
717
510
535
807
1090
1117
1002
962
1085
1321
1158
863
823
1054
1248
1254
1154
1054
1262
1479
1209
833
862
1120
1162
922
891
1156
1254
1051
875
1002
1043
818
807
1032
1166
1117
1068
1146
1200
1137
1100
1134
1146
1186
1442
1570
1521
1558
1522
1370
1336
1460
1436
1351
1419
1613
1790
1763
1665
1787
2112
2219
1870
1647
1642
1582
1397
1324
1357
1392
1278
1274
1487
1556
1490
1290
1216
1218
1370
1356
1261
1232
1279
1304
1151
1067
1266
1474
1504
1418
1437
1651
1834
1704
1557
1546
1641
1658
1459
1199
1115
1346
1577
1612
1497
1452
1603
1804
1750
1565
1688
1951
1920
1658
1541
1657
1808
1889
1881
1883
1815
1732
1753
1773
1596
1410
1401
1531
1716
1655
1448
1365
1444
1538
1354
1168
1168
1346
1368
1117
1009
1239
1450
1278
855
784
1016
1143
1071
999
1013
1045
1026
924
942
966
1044
1025
892
960
1106
1065
1029
1015
1209
1275
1046
933
986
1245
1275
1087
1031
1093
1214
1179
1029
1118
1227
1246
1142
1037
1203
1334
1082
792
732
1001
1221
927
675
831
1093
875
590
621
891
1026
983
900
964
1165
1152
956
868
922
1033
1119
1034
910
1045
1142
954
933
1072
1181
1150
1217
1516
1736
1567
1181
1074
1332
1584
1524
1415
1620
1714
1648
1457
1322
1392
1564
1622
1508
1435
1569
1639
1477
1248
1114
1272
1577
1633
1485
1382
1350
1485
1527
1556
1536
1596
1640
1624
1563
1409
1381
1367
1314
1173
1241
1265
1225
1238
1262
1398
1409
1281
1093
1085
1221
1415
1384
1081
1091
1278
1356
1389
1423
1441
1583
1791
1823
1668
1502
1593
1680
1561
1594
1900
2023
1861
1724
1678
1658
1669
1682
1588
1455
1443
1612
1805
1764
1511
1318
1393
1526
1487
1314
1322
1529
1560
1456
1289
1344
1551
1612
1420
1329
1566
1600
1298
1200
1430
1642
1412
1134
1377
1781
1752
1539
1454
1488
1445
1427
1531
1613
1562
1482
1422
1425
1656
1710
1516
1389
1355
1355
1368
1281
1109
990
1143
1333
1241
1195
1269
1291
1151
1137
1329
1380
1294
1139
1085
1180
1176
1058
1168
1319
1241
1023
1023
1333
1474
1450
1269
1162
1207
1334
1297
1156
1117
1197
1245
1285
1353
1421
1437
1453
1509
1427
1176
1122
1326
1457
1357
1113
1244
1443
1380
1098
950
1161
1322
1235
1085
1143
1264
1136
942
845
878
878
781
882
1059
1029
977
1095
1167
1157
1105
1112
1068
1085
1268
1451
1397
1178
1239
1369
1405
1315
1285
1390
1328
1121
1057
1166
978
852
951
1197
1240
1110
1067
1187
1326
1131
1002
1061
1233
1170
1230
1278
1302
1357
1132
917
964
1251
1340
1242
1167
1236
1272
1233
1184
1237
1317
1428
1493
1270
1209
1362
1547
1474
1351
1277
1213
1389
1550
1565
1355
1271
1433
1376
1243
1218
1297
1416
1254
1085
1134
1188
1205
1105
1191
1470
1594
1559
1408
1343
1361
1340
1260
1134
1291
1467
1368
1212
1157
1255
1320
1167
1089
1336
1669
1616
1197
1023
1258
1405
1277
1077
1046
1188
1272
1081
994
1124
1260
1287
1127
1184
1163
1086
1252
1400
1421
1225
1195
1314
1453
1459
1295
1301
1398
1337
1069
1092
1292
1333
1069
921
1038
1128
983
810
793
983
1158
1109
943
873
928
1010
1143
1184
1091
1044
990
876
966
1140
1121
1044
1289
1441
1239
1024
1120
1414
1430
1078
863
853
931
861
793
890
928
954
876
889
991
880
750
826
941
922
731
556
520
682
692
516
365
361
570
675
635
480
274
228
340
191
-78
-183
76
351
364
343
290
338
427
497
476
367
363
463
479
487
518
484
452
528
586
473
521
643
641
413
291
466
697
811
753
671
589
698
723
616
607
607
526
367
324
586
751
688
576
433
631
970
788
337
265
562
621
358
64
36
133
53
54
172
299
-4
-141
139
393
174
-154
-91
145
162
31
73
159
288
305
314
299
383
552
574
420
317
495
542
387
175
364
671
679
430
315
408
515
398
170
197
336
276
182
102
-31
-17
166
290
177
-22
39
145
60
-102
-59
294
399
181
106
285
406
294
-2
-65
148
137
-151
-198
2
33
73
-11
1
90
41
-34
55
212
128
-27
-107
-10
174
236
314
410
401
470
544
502
414
512
693
673
367
174
307
460
224
-55
-76
302
566
349
50
42
202
124
33
35
54
71
22
-35
77
136
76
-14
17
-48
-27
73
219
349
396
402
370
212
99
150
244
388
397
343
334
411
490
508
624
872
820
622
627
776
850
728
642
589
506
480
444
618
778
699
469
530
638
511
380
250
316
319
326
388
478
362
107
122
338
235
-118
-355
-11
462
376
157
65
233
324
131
-128
-69
213
415
252
56
30
232
265
401
616
507
258
120
216
209
13
-213
-103
242
494
416
301
427
580
726
706
513
320
240
223
291
456
485
208
64
245
406
286
238
224
113
52
-42
-190
-197
-32
157
74
-230
-282
-158
-54
-136
-306
-178
152
253
-38
-345
-243
59
101
-69
-261
-266
-76
140
92
41
141
189
214
271
280
177
210
355
487
393
306
233
284
355
338
324
355
232
43
61
151
189
10
-165
-117
32
-68
-110
-83
-88
-139
-209
-171
-108
-131
-195
-139
-121
-162
-240
-241
-308
-585
-496
-179
191
315
32
-262
-263
-28
1
-234
-289
-269
-292
-331
-256
11
90
-100
-174
-154
-76
-106
-217
-237
-241
-224
-253
-109
35
-155
-300
-80
274
19
-491
-524
-298
-75
-138
-472
-569
-485
-351
-286
-342
-441
-588
-561
-595
-723
-880
-867
-723
-802
-927
-1017
-820
-745
-798
-852
-767
-636
-676
-686
-582
-544
-755
-918
-782
-516
-417
-488
-524
-436
-491
-594
-686
-684
-703
-809
-985
-1010
-874
-811
-892
-1087
-1105
-969
-936
-1043
-909
-787
-961
-1170
-1049
-794
-849
-1246
-1323
-930
-695
-661
-710
-752
-731
-654
-635
-651
-772
-829
-866
-872
-966
-988
-957
-1000
-1048
-1111
-1119
-1062
-993
-965
-989
-1110
-1209
-1209
-1149
-1082
-1105
-1063
-1065
-1233
-1364
-1207
-970
-985
-1249
-1385
-1315
-1287
-1291
-1282
-1233
-1166
-1192
-1198
-1330
-1615
-1697
-1635
-1583
-1641
-1747
-1815
-1673
-1331
-1451
-1745
-1685
-1437
-1449
-1689
-1792
-1492
-1178
-1303
-1530
-1697
-1717
-1688
-1727
-1892
-1998
-2000
-2059
-2116
-2150
-2051
-1894
-1954
-2045
-2050
-2078
-2158
-2192
-2241
-2196
-2187
-2352
-2482
-2393
-2309
-2358
-2386
-2429
-2369
-2371
-2408
-2400
-2334
-2315
-2344
-2340
-2262
-2304
-2177
-1996
-1874
-1860
-2006
-2167
-2132
-1911
-1788
-1872
-1920
-1878
-1908
-1893
-1858
-1777
-1640
-1662
-1822
-1795
-1825
-1917
-1797
-1633
-1543
-1646
-1770
-1699
-1608
-1544
-1559
-1598
-1643
-1629
-1572
-1553
-1547
-1715
-1789
-1590
-1370
-1476
-1653
-1669
-1571
-1373
-1397
-1505
-1611
-1622
-1578
-1572
-1495
-1388
-1326
-1133
-1084
-1223
-1343
-1415
-1383
-1317
-1159
-1233
-1226
-998
-982
-1157
-1267
-1285
-1296
-1269
-1347
-1348
-1215
-1325
-1484
-1427
-1352
-1354
-1487
-1633
-1534
-1373
-1408
-1584
-1507
-1326
-1111
-933
-922
-1088
-1067
-824
-850
-1136
-1435
-1289
-1056
-1112
-1393
-1581
-1517
-1239
-1113
-1131
-1110
-999
-995
-1230
-1293
-1199
-1123
-1214
-1376
-1390
-1207
-1050
-1068
-1070
-1150
-1098
-943
-780
-687
-724
-684
-727
-741
-786
-966
-958
-684
-586
-559
-659
-655
-619
-583
-506
-630
-831
-934
-768
-775
-896
-922
-793
-628
-747
-939
-887
-620
-540
-737
-752
-539
-585
-921
-1007
-842
-803
-972
-1067
-1023
-995
-991
-1216
-1499
-1266
-993
-1069
-1382
-1455
-1143
-972
-1292
-1650
-1610
-1296
-1156
-1285
-1503
-1607
-1482
-1407
-1431
-1601
-1610
-1490
-1573
-1806
-1810
-1531
-1272
-1370
-1672
-1587
-1336
-1257
-1221
-1310
-1366
-1218
-1241
-1361
-1301
-1364
-1615
-1903
-1631
-1379
-1574
-1863
-1838
-1495
-1425
-1568
-1664
-1515
-1291
-1296
-1392
-1364
-1480
-1564
-1506
-1382
-1295
-1359
-1415
-1352
-1234
-1236
-1250
-1184
-1186
-1382
-1556
-1457
-1249
-1256
-1467
-1470
-1192
-1010
-1139
-1295
-1147
-854
-819
-1053
-1218
-1156
-1056
-941
-935
-1162
-1283
-1077
-1006
-1138
-1211
-1147
-1032
-1099
-1316
-1442
-1245
-1034
-1163
-1422
-1330
-1077
-1065
-1152
-1004
-788
-856
-1051
-1108
-930
-690
-611
-713
-895
-917
-876
-898
-985
-1016
-866
-746
-794
-815
-726
-689
-715
-808
-695
-630
-715
-790
-700
-511
-671
-874
-882
-698
-672
-778
-876
-835
-855
-1021
-1095
-1074
-1026
-1214
-1354
-1410
-1265
-1195
-1339
-1427
-1315
-1148
-1175
-1141
-1085
-1057
-960
-979
-1150
-1286
-1175
-1092
-1145
-1329
-1412
-1397
-1373
-1417
-1472
-1208
-859
-807
-1164
-1386
-1055
-680
-910
-1337
-1236
-945
-970
-1196
-1195
-996
-858
-995
-1125
-1091
-1036
-872
-797
-892
-1033
-1053
-870
-1045
-1390
-1457
-1420
-1462
-1637
-1665
-1423
-1001
-931
-1269
-1556
-1541
-1446
-1497
-1603
-1663
-1577
-1521
-1452
-1432
-1378
-1318
-1418
-1579
-1574
-1434
-1434
-1689
-1755
-1607
-1599
-1758
-1648
-1284
-1269
-1651
-1813
-1461
-1203
-1438
-1621
-1668
-1638
-1575
-1623
-1617
-1530
-1494
-1584
-1639
-1561
-1435
-1570
-1741
-1688
-1681
-1802
-1868
-1690
-1728
-1838
-1919
-2067
-2056
-2058
-2057
-2171
-2089
-1810
-1829
-2102
-2173
-2109
-2043
-2094
-2358
-2522
-2451
-2376
-2362
-2480
-2599
-2633
-2617
-2475
-2431
-2457
-2536
-2460
-2335
-2328
-2299
-2332
-2432
-2509
-2471
-2238
-2172
-2452
-2583
-2196
-1851
-1858
-2204
-2391
-2320
-2243
-2264
-2368
-2258
-2166
-2160
-2067
-1824
-1691
-1901
-2255
-2327
-2050
-2001
-2159
-2012
-1809
-1890
-2150
-2367
-2348
-2126
-2031
-2137
-2263
-2363
-2237
-2062
-2128
-2390
-2452
-2308
-2229
-2502
-2679
-2542
-2577
-2642
-2703
-2675
-2563
-2560
-2481
-2378
-2321
-2295
-2305
-2345
-2418
-2382
-2364
-2354
-2053
-1823
-1921
-2099
-2073
-1904
-1766
-1843
-1799
-1799
-1982
-2085
-2003
-1828
-1932
-1976
-1782
-1706
-1863
-1957
-1762
-1606
-1627
-1542
-1389
-1548
-1748
-1687
-1600
-1617
-1807
-1840
-1536
-1322
-1563
-2019
-2028
-1679
-1485
-1461
-1621
-1555
-1440
-1413
-1512
-1653
-1665
-1625
-1547
-1457
-1338
-1195
-1199
-1361
-1302
-1108
-1105
-1388
-1553
-1482
-1222
-937
-860
-962
-912
-857
-1048
-1119
-973
-768
-1052
-1306
-1164
-795
-632
-766
-890
-847
-821
-884
-1012
-860
-533
-579
-690
-794
-632
-421
-432
-526
-521
-497
-628
-821
-827
-511
-406
-613
-845
-795
-559
-465
-510
-668
-674
-532
-469
-572
-484
-303
-474
-773
-884
-791
-708
-532
-354
-264
-235
-425
-611
-736
-782
-778
-669
-658
-793
-879
-881
-652
-606
-602
-563
-574
-589
-550
-468
-505
-372
-400
-533
-552
-538
-519
-526
-488
-362
-81
64
-184
-423
-277
-86
-117
-232
-209
-62
-36
-289
-423
-240
-227
-365
-467
-256
26
-107
-308
-165
61
69
40
44
-19
-179
-194
-152
-136
-216
-364
-208
38
-5
-160
30
283
237
131
77
83
136
83
-30
-31
-61
34
205
349
289
97
165
343
298
99
-28
24
309
464
313
204
274
487
585
452
254
288
390
372
367
356
461
547
517
455
517
682
672
475
283
194
383
586
643
467
206
74
95
335
361
147
118
169
280
394
466
342
147
135
251
418
429
468
625
662
696
724
672
418
139
255
644
794
427
33
29
166
255
92
-63
176
485
183
-337
-300
242
597
265
-261
-278
129
387
300
79
55
47
-1
137
360
402
188
105
182
213
198
220
315
181
83
125
256
404
475
392
378
457
582
419
-6
-114
137
396
376
292
94
120
193
98
70
69
229
272
183
20
-57
66
268
302
100
-109
-116
100
248
120
-8
137
411
421
194
104
145
65
-28
-4
86
205
313
304
307
419
282
-38
-269
-112
161
319
199
1
-113
-86
162
186
58
67
170
234
47
-141
-183
1
55
-49
-77
40
100
-126
-253
-313
-129
-126
-329
-365
-225
-323
-698
-784
-500
-392
-571
-601
-428
-240
-200
-412
-650
-550
-277
-318
-539
-678
-530
-395
-433
-441
-223
-32
-233
-566
-584
-210
-131
-435
-601
-307
-17
-32
-47
-77
-228
-390
-411
-286
-184
-338
-613
-634
-440
-356
-492
-680
-728
-687
-566
-393
-396
-416
-339
-325
-455
-580
-532
-401
-390
-492
-515
-455
-465
-545
-521
-438
-490
-696
-869
-666
-408
-493
-860
-893
-614
-422
-678
-878
-735
-433
-234
-346
-524
-557
-404
-287
-283
-436
-531
-447
-463
-513
-520
-301
-232
-305
-341
-355
-342
-449
-472
-330
-198
-336
-611
-842
-836
-694
-593
-675
-802
-821
-650
-556
-563
-702
-735
-655
-651
-522
-543
-743
-947
-965
-909
-1069
-1289
-1304
-1005
-897
-1135
-1399
-1369
-1097
-1097
-1314
-1246
-1054
-1016
-1097
-1035
-848
-785
-682
-730
-839
-991
-924
-848
-928
-1081
-1256
-1286
-1312
-1231
-1228
-1341
-1307
-1266
-1367
-1334
-1254
-1231
-1159
-994
-892
-944
-988
-1069
-1147
-1093
-982
-913
-935
-975
-939
-1039
-1087
-1130
-1066
-984
-1270
-1486
-1426
-1224
-1045
-1109
-1281
-1096
-978
-1062
-1139
-1111
-992
-1021
-1051
-1245
-1309
-1197
-1287
-1306
-1351
-1420
-1515
-1540
-1559
-1654
-1799
-1935
-1918
-1819
-1844
-1870
-1652
-1589
-1709
-1805
-1750
-1696
-1707
-1787
-1893
-1862
-1734
-1533
-1431
-1485
-1694
-1816
-1897
-1968
-2019
-2100
-2222
-2289
-2400
-2464
-2300
-2196
-2193
-2148
-1965
-1902
-1971
-1991
-1925
-1797
-1972
-2073
-1818
-1467
-1621
-1818
-1763
-1507
-1428
-1759
-1978
-1841
-1770
-1976
-2026
-1740
-1557
-1712
-1945
-2015
-1779
-1707
-1751
-1807
-1934
-1984
-1837
-1556
-1508
-1662
-1734
-1662
-1554
-1506
-1554
-1610
-1672
-1676
-1699
-1745
-1814
-1819
-1829
-1751
-1483
-1312
-1579
-1888
-1643
-1199
-1316
-1671
-1730
-1497
-1307
-1497
-1539
-1416
-1363
-1528
-1575
-1469
-1356
-1255
-1528
-1739
-1572
-1398
-1474
-1744
-1689
-1513
-1626
-1796
-1805
-1753
-1795
-1734
-1656
-1665
-1589
-1510
-1436
-1543
-1641
-1440
-1343
-1445
-1673
-1623
-1430
-1309
-1268
-1283
-1350
-1263
-1250
-1314
-1437
-1393
-1272
-1294
-1323
-1302
-1136
-1018
-940
-960
-1032
-1036
-1038
-958
-840
-959
-986
-1074
-1095
-970
-960
-1160
-1303
-1035
-655
-699
-957
-1166
-1123
-1003
-997
-1010
-1029
-921
-791
-757
-683
-658
-715
-663
-665
-676
-614
-560
-569
-738
-981
-853
-532
-498
-821
-1078
-991
-756
-663
-803
-960
-822
-679
-679
-712
-755
-698
-545
-547
-535
-440
-435
-541
-816
-846
-674
-427
-264
-335
-622
-591
-329
-258
-437
-649
-566
-412
-468
-693
-828
-651
-512
-581
-702
-657
-566
-550
-750
-897
-578
-271
-283
-626
-815
-620
-325
-453
-810
-660
-350
-284
-551
-694
-501
-383
-423
-673
-878
-845
-720
-668
-941
-1069
-845
-771
-939
-1099
-991
-807
-725
-859
-862
-758
-695
-914
-1128
-974
-849
-1061
-1299
-1227
-832
-636
-931
-1038
-822
-469
-545
-908
-1081
-694
-497
-895
-1136
-1038
-847
-656
-669
-784
-779
-692
-639
-592
-492
-629
-810
-907
-823
-671
-681
-737
-615
-447
-412
-589
-763
-723
-616
-604
-745
-898
-851
-674
-668
-822
-875
-818
-801
-827
-752
-625
-548
-566
-666
-721
-815
-803
-819
-738
-680
-845
-989
-917
-752
-803
-867
-917
-873
-740
-658
-564
-663
-814
-918
-838
-659
-695
-704
-744
-658
-448
-388
-510
-578
-552
-328
-182
-361
-636
-758
-672
-643
-721
-639
-487
-419
-342
-126
19
-277
-649
-629
-516
-461
-712
-915
-826
-568
-422
-591
-736
-573
-257
-206
-363
-483
-322
-109
-266
-510
-486
-257
-184
-201
-99
-50
-157
-380
-377
-378
-392
-390
-417
-584
-681
-689
-664
-632
-617
-558
-475
-593
-876
-930
-582
-475
-750
-906
-752
-677
-872
-1029
-1102
-1058
-901
-927
-1217
-1349
-1147
-994
-1119
-1043
-927
-953
-1180
-1237
-1106
-927
-871
-1015
-1096
-1113
-1103
-1120
-1145
-1202
-1377
-1424
-1251
-1208
-1272
-1331
-1446
-1464
-1376
-1271
-1349
-1435
-1473
-1666
-1880
-1896
-1814
-1755
-1756
-1681
-1646
-1643
-1638
-1785
-2097
-2266
-2139
-1948
-1949
-2031
-1822
-1618
-1603
-1691
-1796
-1946
-1875
-1899
-2021
-1905
-1746
-1748
-1900
-1706
-1307
-1246
-1570
-1632
-1480
-1354
-1391
-1527
-1694
-1615
-1525
-1520
-1437
-1270
-1151
-1418
-1712
-1957
-2020
-1754
-1553
-1609
-1817
-1861
-1695
-1544
-1616
-1854
-1808
-1632
-1552
-1620
-1584
-1425
-1409
-1567
-1714
-1581
-1430
-1500
-1734
-1776
-1541
-1530
-1805
-1864
-1794
-1698
-1620
-1581
-1597
-1652
-1657
-1646
-1544
-1440
-1383
-1368
-1519
-1707
-1659
-1367
-1330
-1503
-1482
-1400
-1402
-1406
-1535
-1771
-1819
-1659
-1312
-1303
-1571
-1791
-1734
-1373
-1165
-1408
-1678
-1596
-1416
-1513
-1770
-1744
-1445
-1339
-1615
-1779
-1604
-1424
-1558
-1793
-1667
-1390
-1418
-1654
-1798
-1664
-1561
-1861
-1989
-1838
-1584
-1513
-1806
-1915
-1799
-1744
-1868
-1748
-1608
-1517
-1452
-1486
-1506
-1562
-1676
-1908
-1960
-1869
-1685
-1609
-1704
-1718
-1616
-1435
-1468
-1655
-1711
-1677
-1507
-1469
-1540
-1541
-1489
-1478
-1592
-1670
-1682
-1546
-1559
-1738
-1876
-1791
-1774
-2061
-2384
-2407
-2222
-2277
-2337
-2396
-2360
-2192
-2161
-2280
-2146
-2058
-2146
-2034
-1811
-1671
-1988
-2279
-2149
-1960
-2013
-2193
-2274
-2168
-2085
-2248
-2322
-2280
-2147
-2159
-2262
-2358
-2394
-2350
-2302
-2377
-2490
-2529
-2453
-2472
-2566
-2458
-2216
-2048
-2111
-2190
-2256
-2409
-2636
-2729
-2727
-2706
-2733
-2714
-2704
-2717
-2546
-2450
-2677
-2895
-2754
-2488
-2346
-2599
-2790
-2572
-2264
-2435
-2852
-2900
-2487
-2125
-2371
-2734
-2686
-2322
-2264
-2381
-2362
-2313
-2258
-2221
-2240
-2167
-2190
-2302
-2355
-2280
-2347
-2541
-2611
-2404
-2208
-2152
-2281
-2579
-2635
-2438
-2361
-2338
-2396
-2538
-2490
-2458
-2539
-2665
-2589
-2388
-2315
-2480
-2582
-2328
-1953
-2080
-2468
-2570
-2411
-2279
-2338
-2317
-2043
-1759
-1884
-2004
-1846
-1678
-1654
-1744
-1873
-1936
-1979
-2071
-2132
-2076
-2041
-1879
-1793
-1941
-2014
-1977
-1813
-1792
-1911
-1923
-1970
-1979
-1899
-1833
-1740
-1663
-1526
-1481
-1573
-1612
-1734
-1751
-1609
-1672
-1813
-2014
-2033
-1911
-1959
-1981
-1897
-1839
-1801
-1972
-2141
-2071
-1651
-1462
-1724
-1847
-1750
-1526
-1493
-1737
-1855
-1673
-1429
-1453
-1500
-1422
-1266
-1262
-1388
-1494
-1372
-1184
-1285
-1380
-1274
-1154
-1174
-1266
-1191
-1167
-1242
-1202
-1226
-1390
-1433
-1268
-1213
-1302
-1447
-1513
-1289
-1031
-990
-1347
-1645
-1671
-1484
-1415
-1457
-1359
-1214
-1150
-1267
-1202
-1180
-1295
-1338
-1247
-1145
-1261
-1360
-1265
-991
-1009
-1241
-1351
-1195
-966
-1047
-1157
-1083
-995
-1011
-1125
-1145
-1012
-1010
-1091
-1176
-1324
-1350
-1103
-935
-921
-975
-1069
-1028
-1009
-867
-723
-1043
-1415
-1252
-1049
-1210
-1286
-1255
-1262
-1266
-1453
-1598
-1648
-1556
-1594
-1722
-1552
-1333
-1216
-1227
-1354
-1488
-1445
-1227
-1133
-1297
-1522
-1458
-1248
