SAMPLES:	15297
BITSPERSAMPLE:	16
CHANNELS:	1
SAMPLERATE:	16000
NORMALIZED:	FALSE
-960
-856
-956
-1129
-1171
-1075
-1041
-1080
-1167
-1193
-1033
-903
-757
-728
-828
-867
-936
-1012
-1128
-1120
-1107
-1048
-985
-984
-905
-731
-413
-299
-292
-440
-622
-681
-709
-692
-689
-745
-750
-714
-659
-588
-530
-556
-739
-873
-984
-1117
-1202
-1313
-1220
-1109
-1015
-963
-1080
-1128
-1216
-1221
-1118
-964
-934
-896
-852
-970
-1005
-1015
-987
-903
-957
-994
-809
-654
-653
-587
-577
-592
-515
-467
-474
-706
-834
-756
-747
-669
-614
-677
-719
-624
-536
-564
-624
-653
-697
-609
-494
-560
-755
-853
-787
-706
-746
-807
-801
-784
-780
-726
-809
-891
-882
-932
-867
-820
-745
-766
-782
-670
-609
-692
-823
-927
-964
-916
-928
-895
-859
-787
-857
-923
-775
-673
-604
-760
-867
-878
-987
-1078
-1022
-900
-810
-737
-684
-638
-600
-503
-490
-548
-631
-537
-503
-446
-422
-485
-469
-428
-331
-231
-109
-182
-174
-132
-94
-67
-215
-262
-177
-33
15
-81
-194
-245
-200
-337
-566
-620
-575
-419
-352
-380
-294
-305
-250
-155
-151
-139
-200
-309
-272
-284
-225
-151
-108
-133
-81
-84
-133
-86
-95
-93
-122
-118
-70
-23
17
27
-103
-172
-299
-267
-310
-394
-436
-474
-236
-92
-31
-89
-174
-245
-253
-255
-297
-353
-395
-423
-336
-200
-140
-116
-157
-94
-108
-106
-88
-37
-45
-118
-184
-180
-117
-147
-170
-347
-482
-582
-541
-363
-265
-212
-253
-414
-440
-442
-473
-473
-372
-283
-264
-268
-278
-226
-239
-218
-243
-182
-102
2
-65
-144
-275
-363
-441
-435
-287
-199
-189
-347
-377
-380
-359
-338
-302
-173
-129
-162
-250
-288
-386
-427
-467
-506
-444
-371
-469
-509
-396
-288
-182
-140
-233
-302
-255
-148
-96
-124
-98
-5
-10
-1
-72
-235
-306
-338
-274
-155
-56
56
-32
-59
37
303
417
242
121
71
143
272
271
160
67
102
233
189
98
55
188
246
155
113
147
248
235
70
-3
119
193
201
188
325
515
606
523
383
309
480
559
490
474
372
352
337
332
461
620
739
726
676
579
468
470
528
531
608
671
679
663
573
451
385
324
171
62
100
159
314
364
299
336
327
345
411
408
320
420
562
641
624
669
697
701
739
667
614
672
823
949
986
1010
973
956
931
915
900
775
680
721
903
987
863
802
795
835
832
786
773
778
777
802
773
787
882
862
861
969
908
856
786
792
734
677
710
710
844
931
958
854
843
925
1050
1052
1040
922
908
1058
1213
1324
1244
1220
1302
1343
1328
1165
1125
1204
1226
1283
1332
1253
1145
1139
1233
1173
1005
914
905
912
1005
1078
1119
1059
971
942
904
882
839
810
707
796
867
831
841
827
934
948
913
1020
1128
1211
1221
1256
1292
1264
1211
1169
1167
1110
1047
921
951
993
931
791
619
661
630
514
406
401
511
514
492
457
535
767
809
652
571
485
565
532
436
419
412
410
436
434
504
516
435
409
320
342
369
359
261
115
1
91
254
337
253
237
138
-6
-107
-169
-49
4
-6
-33
24
72
157
190
162
236
389
482
447
468
541
616
581
458
335
181
45
88
131
109
-18
-114
-104
-18
-42
-232
-370
-435
-268
-130
-110
-77
-14
8
19
-27
70
188
149
207
152
121
166
271
346
393
431
382
387
504
666
622
512
382
311
366
535
606
654
588
443
500
422
372
242
192
156
159
184
104
149
173
261
414
409
221
91
28
24
22
42
116
198
216
217
168
194
198
171
156
88
119
107
211
359
486
537
492
437
437
334
248
284
347
372
303
381
407
417
382
350
345
412
421
367
459
557
588
548
653
690
677
544
333
294
413
717
846
852
770
672
657
645
626
652
627
648
732
785
839
900
936
935
1029
1035
958
803
673
753
774
795
876
900
922
899
1011
1076
1143
1142
1088
1066
894
779
824
976
1057
1009
953
865
883
909
951
954
887
831
710
791
781
886
910
912
963
827
793
698
630
645
690
854
869
771
726
735
780
780
780
783
923
1027
1098
1106
1102
1136
1134
1113
1038
1038
1185
1244
1263
1296
1223
1155
1115
1042
983
943
1036
1087
1042
999
927
981
1066
1109
1120
1117
1163
1182
1182
1172
1143
1172
1268
1261
1289
1263
1188
1218
1182
1124
1019
964
942
920
784
697
600
689
780
754
795
960
1048
984
958
783
635
634
757
929
1001
973
1014
1031
973
947
1045
1039
940
960
1071
1007
819
865
1023
1111
1081
1055
1121
1176
1280
1283
1236
1230
1275
1336
1327
1310
1244
1111
1098
1243
1317
1400
1414
1403
1403
1392
1515
1577
1571
1438
1322
1300
1176
1059
923
1069
1297
1424
1372
1312
1292
1349
1380
1339
1341
1299
1310
1221
1082
1123
1338
1522
1672
1669
1497
1422
1344
1249
1187
1212
1301
1312
1358
1326
1346
1454
1477
1497
1530
1543
1492
1318
1196
1154
1185
1183
1227
1269
1362
1471
1416
1446
1509
1546
1402
1226
1119
1080
1090
1141
1148
1156
1286
1317
1326
1287
1275
1310
1228
1163
1043
1013
1086
1157
1126
999
896
970
1053
1050
1107
1090
1062
1049
1033
975
860
762
804
826
817
796
747
682
825
878
864
862
859
860
723
748
788
866
815
748
790
860
957
983
957
1104
1215
1106
957
721
742
828
879
932
964
966
1127
1273
1172
1074
1004
974
976
999
904
877
881
914
911
969
970
993
1082
1118
992
843
811
803
886
807
813
887
1030
1055
980
867
891
1081
1219
1247
1247
1264
1238
1121
964
871
893
1018
1053
999
774
729
891
1036
1123
1022
1008
1093
1198
1079
968
886
905
966
984
1097
1181
1271
1251
1186
1222
1272
1333
1342
1281
1184
1059
977
1062
1135
1243
1259
1366
1387
1319
1276
1082
857
736
871
1045
1169
1131
1130
1144
1314
1444
1383
1284
1202
1189
1151
1010
960
986
1088
1062
906
836
787
790
877
923
858
810
677
542
479
643
919
1047
1056
1052
1127
1202
1099
942
860
787
677
712
736
752
845
817
810
787
820
860
837
735
604
466
434
386
351
319
410
559
629
590
552
476
528
609
662
644
607
601
602
600
497
418
280
222
190
345
579
670
754
641
652
538
474
420
376
383
370
355
300
319
338
265
261
330
304
325
277
356
381
285
296
297
368
357
376
363
408
425
322
308
287
351
358
307
296
191
189
302
423
598
669
799
787
676
583
551
592
597
613
670
589
541
602
619
826
907
879
696
514
360
367
481
552
544
319
255
226
440
576
586
446
298
316
400
535
579
536
458
386
300
316
289
365
433
416
455
433
352
311
211
263
340
250
199
216
190
196
215
340
539
609
582
436
325
223
162
197
61
26
71
63
27
-2
52
12
-71
-191
-238
-201
-205
-149
-191
-105
-54
-77
-77
-152
-159
-83
-41
-164
-282
-268
-123
35
-21
42
-18
-103
-76
-19
30
-71
-94
-65
-8
-22
39
156
329
469
478
444
306
261
266
210
218
292
451
363
306
266
262
242
276
327
222
270
338
387
326
325
361
456
554
687
670
583
547
476
421
324
331
293
313
281
263
342
444
629
788
630
491
453
442
559
512
474
337
168
29
104
122
93
44
-9
46
-27
-49
-77
-89
-108
-61
-48
-36
-145
-225
-186
-140
58
106
188
250
264
311
379
199
26
-85
-71
-32
-109
-147
-151
6
139
134
-18
-201
-174
-74
-67
-149
-189
-155
-163
-156
-47
41
104
79
6
92
72
101
95
6
54
134
204
254
149
137
124
207
368
307
189
82
169
301
380
355
300
324
337
180
73
2
-174
-116
-14
8
-10
62
165
205
198
41
-74
-65
13
73
55
56
116
137
177
126
196
282
293
215
32
85
263
428
362
191
168
47
-33
-132
-241
-222
-219
-87
-84
2
37
31
143
125
121
79
11
-66
-97
-93
-46
34
108
137
113
183
306
369
262
145
279
410
380
277
194
136
186
191
223
291
396
377
273
300
337
307
200
84
104
87
153
150
222
358
338
319
255
339
247
162
119
171
302
331
353
369
367
316
347
365
283
166
99
181
283
199
78
21
118
219
233
146
177
204
243
354
356
349
261
198
135
191
296
374
442
515
563
502
366
302
236
258
240
106
80
159
354
446
382
234
223
333
208
181
163
118
27
-117
-115
-64
75
169
277
330
256
185
200
269
251
160
-51
-86
-6
-44
-19
3
111
148
119
101
220
242
208
195
227
412
482
547
535
388
214
129
37
-168
-341
-288
-154
-105
-54
-7
-6
-72
-68
-39
39
79
-89
-179
-139
-62
-68
-66
-63
21
104
186
120
101
114
78
92
41
54
111
159
211
279
267
263
183
121
133
47
110
326
455
486
390
332
190
163
170
187
322
276
270
442
493
623
593
500
503
489
532
450
387
419
498
464
494
434
445
492
464
548
485
418
386
366
464
517
482
373
281
341
429
514
503
450
377
450
473
373
203
113
168
198
256
250
214
166
209
307
380
458
439
364
310
394
394
327
327
385
450
489
541
429
576
574
530
364
194
270
318
378
427
371
294
179
55
-17
77
143
228
239
148
204
326
431
450
433
393
373
434
433
410
469
567
645
660
626
484
201
117
189
246
161
82
30
149
243
319
355
410
395
313
293
273
360
343
306
197
180
123
129
250
394
524
506
571
595
569
528
564
594
578
634
633
565
499
477
390
409
442
443
378
217
111
46
114
169
171
209
168
159
168
250
369
329
247
207
318
295
236
178
186
298
403
338
249
201
172
212
118
-28
-58
-62
-15
-12
1
-8
96
202
78
9
-157
-240
-131
-94
-10
-28
-201
-206
-90
-74
-6
24
70
127
154
106
81
24
-70
-88
-99
-63
-54
38
0
-93
-179
-249
-307
-366
-422
-501
-548
-501
-351
-336
-324
-237
-325
-387
-378
-475
-491
-435
-339
-386
-503
-614
-688
-631
-584
-561
-526
-460
-429
-349
-369
-505
-573
-594
-638
-720
-769
-724
-624
-645
-658
-659
-563
-483
-523
-649
-733
-650
-612
-566
-592
-724
-755
-657
-580
-472
-529
-654
-756
-610
-459
-413
-369
-437
-369
-453
-512
-480
-389
-297
-412
-569
-727
-791
-647
-555
-619
-584
-522
-392
-399
-576
-740
-950
-1047
-965
-864
-735
-725
-802
-823
-733
-605
-747
-875
-1026
-1085
-1120
-1168
-1223
-1124
-894
-814
-841
-954
-989
-954
-858
-789
-748
-865
-930
-965
-850
-629
-445
-394
-486
-635
-727
-713
-687
-611
-569
-514
-535
-533
-498
-413
-366
-424
-417
-476
-671
-782
-816
-645
-539
-650
-708
-772
-643
-597
-663
-780
-879
-949
-806
-767
-831
-895
-941
-914
-993
-1024
-1071
-994
-1047
-974
-833
-846
-853
-773
-711
-700
-754
-772
-864
-950
-838
-801
-726
-628
-579
-549
-657
-684
-581
-518
-448
-392
-300
-292
-328
-417
-604
-560
-534
-404
-330
-341
-338
-307
-254
-250
-265
-291
-239
-192
-242
-191
-133
-101
-170
-364
-517
-453
-321
-198
-79
-35
-48
-65
-156
-159
-132
-181
-145
-166
-216
-196
-92
38
67
1
-7
83
141
23
-144
-154
-47
21
-33
-110
-133
-85
-132
-86
-22
-32
49
130
229
386
504
463
432
318
344
307
286
217
261
454
572
712
781
807
792
859
803
798
913
852
785
697
666
645
658
766
806
908
863
875
763
620
634
587
521
429
415
437
507
578
533
538
487
584
535
460
462
381
324
301
340
415
528
541
443
414
309
259
366
344
347
284
282
329
385
382
456
459
363
329
287
471
645
657
642
695
788
812
689
452
397
522
640
901
1001
921
865
824
778
721
743
766
764
868
932
953
822
728
740
643
493
353
409
642
803
720
598
599
723
759
770
625
558
696
877
860
795
796
639
770
788
855
781
752
800
829
916
882
791
680
672
673
610
605
765
897
978
845
726
765
875
947
791
677
756
858
895
890
772
681
537
480
460
457
512
472
427
362
400
504
580
622
679
674
666
611
608
657
559
422
404
390
349
341
217
206
351
482
588
592
567
457
382
271
147
388
567
681
717
680
740
849
891
775
618
571
823
942
966
931
792
773
767
750
607
491
424
329
293
314
335
485
530
551
625
653
741
752
722
490
299
292
432
527
579
615
550
391
219
153
161
218
209
247
357
452
470
420
337
339
351
405
465
444
373
372
308
424
639
692
694
544
448
392
357
346
337
482
519
636
733
684
646
557
592
693
812
800
733
673
630
565
489
528
542
523
279
247
459
574
574
503
488
387
328
384
537
492
438
379
370
403
386
366
404
484
452
308
289
379
404
287
162
245
448
599
588
458
449
496
420
365
341
450
459
401
295
217
292
266
254
256
139
-46
-161
-154
-104
-83
-45
-54
12
29
-15
-108
-141
-109
-85
22
-1
-56
-21
86
106
107
-13
-33
117
184
245
209
66
19
-47
31
108
153
183
136
81
-8
-30
-110
-173
-182
-223
-260
-216
-111
-122
-197
-247
-288
-181
-223
-326
-464
-544
-515
-488
-552
-606
-473
-325
-276
-421
-514
-496
-452
-348
-271
-264
-378
-561
-621
-577
-554
-550
-555
-599
-515
-507
-528
-675
-824
-901
-863
-855
-894
-905
-1013
-1059
-1062
-990
-933
-906
-837
-824
-772
-792
-793
-733
-730
-685
-759
-950
-1031
-1055
-1111
-1077
-985
-857
-768
-772
-954
-1037
-1024
-951
-937
-1098
-1052
-930
-832
-849
-892
-952
-940
-882
-882
-964
-964
-840
-673
-599
-756
-876
-771
-785
-902
-919
-1008
-987
-915
-962
-1057
-1105
-1159
-1205
-1269
-1258
-1241
-1331
-1475
-1508
-1462
-1277
-1253
-1217
-1287
-1285
-1115
-1103
-1120
-1116
-1080
-1080
-1209
-1321
-1318
-1186
-946
-867
-963
-1152
-1159
-1132
-1109
-1110
-1161
-1119
-1048
-1008
-981
-942
-894
-874
-969
-1022
-1039
-1078
-1116
-1351
-1486
-1350
-1152
-1014
-987
-1037
-1071
-954
-983
-1048
-1076
-943
-766
-763
-904
-1017
-1107
-993
-969
-964
-888
-811
-752
-837
-943
-1017
-998
-1028
-998
-870
-649
-628
-803
-925
-898
-769
-613
-571
-567
-498
-366
-354
-384
-459
-573
-564
-679
-694
-740
-713
-635
-632
-639
-790
-811
-740
-630
-607
-684
-799
-897
-830
-712
-634
-571
-523
-549
-430
-438
-511
-584
-739
-662
-620
-543
-573
-660
-747
-801
-770
-913
-982
-970
-910
-789
-833
-984
-1003
-966
-855
-837
-851
-912
-884
-733
-653
-658
-722
-666
-595
-445
-460
-486
-466
-533
-534
-616
-684
-640
-616
-606
-555
-537
-582
-631
-714
-659
-636
-609
-595
-591
-511
-478
-414
-424
-448
-499
-455
-436
-469
-368
-320
-380
-459
-413
-451
-519
-472
-461
-245
-113
-155
-341
-514
-512
-508
-470
-542
-593
-594
-515
-591
-693
-740
-739
-524
-482
-553
-642
-693
-646
-620
-606
-685
-665
-572
-583
-619
-685
-622
-416
-303
-348
-434
-421
-204
-48
-22
-22
-131
-210
-277
-300
-381
-384
-343
-318
-219
-247
-396
-515
-662
-471
-309
-135
-197
-361
-371
-381
-277
-288
-400
-464
-402
-330
-439
-619
-665
-561
-316
-304
-480
-571
-570
-557
-638
-777
-836
-769
-677
-641
-846
-1051
-992
-823
-645
-637
-828
-913
-839
-778
-669
-596
-573
-426
-424
-447
-493
-654
-797
-738
-625
-499
-460
-488
-574
-698
-672
-644
-602
-517
-546
-484
-450
-522
-599
-662
-595
-576
-525
-459
-481
-489
-491
-579
-624
-656
-502
-387
-405
-496
-624
-721
-814
-661
-565
-716
-801
-844
-742
-603
-629
-646
-742
-612
-459
-403
-384
-494
-516
-437
-284
-223
-230
-343
-519
-618
-571
-390
-337
-245
-252
-309
-417
-491
-547
-697
-670
-473
-189
-106
-202
-359
-408
-334
-335
-286
-275
-316
-296
-281
-332
-336
-411
-489
-644
-773
-780
-775
-764
-724
-629
-579
-542
-576
-645
-692
-630
-522
-483
-558
-703
-592
-472
-460
-483
-466
-476
-456
-477
-584
-758
-924
-909
-809
-818
-841
-845
-741
-431
-309
-360
-506
-791
-857
-807
-827
-868
-764
-574
-427
-326
-243
-262
-193
-60
-118
-188
-311
-274
-125
-67
-63
-144
-61
98
108
77
-87
-221
-355
-313
-113
-12
-62
-117
-182
-156
-182
-339
-379
-238
-57
-62
-98
-231
-241
-227
-239
-250
-292
-363
-424
-389
-282
-226
-135
33
26
28
-100
-93
-4
143
90
-55
-224
-305
-221
-315
-272
-253
-268
-190
-218
-293
-360
-310
-217
-67
-12
-98
-34
8
62
77
70
204
311
301
308
280
288
352
291
205
266
249
84
-66
-167
-107
-12
-16
-32
-3
115
130
50
78
139
87
25
-40
0
-83
-151
-62
27
160
137
208
220
303
242
211
313
333
361
234
241
357
435
362
320
324
307
193
81
121
277
346
331
214
57
99
73
48
37
72
127
34
-3
3
159
313
416
409
273
109
35
-79
-182
-197
-168
-69
-42
-41
-27
11
167
322
438
394
326
419
396
367
421
511
627
599
383
349
409
557
623
614
560
477
473
512
457
426
283
273
345
282
370
269
286
319
468
463
511
432
280
386
475
565
521
573
645
708
654
599
523
592
631
513
497
489
464
589
602
608
661
696
813
829
893
833
756
761
657
712
814
951
926
935
869
724
755
741
754
707
690
732
729
684
681
732
699
552
402
342
440
494
496
467
454
512
520
573
432
193
89
200
278
369
362
358
503
523
494
373
255
231
269
257
261
206
160
200
264
255
194
182
105
153
230
408
508
461
418
298
333
425
453
439
395
352
481
563
547
494
333
202
250
300
293
209
204
175
207
239
229
288
275
248
219
208
185
324
408
350
317
299
348
248
231
162
114
17
-99
-123
-44
92
100
83
144
348
412
479
409
361
376
364
374
373
380
383
457
567
542
502
448
404
407
386
316
241
158
146
194
293
260
150
142
65
21
59
116
244
352
438
430
283
151
258
281
312
176
19
6
-80
-33
-24
-4
100
250
305
200
111
67
133
82
76
149
159
150
213
266
271
262
158
250
362
499
473
393
409
506
575
568
483
518
592
544
539
602
602
617
660
599
480
458
532
418
425
381
323
309
323
335
291
307
364
419
384
512
572
593
532
501
440
397
377
426
470
459
555
516
560
579
519
445
437
420
424
434
458
492
515
516
605
609
519
541
501
607
659
601
442
370
412
479
448
422
479
441
379
254
397
388
262
237
234
172
36
37
-63
-82
-18
73
176
196
161
81
3
-22
32
71
72
111
78
57
45
46
123
86
50
5
-88
-228
-328
-370
-369
-249
-110
-204
-296
-408
-399
-255
-182
-126
-112
-173
-232
-324
-222
-41
32
144
84
7
-51
-122
-134
-64
-54
-73
-104
-113
-113
-45
-34
43
14
27
-2
-172
-53
16
68
53
-4
-28
48
10
-40
-106
-212
-146
-108
-246
-214
-98
31
145
126
-12
-124
-220
-278
-321
-508
-567
-612
-605
-556
-482
-476
-578
-622
-618
-584
-539
-512
-539
-572
-626
-728
-727
-790
-804
-815
-744
-861
-1018
-1035
-941
-861
-956
-969
-1017
-988
-938
-909
-927
-979
-994
-951
-916
-916
-882
-775
-700
-719
-785
-793
-731
-834
-781
-719
-715
-591
-459
-432
-373
-394
-392
-442
-496
-471
-505
-458
-541
-491
-382
-373
-401
-540
-611
-581
-525
-533
-594
-617
-616
-589
-643
-749
-884
-889
-869
-892
-889
-779
-742
-911
-1115
-1325
-1351
-1232
-1195
-1243
-1256
-1219
-1104
-1101
-1188
-1236
-1087
-834
-665
-722
-786
-826
-722
-601
-572
-622
-583
-413
-437
-556
-657
-621
-516
-439
-441
-464
-561
-731
-832
-820
-731
-760
-902
-888
-819
-787
-848
-1006
-1017
-943
-944
-1090
-999
-845
-771
-673
-665
-632
-715
-751
-703
-664
-614
-554
-511
-518
-564
-645
-705
-702
-693
-654
-676
-717
-712
-744
-566
-515
-544
-532
-584
-558
-496
-406
-280
-68
97
292
263
160
139
109
74
33
26
1
54
69
120
69
87
132
279
304
133
104
73
93
38
-66
-93
-29
128
163
89
96
161
308
346
291
290
339
449
363
216
23
25
128
310
354
339
260
144
177
83
-5
-128
-36
10
30
-77
-232
-197
-173
-150
-145
40
183
326
404
366
268
175
337
413
354
286
333
487
538
520
469
401
447
434
414
389
324
465
531
592
554
511
492
501
459
379
453
533
592
540
430
371
367
403
477
533
509
606
702
827
840
813
803
818
853
829
819
661
555
530
512
583
624
549
470
462
456
456
414
248
192
310
433
465
526
594
685
737
653
586
537
668
757
828
755
595
547
602
757
770
730
670
662
744
792
827
791
767
882
949
989
942
958
873
802
858
809
694
573
590
646
611
565
475
419
357
287
305
274
321
362
284
279
321
500
526
501
298
175
276
341
478
459
390
375
408
353
229
252
237
252
304
361
357
366
427
406
471
522
657
707
818
787
710
561
558
645
611
574
448
513
597
687
616
548
606
625
590
532
549
534
463
397
420
457
518
644
639
693
621
692
848
900
862
680
493
394
475
585
661
696
664
708
570
388
349
264
278
335
367
316
326
431
491
448
460
441
369
369
373
489
375
345
447
498
535
523
559
597
691
812
678
473
409
415
499
610
688
742
673
665
602
441
219
124
190
253
308
292
246
172
176
228
305
279
201
138
149
117
119
60
-14
-26
-89
29
182
243
129
6
44
147
239
225
202
133
104
44
-30
-33
-56
20
88
71
108
179
141
101
144
171
230
348
324
188
89
-42
-109
-116
-133
-175
-175
-163
-208
-179
-160
-73
72
59
69
118
16
-50
-103
-80
150
253
264
231
213
257
242
220
50
33
57
141
190
135
116
-29
-132
-71
-15
179
264
282
374
363
219
-19
-100
-45
43
86
29
-29
-5
-72
-91
-223
-341
-351
-385
-448
-444
-428
-369
-380
-333
-378
-409
-365
-201
-117
-238
-288
-264
-290
-364
-420
-549
-684
-810
-764
-535
-393
-283
-318
-412
-508
-469
-399
-433
-511
-625
-636
-577
-438
-413
-465
-593
-607
-631
-546
-458
-535
-525
-577
-586
-673
-673
-659
-666
-822
-920
-924
-943
-861
-940
-864
-820
-809
-791
-795
-691
-636
-497
-483
-543
-622
-595
-593
-556
-503
-446
-364
-303
-386
-461
-415
-428
-440
-510
-502
-480
-411
-444
-446
-379
-458
-497
-561
-473
-297
-185
-223
-280
-225
-5
133
105
37
-17
-24
-115
-188
-176
-87
29
115
87
13
-131
-326
-380
-495
-436
-288
-299
-386
-475
-513
-490
-429
-408
-550
-681
-609
-474
-273
-264
-263
-263
-260
-263
-448
-472
-341
-251
-143
-194
-281
-397
-413
-316
-288
-258
-253
-259
-212
-190
-271
-299
-240
-102
-60
-30
-47
5
38
-66
-115
-219
-297
-307
-255
-188
-74
-113
-180
-127
-120
-298
-505
-494
-388
-327
-263
-311
-335
-370
-366
-297
-319
-444
-565
-534
-572
-505
-351
-350
-259
-232
-202
-245
-308
-244
-149
-123
-166
-250
-276
-371
-527
-514
-547
-514
-591
-524
-412
-402
-309
-299
-164
-142
-195
-168
-80
79
131
-2
-247
-249
-161
-58
-38
-166
-271
-331
-338
-378
-537
-698
-681
-565
-588
-770
-921
-807
-623
-442
-380
-313
-308
-508
-544
-507
-404
-372
-470
-500
-572
-635
-744
-774
-696
-539
-415
-457
-612
-742
-726
-587
-513
-549
-532
-585
-615
-693
-802
-795
-770
-723
-681
-707
-781
-836
-805
-805
-735
-752
-775
-792
-795
-771
-855
-796
-845
-807
-703
-618
-495
-448
-507
-578
-565
-489
-478
-575
-573
-617
-477
-467
-448
-341
-314
-361
-400
-420
-425
-341
-359
-302
-332
-464
-520
-461
-438
-447
-596
-677
-630
-669
-773
-873
-1003
-937
-912
-943
-1083
-1217
-1151
-1049
-935
-825
-799
-704
-632
-807
-933
-1107
-1094
-895
-805
-748
-725
-827
-845
-859
-865
-844
-840
-914
-901
-935
-1127
-1054
-977
-965
-851
-824
-786
-753
-755
-770
-896
-916
-895
-882
-833
-712
-649
-625
-652
-698
-573
-546
-575
-635
-666
-685
-789
-755
-653
-663
-643
-716
-867
-902
-911
-787
-794
-903
-943
-1004
-956
-934
-1031
-1055
-1199
-1146
-1144
-1120
-1076
-1044
-975
-1002
-1016
-1081
-1028
-888
-765
-682
-589
-682
-783
-832
-846
-869
-773
-617
-527
-526
-608
-596
-590
-507
-579
-562
-547
-590
-704
-857
-856
-796
-701
-603
-502
-542
-557
-593
-595
-596
-612
-579
-627
-642
-603
-618
-666
-651
-681
-774
-693
-595
-469
-469
-507
-501
-679
-834
-912
-1002
-1136
-1162
-1065
-850
-711
-691
-824
-970
-903
-912
-1005
-1046
-1062
-1027
-977
-941
-898
-939
-1048
-1039
-824
-495
-416
-523
-693
-721
-578
-411
-274
-310
-423
-553
-519
-471
-610
-712
-714
-691
-543
-481
-592
-751
-807
-802
-789
-695
-679
-651
-634
-656
-664
-708
-724
-620
-538
-578
-603
-556
-570
-492
-398
-461
-466
-541
-662
-662
-634
-718
-808
-808
-765
-701
-717
-815
-945
-959
-961
-972
-1026
-1074
-953
-762
-684
-736
-787
-956
-1044
-1070
-1127
-1105
-1120
-1114
-1146
-1103
-1020
-1024
-1046
-1081
-1129
-1130
-1240
-1294
-1266
-1274
-1241
-1125
-968
-905
-1035
-1187
-1132
-1103
-1169
-1210
-1318
-1315
-1258
-1289
-1260
-1278
-1290
-1286
-1356
-1334
-1375
-1427
-1468
-1534
-1518
-1480
-1485
-1516
-1446
-1369
-1246
-1235
-1310
-1277
-1211
-1403
-1668
-1807
-1876
-1862
-1891
-1968
-1968
-1960
-1917
-1816
-1676
-1709
-1751
-1865
-1955
-1937
-1874
-1757
-1704
-1690
-1722
-1713
-1720
-1705
-1565
-1378
-1362
-1511
-1604
-1547
-1402
-1250
-1291
-1336
-1329
-1337
-1376
-1419
-1505
-1429
-1371
-1315
-1354
-1424
-1409
-1368
-1322
-1248
-1076
-883
-882
-921
-1032
-1150
-1117
-1069
-1027
-972
-1038
-1108
-1172
-1241
-1271
-1238
-1168
-1121
-1140
-1070
-950
-838
-819
-841
-845
-874
-801
-835
-852
-853
-945
-1078
-949
-698
-553
-479
-600
-623
-558
-472
-484
-596
-724
-701
-600
-602
-612
-664
-593
-517
-530
-620
-652
-626
-605
-655
-719
-731
-631
-490
-547
-599
-688
-654
-520
-478
-412
-364
-433
-468
-471
-359
-266
-355
-499
-590
-670
-663
-592
-568
-584
-484
-459
-571
-601
-592
-454
-435
-562
-561
-621
-498
-246
-154
-82
-130
-93
-107
-130
-196
-209
-139
-47
-94
-190
-137
-172
-243
-260
-438
-596
-689
-803
-968
-937
-747
-658
-679
-773
-855
-894
-921
-991
-982
-1082
-1133
-1199
-1398
-1440
-1539
-1554
-1554
-1631
-1511
-1548
-1546
-1528
-1426
-1382
-1455
-1513
-1351
-1107
-956
-772
-564
-475
-446
-519
-492
-583
-607
-584
-371
-231
-253
-252
-243
-237
-171
-246
-316
-299
-264
-271
-437
-609
-768
-788
-668
-590
-735
-938
-1117
-1260
-1244
-1315
-1360
-1378
-1274
-1287
-1234
-1088
-1014
-931
-1059
-1049
-932
-941
-958
-1052
-1002
-1087
-1003
-940
-951
-966
-1062
-958
-955
-1089
-1296
-1378
-1368
-1269
-1290
-1382
-1470
-1535
-1508
-1381
-1400
-1563
-1672
-1533
-1164
-997
-1069
-1085
-926
-702
-614
-641
-678
-529
-583
-609
-667
-709
-637
-636
-621
-512
-327
-199
-129
-75
-143
-147
-203
-232
-255
-308
-497
-762
-1021
-1224
-1230
-1318
-1575
-1773
-1784
-1609
-1428
-1451
-1564
-1527
-1482
-1557
-1893
-2054
-2160
-2405
-2532
-2602
-2417
-2586
-2922
-3021
-2641
-2104
-2027
-1978
-1657
-1170
-981
-987
-880
-613
-310
-436
-555
-429
-225
-63
-191
-240
-269
-306
-291
-214
-63
20
200
196
452
526
521
623
510
510
536
469
450
372
286
259
195
-60
-167
-360
-380
-591
-785
-768
-728
-741
-941
-1077
-1039
-1173
-1500
-1806
-1820
-1778
-1727
-1950
-2166
-2429
-2767
-3081
-3229
-3430
-3572
-4084
-4620
-4903
-5065
-4966
-5264
-5600
-5412
-4532
-3686
-3406
-3456
-2898
-1871
-1314
-1321
-1232
-429
510
280
-351
-363
353
751
437
345
750
1145
1125
1072
1623
2164
2197
1910
1835
2041
2149
1865
1404
1057
730
201
-283
-854
-1288
-1536
-1671
-1880
-2285
-2453
-2170
-2003
-2256
-2587
-2550
-2175
-2100
-2337
-2300
-2138
-2285
-2707
-2881
-2514
-2165
-2403
-2652
-2368
-1655
-1315
-1349
-1137
-594
-201
44
262
913
1440
1716
1819
2010
2450
2866
3320
3418
3451
3403
3410
3364
3204
3156
3159
3020
2385
1676
1513
1494
1117
208
-515
-929
-1502
-2427
-3478
-4267
-5091
-6099
-7252
-8137
-8302
-8461
-8591
-8948
-9000
-8445
-7706
-6890
-6561
-6034
-5073
-3944
-3448
-3209
-2581
-1665
-1029
-1264
-1359
-546
421
951
1034
1476
2481
3025
3132
3580
4432
5086
5023
4615
4659
5043
4840
4327
3704
3356
2910
2208
1501
926
505
-76
-621
-1177
-1556
-1768
-1812
-2142
-2787
-3178
-3153
-3037
-3296
-3806
-4014
-4102
-4390
-4796
-4760
-4195
-3876
-4069
-4130
-2995
-1559
-173
683
1498
2983
4249
5120
5697
6390
7037
7309
7020
6422
5899
5214
4477
3302
2029
1231
377
-474
-1497
-2324
-2841
-3643
-4532
-5740
-5805
-5910
-6012
-7087
-8227
-8103
-7674
-7106
-7714
-7878
-7409
-6420
-6036
-6238
-5581
-4377
-2931
-2742
-2809
-1674
-147
1054
1150
1409
2593
3602
3843
3783
4697
5498
5707
4876
4770
5648
6136
5985
4937
4994
5253
5024
4086
3483
3491
3334
2531
1410
1110
992
807
56
-802
-1139
-1298
-1682
-2186
-2735
-2731
-2792
-3058
-3500
-3411
-2878
-2296
-2161
-2073
-851
632
2028
2640
3476
5026
6243
6732
6943
7189
7420
7105
6091
5219
4503
3431
2112
696
-583
-1449
-2802
-3723
-4881
-5446
-6553
-6846
-7019
-6607
-6290
-7137
-6955
-6751
-5614
-5774
-6058
-6021
-5098
-4561
-5063
-5272
-4379
-2537
-1678
-1961
-1331
180
2057
2729
2771
4017
5341
6233
6019
6677
7638
8261
7370
6375
6763
6989
6962
5484
5123
5483
5490
4725
3752
3759
4093
3842
2829
2409
2358
2228
1541
348
-195
-588
-997
-1350
-1955
-2203
-2454
-2877
-3238
-3140
-2612
-1283
-630
139
1260
2754
4607
6036
6990
8331
9288
9619
9622
9108
8924
8192
6818
5548
3935
2602
1289
-429
-1692
-2779
-3904
-4883
-5783
-6485
-7072
-7948
-7826
-8282
-7832
-8754
-9203
-9147
-8387
-8397
-9254
-9351
-8688
-6878
-6470
-6619
-5763
-3461
-1111
-681
-625
1075
3607
5351
5170
4971
6418
7845
7724
6872
7397
8167
8901
7060
6842
7291
8191
7492
6105
6151
6941
6544
4880
3828
3880
4301
2821
641
-87
-69
-178
-1565
-2973
-2994
-2916
-3395
-4107
-4737
-3955
-3797
-4011
-4507
-3246
-1437
441
1258
1955
4295
6369
8246
8685
9678
11049
11729
11102
9677
8984
8156
6860
4113
1843
659
-639
-2451
-4227
-5438
-5806
-6605
-7885
-8640
-9030
-8308
-8620
-8592
-8958
-9666
-9981
-9994
-9719
-10293
-10403
-10590
-9198
-8073
-7621
-6821
-5034
-2346
-502
-66
1047
3395
5740
6848
6410
6834
8069
8775
7710
7126
7053
8159
7620
6271
6102
7019
7853
6674
5694
5998
7194
6523
5056
3829
4222
4121
1713
-604
-1435
-1440
-2193
-4068
-5359
-4899
-4595
-4854
-5543
-4966
-4003
-3348
-3784
-2110
34
2964
4517
4743
6961
9579
11739
11908
11707
11933
12781
11509
9020
6708
5487
4597
1489
-1780
-3279
-3883
-4552
-6328
-8169
-7955
-8096
-8453
-10046
-10008
-8979
-8849
-9933
-12204
-12705
-12484
-11494
-12593
-13183
-12606
-11030
-8896
-8466
-7361
-4602
-880
1820
2306
3094
5814
8612
9565
8302
7576
8391
9396
8080
6916
7344
8277
8761
6789
6705
7792
9647
9052
7343
6991
8162
8288
6316
4741
4024
4498
2450
-918
-2688
-2718
-2632
-4499
-6791
-6870
-5373
-4748
-5140
-5344
-3367
-1555
-730
165
2403
5648
7402
8191
9322
11780
13593
13585
12171
11686
11955
10520
7904
4797
3370
1918
-727
-4161
-6097
-6345
-5814
-7003
-8343
-8713
-7805
-8136
-8539
-8871
-9018
-8918
-12878
-14714
-15623
-13288
-12924
-14167
-14670
-11960
-7910
-6216
-5140
-3328
1883
5505
5457
4817
6157
9792
11384
8735
6720
7099
8959
8927
6983
6748
8540
9904
8024
7550
8543
12209
11834
9473
8147
9135
10054
7710
4469
3258
3870
1643
-2354
-5191
-4526
-3012
-4700
-7309
-7675
-5623
-3595
-4097
-4687
-1788
1330
3563
3788
5253
8802
12239
12211
11660
12127
13932
14300
11300
8620
7515
6309
3378
-1239
-4099
-4240
-5276
-7574
-9476
-8843
-7025
-6839
-8729
-10227
-9639
-9646
-11608
-14916
-17958
-18676
-18989
-18991
-19201
-18503
-16099
-13202
-10579
-8838
-6357
-3079
1064
3735
4106
4262
4908
6549
7073
5927
4369
4174
4628
4683
4028
4437
5849
7521
7524
7342
7570
9730
10379
9189
7649
6925
6272
4109
1201
-796
-1275
-3299
-6671
-9243
-9133
-7633
-8191
-9825
-10118
-8288
-6404
-6141
-5101
-2547
1149
3054
3288
5541
8459
11570
11586
11297
11423
12623
12038
9297
6809
4793
3599
160
-3466
-5661
-6316
-5901
-7008
-7696
-6787
-5628
-5459
-8206
-10343
-10939
-11912
-13782
-18860
-20273
-19928
-17318
-17752
-17926
-15934
-11631
-6415
-5423
-3889
-692
4762
8210
6981
5668
6467
9706
10143
7300
4594
5491
7911
7783
6259
6563
9374
12883
11753
11449
12542
16115
16296
13410
11037
11016
11195
7495
3463
979
1806
159
-4422
-7704
-7293
-4547
-4885
-7615
-8244
-5227
-2340
-1103
-1959
1186
4767
7184
7060
8091
10788
13907
13283
10791
10544
10807
10307
6193
1835
318
-956
-3536
-7020
-8371
-6187
-3884
-4893
-6134
-6825
-6924
-9591
-13422
-16900
-17329
-18927
-23056
-25258
-24467
-19365
-17922
-18508
-17775
-12680
-6413
-4697
-5237
-3089
3261
6842
4537
988
1645
6651
7861
3726
65
1517
5757
6186
3897
4593
9193
13138
11378
9379
11123
16234
15970
11167
7038
7309
7712
3104
-2942
-5204
-3306
-4830
-10287
-14208
-12290
-8135
-8616
-12365
-13419
-8568
-4187
-3264
-4768
-2268
2540
4851
3273
2485
5111
8115
6331
1768
-358
653
-96
-4450
-9050
-9413
-8012
-8878
-11470
-11506
-8023
-5518
-8116
-12523
-15511
-16393
-17126
-21319
-24031
-25804
-26033
-26092
-25376
-22832
-19862
-17202
-15801
-12221
-8632
-5333
-3135
-1551
2251
4024
2999
859
976
3684
5081
2650
174
1500
4915
7113
6931
7463
11742
14693
14662
13581
14905
18500
18206
13756
10116
9518
9175
5588
488
-1375
-453
-2273
-6390
-8752
-6649
-2533
-2878
-4436
-3377
1117
5907
5972
5885
8188
11765
12605
11226
10243
11806
13116
9333
4964
1816
1748
869
-3250
-5784
-5261
-2994
-2392
-3790
-4402
-2148
-3528
-8262
-14876
-17526
-16970
-17322
-20553
-24260
-23089
-20146
-16589
-16752
-15292
-11505
-6725
-3204
-3444
-1807
2242
6742
7766
5375
3811
4820
7180
6699
4930
3819
4974
6506
6427
6881
9111
12263
14489
13504
13261
14457
16725
15973
13506
10762
9731
8083
4303
463
-1887
-2153
-4361
-8380
-10654
-9514
-6526
-5843
-6211
-5597
-1542
1970
2901
3984
6525
9752
10617
9260
8666
9471
10213
7225
3392
372
-479
-2139
-4747
-6028
-5581
-3855
-3572
-4466
-4866
-4733
-7166
-12221
-17858
-19487
-19701
-20124
-23078
-25127
-22851
-19477
-17051
-17466
-15266
-10078
-4584
-2504
-3581
-1056
3521
7787
6456
3470
3322
5619
7341
5399
3739
4875
8108
9228
8385
9672
13215
17522
17861
16351
17157
19424
20646
17432
14376
13074
12943
9872
5060
2377
2864
3571
162
-3254
-3482
-555
1241
774
427
3563
7933
9317
9877
11275
15339
17305
16422
14309
14371
15187
13693
9319
5652
4874
3973
1297
-1167
-1433
885
1702
345
-1451
-1771
-2769
-6389
-11621
-13584
-13782
-13990
-17464
-20551
-18885
-14709
-11859
-12877
-11985
-7407
-1271
1252
-344
1190
5313
10140
8540
4763
4363
7772
10434
7782
4594
4917
8935
10668
8981
8753
11774
16366
16596
13966
13670
15672
17059
13300
8906
6796
6700
3363
-2388
-6400
-6806
-6345
-10162
-14408
-14738
-11092
-8773
-9361
-10501
-7213
-2076
-105
385
1413
5588
8130
7336
4808
4948
5942
4385
-593
-5221
-6163
-6735
-8687
-10884
-10569
-6948
-5137
-7094
-9901
-11016
-11422
-14259
-18078
-20297
-19402
-19662
-22907
-24351
-22601
-17279
-15617
-16304
-14537
-8729
-2537
-1447
-2273
302
6692
10251
7287
3996
5368
10960
12184
8041
5441
7780
12499
12499
9475
9938
15009
18598
16271
12917
13429
17148
16135
10462
6095
5844
5997
755
-6057
-8876
-7382
-8578
-14208
-18295
-16562
-11561
-11126
-12608
-11958
-6114
-253
-329
-369
2161
7468
8724
6220
4209
5950
7462
3114
-2132
-5849
-5209
-6320
-10710
-12509
-11150
-6670
-6256
-7773
-8775
-7916
-9735
-15912
-20221
-21814
-19394
-21870
-26608
-26682
-23224
-17356
-17317
-18331
-14905
-7503
-3192
-4749
-4780
-983
6783
6849
1322
-556
2397
8199
6442
1280
1042
5844
9528
7658
5546
8479
15295
16133
12496
11013
13400
17119
13010
6586
4304
4867
3109
-3759
-9544
-9365
-7362
-10894
-16597
-18531
-14084
-9605
-10855
-12207
-9146
-1950
1829
1588
2609
8289
13158
12656
9497
8444
11443
11008
5532
679
-696
311
-2264
-6039
-6817
-2581
270
-1275
-5277
-6993
-6852
-10252
-15450
-19254
-19037
-17861
-21478
-24505
-23177
-17776
-14286
-15182
-14660
-8875
-1512
-261
-1488
-158
6596
11832
8242
4026
4570
10449
13247
8846
4996
7902
13681
14950
12125
11729
17586
22480
20410
17150
17566
22080
22539
15988
10904
10756
11470
7114
-270
-3468
-1019
-1504
-7351
-12015
-10959
-5267
-4572
-7671
-6955
-1430
6085
6912
5805
8880
15148
17934
15314
12920
13883
17355
13626
7239
3599
3426
3941
-1580
-5787
-5603
-2292
-2186
-5452
-8004
-6603
-6457
-12002
-17536
-19343
-17882
-17912
-23109
-25211
-21719
-16737
-14909
-16781
-14679
-7339
-1681
-2249
-2961
580
8075
11183
6031
3663
6897
12164
12329
6661
4973
9196
12537
10912
8244
10489
16982
18863
14477
12481
14962
18508
16535
9526
7171
8329
6793
335
-6468
-7199
-5184
-8359
-15321
-17883
-14227
-9307
-10521
-13217
-10592
-3871
1068
423
918
5959
12159
12532
9986
9339
11886
13112
7399
2236
666
1561
-764
-6412
-9103
-6794
-4253
-5606
-8682
-9136
-6815
-8158
-14281
-18757
-19399
-18784
-22105
-27716
-27440
-22657
-18311
-18957
-19917
-15179
-6972
-3204
-4777
-3994
2220
9746
9478
4227
3855
9284
14047
11371
6147
7086
12679
15019
12527
11049
15880
22335
22438
18407
18338
22532
25054
20434
13910
12858
13659
10156
2240
-3113
-2151
-1070
-6014
-12283
-12348
-7332
-3861
-7055
-8482
-3908
3077
6744
4937
6714
13343
18185
17120
14174
14880
18074
17855
11272
6715
6124
6608
3437
-2349
-2456
1030
2768
-968
-4241
-3542
-992
-2726
-9940
-12238
-11955
-10802
-14765
-20499
-19265
-14995
-11737
-13655
-13934
-9005
-1511
912
-1207
1441
7602
14488
13200
8447
9673
14276
17551
14103
10265
11740
16210
16699
13614
13963
18283
23314
21500
17598
18567
21611
22736
17517
12251
11337
11155
6384
-547
-4529
-3872
-3794
-9890
-15297
-15532
-11789
-10093
-12857
-14240
-9446
-3484
-1822
-1469
-37
6536
10833
9996
8614
10377
13704
13247
8993
5123
5648
4506
403
-4482
-6720
-4745
-5354
-9518
-11424
-9508
-6638
-7714
-13452
-16938
-16336
-16900
-20939
-25677
-27561
-23704
-21814
-22582
-22324
-18790
-12317
-8812
-8898
-8346
-2859
1735
4016
2214
454
3399
4836
4540
3235
3364
5725
6809
6015
6321
9702
12857
15079
13955
13662
16387
17148
17090
14816
12712
11923
9241
4508
682
-788
-1638
-3594
-8270
-10633
-9888
-8667
-7937
-8932
-8068
-4330
-1395
-218
2560
5123
9680
12050
11912
13428
15450
16745
15699
13402
11113
9858
6441
2777
691
-595
-230
-3124
-5524
-5644
-3925
-3168
-3646
-7580
-9467
-10169
-12684
-13962
-17117
-16984
-15650
-14443
-13269
-11646
-8290
-4595
-110
1405
3786
7640
11049
15775
15756
15028
15096
15797
17769
17564
16458
15953
17301
17524
18118
18307
19480
22755
22010
21531
20610
20984
21649
19103
14963
11878
9184
5058
435
-4723
-6774
-8579
-12909
-17081
-19233
-17800
-15447
-16264
-17121
-16042
-13377
-10180
-9236
-6625
-3074
622
2479
3401
4776
6960
8056
5353
3353
856
-1124
-3552
-7789
-9854
-11921
-13670
-15591
-17271
-16671
-15468
-16047
-18198
-20185
-22426
-22420
-24577
-27284
-28826
-28736
-26676
-24735
-23577
-21907
-18575
-15638
-11762
-9429
-6746
-1598
2433
6270
7108
6550
7629
9667
11086
11119
10266
9542
10691
10363
10424
11586
13058
15751
15284
14364
14761
15761
16184
14614
11438
9582
8268
4578
1100
-2091
-3378
-4543
-8328
-11246
-11350
-9533
-7896
-8385
-9120
-6866
-5317
-2818
-1391
1102
5642
7159
8846
10108
12989
15526
16842
15637
14198
13651
10175
7736
3636
1482
-494
-4830
-7634
-10025
-9832
-9339
-10627
-13218
-13987
-14662
-14587
-15138
-17214
-18519
-20040
-21382
-20889
-19542
-17646
-15553
-13616
-10186
-6208
-4454
-1456
2005
6106
9415
8440
7426
8929
10966
11764
10151
7749
7815
8047
6805
6689
6720
9369
10176
7927
7025
8050
9980
9977
7419
4769
4952
3090
59
-2687
-3759
-2631
-4661
-8329
-9431
-7683
-4819
-4454
-5879
-4949
-2121
-1222
51
1994
5239
10258
9722
10095
13305
16631
19823
18606
17370
17211
16960
13190
9423
6270
5219
3763
-2711
-5826
-6929
-5539
-3668
-5723
-6393
-4993
-4927
-6331
-7002
-8066
-7496
-10272
-15087
-14889
-12799
-9407
-8709
-9658
-6363
-557
2375
3424
5855
10463
17145
16949
13553
13942
16656
20245
18326
14073
13326
14878
14374
12448
11466
14073
17771
14839
12136
12448
15831
18704
15530
11499
11627
12466
9904
5548
2133
3476
3228
-1764
-6137
-6430
-3033
-1395
-4509
-6497
-3978
-1823
-948
-2510
85
5137
8062
6880
5627
9960
14281
15573
11770
10304
11442
11440
8168
1941
499
300
-1821
-7365
-11385
-10613
-9012
-9614
-12584
-13027
-11618
-11139
-14033
-16282
-14899
-14634
-17201
-22319
-23504
-19199
-15664
-15765
-17605
-14788
-8587
-4017
-4196
-3685
1430
7317
9472
5958
5019
8470
11841
10857
6569
5172
7303
8213
5978
4968
7323
10802
10530
7810
8429
12541
15128
13486
9724
9576
11478
9751
5382
1999
2629
3235
-318
-5825
-6980
-4129
-2334
-4022
-6807
-5244
-2242
-1211
-2259
-2196
706
4144
2634
2092
4061
7406
10356
8460
8024
9921
12030
10287
6792
4519
4149
2640
-2935
-6698
-8508
-7559
-8857
-12878
-14090
-12756
-11600
-12509
-14473
-15248
-12661
-12720
-15437
-17492
-18040
-16182
-15881
-16827
-15723
-13178
-9684
-7519
-6403
-4607
-623
1983
3502
4247
4170
5797
6024
5543
5167
4251
3891
3086
2362
2404
3201
3460
4620
5571
6965
9061
9507
9954
10125
9208
8837
7557
5401
3781
1924
310
-1348
-4156
-6565
-7831
-8303
-8164
-8551
-9224
-8022
-7613
-7230
-6979
-7165
-5796
-5361
-4085
-3345
-674
1620
3242
5844
7713
11048
11900
12943
12794
12346
11838
8460
5821
2530
515
-2490
-5383
-7526
-9184
-8842
-9633
-9645
-10274
-10350
-10368
-10765
-10361
-11299
-12632
-15398
-18314
-19207
-18824
-17992
-18318
-18003
-15834
-12900
-10520
-9713
-7710
-4274
-612
424
-612
-64
1418
3063
2469
996
878
1773
2199
1673
2098
3989
6019
6820
6650
8172
10433
12302
11970
11005
11526
11178
9776
6959
5401
5047
3904
684
-2916
-3455
-3143
-2971
-4804
-5770
-4664
-3312
-2854
-3660
-2811
-1276
-447
-1065
415
2547
6067
7620
7570
10304
13213
16055
16502
16885
17953
18903
17437
14116
11997
10406
9630
5774
2644
1358
1070
1137
-192
-528
90
1140
149
-1161
-1501
-1805
-2638
-6566
-10072
-11895
-11731
-11191
-11844
-11377
-9397
-6394
-4121
-2049
267
4016
7640
8741
9063
9102
10464
11707
12096
11563
11002
10903
11085
11334
11889
13609
14430
14941
14933
15183
16502
17310
16834
15372
14444
13379
12037
9452
6844
4907
2767
-266
-4227
-6582
-6744
-6510
-7108
-8307
-8689
-7709
-6483
-6223
-5589
-4439
-3434
-3676
-4562
-4095
-1078
838
2218
2604
4178
8033
10125
11533
12614
14639
15738
15120
12551
10605
9830
7077
3936
-364
-2257
-3761
-5850
-7289
-8179
-8107
-8626
-9964
-11161
-10389
-9752
-10541
-12616
-15087
-16100
-17641
-18925
-19115
-18444
-17243
-16796
-16236
-13710
-9603
-6670
-4263
-2059
1132
4394
5007
5176
6437
8285
8725
6693
4452
4883
6255
5732
4207
2812
4062
5340
4652
4209
5215
6677
7011
5197
3848
4579
4461
2609
-461
-2428
-3237
-5681
-9137
-10981
-10645
-10130
-10987
-13130
-12264
-9792
-8071
-7592
-7802
-6355
-4588
-4347
-4838
-4216
-2725
-261
210
955
3338
5407
8213
9461
10741
12679
14080
13462
12803
12079
10900
9064
4955
1818
-490
-2383
-4288
-6783
-7572
-7233
-7479
-7838
-7481
-6604
-5249
-5755
-8059
-8743
-9479
-10961
-13085
-16052
-16324
-15238
-14021
-12974
-11764
-8903
-5054
-2225
-451
2223
5044
8099
9282
8424
8798
9653
10039
9221
7346
6955
7428
6948
5979
5553
6771
8641
8960
8611
9781
11325
12598
12388
10852
11096
10746
8982
6229
3819
2725
1368
-1524
-4412
-5390
-5202
-4773
-5737
-5965
-4418
-2914
-2136
-2152
-1730
-262
327
-943
-1908
-1753
-696
-616
-1326
-474
1529
3479
4558
5407
8567
12036
13563
13818
14314
15388
15828
13666
10068
7691
5107
1721
-2741
-5858
-6584
-7113
-7902
-8898
-8177
-6255
-4770
-4721
-4234
-3799
-4275
-7062
-10329
-13049
-14727
-16433
-19194
-19698
-18919
-16522
-15790
-14688
-11894
-7904
-4439
-3264
-1530
1175
4545
4873
3659
3361
3923
4226
1979
111
-9
828
586
-812
-248
2435
4845
5184
5053
6973
9652
10939
9254
8413
8840
8825
6444
2933
1116
202
-1457
-5137
-7626
-7821
-6713
-6941
-8095
-7377
-5176
-3489
-3635
-3801
-2572
-452
-596
-2084
-2972
-2358
-2103
-3569
-5157
-4972
-2962
-1862
-1386
-396
2831
6578
8463
9347
10719
12797
13400
11824
9420
7770
5591
1449
-3693
-7331
-8950
-9877
-11323
-11824
-10519
-8095
-6709
-6276
-5509
-3788
-2936
-4374
-7172
-10157
-11922
-14407
-17425
-19891
-20834
-20013
-19180
-18163
-16516
-13468
-9830
-6778
-4056
-1771
1288
3999
5311
6035
5876
6335
6082
5185
4108
3214
2970
2597
2512
2775
4305
6223
7903
9510
10657
12595
13895
14382
14099
13252
12696
11373
9090
6225
3873
1682
-665
-3403
-5712
-6074
-6206
-6254
-6764
-6246
-4491
-3160
-2509
-2313
-1337
-423
-507
-1718
-2518
-2666
-3070
-4107
-4966
-4953
-3930
-2743
-1972
459
2988
6456
9118
11393
14419
16724
18455
18104
17876
16674
15103
11834
7723
4297
594
-1992
-5122
-6629
-6531
-5801
-4966
-3980
-2030
460
2155
2055
1241
76
-2149
-5363
-9584
-12911
-14802
-16400
-17692
-18794
-18200
-16072
-13775
-11350
-8684
-4613
-689
2692
4587
6501
9011
10312
10402
8762
7383
6667
5601
4268
2964
2780
2931
3127
3325
4641
7061
8812
10020
10707
12041
13578
13356
12073
10456
9407
7712
4719
1235
-1075
-2548
-4528
-6825
-8790
-8839
-8091
-7519
-6876
-5688
-3709
-2298
-1816
-1683
-543
131
-188
-1615
-2748
-2748
-3200
-4408
-5442
-5477
-4383
-3729
-3478
-2169
493
3763
5498
7125
9262
12107
13927
14049
13886
13390
12760
10112
7063
4300
1974
-892
-4414
-6606
-7098
-6271
-5872
-5073
-3717
-1221
740
1448
1900
1993
1867
166
-3019
-6605
-9765
-12945
-15877
-18565
-18888
-18599
-17346
-16037
-13792
-9869
-6452
-3014
-966
2522
5316
7324
7707
7223
8046
7706
6967
4632
3644
3603
3310
2667
2012
3337
4935
6544
7299
8781
11453
13001
13799
13671
14389
14850
13838
11732
9261
7764
5368
2383
-925
-2787
-3682
-5113
-6283
-6970
-5564
-4270
-3736
-3682
-2935
-1363
-605
-787
-1284
-964
-1109
-2125
-3988
-4862
-4874
-5066
-5973
-6520
-5835
-4279
-2703
-2123
-128
2376
4796
6573
7557
9734
11657
12660
12453
11945
11477
10605
8536
5800
4029
2000
-289
-2951
-5115
-5129
-5102
-4629
-4209
-3105
-1472
-142
245
543
1217
953
148
-2011
-4146
-6142
-8637
-10999
-13048
-14403
-14601
-14576
-13791
-12325
-10067
-7684
-5653
-3150
-911
1626
2977
4301
4981
5298
5318
4158
3815
3056
2629
1494
738
907
1588
2497
2627
3863
5302
7188
8124
8926
10506
11628
12259
11612
11284
11270
10711
9198
7029
5658
4339
2911
961
-232
-301
-544
-653
-1064
-287
921
1561
1591
1383
1875
1971
1574
399
-257
-728
-1606
-2817
-3824
-3682
-3374
-3469
-3211
-2568
-1047
276
1254
2623
4475
6318
7114
7923
8869
10455
11033
10846
10586
10777
11379
10658
9885
9118
9059
8381
7216
5959
5393
5445
4814
4402
3970
4124
3879
3196
2613
2319
1965
1006
-289
-1196
-1510
-2050
-3251
-4593
-5563
-6384
-7387
-8675
-9301
-9542
-9273
-9164
-8835
-7879
-6924
-5870
-4997
-3423
-1903
-615
2
578
1254
1601
1774
1628
1914
2325
2232
1689
1450
1807
2364
2412
2551
3123
3831
4300
4509
4969
5714
5965
5511
4950
4452
4176
3304
2132
1032
281
-818
-2190
-3317
-3886
-4099
-4886
-5510
-5738
-5266
-5063
-5327
-5832
-5921
-5844
-6137
-6781
-7257
-7189
-7287
-7783
-8165
-8096
-7710
-7587
-7799
-7350
-6356
-5422
-5098
-4922
-4043
-3020
-2324
-2121
-1709
-871
-185
111
234
704
1198
1107
1066
913
1195
936
139
-392
-795
-807
-1600
-2183
-2746
-2724
-2975
-3438
-3696
-3682
-3273
-3659
-3913
-4285
-4174
-4236
-4635
-4879
-5121
-5416
-6212
-7195
-8196
-8975
-9772
-10793
-11565
-11708
-11365
-10838
-10550
-9889
-8767
-7259
-6265
-5144
-3911
-2426
-1179
-746
25
811
1710
1636
1502
1593
2084
2294
1864
1978
2424
3384
3626
3752
4262
5382
6204
6456
6675
7172
7719
7347
6761
6330
6247
5748
4766
3620
2953
2436
1585
432
-526
-813
-1134
-1686
-2361
-2403
-2063
-1772
-2142
-2419
-2252
-2085
-2167
-2590
-2724
-2688
-2851
-3385
-3833
-3696
-3347
-3075
-3254
-3012
-2093
-1310
-645
-209
627
1736
2445
2638
2953
3829
4331
4394
4168
4443
4873
4930
4710
4449
4579
4448
3913
3221
2976
2903
2483
1779
1171
926
548
-280
-1247
-1880
-2237
-2800
-3657
-4293
-4485
-4474
-4824
-5216
-5440
-5271
-5253
-5477
-5730
-5875
-5696
-5955
-6243
-6496
-6486
-6309
-6286
-6168
-6040
-5423
-4931
-4431
-3657
-2755
-1616
-900
-129
612
1588
2299
2705
3192
3794
4479
4427
4169
4294
4594
4876
4562
4497
4758
5078
5037
4770
4797
5142
5373
5048
4820
4615
4504
3929
3121
2609
2169
1457
469
-360
-860
-1196
-1920
-2929
-3527
-3633
-3676
-3970
-4324
-4096
-3652
-3556
-3918
-3966
-3540
-3146
-3179
-3212
-2970
-2489
-2203
-2325
-2254
-1722
-1073
-830
-806
-433
449
1099
1348
1727
2470
3314
3632
3763
4108
4696
4920
4778
4681
4791
5021
4659
4192
4148
4453
4508
3987
3601
3443
3266
2863
2185
1651
1280
988
313
-257
-489
-694
-934
-1382
-1445
-1456
-1397
-1627
-1793
-1596
-1344
-1162
-1178
-997
-732
-654
-718
-903
-974
-1139
-1461
-1856
-2128
-1688
-1766
-1881
-2229
-1842
-1206
-761
-277
-9
969
1442
1951
1845
2321
3126
3360
3130
2414
2837
2916
3015
2382
2274
2596
2667
2630
2366
2947
3437
3534
3305
3667
4423
4603
4276
3879
4045
4025
3395
2599
2421
2583
2078
909
95
1
266
-199
-837
-1056
-592
-476
-922
-1172
-973
-478
-669
-1044
-1105
-718
-735
-1230
-1526
-1241
-639
-726
-922
-659
145
610
579
558
1167
1916
2117
1988
2224
3140
3508
3333
2926
3355
3859
3744
3207
2935
3339
3269
2887
2370
2426
2458
1933
1410
1179
1313
1105
427
-154
-262
-395
-901
-1538
-1638
-1276
-1291
-1757
-2073
-1983
-1643
-1587
-1666
-1345
-771
-496
-697
-1034
-1033
-862
-1034
-1328
-1642
-1813
-2116
-2712
-3196
-3315
-3198
-3127
-3360
-3394
-3071
-2616
-2453
-2437
-2154
-1615
-1084
-1101
-1174
-1073
-500
-164
-312
-464
-329
314
538
491
495
1056
1587
1567
1545
1905
2736
3276
3350
3369
3837
4269
4185
3957
3993
4187
3831
3049
2533
2778
2974
2322
1447
1375
1948
2049
1431
814
928
1101
568
-84
-262
132
230
-361
-932
-895
-653
-926
-1454
-1524
-1248
-1277
-1697
-1960
-1528
-954
-1035
-1428
-1484
-862
-552
-869
-1099
-714
-97
-150
-432
-251
449
890
649
334
556
1077
1108
1025
1154
1490
1600
1215
1097
1524
1967
1853
1495
1477
1788
1950
1650
1465
1792
2160
2014
1638
1689
2005
2031
1541
972
881
740
231
-305
-362
-52
-157
-767
-1231
-1154
-800
-921
-1351
-1620
-1672
-1804
-2161
-2463
-2553
-2629
-2951
-3508
-3825
-3746
-3731
-4034
-4290
-4117
-3816
-3506
-3411
-3091
-2499
-1830
-1463
-1178
-644
-80
268
301
557
748
1000
1101
994
1106
1044
920
653
587
805
923
852
723
819
977
992
942
1017
1066
902
630
327
23
-309
-653
-1114
-1322
-1396
-1523
-1670
-1766
-1675
-1589
-1478
-1486
-1358
-1139
-939
-825
-683
-527
-375
-318
-258
-275
-359
-268
-209
-58
99
200
292
431
594
707
904
1164
1302
1347
1247
1108
1142
1238
1322
1145
934
845
817
783
819
923
935
832
704
666
705
778
669
582
574
764
818
778
806
962
977
959
1007
1135
1424
1588
1432
1234
1225
1311
1277
1026
857
828
891
750
580
438
371
320
111
-19
-110
-141
-280
-356
-405
-308
-246
-412
-525
-526
-568
-644
-668
-629
-565
-600
-607
-624
-457
-325
-276
-274
-213
-65
11
-82
-199
-235
-178
-285
-405
-427
-299
-72
-76
-97
19
152
180
110
-9
-33
-64
-236
-426
-578
-556
-567
-690
-852
-1001
-996
-997
-1093
-1176
-1150
-1137
-1223
-1343
-1334
-1111
-915
-705
-597
-507
-348
-182
46
239
438
507
484
362
198
132
40
27
-64
-95
52
179
330
266
340
416
463
489
324
213
60
-140
-376
-670
-1020
-1207
-1275
-1282
-1247
-1297
-1343
-1247
-1154
-1108
-1045
-1086
-1029
-803
-583
-443
-473
-423
-305
-250
-233
-330
-289
-231
-193
-339
-399
-392
-431
-398
-527
-648
-688
-607
-507
-419
-408
-415
-451
-591
-844
-1064
-1179
-1247
-1296
-1371
-1326
-1290
-1113
-1029
-1042
-1093
-1116
-1137
-944
-760
-697
-697
-705
-502
-366
-278
-261
-336
-366
-403
-291
-185
30
176
276
375
529
669
591
533
453
470
489
450
362
147
-12
-159
-462
-779
-959
-811
-577
-534
-594
-505
-396
-321
-454
-388
-213
-201
-345
-632
-803
-1025
-1209
-1330
-1292
-1165
-1184
-1344
-1402
-1281
-1049
-784
-784
-739
-528
-236
-110
-135
-106
40
166
225
109
37
145
146
-3
-114
-38
53
58
-47
-130
-126
-73
-73
-27
27
111
170
186
117
14
-45
-66
39
56
-31
-161
-162
-189
-342
-510
-720
-766
-768
-886
-1006
-1268
-1575
-1731
-1807
-1737
-1593
-1514
-1538
-1562
-1476
-1295
-1091
-880
-644
-563
-504
-539
-418
-241
-100
-148
-301
-377
-394
-406
-431
-271
-147
-25
125
290
283
190
93
68
-7
-61
-156
-311
-381
-432
-472
-592
-674
-685
-656
-575
-478
-329
-213
-169
23
196
386
423
401
503
507
507
418
343
241
219
163
27
9
-93
-207
-279
-383
-575
-715
-731
-748
-748
-699
-634
-582
-607
-688
-687
-628
-626
-576
-653
-658
-761
-854
-770
-766
-730
-756
-738
-569
-419
-234
-127
-169
-139
26
221
299
305
241
190
201
298
350
504
534
388
288
242
253
294
171
-29
-110
-114
-104
-296
-453
-602
-630
-648
-800
-911
-969
-879
-972
-1073
-1031
-924
-711
-623
-499
-347
-291
-132
-86
35
122
210
272
252
277
235
233
222
297
328
308
214
17
-168
-172
-90
-147
-306
-441
-537
-541
-646
-719
-712
-865
-1062
-1338
-1503
-1565
-1525
-1430
-1448
-1416
-1452
-1393
-1263
-1021
-842
-650
-538
-424
-248
-183
-207
-353
-354
-251
-109
-188
-350
-363
-305
-174
-128
-46
24
156
354
499
510
505
402
252
190
158
113
-80
-254
-368
-348
-361
-284
-313
-566
-799
-960
-1028
-953
-896
-887
-907
-915
-834
-858
-1007
-1188
-1282
-1130
-956
-896
-993
-998
-902
-860
-806
-769
-696
-614
-626
-564
-478
-348
-212
-213
-270
-234
-106
-84
-116
-199
-260
-184
-208
-162
-216
-287
-181
-121
-157
-219
-229
-173
-184
-174
-298
-476
-608
-600
-571
-531
-619
-766
-734
-732
-594
-588
-655
-727
-726
-560
-466
-374
-381
-527
-638
-614
-505
-426
-367
-232
5
135
274
325
377
456
499
471
442
404
424
423
336
291
213
113
81
17
-117
-29
-63
-86
-216
-350
-317
-194
97
254
396
486
563
636
613
562
480
468
452
450
438
322
383
421
453
536
517
464
401
450
470
408
375
405
418
361
253
195
202
315
344
274
211
202
182
225
227
251
349
281
236
163
82
68
-19
38
52
86
56
38
40
39
42
71
80
115
150
225
301
333
414
426
513
542
549
511
481
518
675
737
713
568
590
668
631
475
280
286
347
237
68
-35
-163
-4
1
-23
-124
-238
-215
-110
7
90
184
394
515
570
519
438
581
698
914
998
882
956
1074
1093
1081
937
834
664
574
555
376
253
120
37
143
82
-17
-126
-202
-150
-60
-104
-196
-179
-69
107
291
347
347
398
469
628
575
527
548
547
603
528
317
120
118
252
440
541
523
602
697
803
693
554
514
432
410
456
557
653
758
681
605
615
611
586
571
541
585
529
439
182
27
109
208
397
408
372
306
250
318
541
712
923
1038
1162
1321
1383
1380
1414
1427
1395
1308
1143
1125
1266
1381
1424
1351
1258
1251
1263
1144
1054
1050
1043
1126
1072
813
660
477
439
371
284
265
165
38
-35
-23
37
-10
-64
-35
25
94
79
68
103
89
45
92
124
191
101
42
94
259
477
596
696
847
1069
1161
1094
1195
1264
1380
1439
1429
1378
1354
1389
1349
1188
1092
992
904
935
876
753
568
463
525
548
435
309
249
363
403
353
111
-20
-75
-101
-74
9
100
60
-1
59
188
197
237
381
579
758
937
1016
1043
1056
1088
1185
1315
1504
1497
1392
1327
1342
1375
1468
1584
1787
1917
1845
1795
1699
1791
1881
1757
1633
1481
1537
1559
1547
1565
1529
1550
1412
1214
1149
1171
1158
1178
1156
1091
979
939
988
1057
1054
1019
970
867
673
639
591
552
598
715
827
937
979
1011
1073
1014
961
769
644
617
635
715
716
711
710
752
926
1078
1084
1108
1155
1302
1527
1630
1669
1627
1604
1599
1554
1548
1542
1533
1657
1915
2146
2290
2257
2086
2091
2232
2343
2395
2345
2368
2480
2487
2407
2269
2099
1949
1754
1484
1228
1068
1057
1035
908
770
760
815
853
829
680
671
759
881
866
754
740
760
917
987
1050
1074
1042
989
1018
1048
1174
1277
1432
1502
1531
1620
1578
1553
1433
1363
1301
1401
1485
1497
1449
1300
1181
1243
1209
1086
1030
1028
1032
981
1077
1056
1068
1153
1096
1100
1003
783
709
543
457
414
334
394
413
424
562
652
587
517
518
553
528
438
449
629
832
943
854
751
740
725
669
509
548
554
741
861
813
835
782
860
936
1023
990
1044
1127
1254
1335
1316
1309
1410
1526
1513
1497
1497
1585
1726
1809
1675
1473
1424
1324
1181
1112
998
1027
963
847
619
471
509
467
375
267
305
358
353
349
382
377
307
221
186
211
290
273
51
-28
-21
-36
-98
-164
-97
-6
111
101
99
7
101
276
427
613
567
411
229
176
304
495
676
798
823
779
573
430
516
575
692
830
977
1050
1140
1195
1172
1162
1108
1221
1230
1320
1336
1226
1150
1032
1025
954
1028
1103
1140
1165
1036
1002
1185
1276
1334
1351
1262
1139
1092
1015
826
647
537
423
292
209
203
208
239
244
214
267
289
317
359
318
283
209
244
286
324
330
407
532
601
597
426
323
440
657
867
904
791
664
753
858
1000
996
823
798
793
780
648
362
121
115
156
148
207
242
218
192
76
151
317
472
430
394
363
336
330
197
232
162
240
206
196
222
201
225
304
532
601
640
624
601
733
739
679
532
553
644
633
613
454
453
553
660
638
595
649
773
778
843
933
1107
1249
1238
1212
1140
1173
1191
1095
977
863
844
816
817
879
736
580
476
444
522
594
624
644
692
789
756
775
742
708
730
616
556
472
540
697
686
674
644
666
709
763
705
644
575
671
848
937
1001
986
996
1089
1242
1277
1181
1015
1002
1083
1276
1469
1515
1565
1633
1734
1718
1610
1525
1489
1479
1385
1314
1132
884
660
477
422
318
179
144
129
303
437
569
658
539
575
539
441
285
89
105
223
268
199
22
-52
-25
13
15
-90
-21
17
-48
-39
101
319
369
315
130
71
131
241
257
290
413
529
605
566
463
341
410
620
687
684
558
487
466
449
448
442
400
298
142
-106
-135
-240
-353
-500
-610
-527
-439
-477
-512
-537
-498
-500
-468
-436
-511
-570
-731
-803
-838
-760
-692
-496
-384
-303
-144
-1
116
236
318
310
194
-4
-132
-147
-89
32
162
242
314
290
347
273
190
72
-86
-189
-248
-324
-368
-293
-257
-260
-365
-463
-578
-682
-680
-675
-736
-863
-990
-1059
-924
-759
-630
-485
-548
-588
-662
-656
-662
-649
-550
-450
-401
-497
-530
-479
-294
-147
14
71
10
-17
-63
-87
-158
-168
-216
-151
-35
-49
-7
34
4
13
-57
-139
-29
-36
24
145
148
67
-18
-170
-252
-290
-381
-437
-485
-461
-369
-368
-420
-406
-422
-365
-384
-465
-483
-485
-553
-572
-603
-652
-545
-340
-236
-287
-383
-354
-200
-78
100
315
438
493
486
453
616
781
837
699
631
760
859
932
894
878
860
855
781
557
352
263
269
201
47
-60
-11
36
-84
-311
-430
-459
-435
-438
-483
-524
-431
-355
-461
-498
-479
-469
-524
-546
-541
-461
-374
-329
-232
-47
243
419
536
693
874
1052
1129
1062
990
955
967
887
879
816
836
1028
1116
1184
1248
1357
1306
1238
1196
1044
1024
1103
1103
1169
1137
1239
1305
1199
1237
1211
1175
1185
1136
1049
1064
1107
1076
1038
1024
1041
1086
1128
1085
1001
983
929
833
546
374
392
509
563
543
619
640
647
661
616
709
888
953
945
933
883
828
806
731
804
962
1058
1082
1222
1366
1363
1279
1304
1472
1526
1570
1579
1567
1648
1751
1907
1879
1972
1942
1782
1702
1571
1527
1410
1296
1262
1207
1186
1261
1254
1187
1248
1217
1107
973
903
932
979
929
825
791
908
1001
949
886
914
1064
1242
1462
1576
1647
1582
1552
1574
1553
1617
1709
1780
1888
2034
2079
1986
1922
1899
1785
1578
1540
1657
1748
1740
1642
1612
1541
1632
1749
1773
1769
1698
1563
1428
1253
1176
1193
1290
1347
1256
1267
1070
973
981
957
1054
1120
1202
1188
1192
1262
1427
1560
1636
1746
1789
1832
1831
1729
1626
1507
1306
1196
1287
1508
1621
1568
1575
1627
1716
1714
1662
1654
1697
1735
1708
1606
1559
1616
1662
1625
1519
1515
1560
1573
1511
1403
1409
1442
1479
1437
1493
1477
1511
1527
1381
1368
1361
1348
1297
1192
1164
1124
1007
980
1012
1128
1195
1173
1087
1043
1046
955
909
890
897
962
986
873
792
726
757
772
739
699
552
506
461
569
667
703
688
660
690
673
527
439
429
384
441
357
391
441
463
532
569
551
521
589
692
623
522
482
532
641
674
725
847
917
873
838
880
926
956
968
961
932
920
913
946
972
934
924
985
1008
997
970
955
1132
1227
1227
1067
820
646
619
571
544
490
353
325
310
227
227
255
207
138
66
-110
-211
-227
-188
-74
-46
-52
-89
-63
-18
-160
-303
-366
-403
-410
-433
-439
-465
-387
-340
-397
-431
-306
-146
-4
-40
-102
-126
-53
156
186
216
197
192
242
216
317
346
394
452
472
511
571
685
771
815
902
900
804
845
747
706
568
498
525
407
351
392
419
440
441
362
324
335
289
239
125
11
52
121
202
259
369
615
768
758
770
688
633
573
439
426
458
582
809
977
1015
939
883
822
663
529
417
253
109
-69
-91
62
94
211
118
0
-5
-77
-78
-23
31
71
-51
-101
-60
107
361
453
538
504
432
487
504
521
482
396
469
606
811
834
733
750
774
836
859
915
1040
1180
1190
1253
1215
1158
1047
956
960
993
1152
1198
1135
937
701
598
624
560
612
813
959
1060
995
851
760
796
822
1018
1112
1057
954
922
935
1084
1069
1003
1162
1363
1503
1354
1325
1305
1285
1330
1270
1198
1148
1174
1257
1317
1353
1218
1006
1015
1070
952
842
882
1007
961
937
827
782
873
870
855
937
969
1047
1107
1051
1028
1040
1167
1196
1104
1041
1038
1149
1258
1307
1422
1428
1343
1295
1248
1254
1238
1205
1111
1008
963
1010
1060
1062
1105
1138
1296
1342
1392
1365
1273
1361
1451
1552
1618
1636
1660
1602
1639
1793
1959
2124
2166
2179
2050
1897
1919
2010
2055
2090
2050
2089
1986
1947
1847
1717
1697
1617
1707
1716
1530
1431
1438
1428
1333
1199
1090
1041
1130
1272
1316
1303
1306
1486
1544
1522
1598
1522
1536
1523
1574
1562
1583
1690
1708
1879
2058
2190
2059
1843
1757
1761
1848
1914
1953
1940
1934
1964
2069
2033
1958
1963
1928
1943
1958
1952
1958
1899
1807
1834
1907
1904
1849
1616
1459
1289
1176
1141
1243
1416
1486
1484
1417
1456
1650
1795
1809
1663
1543
1544
1658
1827
1929
1996
1963
1895
1942
2025
1925
1883
1951
2035
2117
2063
1974
1941
2013
2203
2302
2299
2210
2009
1905
1826
1751
1758
1808
1817
1761
1650
1491
1403
1388
1354
1351
1323
1247
1270
1354
1505
1573
1524
1437
1453
1409
1353
1433
1350
1343
1321
1229
1202
1187
1316
1317
1404
1476
1564
1667
1778
1752
1703
1703
1705
1871
2029
2234
2377
2458
2479
2439
2306
2305
2480
2661
2757
2812
2902
2965
2963
2922
2831
2696
2660
2601
2451
2264
2143
2044
1984
2093
2266
2180
1969
1753
1697
1695
1545
1416
1304
1399
1476
1559
1502
1545
1675
1745
1652
1454
1354
1323
1382
1302
1152
1018
878
730
619
569
591
674
716
740
771
870
1116
1296
1310
1233
1194
1184
1256
1409
1495
1634
1707
1726
1819
1892
1975
2146
2110
2136
2128
2105
2048
1961
1911
1826
1886
1859
1819
1766
1658
1671
1706
1667
1658
1495
1423
1491
1570
1664
1636
1609
1628
1631
1649
1566
1525
1543
1574
1731
1682
1709
1742
1734
1827
1894
1886
1860
1823
1876
1947
1959
1998
1957
1870
1752
1662
1706
1660
1525
1534
1518
1548
1620
1660
1752
1764
1741
1653
1557
1444
1437
1484
1475
1473
1398
1329
1302
1285
1352
1400
1472
1447
1474
1474
1478
1502
1486
1492
1355
1378
1360
1409
1521
1511
1424
1393
1453
1368
1358
1199
1101
1126
1077
1165
1225
1248
1252
1277
1258
1304
1367
1475
1414
1225
1063
928
891
921
881
769
757
791
837
840
794
716
762
757
731
682
667
736
695
642
491
439
566
660
791
790
746
782
832
839
781
667
695
581
457
453
423
424
318
274
154
91
44
-14
17
-7
97
142
178
100
10
-28
-33
5
68
93
37
221
290
194
30
-40
69
152
80
-69
-216
-216
-172
-125
-113
-224
-221
-216
-186
-199
-331
-407
-382
-279
-161
-196
-222
-153
-186
-201
-72
40
79
-79
-229
-214
-233
-112
8
131
-31
-221
-335
-380
-373
-330
-249
-375
-370
-302
-120
19
-33
-112
-192
-154
-119
-220
-293
-367
-463
-574
-756
-782
-697
-591
-488
-553
-587
-631
-646
-639
-693
-693
-680
-599
-602
-614
-549
-417
-208
-174
-222
-292
-441
-512
-508
-441
-385
-350
-280
-196
-167
-276
-362
-381
-313
-267
-198
-187
-197
-121
-188
-220
-230
-198
-82
-69
-46
11
111
266
297
241
221
302
301
208
183
112
99
1
-16
-1
-1
-11
-27
80
62
-63
-173
-200
-186
-215
-217
-190
-179
-81
-141
-97
-84
-189
-372
-537
-619
-602
-371
-225
-303
-384
-399
-438
-387
-399
-412
-327
-283
-177
-200
-405
-537
-611
-507
-506
-532
-686
-726
-636
-649
-616
-616
-562
-624
-719
-850
-800
-618
-580
-369
-190
-28
35
-75
-272
-490
-475
-491
-564
-621
-677
-692
-660
-632
-656
-695
-660
-565
-617
-657
-685
-716
-648
-428
-212
-232
-287
-273
-301
-298
-369
-422
-466
-523
-492
-437
-496
-557
-457
-447
-404
-350
-460
-517
-669
-806
-1003
-1164
-1039
-964
-932
-906
-986
-888
-709
-534
-523
-732
-801
-757
-603
-527
-557
-681
-621
-498
-460
-494
-550
-554
-503
-493
-676
-863
-832
-813
-801
-886
-934
-897
-936
-1041
-1131
-1203
-1159
-1068
-971
-861
-832
-672
-608
-583
-530
-575
-692
-741
-742
-679
-630
-751
-786
-659
-600
-483
-368
-399
-470
-516
-560
-580
-657
-731
-690
-574
-454
-472
-504
-518
-454
-329
-263
-343
-374
-270
-170
-102
-209
-349
-363
-380
-318
-393
-420
-293
-243
-156
-156
-161
-107
-12
-2
-81
-302
-454
-394
-289
-251
-316
-365
-439
-524
-615
-562
-510
-509
-548
-559
-608
-782
-853
-953
-869
-677
-617
-647
-666
-637
-595
-588
-628
-574
-403
-301
-288
-454
-549
-474
-477
-489
-543
-517
-504
-451
-469
-653
-797
-942
-937
-953
-974
-998
-973
-835
-641
-498
-482
-585
-539
-434
-457
-480
-553
-498
-410
-509
-619
-588
-464
-343
-353
-564
-584
-511
-507
-510
-640
-684
-643
-605
-609
-731
-845
-882
-855
-810
-853
-880
-781
-555
-457
-609
-776
-886
-889
-934
-972
-921
-931
-979
-1030
-987
-943
-912
-895
-912
-980
-1141
-1080
-1045
-949
-938
-943
-897
-894
-807
-785
-804
-849
-842
-783
-701
-696
-945
-1037
-1053
-1097
-1152
-1250
-1330
-1360
-1305
-1263
-1240
-1330
-1507
-1657
-1710
-1789
-1858
-1769
-1723
-1655
-1667
-1635
-1682
-1592
-1357
-1162
-985
-1068
-1224
-1274
-1193
-1148
-1253
-1254
-1309
-1369
-1340
-1321
-1317
-1249
-1172
-1211
-1241
-1240
-1130
-986
-937
-941
-918
-906
-833
-962
-1170
-1385
-1423
-1361
-1244
-1129
-1055
-1143
-1294
-1393
-1293
-1048
-1026
-1028
-1064
-1095
-1174
-1316
-1401
-1360
-1262
-1318
-1442
-1498
-1527
-1656
-1808
-1873
-1775
-1725
-1759
-1911
-1972
-1911
-1825
-1766
-1781
-1725
-1564
-1361
-1332
-1272
-1349
-1242
-1053
-867
-706
-775
-722
-593
-572
-576
-575
-649
-683
-715
-627
-683
-696
-572
-398
-325
-478
-601
-700
-715
-677
-788
-918
-975
-999
-921
-961
-947
-910
-862
-762
-704
-753
-846
-733
-589
-469
-379
-282
-321
-404
-402
-394
-333
-414
-527
-541
-495
-514
-613
-568
-448
-235
-165
-328
-478
-451
-260
-165
-63
-172
-140
-65
-30
96
65
50
-67
-45
-34
51
179
188
111
28
-99
-296
-244
-198
-187
-165
-223
-209
-198
-143
-146
-358
-470
-522
-506
-477
-508
-551
-559
-485
-489
-623
-789
-861
-850
-748
-636
-647
-577
-525
-421
-333
-361
-307
-212
-93
-68
-117
-197
-198
-17
121
220
102
135
225
294
327
203
187
229
284
195
227
199
124
90
55
38
-25
-230
-371
-407
-416
-558
-701
-726
-717
-631
-627
-668
-616
-570
-517
-346
-246
-194
-384
-458
-552
-659
-661
-597
-582
-650
-633
-590
-486
-425
-408
-419
-425
-422
-405
-465
-510
-562
-540
-469
-350
-273
-268
-323
-319
-327
-323
-221
-134
2
63
-56
-144
-122
-105
-126
-245
-393
-563
-481
-277
-187
-240
-333
-309
-354
-471
-702
-937
-891
-845
-882
-1013
-1017
-978
-972
-953
-911
-889
-826
-742
-624
-592
-698
-682
-626
-587
-550
-552
-630
-608
-460
-389
-321
-483
-589
-692
-738
-661
-604
-593
-746
-667
-535
-437
-525
-670
-661
-677
-623
-559
-542
-653
-639
-605
-635
-562
-405
-189
-51
-114
-137
-200
-251
-333
-412
-458
-604
-578
-589
-653
-694
-784
-616
-367
-206
-189
-246
-282
-241
-153
-128
-219
-346
-279
-259
-157
-65
37
85
-44
-112
-76
-23
149
222
168
264
207
60
-106
-219
-277
-279
-315
-280
-222
-274
-189
-161
-142
-89
7
54
153
236
275
295
311
387
456
464
440
549
591
641
592
577
581
556
510
531
636
554
474
417
340
314
278
227
192
168
190
179
199
339
432
538
510
484
515
527
650
612
499
446
511
606
670
582
537
574
659
614
540
619
666
739
757
710
692
658
599
523
503
475
428
413
424
616
890
915
812
658
617
726
811
763
747
855
879
995
1011
1047
1117
1101
972
915
872
911
1018
1009
1078
1110
1137
1128
1118
1079
1020
965
898
875
919
1061
1047
1066
1007
949
875
806
858
849
955
973
893
871
920
890
902
872
841
827
831
792
744
684
538
406
318
347
265
169
197
298
510
574
404
325
423
450
419
325
327
380
415
398
308
291
283
344
392
421
325
282
305
311
395
367
283
156
107
180
133
-8
-105
-76
-63
-36
-72
-11
125
185
219
183
122
90
-6
-109
-58
-21
-9
-90
-94
-41
31
-24
-159
-214
-184
-162
-155
-236
-236
-162
-107
11
18
-48
-44
-78
-142
-139
-252
-289
-303
-253
-112
-5
89
39
-91
-131
-68
-44
-16
-30
-68
-109
-227
-277
-234
-213
-169
-100
-14
61
-52
-123
-44
-89
-178
-273
-163
-4
77
-60
-268
-315
-335
-197
-190
-279
-309
-315
-189
-143
-137
-185
-226
-162
-194
-371
-499
-512
-460
-399
-329
-314
-265
-115
-99
-75
-174
-267
-253
-211
-201
-203
-143
-101
-151
-239
-317
-358
-232
-158
-258
-460
-573
-572
-521
-487
-465
-498
-476
-242
-154
-146
-70
-104
-212
-331
-403
-422
-342
-295
-274
-339
-545
-631
-707
-596
-566
-652
-705
-723
-599
-494
-343
-270
-268
-346
-323
-278
-284
-315
-303
-314
-328
-285
-392
-406
-404
-405
-457
-539
-547
-614
-724
-729
-671
-551
-405
-513
-564
-505
-448
-378
-368
-311
-215
-117
-175
-298
-326
-288
-100
41
29
-10
2
18
6
-173
-242
-255
-246
-190
-174
-175
-200
-146
-158
-191
-195
-317
-350
-265
-389
-398
-485
-565
-480
-476
-429
-526
-557
-463
-352
-297
-322
-441
-513
-559
-507
-488
-555
-671
-743
-619
-480
-516
-641
-782
-845
-925
-905
-932
-852
-714
-458
-289
-370
-499
-657
-719
-600
-481
-527
-567
-485
-356
-259
-214
-272
-209
-158
-203
-196
-218
-239
-310
-235
-187
-145
-106
-181
-215
-354
-503
-682
-673
-535
-445
-426
-449
-485
-573
-627
-688
-666
-585
-528
-522
-498
-476
-536
-584
-556
-546
-446
-354
-368
-332
-271
-161
-139
-174
-256
-303
-299
-345
-351
-413
-450
-370
-206
-217
-337
-450
-589
-509
-380
-254
-179
-205
-216
-130
-6
37
94
72
16
-52
-30
62
91
80
-112
-59
-20
-3
-111
-367
-369
-150
95
147
-31
-180
-222
-158
-27
-97
-99
49
194
119
17
-29
204
431
494
361
287
370
429
287
215
368
557
690
516
339
413
578
675
535
426
483
592
620
518
370
289
389
448
480
470
428
437
428
516
618
657
648
597
518
482
525
534
504
396
388
332
239
266
266
254
348
394
384
357
271
228
214
250
257
162
117
127
138
69
35
146
352
471
502
369
316
201
173
211
296
437
514
492
369
254
197
377
532
528
532
459
496
602
680
771
750
628
522
467
516
513
567
635
693
741
727
593
442
455
487
520
458
479
483
678
797
701
614
532
579
610
602
502
448
385
416
461
443
403
397
488
500
379
390
420
520
703
740
753
748
734
761
602
527
542
616
671
589
548
563
568
474
288
227
313
376
429
416
408
502
487
433
325
309
505
610
556
504
625
727
808
735
575
567
716
907
966
941
902
879
847
706
589
534
521
791
927
955
1010
963
796
583
504
488
517
601
498
459
459
427
467
401
300
183
181
257
462
643
729
707
509
372
230
221
266
323
310
292
217
166
166
160
170
192
198
178
268
331
233
127
213
279
277
60
84
97
141
200
134
75
-26
66
26
22
42
165
272
361
367
319
233
84
-30
-49
32
203
214
41
-60
26
243
277
88
-61
-71
-129
-141
-278
-348
-317
-308
-210
-283
-397
-334
-362
-322
-230
-242
-167
-84
-137
-200
-340
-391
-337
-164
-139
-313
-451
-543
-444
-268
-233
-386
-552
-589
-431
-282
-250
-437
-482
-493
-374
-320
-482
-572
-539
-327
-329
-440
-469
-370
-229
-312
-408
-403
-336
-177
-180
-198
-239
-326
-244
-223
-109
-86
-112
-22
76
144
93
-33
-111
-46
69
191
148
15
58
-101
-226
-300
-350
-297
-260
-196
-287
-256
-176
-99
-54
-26
-18
38
59
47
-30
-90
-76
-46
-129
-183
-151
-82
13
-20
-50
-145
-144
-29
112
119
-76
-173
-319
-407
-335
-353
-377
-371
-338
-337
-276
-282
-380
-525
-621
-570
-421
-369
-441
-576
-533
-489
-418
-408
-464
-507
-502
-350
-275
-303
-454
-507
-505
-569
-707
-840
-743
-640
-569
-589
-624
-583
-438
-341
-331
-406
-440
-434
-436
-341
-221
-210
-262
-270
-300
-341
-465
-614
-631
-519
-396
-265
-302
-400
-394
-211
-132
-132
-135
31
131
10
-163
-464
-465
-374
-295
-395
-495
-551
-564
-510
-386
-331
-357
-324
-319
-263
-398
-485
-481
-373
-252
-362
-464
-551
-625
-658
-586
-564
-462
-351
-473
-434
-575
-669
-646
-586
-633
-683
-766
-652
-464
-520
-493
-529
-461
-373
-292
-211
-208
-355
-452
-522
-671
-677
-602
-562
-556
-695
-748
-803
-751
-540
-453
-441
-490
-489
-488
-621
-757
-704
-608
-521
-608
-821
-889
-683
-461
-391
-388
-444
-496
-572
-553
-475
-421
-405
-505
-512
-375
-343
-385
-465
-627
-669
-560
-576
-581
-715
-841
-841
-824
-643
-525
-494
-492
-459
-328
-295
-361
-406
-582
-549
-478
-358
-425
-436
-380
-348
-251
-275
-301
-353
-335
-358
-374
-555
-650
-696
-681
-770
-886
-894
-903
-827
-833
-713
-609
-649
-723
-668
-574
-602
-612
-555
-397
-245
-242
-252
-143
-13
-31
-133
-329
-446
-464
-472
-438
-485
-489
-457
-484
-590
-573
-591
-538
-557
-504
-427
-374
-304
-464
-476
-453
-476
-423
-515
-604
-615
-648
-502
-519
-582
-763
-775
-616
-513
-467
-469
-376
-499
-552
-567
-609
-616
-536
-325
-187
-85
-18
42
-29
-247
-386
-420
-470
-289
-232
-352
-452
-434
-417
-420
-446
-466
-432
-251
-46
94
92
-30
-117
-178
-294
-324
-279
-263
-258
-267
-326
-225
-209
-235
-303
-302
-201
-142
-236
-360
-325
-300
-316
-294
-252
-338
-356
-426
-472
-409
-281
-164
-160
-177
-186
-329
-363
-402
-427
-355
-278
-131
-83
-84
-176
-171
-127
-227
-252
-206
-194
-193
-171
-71
-1
-39
22
166
214
200
60
26
137
259
316
309
290
178
118
61
67
161
143
29
-68
-105
-91
-17
13
21
76
122
246
267
220
250
325
393
494
488
498
469
603
706
613
607
587
698
798
745
702
619
547
651
716
720
582
545
487
595
756
767
839
800
894
1032
1082
1000
871
725
821
930
1010
954
806
707
618
605
579
650
747
796
859
1047
1148
1080
780
532
443
570
646
500
531
540
597
638
643
635
721
836
845
725
680
750
791
768
730
810
799
750
664
630
591
587
555
420
260
286
371
373
315
191
35
14
45
78
67
46
73
100
260
395
539
533
460
265
256
304
265
350
235
214
190
182
272
231
210
104
-79
-134
-38
141
272
315
268
301
433
375
310
328
444
505
409
336
360
353
250
108
44
26
-15
-88
-134
-96
-80
-54
-128
-162
-165
-152
3
77
116
74
32
122
234
326
377
381
347
275
172
200
260
249
306
338
285
229
129
8
37
80
96
12
-112
-81
49
154
131
52
-75
-65
5
-10
45
37
47
50
26
37
-20
12
122
217
198
137
-12
18
135
156
222
272
362
382
342
324
295
308
329
257
164
31
62
192
228
224
255
332
465
625
646
639
596
558
610
557
434
469
623
835
1087
1325
1414
1292
1158
1144
1229
1300
1211
1054
983
1014
1056
1050
1048
994
1075
1187
1229
1128
972
973
1028
1075
1005
889
929
999
1075
1018
926
876
1024
1124
925
613
492
534
662
696
617
611
683
741
791
767
720
721
685
615
418
325
321
541
669
695
653
512
469
507
602
483
467
437
468
438
310
398
405
476
413
289
145
66
75
131
214
336
279
229
210
249
272
248
168
122
140
117
97
11
-14
61
169
279
311
365
462
518
559
483
219
38
-79
-137
-112
-92
-144
-199
-153
-90
-60
-177
-283
-315
-329
-388
-415
-305
-198
-161
-173
-175
-107
27
12
-159
-287
-281
-178
-254
-354
-397
-358
-293
-244
-156
-47
58
-20
-265
-445
-494
-502
-463
-446
-504
-406
-382
-392
-348
-423
-470
-342
-191
-185
-156
-274
-335
-445
-428
-406
-398
-284
-313
-277
-332
-379
-282
-205
-217
-351
-508
-547
-451
-481
-424
-277
-276
-299
-352
-482
-459
-298
-314
-320
-393
-435
-476
-521
-593
-701
-687
-526
-350
-365
-307
-249
-225
-257
-325
-405
-409
-420
-411
-378
-416
-543
-694
-712
-581
-477
-425
-406
-379
-447
-550
-591
-619
-519
-458
-473
-487
-435
-337
-316
-362
-430
-441
-265
-229
-203
-272
-441
-479
-342
-256
-343
-474
-516
-547
-603
-651
-810
-978
-1060
-978
-888
-814
-832
-795
-787
-860
-1000
-977
-862
-747
-891
-1087
-1233
-1305
-1212
-1099
-911
-936
-980
-935
-928
-965
-1080
-1249
-1377
-1371
-1272
-1293
-1338
-1442
-1465
-1527
-1572
-1634
-1670
-1589
-1525
-1425
-1407
-1486
-1661
-1821
-1803
-1779
-1703
-1722
-1754
-1607
-1484
-1478
-1623
-1669
-1642
-1473
-1566
-1873
-1964
-1778
-1520
-1356
-1267
-1294
-1322
-1335
-1389
-1378
-1344
-1299
-1225
-1200
-1216
-1337
-1443
-1492
-1457
-1431
-1348
-1182
-1159
-1160
-1221
-1366
-1397
-1396
-1297
-1276
-1300
-1294
-1328
-1287
-1310
-1332
-1274
-1241
-1243
-1252
-1358
-1375
-1354
-1319
-1237
-1299
-1356
-1409
-1422
-1390
-1397
-1426
-1459
-1424
-1422
-1428
-1484
-1437
-1291
-1261
-1259
-1285
-1449
-1546
-1622
-1457
-1293
-1229
-1232
-1297
-1292
-1284
-1341
-1288
-1218
-1197
-1133
-1088
-954
-1013
-997
-1009
-1105
-1077
-1209
-1323
-1349
-1331
-1265
-1230
-1176
-1060
-1057
-1104
-1286
-1408
-1435
-1302
-1174
-1114
-1212
-1422
-1407
-1369
-1333
-1438
-1532
-1517
-1469
-1397
-1239
-1190
-1164
-1092
-999
-923
-940
-939
-1048
-945
-967
-1000
-1004
-1037
-946
-897
-882
-963
-959
-965
-1106
-1201
-1225
-1272
-1155
-1063
-1028
-1033
-999
-909
-996
-1044
-947
-765
-626
-640
-660
-779
-876
-871
-802
-720
-701
-689
-709
-763
-833
-822
-794
-752
-657
-584
-580
-588
-678
-735
-724
-742
-682
-733
-717
-759
-905
-1061
-1011
-852
-749
-718
-802
-748
-672
-660
-657
-708
-803
-742
-760
-754
-794
-871
-935
-891
-651
-398
-358
-399
-386
-335
-388
-593
-673
-671
-683
-593
-587
-640
-610
-572
-484
-357
-307
-298
-253
-251
-252
-433
-510
-603
-617
-462
-351
-216
-190
-207
-251
-309
-285
-231
-231
-232
-197
-196
-234
-259
-246
-131
40
159
78
-2
-142
-181
-93
-1
126
136
145
135
162
101
43
48
-95
-162
-140
-102
-44
-45
-81
-47
-8
-75
-275
-458
-415
-440
-432
-418
-322
-184
-38
67
47
136
98
30
53
-112
-148
-171
-88
-100
-309
-358
-323
-213
-169
-96
-23
-83
-185
-241
-284
-198
-200
-241
-192
-146
-71
-119
-359
-442
-410
-215
-86
-129
-194
-260
-377
-425
-491
-521
-520
-508
-429
-417
-299
-254
-156
-60
-112
-145
-211
-292
-309
-367
-413
-300
-267
-364
-436
-538
-476
-339
-331
-418
-523
-536
-410
-310
-223
-196
-215
-232
-274
-246
-218
-279
-337
-491
-528
-338
-298
-229
-157
-193
-194
-392
-488
-441
-437
-290
-298
-296
-294
-219
-144
-164
-111
-194
-227
-191
-263
-297
-284
-210
4
58
47
39
-5
24
160
347
363
183
38
23
42
2
-27
-35
-27
65
38
30
75
81
77
121
157
150
85
-53
-104
-78
-6
-53
-199
-200
-255
-322
-264
-336
-274
-339
-371
-352
-263
-219
-270
-377
-424
-410
-419
-385
-517
-604
-636
-712
-685
-680
-628
-563
-511
-540
-564
-674
-817
-827
-794
-727
-644
-560
-555
-515
-572
-709
-746
-652
-638
-633
-677
-760
-721
-658
-502
-379
-422
-670
-851
-951
-864
-779
-905
-1039
-1020
-821
-762
-741
-658
-549
-607
-635
-641
-672
-679
-634
-665
-650
-587
-572
-585
-672
-688
-746
-768
-812
-883
-941
-811
-595
-572
-599
-690
-658
-500
-289
-164
-104
-126
-48
-7
-20
-35
-92
-76
-186
-88
126
163
173
11
-48
-19
-42
-6
-28
-6
-66
-129
-151
-262
-285
-287
-261
-203
-166
-196
-243
-339
-498
-514
-613
-602
-659
-710
-647
-540
-478
-505
-541
-476
-498
-546
-547
-574
-433
-513
-496
-443
-424
-363
-433
-473
-458
-501
-487
-506
-544
-515
-483
-460
-475
-332
-244
-311
-521
-641
-551
-550
-613
-598
-596
-561
-528
-456
-368
-336
-378
-494
-511
-427
-423
-560
-689
-756
-765
-828
-857
-906
-879
-882
-957
-1079
-1177
-1156
-1176
-1072
-1158
-1285
-1345
-1383
-1437
-1445
-1481
-1504
-1481
-1430
-1250
-1248
-1286
-1433
-1546
-1626
-1652
-1424
-1311
-1406
-1445
-1495
-1464
-1283
-1222
-1269
-1367
-1507
-1542
-1538
-1519
-1473
-1373
-1342
-1334
-1377
-1267
-1370
-1464
-1486
-1594
-1526
-1563
-1535
-1477
-1492
-1574
-1596
-1491
-1381
-1353
-1374
-1338
-1233
-1113
-1103
-1182
-1322
-1354
-1250
-1167
-1140
-1204
-1153
-1007
-909
-1006
-1060
-991
-910
-838
-916
-940
-922
-833
-729
-709
-742
-765
-746
-833
-926
-908
-838
-813
-683
-639
-726
-847
-1001
-1008
-931
-879
-718
-703
-766
-885
-849
-821
-676
-665
-761
-808
-784
-597
-558
-639
-782
-737
-707
-666
-838
-1006
-947
-798
-647
-727
-867
-908
-807
-806
-858
-906
-1003
-903
-853
-826
-916
-1063
-1134
-1116
-1125
-1135
-1067
-957
-891
-925
-964
-838
-663
-643
-650
-691
-611
-567
-662
-676
-631
-554
-544
-476
-365
-243
-194
-304
-472
-614
-470
-327
-353
-420
-537
-566
-575
-544
-534
-515
-282
-150
-337
-489
-637
-620
-534
-520
-511
-421
-269
-241
-327
-452
-377
-339
-346
-444
-550
-560
-607
-602
-736
-829
-798
-823
-880
-933
-925
-876
-852
-794
-807
-861
-798
-722
-713
-599
-597
-651
-598
-529
-561
-732
-726
-606
-392
-295
-293
-328
-402
-534
-615
-550
-506
-571
-722
-826
-855
-855
-818
-831
-874
-778
-684
-771
-845
-903
-918
-795
-805
-705
-631
-588
-552
-625
-720
-734
-730
-799
-843
-831
-767
-810
-828
-830
-733
-717
-801
-888
-946
-814
-785
-766
-870
-980
-915
-835
-803
-816
-750
-579
-443
-421
-549
-578
-453
-270
-121
-163
-257
-302
-370
-480
-440
-363
-326
-176
-176
-344
-444
-401
-382
-360
-384
-474
-418
-319
-141
47
79
40
-23
-54
-16
16
-14
-133
-124
-89
-127
-215
-293
-310
-96
174
255
184
-13
-181
-330
-383
-362
-252
-139
-79
-5
44
-17
-101
-58
-46
-39
-81
-180
-228
-159
17
118
135
142
171
239
253
232
166
246
463
543
572
462
354
318
367
452
442
370
371
447
442
384
348
343
317
272
231
191
79
59
71
49
69
-73
-126
-68
-151
-137
-92
-153
-116
-193
-304
-380
-420
-393
-354
-299
-427
-637
-590
-416
-280
-395
-466
-395
-208
-92
-218
-430
-425
-343
-283
-217
-295
-356
-400
-463
-508
-569
-685
-720
-674
-524
-508
-540
-632
-837
-871
-807
-792
-906
-918
-860
-748
-633
-576
-501
-492
-456
-488
-560
-510
-491
-498
-579
-538
-521
-516
-469
-426
-402
-184
-133
-288
-367
-493
-535
-540
-494
-510
-573
-601
-533
-550
-579
-585
