SAMPLES:	10812
BITSPERSAMPLE:	16
CHANNELS:	1
SAMPLERATE:	16000
NORMALIZED:	FALSE
150
152
153
180
189
219
210
146
76
75
5
-30
-32
-98
-85
-35
15
-27
-60
-116
-119
-8
152
247
268
230
168
92
13
-82
-134
-68
29
58
135
122
94
136
166
184
118
68
1
46
97
149
167
145
89
108
167
177
137
153
148
73
97
208
270
221
149
13
-48
-18
95
148
116
66
22
51
72
106
64
11
-8
-6
6
-44
-109
-176
-126
-63
-57
-36
-69
-33
-11
-69
-40
-7
32
-55
-61
-77
-25
23
30
61
81
84
93
94
-5
14
45
46
7
-39
-37
-8
64
110
94
61
-32
-90
-152
-127
-53
13
68
24
22
-31
-67
-72
-136
-181
-221
-115
-80
-112
-77
-14
62
69
4
-31
-20
6
12
17
10
5
-31
-71
-77
-28
7
-78
-148
-133
-51
12
-63
-162
-207
-153
-110
-98
-103
-123
-112
-83
-51
-16
3
-74
-219
-268
-224
-174
-171
-113
-162
-191
-160
-169
-150
-178
-248
-262
-291
-283
-289
-279
-293
-303
-248
-213
-222
-277
-262
-257
-200
-125
-166
-218
-303
-299
-249
-176
-104
-127
-220
-236
-253
-226
-184
-242
-201
-193
-175
-143
-149
-150
-103
-148
-199
-215
-184
-229
-304
-312
-365
-329
-242
-187
-179
-269
-284
-297
-276
-228
-289
-345
-425
-391
-354
-289
-268
-230
-201
-197
-129
-28
-34
-57
-88
-124
-130
-145
-34
-41
-20
-31
-50
-30
-48
-35
-15
49
41
-6
-49
-20
25
34
57
-45
-98
-36
-28
35
60
75
84
-16
-67
-108
-107
-70
-74
-52
-103
-66
-61
-83
-134
-170
-157
-180
-183
-126
-109
-134
-196
-183
-191
-184
-151
-232
-320
-350
-248
-149
-144
-125
-56
-84
-172
-209
-167
-141
-107
-93
-93
-55
-40
-62
-99
-76
-108
-105
-58
-71
-131
-199
-211
-131
39
5
-71
-77
-135
-170
-181
-263
-261
-209
-159
-70
-89
-122
-138
-105
-203
-266
-203
-150
-214
-195
-173
-137
-136
-162
-184
-196
-269
-269
-297
-302
-255
-239
-259
-287
-185
-173
-233
-317
-370
-239
-193
-171
-181
-221
-161
-161
-166
-148
-140
-112
-56
-84
-116
-118
-131
-233
-327
-304
-323
-357
-446
-414
-306
-290
-243
-282
-255
-224
-232
-242
-306
-339
-329
-325
-294
-260
-298
-312
-339
-342
-226
-156
-197
-275
-376
-384
-478
-468
-508
-496
-489
-512
-493
-463
-354
-411
-456
-479
-462
-467
-479
-539
-502
-484
-558
-586
-559
-459
-417
-401
-458
-502
-554
-583
-563
-563
-572
-578
-546
-553
-557
-567
-552
-493
-510
-574
-518
-442
-461
-490
-512
-476
-359
-407
-399
-380
-444
-420
-453
-402
-408
-396
-423
-491
-419
-397
-397
-341
-341
-339
-307
-328
-336
-364
-400
-435
-406
-355
-332
-240
-206
-224
-212
-216
-208
-186
-150
-74
-4
-27
-51
-82
-96
-99
-107
-41
3
-17
-50
-36
-83
-16
9
-27
-4
-45
-143
-218
-124
-114
-21
55
49
22
-31
-72
-160
-198
-152
-101
-41
36
84
90
62
-4
-46
-24
-34
-88
-149
-121
-56
0
-21
-8
27
4
-44
-108
-93
-113
-110
-158
-207
-171
-136
-135
-244
-254
-167
-156
-100
-75
-36
-85
-153
-212
-205
-190
-252
-270
-263
-173
-145
-121
-174
-134
-142
-116
-82
-66
-32
-52
9
6
57
49
14
10
-53
-45
4
23
64
66
32
40
10
-9
-21
-30
-24
-57
-88
-77
-134
-135
-63
-8
-19
4
-3
-10
-71
-82
-97
-119
-86
-31
7
-73
-111
-43
54
82
100
80
63
46
86
40
9
12
-36
37
127
221
230
202
205
199
151
106
92
161
210
290
364
320
277
282
259
283
323
269
239
222
255
271
233
168
105
131
152
169
244
271
328
424
443
428
356
344
321
330
295
255
314
318
301
325
340
376
377
353
312
196
167
104
127
159
148
184
247
335
474
424
357
294
204
194
170
157
116
82
91
142
193
277
253
339
325
333
356
287
276
153
135
94
33
117
114
94
105
24
68
45
3
-59
-86
-44
-10
4
-41
-124
-173
-138
-120
-71
-20
-28
-61
-104
-86
-62
-86
-153
-212
-234
-245
-245
-203
-152
-143
-185
-239
-222
-247
-174
-56
32
107
55
53
85
24
22
-32
18
33
55
60
64
39
24
9
-1
-2
46
88
98
140
124
71
30
-22
-52
0
17
52
24
11
24
67
110
130
166
171
221
161
135
87
88
102
103
135
157
245
287
375
344
248
208
265
391
422
382
372
356
351
317
339
386
420
410
296
273
346
404
411
456
442
406
354
346
436
471
428
353
298
340
296
287
217
252
370
434
402
373
391
342
311
408
473
450
434
330
261
320
323
333
261
247
247
294
315
307
287
235
261
245
195
231
231
262
211
178
140
132
127
175
257
165
169
200
237
281
157
45
50
130
220
206
191
226
313
375
339
210
158
63
43
89
97
82
-14
9
64
139
118
129
92
-20
-90
-88
-98
-86
-61
-61
-94
-103
-93
12
99
90
62
77
138
137
104
26
17
39
128
217
286
319
262
208
198
224
238
206
245
360
446
429
342
304
350
340
280
304
359
455
521
368
279
243
233
327
298
315
303
308
330
301
343
372
299
200
148
263
316
357
336
322
433
294
233
184
228
347
320
298
315
414
381
393
315
253
360
403
462
403
451
514
510
592
611
589
527
469
304
247
289
307
296
269
270
325
384
443
452
394
382
427
441
341
263
184
205
252
338
331
294
304
370
437
359
261
132
175
162
190
158
190
169
124
126
42
166
239
299
313
234
93
-1
-39
-72
-36
-18
23
43
63
34
-15
-2
-5
-13
-3
23
-22
-7
-22
-16
-40
-80
25
101
197
177
143
133
150
219
238
255
211
216
201
196
248
267
257
212
342
363
321
260
187
145
106
148
147
136
222
279
345
329
372
452
485
422
362
360
296
311
284
267
260
311
315
294
234
229
296
317
250
245
192
169
262
208
238
261
300
344
361
351
255
148
115
98
180
207
158
134
91
96
237
264
267
233
123
83
92
166
246
283
231
221
277
266
229
156
176
224
252
138
82
154
238
381
347
273
250
299
394
412
432
384
358
331
320
278
286
362
426
477
428
357
270
255
247
327
328
369
370
357
375
372
390
416
474
436
392
302
318
314
314
374
398
354
267
224
226
269
255
216
126
94
85
173
214
212
201
198
300
269
283
228
175
74
127
153
206
169
115
124
119
157
99
49
-45
-8
137
258
305
252
172
136
151
168
229
188
214
283
257
309
280
231
266
276
258
219
160
132
159
156
163
192
271
268
267
248
248
222
216
113
117
257
336
409
416
456
376
359
324
304
366
342
288
256
254
377
376
303
290
326
310
264
172
89
97
50
6
-46
26
54
50
13
-23
-17
74
130
162
144
148
220
253
230
195
206
239
313
367
364
321
267
223
205
153
174
229
274
332
274
268
264
336
340
305
329
310
225
237
243
247
274
379
450
433
460
472
466
503
483
447
386
321
295
273
225
178
294
309
343
392
382
342
339
432
391
316
269
253
204
157
104
85
107
172
180
229
218
210
206
129
97
115
62
62
82
29
61
136
160
188
190
159
202
237
280
280
288
332
386
378
350
337
306
371
428
476
427
384
431
423
432
515
443
412
407
367
385
379
376
332
262
263
237
257
316
377
434
418
410
383
288
232
202
254
288
375
383
368
429
413
428
408
380
325
269
262
310
388
366
418
389
358
314
308
284
310
297
273
230
221
269
276
272
159
140
220
308
346
351
340
241
174
178
170
145
88
194
258
276
250
234
216
249
275
253
242
179
127
99
122
96
177
198
252
272
245
204
178
223
294
310
324
292
237
242
223
328
402
382
369
328
438
483
492
475
469
464
433
443
427
373
291
212
235
292
323
338
303
348
360
367
349
257
181
274
325
350
361
251
233
256
274
302
312
227
298
352
375
392
389
336
321
333
342
253
213
153
104
83
28
88
72
65
139
213
260
234
215
166
76
66
87
121
204
162
162
187
243
211
152
76
33
120
223
244
182
85
82
111
90
129
151
179
133
132
170
235
270
168
112
70
66
107
224
279
245
166
97
38
119
228
179
152
161
187
144
108
128
191
279
282
305
240
261
274
205
218
234
253
274
300
232
201
187
216
199
155
141
175
209
262
214
172
116
82
132
35
-9
-40
-23
-33
-62
-55
-38
-66
-83
-32
-9
-28
-64
-35
-9
-19
-89
-145
-97
-77
-60
-38
-23
-14
19
21
68
22
-12
-2
-3
-43
-57
-98
-155
-196
-131
-79
-55
-94
-97
-69
-19
-26
-100
-123
-120
-118
-51
-159
-223
-227
-241
-228
-229
-96
-24
-71
-100
-83
-100
-44
-6
21
-14
-20
-28
18
116
61
66
161
277
304
238
237
220
234
276
237
188
176
186
118
118
45
28
22
63
95
75
108
86
33
-49
-84
-169
-132
-88
-19
-26
-121
-129
-95
-78
-119
-114
-168
-236
-312
-325
-284
-196
-186
-246
-254
-353
-381
-373
-337
-279
-249
-236
-330
-401
-447
-413
-386
-439
-464
-481
-530
-523
-469
-380
-336
-289
-344
-395
-376
-432
-449
-413
-377
-380
-333
-331
-329
-274
-253
-287
-298
-264
-206
-71
-54
-137
-129
-160
-145
-148
-161
-103
-35
34
-10
-88
-149
-114
-125
-147
-118
-111
-108
-99
-113
-209
-276
-230
-168
-107
-60
-78
-190
-376
-508
-504
-431
-384
-424
-427
-403
-347
-260
-200
-229
-286
-322
-279
-237
-234
-244
-317
-366
-399
-388
-291
-188
-128
-92
-123
-159
-194
-256
-278
-299
-343
-413
-444
-467
-387
-279
-241
-280
-311
-293
-270
-294
-391
-359
-368
-387
-452
-434
-463
-394
-305
-170
-111
-183
-165
-110
-39
-69
-138
-226
-160
-41
-1
-119
-213
-219
-185
-138
-49
5
-19
-39
-99
-123
-103
-127
-163
-184
-197
-267
-202
-99
0
67
80
-4
-109
-182
-262
-289
-241
-130
-120
-134
-127
-113
14
48
57
20
-11
1
-73
-91
-115
-140
-130
-113
-132
-101
-73
-86
-102
-156
-220
-287
-243
-111
-45
-150
-258
-320
-393
-400
-363
-406
-438
-482
-497
-472
-403
-310
-327
-340
-349
-353
-296
-285
-267
-364
-362
-417
-442
-351
-367
-353
-306
-249
-320
-298
-335
-340
-282
-256
-269
-244
-219
-250
-286
-229
-120
-171
-185
-248
-198
-151
-153
-155
-182
-195
-237
-290
-278
-219
-143
-83
-57
-67
-110
-157
-143
-105
-90
-61
-31
9
-25
-38
-113
-74
45
14
11
-145
-141
-117
-35
14
36
46
25
91
69
19
-27
-82
-157
-115
-88
-69
-5
-53
-97
-126
-151
-150
-148
-152
-102
-132
-236
-252
-220
-195
-239
-310
-336
-340
-292
-243
-157
-178
-241
-149
-106
5
84
1
-113
-132
-91
-53
-93
-72
-143
-229
-170
-152
-110
-146
-170
-189
-225
-201
-238
-287
-308
-317
-351
-346
-383
-432
-431
-393
-289
-285
-302
-281
-244
-246
-243
-233
-233
-148
-131
-78
-86
-188
-239
-199
-149
-166
-175
-177
-180
-177
-211
-165
-81
-115
-228
-302
-270
-163
-172
-218
-275
-169
-35
1
-40
-141
-219
-269
-162
-94
-107
-140
-229
-312
-335
-317
-263
-248
-240
-218
-254
-299
-326
-318
-330
-353
-379
-368
-267
-295
-315
-335
-364
-322
-279
-228
-164
-250
-239
-267
-299
-304
-235
-184
-167
-21
12
47
-2
-10
-10
-47
28
29
14
-16
35
88
76
51
17
-11
-91
-100
-79
-76
-91
-101
-62
43
80
75
22
-42
-22
84
154
119
86
179
262
301
307
155
97
64
34
3
-46
54
119
168
160
94
66
2
84
154
176
121
35
27
-38
89
127
79
10
-2
58
42
68
41
13
16
51
104
102
56
58
101
117
175
155
122
149
138
186
235
255
166
180
216
231
255
196
125
18
-23
5
63
136
186
233
183
177
163
86
85
103
104
42
52
58
25
48
92
97
87
59
-57
-5
63
53
24
4
40
115
260
243
252
189
137
181
125
185
157
108
137
76
54
27
103
147
183
153
113
149
170
246
242
205
184
174
185
189
131
95
116
216
313
275
161
101
60
120
160
144
104
117
155
160
182
209
237
215
160
217
278
355
355
254
183
208
204
225
227
144
226
225
212
272
253
261
191
39
9
55
127
186
181
116
93
78
92
102
28
-12
-72
-14
27
56
-40
-86
-79
92
277
314
301
154
144
203
310
333
323
239
182
268
366
395
394
246
152
188
267
302
221
216
194
244
262
232
159
105
135
168
194
158
157
121
100
161
140
104
95
77
118
112
22
-43
-45
28
87
48
87
87
71
61
2
-53
-85
-57
-35
-43
1
-32
-109
-137
-94
-84
-154
-156
-296
-366
-306
-251
-257
-247
-278
-274
-186
-147
-121
-129
-73
-32
41
17
-47
-165
-228
-188
-87
-76
-125
-137
-113
1
8
21
-41
-65
24
101
41
-21
-47
-19
43
8
-5
-15
49
125
76
-40
-140
-197
-133
-120
-116
-77
-175
-87
-140
-157
-139
-201
-155
-33
20
85
81
0
-50
-67
-99
-57
-7
33
52
47
56
3
75
87
76
68
91
118
83
-18
-34
33
82
0
-36
-18
63
79
-29
-64
-88
-80
-86
-83
-77
-138
-208
-261
-236
-181
-211
-222
-269
-266
-271
-279
-333
-354
-357
-312
-220
-232
-230
-208
-203
-155
-152
-203
-260
-376
-393
-418
-414
-372
-385
-324
-288
-348
-434
-402
-311
-268
-236
-224
-205
-138
-132
-147
-164
-263
-262
-208
-185
-172
-232
-329
-340
-277
-167
-200
-284
-348
-374
-306
-221
-193
-235
-253
-262
-192
-216
-205
-215
-252
-311
-230
-168
-213
-274
-292
-314
-394
-486
-547
-500
-462
-427
-378
-365
-344
-428
-484
-475
-505
-522
-526
-532
-475
-353
-375
-473
-499
-531
-507
-475
-466
-494
-501
-552
-610
-607
-552
-527
-475
-502
-522
-563
-562
-545
-468
-407
-419
-398
-490
-534
-559
-558
-593
-551
-516
-572
-599
-683
-618
-573
-649
-688
-704
-631
-631
-662
-647
-601
-533
-577
-600
-597
-655
-674
-681
-699
-639
-574
-563
-528
-569
-646
-613
-614
-531
-506
-536
-605
-657
-615
-558
-590
-619
-639
-668
-652
-578
-591
-585
-613
-600
-587
-634
-632
-630
-617
-610
-623
-643
-641
-597
-696
-762
-787
-688
-632
-600
-650
-730
-729
-755
-675
-713
-679
-743
-742
-663
-735
-756
-814
-754
-660
-642
-717
-771
-853
-905
-872
-870
-863
-887
-877
-843
-780
-731
-717
-700
-799
-816
-849
-908
-908
-940
-966
-1022
-1047
-995
-1053
-1078
-1076
-1069
-989
-986
-1078
-1171
-1163
-1150
-1132
-1106
-1018
-965
-928
-907
-956
-926
-917
-876
-869
-912
-902
-905
-847
-852
-837
-742
-751
-703
-665
-753
-786
-814
-761
-726
-728
-754
-848
-825
-732
-716
-724
-904
-987
-836
-761
-743
-835
-905
-812
-774
-819
-903
-979
-989
-883
-859
-861
-780
-809
-795
-812
-810
-769
-752
-764
-727
-697
-718
-716
-779
-862
-882
-884
-927
-880
-918
-970
-1008
-1110
-1200
-1203
-1205
-1244
-1282
-1224
-1181
-1213
-1230
-1308
-1319
-1335
-1280
-1247
-1264
-1314
-1391
-1399
-1325
-1247
-1109
-1117
-1170
-1200
-1239
-1241
-1208
-1191
-1258
-1246
-1214
-1206
-1107
-1089
-1053
-984
-894
-835
-753
-721
-718
-741
-740
-707
-596
-538
-571
-529
-541
-466
-357
-310
-273
-328
-290
-271
-183
-103
-53
-8
-85
-51
-18
-41
-22
-32
-59
-58
-15
-6
14
12
-28
-75
-124
-192
-230
-237
-224
-242
-362
-503
-565
-672
-727
-838
-970
-1072
-1249
-1288
-1395
-1502
-1616
-1716
-1841
-2000
-2048
-2143
-2267
-2398
-2531
-2704
-2847
-3038
-3167
-3197
-3153
-3206
-3338
-3450
-3461
-3391
-3325
-3327
-3360
-3390
-3355
-3275
-3137
-3040
-2910
-2776
-2689
-2581
-2403
-2127
-1922
-1767
-1614
-1450
-1241
-983
-756
-467
-181
11
157
365
600
828
956
1097
1277
1442
1627
1682
1754
1845
1927
1994
2015
2021
2088
2072
2027
2005
1961
1950
1821
1622
1508
1487
1420
1266
1120
998
913
855
792
705
574
407
210
-18
-284
-545
-747
-884
-992
-1155
-1321
-1638
-1917
-2181
-2415
-2641
-2840
-3131
-3415
-3675
-3926
-4222
-4505
-4838
-5074
-5180
-5327
-5501
-5798
-6046
-6193
-6055
-5636
-5265
-5075
-5359
-5728
-5586
-4969
-4240
-3891
-3918
-3964
-3642
-2921
-2111
-1576
-1551
-1766
-1701
-1235
-497
86
266
280
423
888
1501
1875
1892
1659
1575
1686
1979
2220
2132
1737
1415
1448
1710
1847
1679
1247
879
902
1176
1316
1250
811
346
90
25
119
-53
-371
-672
-784
-714
-711
-852
-1054
-1268
-1402
-1430
-1465
-1510
-1714
-1845
-1816
-1764
-1688
-1689
-1747
-1899
-1996
-2014
-1946
-1793
-1741
-1799
-1956
-1866
-1643
-1290
-1050
-984
-994
-959
-701
-462
-164
44
63
112
211
423
565
728
730
635
646
759
971
1069
1038
937
754
638
595
509
425
293
40
-162
-260
-400
-532
-666
-832
-1018
-1247
-1508
-1750
-2061
-2313
-2556
-2744
-2922
-3107
-3350
-3603
-3757
-3724
-3762
-3831
-3945
-4000
-3897
-3744
-3743
-3773
-3753
-3612
-3392
-3198
-3113
-3099
-2991
-2753
-2439
-2151
-1914
-1875
-1769
-1565
-1231
-928
-686
-445
-231
97
429
669
681
775
947
1216
1481
1658
1766
1826
1927
2019
2245
2449
2571
2636
2560
2467
2432
2536
2579
2484
2445
2380
2414
2469
2450
2303
2017
1793
1720
1621
1449
1224
959
740
600
418
177
-140
-574
-890
-979
-1133
-1481
-1969
-2360
-2665
-2952
-3175
-3455
-3806
-4149
-4527
-4851
-5097
-5455
-5816
-6188
-6482
-6664
-6544
-6377
-6151
-6114
-6132
-6005
-5803
-5545
-5321
-5006
-4669
-4356
-4051
-3731
-3294
-2793
-2345
-1994
-1705
-1295
-857
-410
-34
276
664
957
1176
1497
1893
2231
2469
2467
2471
2636
2788
2826
2757
2654
2609
2533
2484
2387
2224
2027
1863
1749
1757
1757
1607
1378
1193
1118
1044
841
586
300
71
8
-31
-96
-309
-522
-663
-724
-743
-847
-986
-1073
-1139
-1149
-1156
-1238
-1395
-1584
-1684
-1593
-1311
-1107
-1064
-1061
-907
-535
-230
-173
-272
-248
-38
354
685
859
893
806
928
1292
1765
2004
1949
1751
1796
2076
2311
2377
2280
2175
2210
2353
2469
2379
1995
1616
1437
1380
1308
1005
514
42
-262
-500
-752
-1133
-1692
-2234
-2656
-2905
-3032
-3201
-3504
-3884
-4194
-4277
-4356
-4570
-4786
-4877
-4735
-4491
-4349
-4378
-4353
-4156
-3792
-3441
-3395
-3347
-3258
-2952
-2400
-1942
-1769
-1781
-1622
-1299
-850
-363
-107
-109
-109
163
650
1075
1130
1074
1067
1155
1498
1772
1830
1738
1559
1533
1708
1969
2111
2002
1875
1854
1944
2115
2128
1943
1706
1692
1840
2141
2219
2118
2024
1969
2133
2309
2394
2197
1970
1983
2151
2300
2343
2172
2047
2009
2017
1995
1932
1747
1571
1492
1458
1513
1385
1094
870
741
660
563
365
40
-217
-408
-543
-702
-1010
-1442
-1847
-2161
-2334
-2609
-2971
-3498
-3835
-4072
-4190
-4371
-4541
-4227
-3614
-3198
-3627
-4601
-5164
-4471
-3105
-2274
-2562
-3462
-3482
-2519
-1088
-92
-66
-702
-1306
-1064
77
1370
1737
1050
279
429
1637
2870
3064
2247
1297
1204
2060
3172
3580
2824
1687
1155
1732
2810
3258
2522
1343
662
1016
1919
2458
2057
1021
278
383
1091
1653
1462
713
77
148
779
1341
1311
776
240
114
461
925
997
714
285
196
471
856
990
783
627
681
1069
1416
1481
1289
1244
1510
1945
2169
1976
1772
1891
2464
2980
3158
2977
2686
2630
2931
3370
3523
3321
3072
2983
3157
3458
3460
3067
2472
2023
2042
2229
2119
1574
901
522
485
380
8
-793
-1753
-2439
-2703
-2722
-2780
-3154
-3597
-3834
-3701
-3550
-3614
-4005
-4460
-4555
-4178
-3523
-3182
-3207
-3505
-3419
-2806
-2089
-1611
-1589
-1795
-1740
-1247
-452
286
481
290
191
588
1383
2021
2196
1948
1781
2099
2660
3151
3247
2854
2504
2543
2919
3357
3441
3102
2716
2713
3078
3514
3597
3123
2561
2338
2592
2902
2992
2731
2273
2136
2337
2653
2767
2516
2165
1812
1782
2101
2347
2449
2277
2080
1996
2194
2390
2501
2490
2387
2330
2313
2474
2528
2607
2530
2432
2372
2353
2497
2591
2650
2545
2530
2518
2489
2566
2553
2392
2045
1714
1552
1413
1228
918
475
77
-161
-307
-675
-1237
-1914
-2601
-3127
-3386
-3568
-3775
-3638
-3156
-2696
-3085
-4161
-4906
-4441
-3009
-2074
-2353
-3465
-3962
-3166
-1617
-364
-148
-875
-1857
-1928
-550
1355
2196
1377
36
-70
1457
3206
3767
2875
1555
1043
1757
3209
4267
4003
2630
1472
1812
3265
4200
3671
2196
1174
1465
2584
3508
3461
2442
1231
781
1593
2885
3377
2446
1147
665
1424
2505
2847
2265
1350
824
946
1633
2250
2280
1589
888
935
1706
2390
2283
1658
1284
1577
2273
2769
2785
2533
2386
2624
3102
3560
3509
3232
3056
3358
4024
4403
4247
3756
3592
3772
4145
4329
4178
3870
3700
3738
3895
3843
3414
2793
2341
2213
2285
2089
1504
704
57
-377
-756
-1234
-2040
-2860
-3550
-4012
-4039
-3632
-3195
-3361
-4382
-5588
-5979
-5043
-3676
-3114
-3773
-4914
-5048
-4037
-2567
-1598
-1647
-2425
-3329
-3072
-1453
517
1196
263
-867
-602
1090
2703
3048
2245
1250
996
1780
3190
4210
4056
2839
1886
2278
3725
4676
4106
2699
1792
2088
3230
4138
4084
3150
1970
1545
2330
3553
4041
3221
1923
1283
1810
2876
3536
3054
1987
1249
1342
2115
2762
2707
1965
1192
1015
1626
2555
2980
2635
1907
1446
1828
2754
3479
3559
3180
2753
2768
3262
3783
3938
3645
3225
3188
3589
4202
4430
4110
3587
3227
3330
3783
4027
3822
3232
2597
2262
2277
2318
1995
1315
575
6
-475
-894
-1525
-2361
-3128
-3638
-3769
-3554
-3036
-2681
-3197
-4419
-5515
-5355
-3876
-2560
-2613
-3802
-4600
-4033
-2685
-1449
-936
-1194
-2017
-2603
-2051
-252
1386
1364
-19
-919
-81
1927
3374
3202
2001
1058
1068
2092
3457
4093
3419
1930
1269
2214
3849
4417
3346
1807
1278
2032
3214
3851
3514
2368
1186
1002
1866
3036
3265
2329
1234
1051
1888
2734
2669
1913
1187
958
1364
2001
2547
2406
1566
807
735
1499
2144
2172
1739
1543
2009
2667
2983
2693
2377
2505
3075
3719
4038
3831
3343
3114
3386
3881
4244
4237
4003
3909
4072
4306
4305
3992
3513
3225
3278
3479
3486
3070
2383
1813
1439
1339
1086
439
-513
-1499
-2302
-2940
-3505
-4090
-4643
-4866
-4376
-3672
-3681
-4949
-6599
-7001
-5553
-3641
-3101
-4231
-5646
-5749
-4404
-2586
-1631
-1718
-2830
-3828
-3445
-1487
773
1481
215
-1390
-1315
636
2863
3698
2736
1308
480
1066
2687
4096
3944
2374
857
1069
2810
4276
4025
2185
537
310
1569
3098
3735
2994
1358
210
503
2032
3228
2853
1265
98
321
1576
2661
2611
1638
482
-33
492
1637
2502
2230
1052
64
72
924
1663
1594
946
617
1109
2074
2784
2774
2253
1834
1985
2624
3287
3485
3239
2790
2674
2892
3402
3631
3524
3338
3388
3654
3724
3517
3125
2919
2992
3183
2874
2185
1428
1077
835
91
-1773
-4234
-6070
-6622
-6448
-6655
-7321
-7321
-5651
-3292
-3383
-7054
-11520
-11599
-6031
466
1856
-2248
-6589
-6129
-2175
672
292
-1517
-2223
-1447
437
2671
4030
2453
-1345
-3850
-2131
2037
4543
3994
2441
1511
354
-1369
-2016
-416
1283
716
-1223
-1347
896
2407
798
-2342
-4136
-3237
-739
1934
3622
3422
1419
-807
-1173
549
2524
3132
3054
3412
4515
5051
4483
3420
2627
2053
1803
2520
4245
5775
5361
2961
177
-1096
-684
298
1034
1231
1470
1844
2386
2312
1593
525
125
1158
3381
5557
6297
5294
3602
2669
2640
3090
3437
4066
4847
5239
4607
3474
2476
1668
755
-41
-196
470
980
339
-1624
-4152
-6486
-8460
-10399
-12294
-13707
-14425
-14742
-14149
-11261
-5656
-1098
-3214
-11233
-16953
-12087
-39
7914
5973
94
-463
4507
7168
4234
1526
4128
8287
7040
2010
1116
6419
9429
3216
-6874
-10152
-3862
3042
3286
-1588
-5448
-6170
-6256
-7312
-8078
-7138
-5319
-4116
-3721
-2888
-1202
551
658
-1356
-3832
-3533
1052
7269
10175
7809
3627
2371
4329
5800
4808
3276
3856
5490
5508
3676
2410
2465
1713
-1366
-4724
-4882
-1472
1552
1064
-2321
-5107
-5643
-4573
-4022
-4213
-3802
-2415
-584
572
1860
3610
5896
6727
5836
4625
5911
9560
12851
12952
10136
7542
7357
8320
8013
6374
4685
4246
4089
3119
1351
139
-79
-1020
-3092
-5333
-5345
-3639
-2884
-4643
-7568
-9378
-9572
-10019
-12226
-15063
-16787
-16833
-16164
-14540
-10260
-3191
2635
2204
-4346
-10089
-7976
691
7371
7328
4210
4617
8649
10397
6948
2846
2408
3369
803
-3933
-4053
2108
6705
2575
-7414
-13553
-11373
-6514
-5546
-7951
-8819
-6492
-4120
-4164
-5149
-4838
-3638
-3409
-4053
-3070
968
6457
9568
8274
4292
1633
2735
5841
7430
6046
4109
4579
6431
6749
4450
1418
-278
-1367
-3273
-5109
-4272
-909
1147
-812
-4970
-6987
-5510
-3554
-3805
-5377
-5358
-2979
-203
1018
1033
1036
1435
1444
1419
3061
6935
11087
12592
11107
9044
8925
10141
10433
8492
6003
5036
5677
6251
5614
4091
2428
592
-1796
-3896
-4535
-3266
-1815
-2038
-3654
-4909
-4676
-3963
-4850
-7227
-9453
-10252
-10313
-11387
-13199
-14908
-14872
-13954
-11403
-6618
172
4624
3254
-2720
-6477
-3276
3479
6774
4642
2272
4133
8179
8891
5998
3700
3179
758
-5742
-10505
-7782
-60
3130
-1863
-9029
-10541
-6873
-4761
-6999
-10077
-10105
-7675
-5348
-3400
-589
2618
3106
1007
-1359
-865
2396
5683
6842
5711
4363
4821
7343
9483
8575
4536
616
-447
844
1722
1076
295
-10
-463
-2359
-4190
-4082
-2782
-2777
-5100
-6868
-5540
-1693
833
498
-1111
-1650
-822
26
480
950
2041
3348
4509
5953
8125
10472
11540
10495
8321
6864
6904
7756
7876
6775
5195
4174
3881
3654
2791
1138
-758
-2439
-3550
-4031
-3661
-2694
-1944
-2230
-3533
-4533
-4610
-4325
-5227
-7450
-9923
-11668
-12719
-14153
-15643
-16832
-16366
-12803
-6612
1158
5303
3687
-1807
-4885
-2069
3013
4433
1880
436
3451
7593
8122
6703
6558
7009
2512
-7180
-13582
-10360
-1841
708
-4858
-10450
-8877
-2847
-684
-4132
-8312
-9471
-8617
-8132
-6607
-2084
3054
5305
3865
2268
3521
6420
7957
6352
2913
428
1268
5131
8941
9323
6000
2527
1792
2726
2047
-804
-3419
-3873
-3525
-4133
-4415
-2371
839
1459
-1474
-4578
-4267
-1582
-144
-1365
-2772
-1931
733
3154
4089
4438
4770
4983
4787
4776
5712
7692
9559
10025
9153
8103
8295
9093
9011
6955
3873
1846
1455
1738
1396
194
-858
-1300
-1634
-2217
-2702
-2590
-2237
-2743
-4258
-5604
-5431
-4489
-4667
-6749
-9640
-11710
-13008
-14660
-16705
-18622
-18128
-13975
-6632
1120
4984
3827
88
-1053
1706
4753
3724
131
-1497
910
3884
4869
5757
8044
9053
3614
-5844
-10942
-7621
-2423
-4262
-11615
-15428
-10729
-3269
-582
-2689
-4725
-4741
-4865
-6053
-5892
-2817
338
672
-762
337
5132
10198
11773
9225
5473
2984
2945
4283
4903
3082
-72
-1450
472
3517
4169
2202
-111
-1301
-2669
-4901
-6147
-4861
-2881
-3294
-5354
-5037
-863
3698
4296
1467
-695
-101
1635
1852
987
1051
2562
4305
5517
7311
9990
12517
12651
10238
7456
6460
6953
6770
4825
2271
1194
1923
3110
3261
2345
931
-262
-1635
-3203
-4335
-4576
-4102
-4171
-4948
-5523
-4810
-3364
-3323
-5682
-9187
-12048
-13954
-16066
-19021
-21873
-20976
-15347
-5551
2980
6325
4123
1193
2153
6287
8032
4517
-567
-2451
-619
686
1826
5055
10199
10218
1964
-7130
-7658
-537
1850
-6633
-18003
-19920
-11755
-4287
-3820
-6306
-5613
-2812
-1901
-2671
-1015
2580
3212
-1179
-5427
-3245
4039
9547
9115
5368
3659
5583
8907
10239
7712
2548
-2216
-3749
-2050
-402
-821
-2477
-3039
-2233
-1895
-2043
-1254
37
-860
-4745
-7698
-5972
-1226
1143
-940
-3223
-1394
3136
5789
5043
3663
4344
5972
6573
6339
7417
9746
10846
9366
7021
6771
8494
9104
6824
3360
1279
1285
1441
351
-1409
-2455
-2732
-3109
-3662
-3773
-3037
-2186
-2361
-3384
-4501
-5006
-5172
-6421
-9169
-12534
-15286
-16871
-17895
-19275
-19568
-16353
-8937
-210
5050
5042
2507
2271
5267
8231
7127
3179
130
-375
-194
260
2729
6965
8204
2683
-4943
-6356
-792
2780
-2809
-12817
-17269
-13391
-8145
-7216
-8338
-7297
-4922
-4284
-3799
99
5906
7233
2269
-2816
-1171
5294
8619
5933
1649
1468
4941
7965
8705
7962
6320
3405
307
-853
168
647
-1715
-5424
-7283
-5958
-3011
-756
-283
-1322
-2769
-2839
-774
1614
1898
-124
-1823
-1272
793
2180
2483
3162
4620
6012
7043
8714
11413
13253
12647
10133
8265
8099
8073
6111
3138
1285
1256
1662
1130
179
-81
165
-476
-1991
-3082
-2948
-2588
-3393
-5042
-5952
-5495
-4949
-5718
-7660
-9577
-11361
-13511
-16451
-18976
-19724
-17392
-12565
-6090
-474
2502
2695
2741
5266
9352
11474
9253
4808
1451
781
974
1873
2870
2855
-586
-5566
-6886
-2289
2755
1107
-6515
-11952
-10326
-5823
-5141
-8492
-11041
-10503
-8793
-6833
-2904
2700
5727
3872
1114
3494
9951
13135
9195
2653
360
3086
5702
5150
3076
1968
1515
860
1038
2816
4299
2640
-1560
-4301
-3330
-1166
-1344
-4204
-6621
-6476
-4124
-1341
683
1554
1808
2249
3684
5508
6251
5477
3928
3285
3677
4669
5924
7116
8084
8791
9651
10975
12069
11826
9928
7462
5806
4959
3672
1421
-875
-2025
-1907
-1652
-1825
-1926
-1512
-950
-862
-919
-927
-1025
-2184
-4063
-6038
-7391
-9133
-12127
-16064
-19212
-20697
-20336
-17668
-12427
-4533
2116
5344
4241
3979
6727
11632
12937
9525
4079
850
469
1000
1853
2669
2020
-2242
-6952
-6588
-229
4617
1538
-6684
-10639
-7194
-2521
-3387
-8511
-12009
-11725
-9669
-7014
-2659
2025
3656
1886
1847
7251
14074
15020
9208
3314
2912
6140
7003
4097
526
-1106
-1281
-738
925
3347
3747
1123
-1683
-959
2237
3307
95
-4442
-6367
-4972
-2865
-2245
-2626
-2563
-1193
1402
4443
6813
7609
7153
6683
7219
8399
9167
8824
7840
7031
7323
8373
9171
8861
7479
6048
5465
5410
4947
3566
1607
38
-768
-1289
-2260
-3382
-4050
-3954
-3488
-3307
-3119
-2859
-2641
-3281
-4701
-6837
-9609
-12953
-16587
-19385
-20694
-19612
-16231
-10231
-3690
1301
2919
3926
7020
12691
16698
15626
10925
6245
4348
3672
3196
1929
-459
-5313
-10251
-10787
-5167
758
461
-5233
-8402
-4650
1046
1632
-3252
-8006
-9292
-8655
-7699
-5704
-2874
-1645
-2617
-2007
3920
11877
15060
11862
7800
8421
11975
12714
8869
3650
268
-1723
-3168
-3587
-2558
-2248
-3830
-5025
-2535
2488
5146
3377
264
-155
1541
2134
138
-2497
-3646
-3173
-2305
-1028
866
2842
4388
5884
8260
10932
12796
12978
12206
11606
11178
10127
8017
5509
3737
2886
2368
1488
467
65
708
1901
2717
2585
1555
668
230
-64
-991
-2908
-4954
-6343
-6658
-6899
-7825
-9968
-12728
-15185
-16661
-17248
-16534
-14576
-10414
-4630
728
2977
2232
2534
6223
12107
14439
12242
7490
5117
5249
6593
7063
5354
603
-6058
-10041
-7514
-1682
-133
-5716
-11783
-10560
-3598
1007
-1011
-5702
-7683
-6744
-5297
-3798
-1471
-118
-1570
-3523
-773
6836
12424
10855
5658
4436
8894
13092
11823
7054
3375
2150
1472
377
-431
-1249
-3378
-5818
-5702
-2185
1048
523
-2376
-2939
-54
3002
2986
866
-362
226
1310
1755
1987
2414
2874
3491
5008
7704
9974
10643
10247
10452
11957
12776
11463
8611
6202
5140
4375
2594
217
-1338
-1457
-900
-429
-214
-47
177
327
588
722
271
-1230
-3297
-5158
-6765
-8636
-11635
-15521
-19100
-21198
-20726
-17888
-12761
-6393
-843
2028
2428
4242
9223
15827
18284
15447
9844
6577
6569
7451
7000
3977
-1708
-8367
-11717
-8753
-2878
-1257
-5910
-10660
-8509
-1236
3100
776
-4117
-6260
-5765
-4955
-4223
-2847
-2291
-4414
-6222
-2825
5308
11107
9731
5225
5217
10653
15176
13887
8948
5168
3785
2645
840
-849
-2411
-5012
-7419
-7050
-3516
-484
-856
-2882
-2575
778
3636
3507
1377
-22
329
1492
2146
2038
1270
891
1958
4796
7919
9421
9087
8799
10163
12295
13217
11724
9088
6799
5539
4429
2818
675
-1422
-2838
-3143
-2488
-1424
-966
-1061
-1064
-179
1058
1087
-476
-2591
-4164
-5256
-7335
-10785
-14939
-18615
-21032
-21552
-19373
-14119
-7078
-1458
625
536
3152
9798
17148
19285
15867
10444
7826
8180
8934
7806
3688
-3182
-10136
-12516
-8580
-3438
-3609
-9222
-12797
-8590
-632
3114
515
-3647
-5036
-4293
-3163
-1976
-860
-1901
-5628
-7449
-2875
5299
9214
6298
2427
4517
11194
15344
13760
9440
6673
5668
4552
2992
1337
-1202
-5235
-8571
-8107
-4460
-2073
-3186
-5462
-4509
-437
3172
3730
2249
1173
1503
2594
3171
2901
1869
1217
1853
4078
6417
7688
7787
8013
9507
11404
12341
11341
9528
7636
6403
5383
3934
1811
-695
-2653
-3192
-2461
-1714
-1965
-2686
-2394
-749
738
575
-1002
-2421
-3122
-3947
-6393
-9831
-13845
-17215
-19784
-20184
-18018
-12971
-7140
-2888
-1419
-734
2945
9771
16601
18290
15392
11117
9733
10431
10927
9013
4200
-2968
-9616
-11742
-8369
-4653
-6059
-11468
-13402
-8113
-543
2264
-227
-3178
-3219
-2002
-1075
-154
635
-906
-4830
-6393
-2008
4935
7226
3598
605
3812
10481
13654
11638
8262
7021
6814
5663
3767
2031
-221
-3984
-7084
-6855
-4107
-2909
-4822
-6795
-5338
-1240
1812
1876
718
834
2517
4078
4467
3711
2966
3081
4150
5598
6424
6458
6310
6935
8354
9694
9766
8643
7178
6337
6051
5369
3702
1122
-1072
-2028
-1750
-1401
-1986
-3263
-3785
-2743
-1037
-368
-1461
-3028
-3788
-3939
-5054
-7637
-11277
-14714
-17627
-19223
-18827
-15724
-10496
-5625
-2608
-2136
-370
4105
11309
16154
16345
12975
9907
9750
11089
11469
8844
2792
-4730
-9817
-9419
-5667
-4539
-8544
-13257
-12267
-5759
-65
599
-1838
-3287
-2781
-1847
-415
1312
1578
-1604
-5343
-4507
1449
6409
5327
1150
553
5534
10906
11830
9461
7546
7160
6805
5778
4587
3009
-257
-4308
-6295
-4785
-2659
-3409
-6246
-7340
-4674
-960
720
73
-670
414
2469
4008
4189
3720
3353
3941
5116
6136
6236
5559
5091
5693
7272
8296
7904
6382
5097
5000
5393
4931
3095
751
-711
-658
66
21
-1269
-2857
-3132
-2029
-1002
-1273
-2678
-3904
-4313
-4733
-5953
-8471
-11500
-14530
-17092
-18618
-18011
-15217
-10496
-5911
-2929
-2437
-1414
2400
9290
14691
15301
12142
9020
8989
10693
11460
8981
3256
-3998
-8900
-8686
-5310
-4507
-8655
-13536
-12850
-6723
-1126
-369
-2572
-4006
-3474
-2141
-187
1794
1859
-1487
-5028
-3731
2157
6371
4535
18
-421
4414
9299
9997
7856
6358
6345
6078
5483
4944
3798
723
-3407
-5175
-3806
-2192
-3504
-6577
-7616
-5314
-2148
-1007
-1709
-2036
-560
1710
3001
3237
3268
3785
4850
5934
6436
6316
5840
5499
5978
6993
7682
6959
5343
4142
4210
4720
4111
2121
-183
-1195
-874
-152
-403
-1700
-2759
-2604
-1674
-1144
-1808
-3083
-3932
-4316
-5068
-6666
-9034
-11700
-14467
-16942
-18272
-17740
-15385
-11153
-6462
-2843
-1866
-1456
1572
8127
14322
15801
12706
9003
8663
10666
11923
9771
4082
-3192
-8475
-8895
-5707
-4424
-8028
-13252
-13550
-8008
-2092
-631
-2667
-4401
-4101
-2576
-301
1802
1857
-1416
-5025
-4050
1427
5546
3840
-650
-1236
3341
8231
9138
7167
5785
5674
5713
5486
5350
4300
1107
-2807
-4457
-2936
-1653
-3367
-6700
-7559
-5033
-2021
-1200
-2190
-2578
-1085
1068
2269
2335
1993
2199
3003
4423
5699
6249
5579
4778
4988
6314
7346
6733
4923
3500
3545
4234
4128
2549
425
-827
-724
-147
-86
-1068
-2193
-2327
-1525
-837
-1324
-2642
-3763
-4153
-4452
-5224
-7022
-9412
-12107
-14634
-16457
-17557
-17547
-16171
-11889
-6207
-1436
-1123
-2272
-420
6687
14016
15874
12037
7486
6928
9546
11801
10549
5294
-2297
-8272
-8700
-4719
-2754
-6727
-13175
-14272
-8586
-1911
-117
-2336
-4586
-4485
-2903
-143
2525
2647
-1206
-5431
-4337
1933
6463
4416
-768
-1816
2790
7897
8911
6972
5223
4804
4802
5220
5723
4786
1176
-2964
-4054
-1987
-564
-2686
-6391
-7523
-5118
-2097
-1452
-2473
-3054
-1903
161
1748
2501
2624
2835
3456
4722
5795
6108
5448
4837
5193
6299
6874
5984
4477
3709
4008
4214
3383
1605
56
-313
56
238
-340
-1504
-2279
-1998
-1255
-944
-1747
-3108
-3836
-3850
-3856
-4667
-6518
-9016
-11494
-13507
-15348
-16993
-18054
-16937
-11895
-5302
-901
-1943
-3988
-1873
6436
14390
15986
11500
6610
6377
9807
13107
12237
6145
-2852
-9077
-8340
-3078
-1193
-6490
-13769
-14607
-8109
-1068
526
-2095
-5092
-5648
-3762
203
3696
3116
-2108
-6466
-4032
3319
7402
3951
-1805
-2488
2557
7614
8553
6614
4760
4017
4115
5584
6869
5753
1330
-2910
-3260
-642
369
-2556
-6490
-7335
-4605
-1786
-1365
-2652
-3324
-2205
-138
1652
2350
2319
2369
3205
4800
6095
6180
5129
4334
4829
6280
6844
5690
3964
3387
4250
4875
3918
1783
195
98
954
1442
876
-276
-1145
-897
-13
207
-888
-2679
-3929
-3984
-3539
-3897
-5627
-8150
-10305
-11934
-13166
-15166
-17296
-18446
-15915
-9462
-2692
-136
-3004
-5073
-1074
8710
15627
14982
8749
4476
5922
10668
13638
11418
3847
-5249
-9735
-6471
-862
-850
-8290
-14997
-13406
-5470
483
434
-2804
-5419
-5458
-2997
1484
4541
2353
-3983
-7018
-2143
5696
7726
2458
-2595
-1246
4450
8318
8108
6281
4845
4108
4486
6355
7529
5161
-214
-3817
-2485
806
744
-3383
-7075
-6642
-3357
-1188
-1978
-3814
-4211
-2521
81
2131
3052
3133
2842
3164
4482
6055
6396
5112
3687
3960
5528
6179
5077
3487
3181
3887
4030
2992
1694
1072
1215
1454
1343
1021
325
-316
-450
-304
-464
-1489
-3028
-3969
-4191
-4144
-4808
-6342
-8322
-10080
-11508
-12963
-15085
-16969
-17254
-13950
-7493
-1547
-265
-3307
-4675
376
9767
15367
13548
7273
4027
6183
11116
13672
10962
3081
-5684
-9026
-4935
288
-1058
-8878
-14571
-12014
-4587
291
77
-2698
-5162
-5838
-3405
1711
5052
2141
-4540
-6769
-985
6301
7030
1642
-2270
-324
4455
7490
7750
6816
5251
3700
3950
6475
7943
5195
-353
-3444
-1925
805
232
-3505
-6310
-5762
-3341
-2032
-2568
-3608
-3637
-2419
-696
909
1664
1802
1777
2762
4610
6186
5913
4492
4013
5265
6773
6419
4520
3085
3427
4341
4141
2597
857
-12
192
780
1178
717
-410
-1115
-700
423
840
-457
-2459
-3604
-3356
-2908
-3614
-5695
-7931
-9439
-10390
-11826
-14199
-16899
-18206
-16565
-11056
-4266
-282
-1811
-5233
-3933
4249
13167
15147
9857
3784
3436
8218
13009
12849
6800
-2176
-8180
-7080
-1657
493
-4396
-11928
-13799
-8533
-1486
1290
-549
-4296
-6616
-5411
-736
3793
3299
-2274
-6801
-4319
2748
6900
4479
-189
-1261
2059
6265
8297
8123
6611
4947
4310
5697
7548
6819
2794
-1579
-2773
-967
243
-1668
-4981
-6197
-4728
-2711
-2330
-2945
-2893
-1706
-57
1369
2782
3819
4109
3899
4401
5849
6843
6028
4538
4195
5327
6134
5184
3501
2642
2893
3088
2331
1184
350
139
311
653
916
674
-81
-704
-532
-111
-416
-1732
-3380
-4225
-4141
-4316
-5524
-7714
-9738
-11322
-12541
-14525
-16807
-17994
-15836
-9563
-2704
279
-2841
-5994
-3255
6374
14424
14869
8384
2733
3215
8757
13637
12848
5317
-4549
-9547
-6160
3
828
-5814
-12860
-13107
-7072
-618
1492
-574
-4756
-7252
-5337
659
4953
2765
-3965
-7395
-3345
3691
6245
3032
-1027
-1250
2191
6218
8367
8222
6284
4298
4061
6069
7781
6410
2051
-1751
-2095
-190
290
-2196
-5032
-5487
-3768
-2367
-2382
-2577
-1831
-137
1131
1962
2603
2977
2856
2898
3797
4822
4445
2769
1779
2794
4524
4498
2762
1464
2017
3681
4401
3631
2345
1719
1988
2629
2912
2433
1165
-246
-683
-180
329
-613
-2683
-4343
-4214
-3301
-3215
-4725
-6612
-7891
-8215
-8854
-10375
-13087
-15747
-17286
-15830
-9954
-2779
909
-2589
-7403
-6324
3616
13001
14515
8000
2238
2860
8584
13673
13804
7830
-1239
-7573
-6026
-201
2059
-3585
-11332
-13110
-7955
-1442
1132
-324
-4178
-6841
-5855
-477
4513
3843
-1998
-5903
-3194
3238
6316
4050
21
-1282
907
4455
7115
7678
6144
4075
3405
5142
7151
6802
3434
-399
-1654
-125
1100
-285
-3019
-4327
-3438
-2177
-2215
-2554
-2001
-733
138
805
1712
2745
3134
3134
3683
4545
4640
3581
2666
3174
4434
4593
3448
2325
2496
3583
3992
3264
2029
1472
1696
2303
2399
1859
1042
149
-199
-136
20
-644
-2173
-3593
-3893
-3259
-3027
-4083
-5900
-7178
-7521
-7939
-9344
-11780
-14548
-16459
-16731
-12921
-6265
-324
-632
-5450
-7966
-1830
8559
13948
10715
4008
1890
5701
11558
14207
11159
3258
-4869
-6961
-2306
2164
25
-7496
-12051
-9878
-3568
615
1000
-2043
-5660
-6602
-2727
2995
4880
717
-4645
-4758
592
5362
5251
1598
-1207
-518
2715
5927
7411
6462
4510
3419
4473
6458
7029
4852
1177
-1001
-363
1429
1279
-1057
-3109
-3143
-1851
-1161
-1393
-1497
-987
-199
519
1548
2421
2762
2495
2623
3449
3981
3522
2559
2538
3497
4248
3939
3062
2809
3449
4149
4138
3339
2507
2370
2718
3092
3129
2676
1757
876
441
472
372
-531
-1957
-2844
-2774
-2335
-2673
-3710
-4692
-5246
-5776
-6535
-7908
-9629
-11936
-14230
-15627
-14411
-10219
-4863
-1718
-3014
-5801
-5438
682
7727
10706
7935
4127
3453
6691
10728
11864
8155
1260
-4195
-4480
-1302
241
-2893
-7801
-9614
-7095
-3103
-831
-1053
-3096
-4854
-4159
-700
2670
2814
-280
-2773
-1666
1913
4089
3146
669
-428
966
3620
5450
5610
4800
4175
4252
5051
5720
5327
3429
1249
351
1136
1746
541
-1452
-2223
-1334
-285
-533
-1447
-1468
-484
502
1148
1551
1862
1958
2019
2289
2851
3148
2790
2411
2800
3731
4363
4272
3937
4020
4415
4523
4118
3477
3227
3218
3017
2624
2148
1783
1471
1191
839
532
-30
-782
-1344
-1410
-1181
-1320
-2008
-2946
-3528
-3753
-4138
-5244
-6871
-8539
-10095
-11715
-12936
-12869
-10772
-7327
-4443
-3687
-4361
-4083
-1158
3511
6973
7478
5736
4374
5070
7649
9554
8340
3975
-756
-2739
-1822
-760
-1820
-4719
-6898
-6645
-4325
-1683
-405
-1129
-2726
-3168
-1219
1491
2506
1162
-551
-148
2223
4260
4002
2378
1586
2891
5079
5962
5065
3752
3536
4533
5600
5369
3703
1633
726
1530
2827
2680
707
-1246
-1105
929
2374
1804
111
-664
136
1659
2593
2174
999
-46
67
1270
2464
2398
1324
734
1769
3670
4732
4303
3281
3107
3934
4815
4707
3713
2630
2125
2294
2661
2554
1790
815
337
586
954
834
65
-726
-893
-654
-639
-1365
-2414
-3167
-3450
-3623
-4406
-5528
-6825
-8067
-9574
-11260
-12450
-12312
-10365
-7228
-4576
-3940
-4428
-4099
-1039
3168
6066
6064
4458
3592
4815
7320
8794
7261
3336
-463
-1651
-730
54
-1064
-3440
-5256
-4968
-2821
-335
516
-678
-2300
-2317
-376
1674
1958
435
-1007
-860
653
1934
2047
1094
389
612
1910
3445
4310
4267
3913
3961
4726
5504
5520
4737
3690
3278
3235
3024
2388
1675
1199
1049
778
384
213
274
672
1021
1269
1435
1645
2017
2387
2710
2745
2589
2535
2783
3306
3747
3693
3396
3292
3619
4068
4086
3478
2779
2662
2978
3059
2800
2280
1769
1471
1417
1550
1448
783
-219
-856
-932
-724
-1026
-1794
-2484
-2826
-2959
-3192
-3971
-5020
-6198
-7231
-8266
-9282
-10373
-10828
-9638
-6937
-3913
-2567
-2091
-972
2422
6196
8108
6955
4915
4146
5534
7239
6860
3573
-917
-3945
-4186
-3275
-3679
-5990
-8235
-8175
-5544
-2056
106
329
-501
-454
1211
3485
4553
3402
994
-473
-76
1369
1730
671
-880
-1262
-42
1935
3359
3806
3774
4075
5007
6004
6406
5909
4995
4241
3839
3559
2886
1850
991
832
1188
1319
1070
747
937
1727
2538
2977
3000
2888
2978
3296
3628
3673
3328
2887
2643
2833
3221
3455
3385
3272
3473
3858
4101
3998
3615
3257
3126
3032
2839
2533
1998
1527
1039
638
374
-130
-734
-1329
-1616
-1746
-1964
-2285
-2553
-2723
-3015
-3522
-4100
-4545
-5107
-5812
-7043
-8069
-8929
-8444
-6882
-4566
-3490
-3712
-4260
-3223
-538
2069
3157
2465
1617
1712
3206
4570
4457
2339
-281
-1768
-1458
-843
-996
-2419
-3403
-3393
-2102
-635
229
107
-235
-173
861
2094
2553
1836
827
445
992
1656
1641
853
121
219
1055
2037
2535
2678
2745
2934
3340
3822
4209
4174
3882
3571
3552
3718
3518
3070
2661
2432
2254
1984
1776
1690
1679
1750
1868
2048
2176
2183
2176
2153
2178
2324
2322
2377
2386
2512
2724
2944
3114
3113
3161
3198
3252
3280
3057
2812
2587
2343
2216
2007
1792
1374
934
620
505
388
-1
-330
-507
-582
-577
-635
-848
-1102
-1490
-1921
-2348
-2721
-3371
-4319
-5278
-6196
-6927
-7664
-8188
-7790
-6464
-4898
-4345
-4285
-3965
-2297
-107
1624
2127
1860
1466
1745
2716
3305
2730
856
-1126
-1955
-1786
-1487
-1939
-2874
-3395
-3037
-1762
-492
258
160
33
408
1381
2110
2195
1454
786
628
1112
1413
1160
602
187
576
1401
2194
2562
2534
2605
3114
3889
4485
4556
4121
3585
3458
3763
3815
3386
2671
2065
1944
2119
2095
1930
1712
1683
1850
2057
2116
1972
1792
1757
1966
2168
2200
1988
1856
2025
2374
2638
2609
2460
2509
2560
2652
2658
2426
2199
1876
1786
1738
1534
1169
623
244
107
98
-33
-282
-620
-698
-594
-513
-570
-872
-1381
-1874
-2227
-2551
-2923
-3590
-4502
-5393
-5883
-6215
-6620
-7302
-7817
-7532
-6207
-4859
-4117
-4000
-3730
-2733
-1308
-142
239
165
150
492
1038
1287
855
62
-848
-1193
-1318
-1452
-1759
-2085
-2074
-1669
-1071
-500
-145
74
267
605
1017
1183
1154
1000
939
981
1126
1195
1105
997
962
1028
1327
1827
2255
2607
2945
3256
3727
4081
4237
4146
3960
3878
3738
3531
3328
3089
2952
2797
2551
2224
2143
2151
2163
2067
1882
1823
1710
1844
2131
2228
2201
1928
1736
1690
1919
2179
2239
2219
2071
2118
2096
1912
1712
1523
1340
1165
1017
958
975
992
853
739
518
221
-39
-237
-263
-378
-679
-1148
-1481
-1556
-1538
-1728
-2233
-2892
-3317
-3568
-3869
-4347
-4799
-5241
-5628
-6007
-6167
-5982
-5414
-4758
-4383
-4184
-3982
-3350
-2478
-1646
-1180
-1187
-1431
-1334
-926
-421
-415
-993
-1630
-1837
-1685
-1531
-1544
-1776
-1996
-1871
-1360
-759
-465
-500
-620
-481
-73
437
579
412
187
261
681
1091
1265
1093
887
942
1354
1922
2265
2359
2385
2575
2972
3393
3566
3376
3160
3092
3219
3223
3012
2636
2392
2470
2540
2557
2386
2138
2046
2087
2070
2020
2000
1897
1864
1854
2040
2114
1916
1657
1553
1745
1935
1923
1764
1664
1691
1667
1641
1514
1298
1217
1083
1048
861
599
359
158
142
127
100
-215
-477
-625
-608
-585
-651
-820
-1015
-1238
-1486
-1664
-1961
-2286
-2704
-3035
-3344
-3543
-3787
-4118
-4480
-4795
-4934
-5017
-4794
-4483
-4117
-4038
-4016
-3883
-3474
-2940
-2562
-2549
-2639
-2459
-2152
-1781
-1500
-1528
-1676
-1767
-1801
-1762
-1736
-1857
-1954
-1928
-1759
-1349
-1058
-922
-914
-865
-534
-171
65
126
93
135
364
754
991
1155
1256
1361
1558
1782
1911
2061
2259
2420
2587
2709
2757
2715
2652
2615
2640
2685
2600
2477
2527
2554
2500
2306
2056
1907
1977
2067
2110
2154
1990
1914
1762
1733
1786
1633
1417
1229
1173
1293
1404
1292
1081
820
674
637
635
626
477
307
208
215
305
250
83
-65
-123
-152
-285
-518
-713
-868
-868
-922
-1050
-1164
-1315
-1420
-1521
-1619
-1721
-1834
-1951
-2004
-2005
-2125
-2343
-2576
-2729
-2768
-2852
-3057
-3317
-3592
-3726
-3622
-3389
-3282
-3309
-3438
-3443
-3181
-2939
-2802
-2743
-2750
-2672
-2573
-2386
-2073
-1915
-2026
-2319
-2402
-2240
-1923
-1800
-1759
-1738
-1604
-1395
-1055
-713
-421
-351
-339
-125
163
405
481
445
405
526
792
1055
1126
1201
1307
1368
1514
1722
1847
1884
1904
1980
2083
2101
2062
1979
1973
2078
2209
2291
2261
2273
2272
2283
2300
2274
2240
2190
2107
2108
2064
1927
1807
1604
1425
1330
1305
1247
1139
1065
997
1022
984
884
802
682
516
319
188
91
-42
-171
-254
-357
-476
-565
-687
-781
-774
-759
-758
-846
-999
-1079
-1042
-1070
-1163
-1333
-1385
-1433
-1515
-1564
-1667
-1724
-1897
-2021
-2035
-2072
-2118
-2257
-2278
-2263
-2174
-2164
-2294
-2435
-2481
-2445
-2442
-2440
-2554
-2680
-2763
-2804
-2750
-2654
-2571
-2502
-2466
-2355
-2162
-1848
-1609
-1556
-1696
-1732
-1503
-1207
-923
-847
-840
-778
-714
-423
-175
-77
-53
-57
-26
-24
123
245
345
390
410
478
546
588
691
847
927
966
954
1028
1189
1357
1408
1371
1283
1383
1527
1569
1611
1646
1603
1621
1585
1573
1572
1510
1470
1406
1344
1302
1172
1020
1027
1032
1037
1006
840
631
506
409
376
314
187
73
-42
-95
-38
-60
-169
-293
-482
-470
-452
-456
-527
-607
-697
-801
-851
-821
-826
-913
-1006
-1086
-1093
-1117
-1081
-1230
-1315
-1419
-1464
-1483
-1464
-1534
-1643
-1723
-1744
-1706
-1748
-1737
-1720
-1704
-1740
-1763
-1897
-1891
-1818
-1820
-1791
-1765
-1726
-1717
-1707
-1700
-1689
-1627
-1592
-1460
-1314
-1236
-1183
-1186
-1088
-1001
-922
-873
-879
-951
-917
-924
-1003
-974
-870
-761
-667
-663
-568
-453
-295
-228
-274
-249
-292
-309
-347
-299
-239
-187
-224
-216
-165
65
255
310
263
216
252
324
444
480
377
258
131
122
133
120
128
44
41
77
76
91
91
67
66
107
114
54
67
80
66
139
207
152
82
-72
-190
-312
-298
-286
-252
-227
-246
-222
-253
-142
-105
-165
-326
-459
-595
-751
-902
-1070
-1216
-1266
-1304
-1422
-1459
-1502
-1558
-1515
-1484
-1482
-1443
-1481
-1476
-1511
-1495
-1508
-1513
-1506
-1575
-1502
-1367
-1240
-1227
-1229
-1240
-1207
-1169
-1085
-1021
-963
-921
-921
-898
-830
-848
-845
-845
-781
-637
-535
-568
-610
-633
-657
-611
-457
-296
-266
-279
-321
-282
-183
27
84
136
164
149
244
346
358
268
210
165
160
255
220
90
-2
-168
-204
-184
-102
-61
-119
-195
-122
-62
10
8
-104
-275
-416
-554
-653
-623
-680
-701
-765
-764
-699
-641
-608
-559
-461
-401
-412
-392
-310
-260
-367
-538
-695
-673
-629
-632
-691
-828
-887
-838
-790
-728
-709
-725
-726
-656
-503
-544
-566
-620
-655
-690
-712
-707
-779
-810
-827
-791
-833
-845
-768
-716
-668
-642
-656
-684
-691
-680
-676
-679
-638
-665
-660
-693
-753
-768
-792
-774
-704
-548
-470
-450
-442
-452
-425
-408
-402
-480
-535
-549
-518
-510
-496
-373
-330
-394
-436
-448
-296
-150
-106
-57
-57
-42
-74
-101
-144
-192
-225
-320
-384
-344
-235
-248
-255
-218
-115
4
90
93
120
146
106
22
-89
-191
-309
-349
-316
-320
-337
-412
-416
-363
-362
-292
-255
-325
-336
-355
-410
-436
-470
-457
-443
-359
-372
-449
-577
-665
-621
-587
-608
-739
-790
-827
-730
-623
-634
-619
-690
-689
-687
-671
-786
-793
-727
-682
-657
-677
-633
-589
-468
-450
-436
-399
-357
-337
-398
-433
-445
-455
-508
-552
-522
-525
-504
-404
-376
-428
-495
-568
-539
-470
-384
-400
-354
-303
-227
-141
-109
-128
-187
-221
-224
-186
-198
-201
-200
-192
-153
-101
-46
24
60
62
18
-1
0
-2
-36
-8
11
-6
-70
-127
-107
-133
-121
-130
-132
-111
-99
-144
-93
-164
-143
-119
-93
-111
-77
0
6
-32
-97
-162
-175
-133
-141
-171
-227
-180
-125
-103
-145
-229
-258
-253
-316
-303
-299
-243
-238
-200
-205
-212
-215
-322
-316
-346
-388
-466
-471
-493
-483
-444
-425
-450
-456
-447
-422
-407
-397
-426
-422
-410
-428
-366
-346
-276
-283
-237
-161
-73
3
-67
-72
-24
132
159
32
-128
-220
-184
-66
-46
-33
30
117
222
367
440
440
424
381
385
375
399
314
264
252
307
320
310
304
253
308
354
430
376
319
397
402
359
357
323
371
465
516
558
551
536
486
462
478
457
438
317
333
376
371
370
317
371
377
410
413
376
384
433
489
437
476
429
351
306
298
291
312
220
246
263
189
240
198
139
126
118
158
159
127
174
126
99
29
48
89
140
125
85
61
7
-20
38
106
131
157
82
151
251
285
255
162
185
256
262
250
243
195
250
131
121
178
278
318
268
243
267
253
156
105
134
185
210
291
346
340
324
289
315
451
494
493
404
425
561
662
799
787
735
684
675
674
639
624
592
612
579
698
858
919
913
886
823
818
761
604
546
545
587
604
541
508
527
578
649
644
645
706
673
581
576
522
539
619
631
617
594
649
684
620
604
551
583
626
516
485
459
557
608
592
562
541
540
483
451
399
433
472
494
517
504
580
522
438
382
300
330
376
418
323
249
321
442
455
399
363
365
508
545
598
594
514
557
545
497
487
466
490
585
652
724
796
745
675
602
610
668
615
625
589
648
720
701
766
768
815
838
828
838
816
810
869
870
904
1004
998
1057
1008
1023
1016
925
916
902
938
934
884
844
855
920
995
989
952
933
974
1024
1069
1004
976
936
952
947
996
1133
1099
1055
997
933
925
978
939
845
824
809
821
791
797
767
678
663
575
589
588
556
513
453
427
461
493
420
396
348
388
420
401
396
461
520
561
650
578
547
606
664
747
744
705
718
722
811
817
780
759
785
884
892
863
798
793
842
854
890
892
940
923
934
952
937
944
911
915
923
935
905
933
944
971
1022
1050
1115
1120
1163
1209
1192
1268
1232
1231
1240
1156
1110
1035
1059
1141
1081
1052
1069
1061
1101
1076
1047
1096
1137
1118
1136
1148
1128
1153
1151
1141
1115
1183
1171
1195
1193
1241
1304
1226
1135
1115
1135
1142
1162
1093
978
946
888
905
984
980
970
1002
1008
999
994
993
927
909
895
920
960
917
873
847
827
802
738
727
692
633
600
592
635
630
593
593
587
643
635
635
608
582
587
556
600
568
597
610
633
651
647
682
633
663
650
655
696
634
668
710
786
758
666
571
572
647
596
572
559
624
712
739
784
886
910
898
830
828
900
912
893
833
844
846
872
867
864
842
817
829
832
844
802
824
803
849
834
839
871
947
985
913
946
993
1090
1019
948
895
923
1032
1095
1066
947
941
1015
1050
1060
963
817
803
829
976
1031
976
918
899
885
884
887
720
678
657
636
637
597
581
545
493
433
467
460
475
581
611
680
746
756
832
919
922
881
815
770
795
821
872
903
900
801
766
769
737
762
697
597
524
616
767
825
734
681
718
769
870
855
831
793
731
701
741
750
823
795
709
688
602
612
612
713
731
716
628
612
622
646
749
869
921
931
931
872
815
806
870
872
835
830
873
856
870
913
823
795
751
674
690
679
641
605
626
647
693
666
620
672
693
683
725
678
621
579
585
664
713
649
588
538
536
567
596
621
678
642
543
524
461
465
449
423
387
398
482
486
447
381
378
419
443
486
448
384
310
263
343
337
370
409
425
478
528
514
526
466
462
451
439
519
542
570
525
571
590
645
712
780
833
805
780
712
752
760
863
920
940
905
720
694
715
767
748
705
702
767
771
765
871
929
983
916
783
707
656
578
606
623
692
716
705
708
729
695
665
652
638
720
648
518
470
517
606
624
638
652
751
748
791
784
743
744
727
713
675
655
619
619
603
617
714
743
752
740
728
678
610
432
363
285
283
415
471
551
556
464
388
351
306
302
304
428
442
364
312
216
173
211
222
129
121
54
35
36
54
67
12
-54
-38
4
48
89
118
152
160
83
63
92
113
68
62
35
-31
-5
-10
78
173
155
112
141
173
159
195
133
72
119
218
280
283
272
319
324
327
373
345
336
300
317
298
245
171
77
83
135
155
166
118
117
160
147
175
225
262
226
205
163
236
309
324
322
273
273
352
332
415
429
445
377
289
275
250
334
338
313
266
198
220
239
265
327
315
289
319
383
411
432
379
390
379
358
377
296
198
144
169
240
328
281
161
136
127
160
111
-11
-70
-93
-38
-30
11
-41
-95
-149
-205
-187
-115
-61
-141
-189
-230
-235
-241
-210
-212
-227
-236
-219
-202
-189
-164
-109
-99
-146
-209
-313
-319
-283
-199
-237
-212
-139
-127
-145
-152
-168
-142
-166
-203
-208
-168
-137
-216
-178
-129
-19
-2
-73
-184
-231
-187
-157
-50
-36
-13
12
70
60
40
5
-7
54
63
67
25
-60
-31
-5
28
10
-158
-167
-209
-141
-128
-147
-132
-159
-195
-199
-182
-159
-137
-265
-369
-334
-265
-256
-303
-304
-238
-173
-180
-223
-273
-282
-267
-259
-232
-254
-264
-296
-336
-315
-252
-255
-191
-169
-123
-99
-94
-213
-294
-285
-272
-218
-220
-210
-260
-232
-231
-254
-296
-358
-366
-323
-337
-354
-424
-459
-469
-506
-469
-409
-349
-376
-391
-394
-403
-356
-339
-243
-220
-296
-335
-369
-316
-310
-390
-534
-534
-400
-267
-251
-308
-369
-397
-405
-415
-492
-563
-525
-528
-467
-462
-483
-540
-566
-522
-487
-444
-453
-426
-453
-464
-499
-494
-455
-426
-466
-496
-459
-446
-412
-326
-284
-345
-439
-456
-399
-378
-455
-612
-704
-650
-582
-576
-670
-697
-705
-743
-726
-829
-876
-802
-760
-724
-735
-726
-803
-867
-846
-875
-858
-865
-867
-899
-902
-834
-777
-836
-911
-933
-924
-929
-939
-884
-912
-839
-850
-839
-774
-705
-712
-752
-794
-748
-669
-645
-596
-690
-675
-698
-650
-594
-678
-627
-566
-467
-373
-366
-398
-449
-544
-548
-474
-502
-557
-595
-667
-709
-675
-663
-623
-593
-542
-526
-593
-690
-746
-744
-788
-815
-788
-710
-693
-637
-615
-601
-599
-624
-614
-567
-511
-530
-619
-561
-443
-368
-364
-399
-503
-527
-523
-590
-594
-628
-594
-545
-488
-381
-304
-394
-438
-495
-518
-503
-608
-627
-670
-597
-545
-524
-475
-478
-483
-520
-560
-589
-533
-536
-506
-440
-527
-569
-608
-657
-708
-725
-742
-747
-755
-840
-849
-844
-834
-818
-815
-873
-882
-912
-938
-867
-787
-757
-853
-935
-1058
-1012
-897
-859
-859
-887
-886
-829
-852
-866
-872
-811
-682
-661
-676
-694
-682
-682
-594
-555
-655
-694
-724
-684
-665
-661
-676
-599
-535
-500
-480
-546
-571
-586
-618
-671
-685
-700
-601
-587
-635
-765
-874
-814
-740
-709
-720
-772
-810
-759
-739
-717
-715
-660
-661
-588
-535
-595
-548
-549
-525
-530
-496
-486
-457
-448
-556
-633
-515
-381
-305
-272
-290
-315
-321
-293
-364
-412
-382
-246
-121
-68
-38
-59
-62
-73
-82
-67
-109
-114
-137
-126
-152
-212
-291
-328
-238
-218
-208
-262
-262
-330
-312
-368
-431
-421
-417
-398
-443
-466
-471
-402
-329
-299
-299
-244
-270
-260
-265
-269
-323
-473
-564
-606
-542
-551
-549
-491
-403
-351
-394
-412
-456
-429
-444
-507
-460
-447
-446
-470
-598
-584
-566
-514
-565
-579
-536
-433
-395
-431
-454
-437
-395
-364
-323
-387
-345
-461
-539
-429
-362
-277
-223
-266
-282
-291
-241
-214
-236
-261
-321
-346
-348
-383
-496
-567
-546
-421
-348
-408
-425
-381
-376
-368
-432
-471
-583
-625
-577
-499
-462
-447
-428
-508
-571
-533
-524
-527
-451
-388
-303
-230
-315
-362
-433
-458
-375
-290
-204
-165
-178
-323
-383
-416
-370
-319
-259
-243
-306
-364
-426
-407
-427
-476
-504
-476
-335
-292
-284
-343
-466
-449
-455
-381
-420
-470
-486
-464
-507
-503
-581
-671
-669
-645
-522
-405
-446
-558
-590
-591
-515
-482
-538
-521
-539
-587
-636
-680
-604
-564
-549
-528
-576
-615
-548
-552
-566
-601
-626
-542
-545
-538
-479
-409
-396
-339
-256
-209
-199
-256
-345
-389
-354
-338
-243
-202
-285
-286
-241
-204
-235
-232
-238
-268
-218
-140
-118
-167
-218
-399
-430
-317
-218
-101
-128
-198
-259
-220
-159
-159
-122
-220
-303
-350
-383
-315
-369
-360
-393
-384
-368
-408
-416
-438
-426
-476
-449
-448
-426
-465
-510
-524
-550
-524
-477
-417
-362
-310
-312
-353
-378
-304
-247
-177
-218
-295
-310
-287
-183
-145
-176
-213
-247
-270
-297
-365
-375
-371
-367
-416
-444
-389
-380
-310
-378
-424
-432
-413
-404
-384
-334
-322
-312
-329
-355
-365
-359
-354
-268
-258
-265
-265
-280
-256
-207
-206
-215
-239
-199
-261
-378
-335
-302
-221
-199
-238
-202
-190
-193
-288
-338
-342
-340
-390
-422
-363
-371
-264
-227
-276
-290
-263
-277
-250
-272
-348
-312
-269
-161
-213
-351
-418
-451
-443
-330
-239
-128
-99
-150
-144
-212
-227
-208
-243
-359
-344
-253
-147
-34
-22
34
81
45
-25
-75
8
86
142
-49
-129
-117
-67
-9
-18
-27
-100
-81
-47
-100
-124
-169
-192
-185
-132
-84
-132
-39
-70
-90
-111
-149
-55
-59
-51
-60
-113
-183
-135
-121
-186
-159
-192
-150
-148
-139
-147
-223
-181
-111
-123
-155
-125
-152
-115
-103
-115
-165
-182
-176
-156
-207
-195
-157
-123
-55
-100
-131
-222
-167
-143
-158
-153
-144
-119
-85
-45
-51
20
-6
-42
-102
-203
-226
-227
-236
-182
-207
-220
-234
-257
-221
-169
-80
32
92
75
-17
-92
-93
12
-74
-150
-186
-195
-117
-77
-65
-62
-65
-60
-45
-150
-186
-204
-189
-84
-59
-52
-71
-177
-225
-159
-138
-146
-81
-145
-146
-29
82
107
63
45
33
30
73
145
148
125
187
229
304
277
127
-50
-122
-52
-63
-52
-62
-96
-99
-79
-108
-45
-93
-98
-200
-256
-158
-140
-182
-269
-277
-145
6
25
-2
-153
-231
-266
-216
-89
-67
-69
-140
-135
-63
0
-9
-62
-42
-46
54
149
159
184
143
65
-9
-60
12
3
-104
-174
-130
-14
9
-54
-91
-151
-160
-153
-193
-218
-221
-237
-153
-69
11
16
-38
-70
-68
28
