SAMPLES:	10520
BITSPERSAMPLE:	16
CHANNELS:	1
SAMPLERATE:	16000
NORMALIZED:	FALSE
188
165
175
200
270
360
319
228
115
130
261
268
148
66
63
146
231
291
404
401
302
238
219
270
218
217
351
495
506
393
263
141
103
175
209
185
178
153
158
97
59
97
101
133
75
-22
-37
59
139
150
72
-46
-35
78
214
348
342
290
280
237
263
222
109
115
126
201
231
176
108
10
23
109
263
246
183
92
7
36
103
66
9
-7
49
144
184
159
179
211
229
273
238
133
101
65
119
148
111
115
137
161
147
124
147
190
181
252
194
226
227
244
232
182
321
300
302
307
157
34
-12
33
184
261
245
139
60
143
205
128
99
33
-49
15
86
126
144
116
53
42
-46
-144
-209
-170
-43
79
161
151
63
-14
-45
-18
91
175
200
139
-20
-43
10
87
90
131
111
5
88
103
176
166
123
145
236
352
308
278
250
246
205
162
178
240
362
309
218
164
195
245
155
112
92
159
200
185
120
8
33
98
177
226
237
116
33
-82
-84
-79
-77
-74
-70
-32
35
111
208
213
125
38
-3
43
113
72
-32
35
125
182
139
119
203
335
378
289
155
62
15
52
115
118
66
-11
21
111
264
289
132
51
-49
-16
87
52
5
-43
-33
11
12
-34
-64
-45
-49
-73
-129
-120
-156
-244
-325
-373
-311
-213
-190
-196
-261
-278
-276
-210
-123
-69
-23
-126
-123
-133
-81
-30
-38
-6
-1
26
-51
-100
-42
52
102
129
128
94
59
-38
-85
-58
2
23
79
67
53
74
-29
-89
-91
-37
-87
-9
29
68
128
72
17
-114
-151
-137
0
54
-48
-143
-170
-200
-221
-253
-263
-207
-158
-164
-221
-245
-308
-370
-283
-164
-131
-243
-293
-221
9
113
-11
-106
-186
-109
28
95
-50
-182
-191
-236
-162
-55
12
59
-44
-210
-194
-88
13
28
5
-44
-163
-227
-281
-234
-212
-190
-264
-280
-236
-243
-191
-68
-38
-106
-140
-276
-330
-315
-217
-170
-227
-205
-186
-141
-76
28
105
60
-74
-186
-294
-300
-223
-144
-187
-286
-362
-306
-163
-115
-64
-107
-184
-172
-178
-239
-287
-281
-196
-154
-245
-277
-385
-466
-488
-481
-434
-434
-434
-504
-545
-457
-287
-282
-385
-459
-548
-486
-380
-257
-292
-399
-390
-273
-143
-84
-93
-154
-147
-160
-146
-168
-208
-233
-215
-118
1
112
89
73
110
127
139
-25
-108
-117
-65
66
110
160
132
136
147
108
81
11
-46
-13
-22
-47
19
3
-36
-36
5
161
209
163
134
140
113
18
15
-9
-7
-9
-106
-77
-33
-16
-40
-112
-131
-75
-38
-107
-170
-122
-136
-130
-214
-275
-303
-270
-161
-200
-224
-199
-190
-177
-119
-251
-378
-493
-427
-286
-242
-219
-213
-101
23
66
-6
-130
-133
-47
-101
-135
-197
-360
-328
-262
-203
-98
-88
-57
-7
-29
-110
-220
-300
-332
-243
-144
3
18
-97
-129
-91
50
102
57
-93
-222
-246
-165
-80
-103
-211
-245
-214
-146
-30
-22
-68
-176
-147
-56
-19
4
21
-35
-48
-23
6
110
161
71
-82
-146
-121
-20
4
-31
-69
-59
-57
-120
-174
-167
-107
81
189
178
167
77
19
-23
-101
9
76
111
135
67
47
25
146
161
115
49
-44
-64
-48
48
33
-11
-9
-27
-21
-33
-26
-37
-78
-89
-38
-38
2
84
100
13
-70
-164
-123
-123
-187
-208
-106
-12
-49
-37
-78
-79
-186
-223
-250
-126
-116
-98
-101
-214
-129
-119
-91
-38
-55
-138
-142
-111
-99
-108
-73
-100
-167
-227
-200
-156
-22
28
16
63
-67
-278
-422
-475
-514
-416
-361
-335
-250
-231
-290
-371
-413
-397
-372
-451
-476
-460
-435
-332
-212
-186
-261
-298
-263
-140
-104
-142
-219
-297
-394
-367
-270
-169
-129
-170
-173
-202
-199
-268
-262
-250
-260
-166
-71
3
-22
-57
-104
-145
-105
-101
-87
-67
-4
66
110
86
52
1
49
75
102
80
90
186
197
91
25
-62
-104
-45
-58
27
31
-24
-13
-2
-66
-138
-169
-177
-144
-9
27
80
33
20
24
-18
-115
-197
-134
-15
57
35
-12
-51
-32
-37
10
23
4
-42
-37
7
74
18
49
76
113
40
-104
-214
-215
-111
-154
-224
-274
-209
-64
24
-19
-63
-82
-96
-96
-91
-171
-194
-193
-207
-197
-119
-41
-71
-64
-68
-92
-66
-115
-178
-177
-91
-37
-28
-53
-92
-137
-236
-221
-146
-58
-37
-94
-73
-9
-5
-61
-212
-149
-56
-10
50
-46
-84
-125
-112
-165
-152
-81
-7
133
87
24
56
106
159
194
106
24
34
77
86
83
43
46
83
91
90
168
272
270
162
54
-18
-6
-2
-49
8
64
105
46
3
46
91
134
109
102
141
85
132
171
119
108
17
56
105
191
108
21
8
1
21
25
58
66
81
67
20
-77
-23
75
172
135
26
-16
-30
-32
-32
50
127
101
8
8
16
-50
-173
-220
-155
-158
-145
-128
-56
-16
-63
-66
14
30
-138
-277
-322
-248
-100
-53
-76
-172
-261
-263
-187
-136
-74
-101
-114
-170
-286
-398
-359
-285
-286
-328
-254
-138
-62
101
50
63
71
41
71
98
105
172
168
144
122
109
129
132
143
121
175
187
136
64
88
154
178
198
116
51
-9
39
83
155
205
187
182
103
-46
-47
5
23
18
-20
36
144
219
145
-22
-167
-237
-215
-146
-167
-76
-36
-83
-141
-209
-109
-25
3
-86
-195
-211
-185
-205
-216
-136
-64
2
79
137
99
30
-65
-57
-54
-39
-29
-1
69
81
36
-23
-14
-91
-193
-191
-176
-168
-187
-186
-73
-44
-100
-42
-9
13
36
-66
-92
-96
-57
-50
-103
-108
-6
176
241
183
81
52
-8
-127
-233
-225
-88
-20
-50
-112
-221
-225
-191
-195
-299
-275
-198
-190
-204
-357
-435
-487
-469
-519
-566
-395
-253
-119
96
144
85
8
-94
-99
-169
-194
-202
-223
-151
-55
-15
-17
68
44
75
56
19
21
-36
-83
-142
-106
-107
-66
-175
-230
-137
-94
-58
-9
75
92
-2
-191
-313
-381
-371
-233
-153
-94
-194
-266
-174
-36
19
-75
-190
-174
-75
-31
-58
-102
-95
-56
-17
-22
69
115
159
189
149
19
20
101
255
323
312
202
72
13
31
14
-52
-39
-74
-13
58
107
37
-21
-91
-61
16
75
54
25
-91
-221
-261
-180
-89
12
24
-5
90
147
192
183
100
88
53
56
14
-10
78
163
145
83
62
-27
-2
-25
-53
-42
-71
-49
-139
-242
-262
-98
-5
8
-77
-196
-153
-99
-139
-216
-165
-110
-94
-157
-192
-202
-185
-201
-275
-288
-324
-323
-296
-421
-381
-296
-237
-241
-229
-130
-139
-271
-380
-331
-107
6
-41
-173
-307
-262
-234
-230
-254
-297
-308
-414
-453
-393
-357
-350
-458
-544
-580
-565
-543
-619
-697
-652
-610
-636
-606
-582
-506
-574
-610
-628
-595
-538
-537
-543
-424
-333
-401
-560
-574
-415
-298
-295
-348
-302
-140
-77
-39
-125
-159
-49
11
40
-11
-11
-47
-43
-96
-86
-69
20
154
55
6
-17
31
72
-37
-121
-168
-84
53
-21
-76
-87
-15
120
130
130
131
108
1
-92
-68
19
112
136
100
-66
-49
-22
6
-60
-86
-57
-98
-140
-182
-63
19
-31
-238
-349
-246
-181
-150
-209
-241
-220
-255
-208
-269
-371
-380
-204
48
121
48
-58
-48
-6
-102
-227
-295
-193
-57
-5
-9
5
2
-139
-278
-370
-383
-417
-479
-474
-426
-404
-398
-443
-314
-326
-401
-545
-718
-704
-776
-853
-847
-784
-749
-662
-686
-669
-645
-591
-553
-639
-634
-628
-608
-635
-665
-704
-661
-598
-607
-512
-504
-499
-516
-547
-436
-399
-389
-483
-522
-410
-293
-129
-137
-253
-350
-460
-374
-268
-354
-454
-524
-401
-298
-221
-114
-121
-140
-169
-189
-120
-89
-82
-119
-142
-166
-85
-68
-49
-18
-47
-79
-131
-107
-93
-71
-42
-62
-20
0
50
142
184
191
201
352
389
424
389
368
292
312
399
322
295
283
213
251
363
397
436
320
226
214
236
217
203
222
122
77
27
-34
-4
-7
-69
-72
-50
31
1
-80
-189
-191
-59
-33
-125
-244
-270
-191
-134
-110
-202
-201
-247
-233
-144
-145
-215
-284
-293
-247
-215
-158
-159
-235
-183
-200
-221
-240
-279
-310
-288
-256
-204
-111
-14
-22
-33
-38
-31
-34
-93
-127
-103
20
-2
-82
-126
-186
-128
-127
-192
-321
-469
-438
-312
-170
-160
-207
-371
-486
-539
-418
-235
-165
-97
-67
-33
-95
-216
-388
-500
-437
-387
-291
-252
-353
-386
-352
-288
-246
-360
-434
-492
-440
-421
-363
-320
-360
-352
-313
-189
-184
-78
-61
-61
-10
-15
-4
-9
-54
-127
-182
-251
-227
-275
-246
-138
-62
-22
-97
-214
-298
-276
-174
-89
-144
-279
-338
-205
-60
-64
-152
-173
-162
-131
-203
-255
-223
-154
-137
-140
-96
-41
-9
45
133
84
100
50
42
87
91
40
-9
-65
-151
-41
117
207
126
-15
-110
-127
5
124
96
21
49
94
154
75
31
23
2
31
2
-47
-100
-67
-11
31
37
76
47
-109
-113
-98
-141
-124
-185
-231
-206
-199
-134
-139
-177
-147
-115
-89
-100
-116
-107
-158
-163
-180
-197
-219
-241
-134
-77
-46
-74
-179
-230
-277
-253
-211
-170
-149
-176
-174
-159
-140
-139
-134
-194
-247
-137
-142
-144
-125
-143
-26
86
64
-54
-145
-147
-54
79
88
74
69
38
116
170
100
-40
-122
-138
-110
-106
-47
-117
-141
-145
-96
20
-1
15
-79
-7
10
-36
-61
-58
22
-83
-226
-252
-188
-93
-35
-24
-49
-25
-81
-175
-207
-159
-83
-45
-24
48
129
191
149
93
23
34
60
57
79
97
218
229
218
167
213
241
191
208
262
337
383
340
170
85
-10
-44
87
149
174
216
177
174
217
258
275
170
99
73
-13
-64
32
162
214
230
286
214
183
142
79
31
-126
-234
-246
-171
-21
22
12
11
-42
-59
-76
-98
-20
-33
-54
17
71
86
-12
-185
-139
-73
-10
43
-20
-1
40
3
63
173
262
274
197
158
124
85
26
16
67
75
71
101
165
264
213
169
138
176
320
314
228
165
185
167
114
111
122
147
144
170
213
216
276
196
124
89
94
18
51
69
28
33
-31
91
212
339
301
174
140
110
153
197
274
247
144
202
205
173
149
127
178
211
250
221
234
202
287
249
255
340
280
259
160
112
108
96
136
170
220
173
109
119
117
229
253
174
79
36
51
53
3
-103
-107
-57
56
92
143
198
186
152
174
223
139
91
19
92
172
128
35
74
139
150
239
226
252
293
259
275
259
251
129
21
-5
-10
129
183
164
182
118
134
172
67
35
-14
-7
-5
41
49
-11
-63
-95
-81
-141
-152
-71
-81
-145
-143
-108
-56
-63
-22
17
19
25
18
12
55
32
9
52
123
189
138
22
-14
105
99
-46
-178
-91
24
97
17
-82
-121
-145
-160
-170
-66
28
179
208
166
195
328
463
413
316
275
351
444
446
534
539
433
386
341
419
475
548
562
483
367
279
350
456
545
566
450
319
307
321
291
270
334
362
337
315
297
322
295
267
288
234
234
229
137
161
105
107
119
123
165
55
-29
-7
72
116
106
142
179
130
93
46
50
113
138
112
1
-25
-49
-74
-45
-43
33
-3
-65
-155
-168
-80
86
147
34
-11
41
77
25
-62
-120
-92
-91
-66
-93
-105
-63
-45
-121
-114
-81
-14
53
26
51
66
116
118
9
10
75
65
36
-56
-136
-145
-97
39
171
139
51
-29
-23
112
176
191
217
242
250
212
133
86
49
39
88
161
265
313
261
173
144
98
61
8
-28
74
201
294
312
290
330
382
322
250
216
167
280
319
226
145
52
7
-1
163
250
227
143
30
-31
20
-11
-27
-18
-67
-57
-73
-16
23
-16
26
88
123
218
265
222
212
204
166
184
218
232
238
251
273
325
363
312
250
263
275
267
141
57
126
208
259
199
204
247
265
233
150
64
56
53
-68
-146
-201
-122
6
10
46
-9
-28
-25
12
53
49
54
-44
-121
-169
-144
-89
-1
122
198
329
344
349
297
211
146
81
-1
-16
80
144
215
267
284
174
54
-20
-89
-74
6
-14
-13
-88
-116
-132
-64
51
35
-24
-8
-48
-92
-189
-196
-79
-57
-78
-184
-223
-263
-233
-217
-196
-276
-285
-175
-137
-152
-224
-219
-177
-148
-145
-194
-254
-274
-217
-228
-231
-215
-136
-24
8
34
-101
-177
-216
-181
-146
-194
-189
-245
-253
-212
-106
-16
-13
-22
-136
-90
-86
-157
-133
-138
-128
-128
-46
-71
-52
-64
-61
-98
-3
44
48
90
78
133
141
127
-21
-58
-28
3
27
12
-59
-68
-5
-5
-56
-265
-452
-488
-351
-264
-318
-394
-402
-337
-376
-364
-294
-285
-293
-326
-346
-326
-260
-253
-328
-332
-323
-311
-206
-147
-115
-127
-200
-225
-212
-276
-286
-209
-256
-258
-327
-271
-249
-172
-214
-304
-298
-260
-252
-343
-363
-363
-306
-228
-157
-263
-340
-346
-277
-134
-54
-40
-149
-252
-253
-30
131
125
219
195
246
221
156
166
171
145
74
7
-80
-22
-7
-82
-139
-104
-61
-85
27
-59
-159
-183
-192
-37
4
-25
-161
-287
-323
-372
-236
-147
-39
-45
-56
-14
36
109
-14
-77
-126
-98
-70
-134
-211
-250
-202
-58
-64
-82
-101
-164
-258
-310
-281
-219
-141
-114
-203
-255
-304
-276
-233
-244
-203
-227
-297
-311
-319
-237
-265
-225
-185
-238
-284
-278
-153
-128
-102
-109
-160
-237
-291
-333
-296
-186
-106
-187
-259
-223
-204
-127
-154
-128
-143
-155
-78
-92
-24
-25
33
-33
4
-47
3
185
300
347
312
239
145
147
88
49
7
28
90
233
329
325
238
158
101
58
49
80
100
117
234
256
347
379
381
311
317
332
351
384
360
346
332
426
371
451
411
391
304
171
147
62
78
-13
-104
-79
49
66
62
16
-51
37
20
-78
-178
-230
-146
-124
-169
-260
-263
-241
-249
-217
-208
-205
-243
-179
-226
-211
-303
-277
-149
-144
-75
-137
-119
-33
26
92
115
126
51
-26
-34
6
44
81
101
160
163
131
39
5
76
166
265
266
179
189
247
352
305
158
97
130
154
211
233
223
195
233
300
359
398
436
473
469
460
412
495
483
423
406
353
454
529
533
479
359
357
391
418
351
200
25
-73
-66
-83
-191
-318
-422
-441
-409
-367
-408
-380
-422
-573
-691
-751
-718
-743
-841
-960
-1035
-984
-837
-845
-978
-1047
-865
-784
-843
-971
-879
-602
-573
-812
-978
-809
-556
-547
-602
-488
-132
-51
-263
-359
-201
134
125
32
54
350
531
499
467
624
842
852
786
752
886
929
837
807
973
1149
1128
1027
952
978
947
808
774
901
1024
1037
928
877
903
872
822
721
707
749
805
847
787
730
588
486
509
500
555
509
333
269
258
283
303
153
13
-77
-125
-177
-248
-202
-114
-61
-184
-227
-307
-269
-56
-38
-53
-16
18
-72
-261
-361
-263
-40
88
59
-18
-105
-67
32
75
14
-33
-72
-11
124
179
133
123
69
96
177
165
105
52
88
95
102
86
56
49
34
61
129
154
179
62
-89
-163
-191
-247
-179
-231
-416
-383
-390
-350
-331
-361
-336
-416
-526
-476
-424
-416
-461
-482
-478
-384
-282
-307
-392
-383
-305
-275
-253
-254
-235
-192
-180
-174
-226
-225
-99
-1
5
11
47
55
4
-99
-153
-126
-77
-66
-71
-58
27
30
7
18
95
157
160
112
33
38
58
144
296
430
412
283
177
194
296
256
181
131
194
268
235
232
274
329
354
264
148
189
212
240
216
114
101
37
39
35
27
-1
-87
-40
72
101
51
3
-61
-64
-157
-209
-321
-449
-442
-383
-304
-364
-367
-366
-332
-321
-288
-287
-412
-519
-589
-639
-653
-590
-572
-642
-763
-795
-728
-627
-525
-545
-558
-569
-582
-508
-495
-472
-483
-499
-463
-480
-455
-462
-393
-262
-183
-195
-165
-71
27
11
8
20
47
62
-43
-53
74
206
273
241
233
271
273
239
155
156
163
117
106
102
81
113
190
162
230
160
81
-4
-84
-74
-148
-205
-245
-222
-181
-133
-129
-155
-216
-236
-217
-166
-102
-93
-135
-170
-234
-168
-200
-275
-288
-311
-382
-510
-594
-535
-481
-606
-622
-566
-544
-566
-713
-762
-860
-915
-913
-931
-938
-922
-848
-849
-827
-797
-773
-735
-810
-887
-909
-750
-621
-504
-501
-533
-404
-220
-143
-99
72
186
298
314
331
436
543
549
536
504
599
666
668
675
780
949
1059
994
926
1029
1117
1118
1094
1034
948
1008
1020
934
1005
1061
1016
1012
940
874
777
866
941
808
560
579
618
595
522
426
447
459
612
466
131
14
274
366
-72
-319
-313
-68
-92
-337
-596
-630
-397
-438
-712
-974
-1021
-903
-858
-1063
-1277
-1380
-1294
-1304
-1490
-1537
-1286
-1201
-1571
-1949
-1790
-1124
-887
-1438
-2000
-1623
-831
-764
-1466
-1657
-758
-35
-536
-1640
-1457
-157
530
-174
-917
-236
991
914
-292
-648
400
1439
1013
101
309
1245
1372
514
29
623
1379
1128
473
441
947
1090
618
259
451
827
722
425
338
520
585
379
256
387
614
559
244
150
231
146
-135
-175
82
179
-42
-318
-264
-65
-20
-316
-295
-54
127
-136
-571
-463
127
548
102
-362
-140
412
483
140
67
424
791
533
164
152
638
984
817
546
623
1032
1082
706
461
494
726
817
723
610
465
571
702
644
367
240
277
255
56
32
-7
-241
-289
-202
-236
-552
-656
-609
-611
-721
-975
-1121
-1117
-1126
-1320
-1626
-1900
-1723
-1353
-1448
-2084
-2653
-2559
-1768
-1333
-1834
-2490
-2232
-1252
-1008
-1891
-2582
-1830
-601
-529
-1668
-2184
-1104
-6
-415
-1634
-1569
-27
795
-198
-1347
-805
628
958
12
-541
225
1089
868
73
141
1018
1469
1047
432
565
936
963
538
324
618
847
657
355
362
535
515
400
456
698
676
457
118
63
413
472
360
340
574
816
664
186
118
580
965
715
156
140
405
613
341
15
131
590
785
326
15
266
743
736
335
142
333
480
293
5
-46
102
120
50
-169
-440
-409
-380
-474
-579
-692
-860
-1071
-1201
-1321
-1499
-1657
-1838
-2183
-2135
-2011
-1419
-1254
-2198
-3308
-3407
-1816
-805
-1696
-3461
-3326
-1350
-581
-2310
-4142
-2757
-31
580
-2164
-3919
-2018
883
764
-2185
-2993
-243
2237
770
-2139
-2177
911
2579
899
-1176
-570
1866
2167
320
-794
473
2177
1849
274
-259
686
1349
851
80
382
1080
1053
428
65
252
358
285
382
630
539
69
-317
26
482
132
-410
-319
549
695
-504
-1251
-613
402
463
-535
-1057
-510
108
-311
-1089
-1074
-88
548
31
-701
-780
-226
-27
-243
-462
-165
236
349
115
185
358
349
456
583
867
612
517
797
1184
1255
1018
983
1297
1665
1423
1058
906
1632
2102
1839
1195
1021
1520
1629
1213
753
749
1108
1392
966
259
81
532
768
239
-284
-542
-545
-436
-610
-1115
-1430
-1158
-1068
-1438
-1990
-2403
-2241
-2420
-2786
-3484
-3395
-2184
-1488
-2549
-5468
-5672
-2710
2
-1690
-5651
-5721
-1482
855
-2644
-6752
-4921
1273
2716
-2203
-6399
-3203
2875
2612
-2793
-4784
278
4983
2718
-2839
-2996
2170
5073
2387
-1091
282
3750
4005
1013
-379
1896
3903
2944
1161
1310
2337
2044
760
850
2272
2335
811
-185
904
1793
569
-951
-347
1726
1886
-513
-2107
-801
1035
773
-1219
-1665
56
1173
24
-1874
-1698
204
1394
429
-900
-694
560
1079
168
-122
668
1846
2060
1071
472
796
1542
1976
1730
1468
1600
1620
1562
1308
1313
1542
1697
1624
1199
623
287
364
424
447
-25
-614
-923
-1109
-1100
-1798
-2111
-2221
-2305
-2915
-3646
-4420
-4323
-3816
-2783
-2326
-3747
-5547
-6498
-3904
-1617
-2315
-5507
-6510
-3240
1
-1580
-6038
-6110
-1035
2928
-70
-5084
-4784
822
3810
316
-3563
-1525
3901
4924
793
-2205
675
4722
4587
1528
413
2806
4164
2849
1133
1760
3353
3239
2038
1899
2694
2100
484
110
1805
2863
1288
-832
-595
1330
1497
-703
-1976
-437
1409
608
-2213
-3158
-1395
209
-372
-2070
-2122
-786
-338
-1459
-2369
-1619
-397
-306
-998
-1072
-760
-708
-1029
-938
15
586
340
-145
451
1406
1713
905
840
1984
3295
3409
2295
1903
2923
3930
3900
3259
3104
3895
4266
3801
2901
2750
3432
3789
3339
2578
2222
2198
2267
2177
1906
1499
1168
913
595
159
-419
-762
-886
-1124
-1644
-2604
-3458
-3907
-4076
-4440
-5230
-6126
-7218
-7583
-5203
-1638
-1500
-7768
-13522
-9671
272
4015
-4726
-13803
-9252
3446
6231
-5461
-14401
-5725
9249
9936
-3817
-11857
-2183
10229
8183
-2843
-4975
4650
10818
4703
-2998
-621
6644
7654
2450
1292
5519
6357
879
-2428
2683
8321
5077
-2590
-3175
3466
6009
-777
-6967
-2949
5035
5280
-2772
-7580
-3347
1911
590
-4312
-4708
-554
926
-2438
-5287
-3689
-766
-1071
-2774
-1856
429
4
-3073
-3916
-430
2678
1753
-903
-528
2593
3366
1265
-18
2466
5929
6242
3743
2124
3252
5101
5266
4607
4890
5768
5411
3732
2660
3166
4117
4269
3647
2993
2507
1383
300
202
1073
1684
902
-690
-1939
-2300
-2438
-2923
-3282
-3425
-3722
-4909
-6288
-7489
-7735
-8205
-9456
-9358
-7167
-2552
-2666
-8532
-15697
-13249
-2376
4428
-503
-10667
-10860
-494
6169
148
-8871
-5899
6705
12323
4283
-5242
-3053
6153
9466
4588
2192
6157
9162
5120
133
2327
7474
7447
2301
1178
5923
7398
763
-5945
-2587
5893
7253
-813
-6991
-4189
923
-459
-6309
-7078
-1894
1190
-2365
-7266
-7100
-3860
-3162
-4799
-3773
-387
241
-3643
-6616
-4019
899
1912
-752
-1388
1770
3914
1681
-1626
-716
3791
6455
5040
2651
2512
3387
3143
2387
3309
5133
5628
4065
2602
2712
2941
2602
2302
3637
5318
4836
1780
-746
-75
2439
3833
2834
1482
959
690
114
-490
-105
815
1363
876
-314
-1380
-2149
-2251
-1782
-938
-787
-1964
-4117
-5650
-5728
-5617
-6010
-7571
-8733
-9498
-6790
-1586
1197
-5389
-16881
-17627
-4045
10472
7088
-9773
-17266
-4962
10416
7896
-6585
-9974
3685
15005
8766
-4601
-5470
5216
9979
4922
2065
8090
11559
3238
-5807
-1419
10787
12394
549
-7032
461
9698
4674
-8481
-10337
1328
8785
2136
-8572
-9101
-2234
-983
-6256
-7495
-1394
2380
-2884
-9404
-7250
-205
1064
-4308
-5852
890
6348
2456
-5306
-5649
2152
7544
5262
1269
1912
4915
4121
477
461
4925
7724
5344
1962
2357
4171
3006
-594
-456
4135
7071
3752
-2069
-2772
1231
4247
2363
-153
1006
3738
3867
842
-1136
347
3167
4212
3637
2852
2208
1125
104
922
3168
4597
3059
75
-955
-242
466
-433
-1546
-1730
-1574
-2598
-4801
-7165
-8194
-8417
-8494
-10817
-12179
-6575
1409
3590
-11444
-25203
-20143
2691
17242
5015
-15860
-17751
1715
14063
4196
-9749
-4242
12725
16766
4257
-4694
3373
11353
6309
-1082
5617
19188
15743
-3870
-13646
108
17087
12874
-5048
-9940
2345
9450
-1262
-14253
-9913
3152
5077
-5064
-11140
-5118
-754
-7584
-14366
-7872
5204
6583
-5216
-12696
-5803
4211
3525
-3899
-3388
5610
10143
4118
-3249
-1270
5884
7838
4764
4368
8388
9307
2735
-3163
-370
7034
8869
3442
-960
426
2609
104
-4663
-4561
24
2724
629
-2730
-3372
-2856
-2819
-2643
499
4429
5044
1449
-1768
-203
3929
6018
5167
4793
5970
6285
4508
2487
2378
4017
5391
5163
4038
2379
194
-1748
-2420
-1251
12
-914
-3965
-7097
-8665
-9735
-10763
-12474
-13312
-16639
-14382
-6111
4341
1229
-19257
-31353
-19408
10237
21497
4261
-17357
-14557
6865
15764
4365
-4369
5612
18634
15738
2545
1742
12939
13591
903
-4525
11336
26263
14871
-11486
-19784
-1104
15484
7598
-9533
-10856
-60
1073
-12029
-18038
-7494
2088
-3138
-14172
-11734
402
1162
-11999
-19058
-6475
10404
10818
-1822
-8143
-815
7089
5044
1066
5810
13730
13029
4388
366
6151
11058
7307
1778
4046
11276
11144
1134
-7144
-5008
2164
3529
-762
-3266
-2416
-2960
-7770
-11312
-7979
-1610
521
-2048
-3903
-1847
578
-364
-1524
1527
7960
11661
9522
5643
4355
5944
7591
8815
10604
11599
9752
5246
1351
1106
3426
4394
2889
615
-923
-2308
-5057
-7928
-9056
-8043
-7270
-8415
-11285
-14601
-17332
-19175
-20321
-21658
-14579
-2327
8343
-165
-22416
-31445
-13832
16075
23783
6927
-9284
-2731
14362
16249
4494
1696
14345
22936
15113
3961
8028
16785
9181
-8678
-10312
11057
25183
9645
-18226
-24933
-7787
3830
-5183
-15695
-10421
-1173
-6433
-20896
-20779
-6004
1361
-7314
-15725
-5963
9680
8158
-8050
-15249
-1544
15034
16090
7570
5102
10370
11083
3986
1702
10508
18914
14802
3309
-565
5284
7776
502
-6980
-4261
3941
4593
-4190
-11748
-11310
-8044
-8665
-10201
-6780
-1638
-2067
-9019
-13425
-8625
-226
3526
2462
3341
8403
11630
8748
4581
5996
12874
18000
17851
14679
11595
8962
6044
4856
6775
9846
9298
3945
-2212
-4991
-4567
-4493
-5587
-6040
-5580
-5941
-8416
-11514
-13278
-13368
-12611
-11791
-11415
-11817
-13470
-16120
-18383
-19746
-11888
2307
15384
10073
-11589
-24003
-10187
19001
29389
14587
-2939
271
15876
18537
7083
1884
10636
16937
8383
-2138
3259
13531
5145
-17556
-24603
-3744
16024
6732
-19411
-29433
-15452
-3225
-9139
-16968
-9863
1093
-2363
-15905
-15507
988
10022
846
-10496
-2291
16519
20589
6535
-5206
1295
14129
16187
10201
8736
12948
11049
163
-5586
1897
11356
8105
-4408
-9997
-4014
967
-4739
-13717
-13875
-6292
-2395
-6131
-9512
-7371
-4857
-7507
-10416
-5650
4003
8385
3466
-2280
541
8159
11878
10401
10183
14412
16842
13768
8992
8371
11641
12446
9756
7014
6810
6306
1779
-3849
-5092
-2132
-83
-2589
-6194
-7324
-7318
-8677
-10334
-9372
-6361
-4701
-5854
-8143
-8845
-8471
-8869
-10435
-10524
-8688
-7728
-10172
-14712
-9305
4376
17186
10498
-11719
-23314
-8182
19664
27706
11704
-5880
-3590
9327
11260
2683
1790
10817
12526
-548
-10912
-1389
12594
5419
-17848
-25510
-4870
15290
7696
-15851
-24474
-11576
-1022
-6251
-10865
-1875
7747
969
-14185
-12487
6546
16665
6052
-8086
-2743
14678
18961
6154
-4926
292
10092
9502
3280
3704
9636
7070
-5987
-13226
-4469
7580
6200
-6211
-12949
-7213
-888
-3777
-10180
-9506
-3050
-605
-4019
-5273
-658
2748
-923
-5755
-2060
7760
13086
9260
3284
3647
7953
10135
9907
11015
13441
12417
7382
3690
5394
9088
8423
3338
122
1247
2761
129
-4382
-6047
-4598
-3086
-3353
-3470
-3197
-4320
-7105
-8765
-6668
-2717
-1227
-3539
-6860
-8257
-8193
-8674
-10173
-10639
-11048
-11778
-14666
-10224
1582
13595
9755
-11081
-24788
-14094
13654
26566
15417
-2618
-4912
5652
9734
3760
2510
10572
13750
3219
-7977
-2010
11299
8102
-12968
-23867
-8631
12335
11094
-8961
-20929
-14378
-4783
-6768
-9721
-1183
8284
3451
-11390
-13302
2619
14728
8288
-4800
-3769
10975
17868
9432
-1231
-584
6570
7073
3497
4831
10427
8921
-3517
-12811
-7650
4184
6335
-2743
-10234
-7683
-2306
-3388
-8443
-8627
-3574
-1031
-3071
-3641
1253
5120
1806
-4433
-3733
5530
13481
13815
8775
6727
8661
10481
10488
10403
11950
11961
9273
6193
5581
5966
3942
-250
-2096
-175
2034
781
-3673
-7029
-7759
-6289
-4486
-2691
-1439
-2345
-4848
-6953
-6324
-4202
-3146
-4263
-5917
-7107
-8240
-9288
-10034
-10776
-12426
-15262
-16185
-6776
6473
15475
4735
-15216
-23323
-8161
15854
22743
12480
293
698
6478
5779
1523
4592
11228
9617
-858
-5537
3666
10825
-80
-19939
-22721
-4759
10815
5522
-10166
-16557
-11687
-8549
-12034
-8718
3311
9528
1334
-10662
-7077
7127
12414
3198
-4845
1883
14910
16786
7874
560
1895
4112
1071
672
6782
12353
6503
-7779
-14393
-7659
1692
1072
-5746
-8571
-4791
-2309
-5338
-8633
-6953
-3049
-2578
-3310
184
6916
9002
3514
-2141
366
9725
16228
15886
11711
9143
8094
6994
6952
8824
11238
9645
4717
724
494
1434
-408
-4112
-5280
-2608
121
-165
-3149
-5686
-6908
-6539
-4576
-1443
1303
666
-2707
-6045
-6235
-4282
-2738
-3397
-5531
-7577
-9089
-10569
-11958
-13665
-13774
-14109
-11064
-3374
5333
8883
-1289
-13526
-15429
-276
15883
18396
9461
2492
4670
8132
6026
2950
6360
10200
7132
-1053
-2092
5117
6678
-5566
-19105
-16244
-1596
6516
-787
-10853
-12633
-9459
-9697
-11745
-5315
4505
6529
-1211
-6482
359
9564
9032
966
-1171
6987
15121
13544
7035
3153
3264
1871
-842
1466
7039
8610
1142
-8342
-10242
-5210
-1687
-4323
-7461
-6742
-3686
-3358
-5188
-5442
-3367
-1657
-1820
739
6978
12426
11501
5840
2832
6029
12183
15256
14692
12283
9866
7181
4748
4270
5387
6024
3832
989
-365
-437
-1405
-4180
-6166
-5431
-2807
-820
-605
-1834
-3722
-5640
-5861
-3888
-883
1007
-483
-3335
-5529
-5580
-5841
-6889
-8510
-9880
-11242
-13064
-14070
-12560
-10218
-8506
-4998
-685
3883
584
-5814
-7346
1839
13374
15162
8670
3674
6793
10613
8501
3841
4977
8583
6633
-415
-3539
967
3278
-4147
-14566
-14111
-4729
592
-4923
-11972
-11595
-7420
-6478
-8770
-5683
1691
4559
658
-2591
2590
9700
9978
4290
2254
7417
12883
11812
7172
5024
5283
3929
350
77
3346
4707
64
-7045
-8845
-5599
-2756
-4496
-7228
-6619
-3943
-2567
-3156
-2649
-566
1372
2516
4718
9716
13527
13191
9252
7111
9108
13018
15046
14128
11724
9217
6804
4548
3807
3648
3257
1412
-605
-1446
-1609
-2112
-3866
-5139
-4866
-2917
-973
-365
-1260
-2908
-4063
-4100
-2792
-1496
-1138
-2000
-3303
-4488
-5609
-7102
-9195
-11558
-13799
-15071
-14657
-13005
-10691
-10112
-8510
-4851
-311
1212
-3287
-5905
-1736
8736
14749
12337
6939
5790
8667
9320
6987
6317
8917
8541
3027
-2578
-1903
1425
-884
-8946
-13352
-8846
-3020
-3575
-9406
-11701
-9439
-7731
-8492
-7390
-872
4229
3145
-884
-3
6533
10439
8512
5311
6811
11061
12199
9308
7007
6707
5842
2744
397
2021
4058
1966
-3926
-7791
-6767
-4531
-4663
-6540
-6148
-3782
-2413
-2739
-1962
1353
4792
6012
6067
7602
10879
13151
13102
12176
12206
12666
12255
11189
10089
8839
6838
4266
2555
2218
1781
380
-1608
-2850
-3048
-3068
-3093
-3374
-3278
-3286
-3215
-2890
-2316
-1964
-2394
-2886
-3120
-3053
-3254
-3460
-4097
-5202
-7452
-9733
-11686
-12450
-13579
-14797
-16158
-15071
-10413
-2460
4250
4018
-3563
-11119
-8413
3497
14757
15743
10295
6129
6811
8165
7142
6683
8129
7970
3266
-530
1125
4947
1732
-9058
-16787
-13095
-3634
-82
-4244
-9270
-10954
-11169
-11682
-9206
-2333
3525
2267
-2054
-1378
5478
10338
7997
3333
3361
8613
12775
12777
10591
8118
4648
504
-765
2727
6850
5602
-973
-6820
-7100
-4199
-3067
-4723
-6169
-5078
-2741
-603
1395
3171
3526
2462
2352
5869
11615
15443
14871
11674
9637
10309
12017
12792
11917
9823
7358
5023
3763
3230
2446
569
-1514
-2278
-1453
-477
-1062
-3068
-5116
-5203
-3490
-1380
-338
-1079
-3075
-4762
-5021
-4245
-2921
-2633
-4144
-6913
-9446
-10148
-10378
-10920
-13155
-15021
-15276
-12795
-9779
-5084
255
3779
1893
-5412
-7796
-1194
11312
16914
13091
6710
5818
9083
9435
6828
5872
7715
6536
1941
-815
1731
3594
-2241
-12414
-15403
-8150
-859
-1873
-7774
-10344
-9286
-8522
-8864
-6229
389
3685
1372
-1233
2268
8633
9586
5195
2183
5650
11466
13267
10913
8302
6320
3313
114
323
4145
5928
2672
-3338
-5740
-4027
-2587
-3697
-5556
-4680
-2431
-278
1129
2292
2650
1635
1269
3773
9000
13048
13254
10529
8492
8998
10415
11325
10876
9399
7546
6120
5318
4665
3311
1137
-723
-1153
-270
328
-107
-1801
-3793
-4673
-4057
-2329
-1015
-1025
-2438
-3883
-4269
-4128
-4012
-4206
-4642
-5600
-6870
-8526
-10155
-11427
-11838
-12249
-12278
-12318
-11374
-10490
-8596
-3512
1867
5476
886
-4746
-4772
4309
13889
14751
9641
5824
7610
9125
7533
5644
6939
7128
2843
-2340
-1359
3413
2806
-6345
-14376
-12004
-4463
-1401
-5459
-8664
-8111
-7528
-8782
-8425
-2162
3475
2690
-1437
-972
5876
10335
8414
4050
4029
7901
10583
10297
9858
9566
6865
2413
308
3307
6631
5710
752
-2959
-2464
-646
-135
-1448
-2299
-2546
-1840
-110
2465
4230
3552
1904
2020
5099
9040
11152
10667
8893
7342
6954
7987
9118
8903
7054
4970
4211
4393
4253
2852
885
-687
-1084
-444
435
297
-1709
-4371
-5826
-4827
-3062
-2448
-3679
-5674
-7121
-7656
-7515
-6986
-7203
-9223
-11553
-12628
-11452
-10421
-10821
-11611
-9960
-6312
-2196
362
2708
2993
711
-2691
-2827
3847
10937
13664
9155
4307
2558
3709
4696
4001
3114
1697
-195
-1787
-1445
-934
-2939
-7859
-11602
-11090
-6627
-3106
-2585
-4922
-7613
-8638
-7527
-3784
-106
2237
2900
2967
4522
6396
7751
7248
6067
5718
6859
9761
11932
11546
8219
4205
2010
2879
5010
5997
5049
2504
167
-1254
-936
-362
-370
-1136
-1593
-819
835
2244
2126
1072
325
1312
3587
6261
7506
6997
5683
4678
4778
5319
5823
5640
5104
4342
3605
3276
2780
1886
400
-925
-1190
-383
311
-677
-2618
-4430
-5015
-4805
-4516
-4902
-5603
-6148
-7466
-8678
-10247
-10925
-11519
-11940
-12286
-12742
-12470
-11883
-10285
-8064
-5846
-3554
-1565
115
1285
1319
2452
4635
7819
9480
9457
9093
9108
9224
8073
6716
5553
4833
3600
2004
1012
328
-1222
-3717
-6294
-6967
-6772
-6615
-7217
-7727
-7529
-7687
-7589
-7117
-5544
-3757
-2584
-1441
38
2078
3529
4047
4448
5076
6115
7193
8448
9440
9552
8859
7798
6905
6108
5341
4751
4331
3714
2702
1535
800
261
-311
-1013
-999
-553
-97
180
217
735
1194
1297
1408
2272
3932
4949
4788
4045
3646
3914
4318
4493
4545
4681
4603
3922
3152
2741
2626
2144
1367
813
703
957
579
-430
-1290
-1864
-2032
-2327
-2718
-3112
-3766
-4083
-4888
-5759
-6405
-6868
-7022
-7761
-8548
-9827
-10259
-9952
-9199
-8064
-7366
-6854
-6779
-6543
-5897
-4034
-1453
792
1437
1219
1352
2766
4670
5592
5524
5051
5080
4923
5075
4948
4921
3983
2088
395
-229
618
926
-55
-1842
-3127
-3399
-3362
-3307
-3308
-3260
-3255
-3403
-3126
-2253
-1318
-907
-1025
-862
122
1513
2839
3497
3753
3841
4340
5084
5640
5711
5324
5141
5049
5175
5175
5208
4850
3928
2943
2549
3011
3409
3131
2324
1783
1910
2254
2553
2543
2521
2360
2135
2306
2513
2844
2692
2270
1992
2047
2347
2395
2537
2364
2133
2018
1975
2113
1927
1262
982
1171
1129
1106
643
214
18
-669
-1351
-2162
-1951
-2095
-2243
-2627
-3380
-3230
-3469
-4324
-4979
-5467
-5830
-6128
-6791
-7205
-7481
-7201
-6850
-6623
-6767
-6936
-7193
-6420
-4584
-2924
-1742
-2322
-3507
-3727
-2605
-656
758
965
551
597
985
1565
1912
1767
1309
689
401
669
1540
2102
1518
67
-1197
-1365
-664
-251
-298
-807
-1174
-1130
-1036
-875
-810
-747
-861
-796
-595
-127
602
928
859
718
991
1600
2281
2836
3075
3210
3006
2965
3189
3550
3556
3114
2732
2862
3445
4064
3562
3064
2751
2641
2462
2461
2647
3093
2552
2143
1756
1646
2208
1919
1604
1120
1533
1203
1688
1152
1225
1369
902
252
770
1130
1062
859
-98
-25
474
-343
-192
-483
-32
-332
-380
-747
-1987
-908
-1287
-1472
-969
-1338
-1690
-1494
-1790
-2404
-2154
-2933
-2349
-2073
-2871
-2947
-3967
-4008
-4115
-4103
-5133
-4914
-4789
-5051
-4893
-5436
-4711
-4757
-4323
-4231
-4396
-3626
-3464
-2878
-2843
-2531
-2149
-1846
-1542
-1241
-677
-756
-821
-741
-356
-121
-114
-116
51
187
250
110
-134
126
245
157
-97
-98
74
225
105
7
86
263
329
165
269
267
624
767
457
624
847
994
812
753
543
840
1171
1179
1184
1223
1589
1026
1466
1220
1179
937
1049
1073
660
1321
572
1349
936
675
764
376
318
192
251
244
300
-247
-342
-469
-519
-277
-923
-807
-1150
-692
-598
-966
-1408
-1317
-1002
-1458
-1088
-1771
-1250
-584
-1810
-1463
-1753
-1380
-1186
-1387
-2104
-1389
-1733
-1767
-1760
-2284
-1456
-1965
-1782
-2202
-2445
-2445
-2317
-2177
-2665
-2535
-2975
-3111
-2888
-3349
-2723
-3114
-3049
-3169
-3240
-3043
-3229
-3232
-2812
-3099
-2673
-3098
-3226
-3080
-3129
-2484
-2625
-2233
-2978
-2446
-2710
-2293
-1654
-1905
-1415
-1579
-1554
-1096
-972
-795
-699
-403
-255
-410
120
-455
-133
146
8
487
271
418
795
516
230
758
851
944
993
341
1039
988
1425
1526
978
1170
1308
1412
1379
1649
2046
1347
1909
1159
1490
2151
1502
1546
1795
1536
2007
2106
1849
2569
1887
2058
1936
1750
1996
1778
1641
1794
1281
1902
912
1248
1042
648
1504
613
1402
581
433
703
187
475
451
354
513
231
-101
159
-36
-615
-99
-469
-771
-1035
-805
-544
-746
-799
-1908
-2001
-1378
-1899
-1682
-1825
-1994
-1607
-2381
-1414
-2586
-2263
-2287
-2649
-2169
-2281
-2165
-2700
-2123
-2660
-1807
-2127
-2303
-2132
-2563
-1949
-2391
-2082
-1408
-2840
-1226
-1598
-1795
-741
-2013
-1138
-1219
-1346
-897
-1271
-1148
-1067
-931
-964
-908
-527
-1111
-1317
-1057
-425
-1018
-678
-1416
-1083
-822
-700
-504
-1177
-298
-580
-249
-993
-819
-107
-789
-217
-461
-879
-287
-988
-112
-593
-482
-289
-779
-701
-767
-597
-1172
-505
-1207
-714
-492
-1167
-353
-909
-599
-810
-965
-393
-730
-721
-517
-1258
-318
-401
-512
-345
-1498
-699
-317
-270
-494
-240
-892
-710
-241
-581
-39
-301
-821
-336
-514
-85
225
-172
-970
65
-307
-499
896
-694
480
-62
-432
-23
149
551
277
-28
-332
203
162
840
159
488
153
201
1065
524
1072
1329
882
1393
1099
1647
1356
1331
782
1125
1386
1060
1661
1457
1527
1056
1995
1880
1808
1824
1690
1928
1796
1359
1182
1703
1181
2036
1579
1004
2173
1148
1848
1844
1744
2179
1704
1959
2549
1563
2726
1502
1434
2260
1735
2640
1725
1742
1985
1911
2117
1808
2234
2094
2470
1736
1761
1999
1343
1614
1266
1446
1495
1327
1342
1239
1244
1441
659
2004
581
1980
1029
169
1249
392
1555
1023
1234
967
976
1202
1101
1063
446
1199
928
327
1111
373
755
477
338
339
251
-59
810
532
897
921
375
633
691
937
910
774
710
1046
438
1144
1679
77
986
-95
417
1535
1338
1484
755
1259
1433
1383
1620
1591
1388
1612
1740
1553
2320
2289
1268
2340
1483
2157
2103
1412
2325
1445
1855
2149
1621
1741
2137
2120
2192
2043
1323
1879
1627
1730
1904
1586
1800
2073
1641
2137
1940
1907
2014
2001
2144
984
2350
1630
1575
1640
1687
1683
1992
2031
1138
2334
1797
2019
2196
1807
1740
1794
1676
1906
1877
1891
1563
1837
1757
1961
1577
1355
1785
1153
1506
1680
962
1715
899
1468
1598
599
1565
561
1559
1335
1942
1030
663
1160
463
1354
695
835
1011
1054
1006
745
982
195
1131
704
178
998
-72
1567
1275
598
1141
426
1389
1387
424
1703
398
1771
1481
477
1182
1197
1269
998
1674
1203
1404
1373
1782
1423
1652
1972
1700
1513
1423
1285
1512
1838
1429
1911
1909
1468
1288
1687
1040
2352
1392
1571
1776
987
2086
1601
1712
1839
2022
1741
1722
1545
1464
2001
1650
1042
1141
1697
1159
1804
714
1210
1385
1024
1951
1028
1628
1035
1244
1342
1216
1773
689
524
1206
419
1569
470
1124
1169
682
1467
783
867
1423
867
926
1331
807
1048
792
1042
1239
546
1077
977
1027
1510
593
1304
1191
513
676
347
883
1191
485
469
473
346
994
774
192
907
392
452
1193
24
347
441
213
708
245
4
-91
736
869
1007
961
81
1382
855
896
775
133
1106
370
799
460
517
915
704
543
267
560
1039
1262
826
774
656
219
931
491
640
372
-118
794
330
666
390
-252
307
266
188
843
875
395
576
-52
729
755
452
1071
135
514
486
446
671
467
1040
422
461
624
583
436
863
-203
180
731
-518
876
226
-33
768
-29
158
546
75
491
190
503
53
231
545
-488
749
45
-104
825
354
482
418
276
589
735
888
740
231
9
251
386
142
187
230
649
203
492
-76
224
1418
2
1137
677
569
1456
319
614
257
-268
891
653
738
992
691
1245
1566
714
1295
1099
272
2105
787
1105
1077
927
1232
938
1551
1388
2051
1245
1447
1135
1288
1227
893
1004
1562
1242
1176
271
869
1646
968
1223
1110
890
1537
1945
317
1578
712
1441
1370
389
1366
-29
1006
1302
838
1559
833
539
522
644
1082
1186
1057
321
-80
213
45
836
1158
361
781
15
192
585
926
223
312
683
-132
547
264
517
-75
664
-185
-900
388
452
871
413
-145
109
-81
283
601
305
-30
528
100
-293
686
-91
-367
169
-522
-120
218
-391
10
26
7
-70
5
500
304
449
9
-371
736
574
-18
205
141
280
709
788
625
782
1250
435
497
425
429
1003
532
433
945
1478
1247
398
180
179
1354
1267
180
-495
316
913
692
961
-38
977
1158
1325
934
-83
412
360
1257
799
28
756
635
709
834
705
523
1314
308
361
158
641
1016
206
500
577
605
166
675
-386
638
917
147
-193
-216
-242
652
1386
582
864
-459
142
-391
502
1175
179
548
222
233
-401
-445
298
-218
-211
-432
-606
933
-261
38
-146
-1416
1161
-295
165
-353
-429
28
248
-310
-382
209
-362
531
279
456
948
226
458
188
311
574
417
751
-77
150
715
244
-36
576
-1096
1158
813
-486
159
-1043
1007
458
473
24
-432
297
375
547
832
145
601
1553
788
1264
-429
-396
1573
267
1861
216
-205
762
667
1048
875
677
771
878
797
930
496
475
431
450
1017
-338
484
496
177
1589
439
605
802
-38
881
-192
832
471
-350
382
-504
687
322
523
921
605
405
335
1048
-187
502
822
-322
564
56
-82
362
-401
-243
924
-88
495
-489
-792
247
-608
590
-1126
-90
457
-191
196
-1347
-520
-394
116
-427
-405
-475
157
243
-611
-950
-999
196
-1202
-549
-1016
-926
-563
-367
-1140
-1600
182
-806
253
-1657
545
-1560
-918
-546
-1719
240
-1103
-217
-1680
-740
-970
-799
-820
-1359
-727
-811
-1328
-244
70
-1417
583
-1071
-851
432
-272
-502
-418
-424
-595
-193
-40
-722
-256
-811
-628
-702
-167
-338
22
23
-1622
-275
-695
153
-304
673
68
-78
-669
-799
161
180
893
-110
205
-11
-158
448
269
-394
323
-46
-603
-178
73
141
255
-213
-861
-89
385
-518
247
617
-1099
334
-234
-248
750
1052
480
512
652
-128
1213
43
150
-158
-424
480
783
1220
588
-71
12
-99
793
403
234
-867
-593
256
350
71
-343
-299
-7
660
-197
-81
-115
47
419
-586
-329
83
-207
-152
-756
-581
-630
60
299
-769
-218
-934
-604
257
-318
-291
-260
-1033
-161
-332
-744
-434
-488
-1072
-532
-1098
-653
176
-1650
-354
-997
-821
-824
-194
-820
-504
698
-1947
-337
-918
-1464
560
-895
-821
-1371
-1123
-1325
-781
-364
-1607
-874
-888
-494
-498
-779
-636
-285
-898
-538
-734
-1018
-198
-59
-234
-482
-1080
-828
-131
203
-1054
-505
-1237
-497
-596
-1034
-651
-923
-325
-355
-1149
-744
-181
-403
-657
-1375
-1475
-1382
-745
-721
-799
-694
-859
-856
-408
-1005
-814
-185
-1176
-758
-542
-1638
-391
-1310
-1572
-754
-839
-167
-737
-742
-1561
-1162
-489
-333
-296
-1143
-89
-628
-184
-378
-1681
-261
-1894
-888
-445
-1241
238
-869
-877
-968
-1065
-1130
-964
-458
-769
-1099
-527
-1142
-1629
-562
-1266
-1070
-1391
-1731
-1585
-917
-664
-1338
-913
-1848
-1416
830
-501
-1148
-552
-3292
75
-288
-1296
-1142
-1684
-541
-1370
171
-1084
-940
-1532
-2330
-1796
-1147
-1096
-412
-776
-1985
-1156
-1869
-936
113
-1109
-1019
-1066
120
-584
-445
-1295
-1604
501
-1832
-790
-1020
-1804
-1426
-469
-2554
-784
-290
-796
-239
-1488
-1483
-2002
41
-1086
-805
-979
-1612
-438
-348
-1508
-1195
-1034
-1419
600
-724
-2400
-455
-1054
-867
-620
-1405
-885
-667
-206
-2156
-876
-1061
-758
767
-2306
-1322
-852
-1232
-349
218
-857
-752
-895
-817
-313
-170
293
-768
-1476
-1478
-243
-59
-531
-873
-1101
-755
375
601
-588
-951
-757
-556
704
-154
-1148
95
334
-89
-282
-902
-551
162
154
-1003
-344
-580
-659
554
-1395
-1083
-135
-1290
-379
287
-198
56
465
-533
-495
-819
-302
424
-46
300
-1647
8
-526
-846
-177
-775
693
282
450
-801
-485
788
-87
152
48
-568
-114
-14
-457
468
359
-294
25
112
-1072
473
114
-196
-486
-840
-1086
-519
590
-328
-416
-419
-458
465
620
42
7
-826
-89
-1056
-215
-664
-1228
447
-799
-43
-136
-830
-380
-364
-26
162
-1376
-73
-80
859
563
-758
-466
-1261
90
974
-235
1241
-185
-505
774
515
423
250
668
-153
317
-400
-71
-333
562
1223
-437
695
-357
258
1419
581
559
-176
264
991
677
450
-328
-36
451
-35
882
697
197
-10
-616
-679
1043
182
470
668
-834
29
-203
-801
1222
565
281
77
-1195
-172
784
1160
-357
-615
-706
-1135
290
-318
81
48
-859
-93
-408
-860
604
-791
-485
-46
-912
-286
-87
-645
-239
-717
-47
-625
-124
15
-961
792
-1204
-450
-464
-190
237
-604
-619
-1530
-523
-518
349
-431
-1839
-148
-852
-426
-89
-981
-87
-220
-685
-1372
-1582
-6
-659
-358
-812
-1781
-261
-767
-1136
-1364
-450
-495
-839
181
-804
-433
-1352
-1386
-381
-1222
137
-853
-1587
-497
-975
-320
-684
-1048
-108
-1161
-573
-284
-144
-114
309
-951
511
195
-190
-225
-2115
661
111
-9
-42
-1221
-57
-585
47
801
-541
235
-265
335
-348
560
-285
-877
-262
-609
267
1208
-597
-73
-172
-1456
1150
8
-283
271
-669
133
767
-417
1
33
514
463
-561
-521
-816
-39
-273
-713
-603
-761
-173
-287
-41
215
-1032
-525
-699
-199
-222
-357
-21
-489
-135
359
-614
-230
218
-509
-46
-749
-253
-776
-509
62
-386
250
-406
-502
-1264
513
270
-954
175
-609
-367
833
-294
-1765
271
-1823
665
524
-1746
699
-1219
341
572
-263
-279
-482
444
-236
624
-308
-1125
180
-727
-582
-10
-1095
-493
-376
-772
-302
-866
24
193
-301
-406
-498
-537
-520
148
-108
310
-370
-82
381
-743
-703
-501
-484
-64
-1116
-1385
-233
-398
512
-721
-1640
-512
-67
485
-381
-909
-698
-445
-26
-673
-451
-961
-584
466
-1366
-581
6
-984
261
-759
-502
-11
87
759
-450
-47
-840
-81
-889
-742
-320
-898
-26
-620
-208
-1005
176
-563
-1662
-689
-305
-347
152
-743
-364
-737
-1031
-75
-628
632
453
-926
-725
-830
-292
69
-911
73
368
27
1759
-1204
-462
1243
-890
710
890
-795
-83
442
-774
782
1020
344
1181
348
418
968
183
974
635
115
702
404
408
-240
-16
-226
382
-542
1544
1059
295
753
-970
229
-375
516
307
-293
-731
-581
1310
191
551
245
-1056
-480
526
647
236
207
-674
-1016
306
521
-79
847
-226
-1067
-8
318
469
913
-556
-381
-89
-292
650
-363
338
537
235
-560
-640
-408
556
1385
815
391
-767
-823
-296
1366
692
384
-50
-858
845
-125
924
-97
396
924
-373
619
-282
1356
1108
732
289
145
1003
472
874
172
14
-377
-73
124
329
-452
150
474
209
1253
287
-257
3
457
345
650
-221
-92
527
-281
706
511
437
743
202
682
1007
551
-288
670
-882
1494
765
-967
521
-640
-442
1788
-508
-600
1067
-473
1666
658
874
-115
47
807
557
495
272
64
555
-143
-302
345
-714
675
244
-339
1250
-705
-266
922
-785
636
31
-548
274
-543
126
789
542
767
-186
-1096
-334
376
511
134
-178
-823
-304
365
978
517
234
413
-607
-25
261
-544
-442
310
-282
-456
277
-764
-191
-183
-1077
-170
-932
831
-1060
-217
-879
-710
360
-159
330
-126
89
-140
-50
-651
-264
-83
46
442
-321
-741
-23
-252
759
-781
109
-490
61
592
-834
-407
-992
477
-110
-435
-111
-225
610
-128
174
-783
-175
781
-869
49
-378
-516
1043
138
592
37
-150
32
317
-548
-672
232
-245
821
-141
-296
-723
-480
1081
-434
440
-474
62
494
162
-380
-599
142
-922
442
-122
21
475
-412
319
-109
-243
-45
-1
-522
119
-198
-190
853
-433
-504
-315
22
-373
460
-738
-903
-307
-889
-580
49
-73
-323
9
-1181
-745
578
-225
-173
-954
-1148
-345
-646
-10
-460
26
-597
76
72
37
283
-46
-513
-362
-742
-1046
-236
-978
-257
-827
-1217
221
-760
22
-676
-678
-948
-458
-30
-339
-458
-724
-929
-441
168
-987
-485
-1029
-1004
682
-644
-468
-275
-446
908
-227
-757
-737
-427
168
-371
-39
-1066
-246
-394
-351
158
203
701
-792
-294
-512
-144
411
-236
-295
23
-574
168
120
-94
-541
-290
-653
-344
-241
-164
-9
-211
-269
-598
-342
-740
-202
-186
-1503
267
-1044
-511
96
-1335
-462
-696
-403
-1224
-173
-1196
-493
-885
-1059
-850
-1080
-490
-1016
-733
-1096
-1135
-737
-1494
-137
-796
-1288
-836
-1047
-1276
-479
-856
-1182
-921
-913
15
-748
-155
-406
-404
154
-510
-630
-404
-670
-486
-167
-1735
-762
-880
-833
-180
-1285
-622
-988
-502
-49
-313
267
-381
-621
-589
-893
-1088
-527
-1231
-908
-51
-266
156
-802
-809
-946
-330
228
-140
206
-835
-567
-850
-281
-51
-460
-259
-1021
-144
-70
-400
-313
-235
-750
231
72
-268
474
-368
457
192
-285
94
-276
104
174
-67
-266
-536
-576
238
34
-382
-65
-21
376
407
-349
-530
-435
174
45
-16
61
-910
288
-497
695
150
-238
917
-586
-339
-65
-777
-337
186
-921
303
-420
-557
328
-627
311
53
-282
261
-439
-34
470
-701
342
122
468
943
395
612
-596
-43
-13
522
502
-257
387
-735
710
473
-193
120
-340
499
616
961
-36
170
-263
261
614
375
432
34
617
277
-332
0
52
-290
841
-633
144
-159
231
245
0
181
-159
-97
65
-40
-224
993
368
375
-493
-19
375
-22
92
-24
91
159
416
-6
95
253
132
907
-180
523
282
333
580
-251
553
-21
433
1072
73
640
-150
360
282
19
809
389
647
326
619
261
683
361
-148
334
-23
236
430
-138
433
797
234
794
-135
292
374
428
544
120
269
199
747
291
412
90
-154
201
33
166
287
451
625
479
640
671
436
-45
335
323
295
661
-103
-57
748
-99
-194
317
-356
816
301
564
611
192
578
14
482
175
710
229
197
-35
113
968
360
712
94
97
572
654
436
677
555
190
522
186
313
135
756
66
-24
1050
-143
690
-245
191
734
445
495
-476
724
191
382
379
-883
230
513
601
31
114
-393
338
541
-23
1426
21
455
984
477
977
664
423
417
794
864
154
729
290
156
201
63
343
608
250
138
-195
-373
346
-80
-63
299
-187
-394
-373
-562
-465
-604
101
-151
437
486
-82
-311
-147
-121
-10
30
-20
-149
-497
-198
-236
243
64
352
-61
-91
130
-145
463
105
295
381
-605
129
-501
-369
120
-1052
62
-330
37
282
-278
12
76
411
206
388
-286
-454
504
12
-314
-82
-782
-48
671
-495
483
420
-2
985
-393
-405
209
-146
637
3
459
739
71
-13
-501
338
-32
170
188
-365
605
12
292
331
-159
45
-245
81
247
620
723
-65
263
139
781
1268
687
1125
739
471
951
874
684
1011
502
314
1191
457
799
1220
210
503
553
224
627
543
702
858
193
93
34
-130
1088
490
721
317
-273
496
30
345
398
47
370
257
-282
505
215
98
422
-261
379
-245
49
322
-190
622
-45
-102
94
-186
297
147
-112
43
-174
408
-48
32
589
125
1267
-374
378
-80
-128
893
-22
531
-39
236
176
315
926
851
777
988
283
511
932
1012
1539
1303
531
699
1033
802
1185
765
899
563
722
761
418
1360
753
1264
1032
516
970
957
765
782
731
690
1186
877
364
657
511
415
687
313
253
513
157
490
542
136
1060
53
188
564
360
786
444
-5
266
437
649
738
5
433
298
398
504
473
502
355
515
-10
419
374
447
423
221
-165
382
344
808
726
451
465
397
224
537
388
379
751
-24
234
-186
439
625
655
1028
220
234
746
379
841
619
464
870
70
507
647
505
801
603
517
518
861
126
915
287
1056
-8
150
977
611
2043
684
690
538
625
1235
830
603
509
301
807
577
624
668
615
503
590
841
877
1411
1171
1111
992
734
658
821
480
112
743
527
539
747
365
262
447
711
558
703
196
620
828
169
834
39
204
339
521
417
533
735
183
449
-56
607
298
487
435
109
331
826
19
148
557
-143
573
27
108
330
262
291
-179
170
219
322
789
274
273
159
364
523
154
333
433
396
463
513
188
759
443
830
353
220
750
157
242
696
118
342
755
168
733
54
857
282
43
587
-272
-95
-66
167
464
1027
963
780
27
46
305
300
586
743
275
-291
338
-247
433
285
55
389
195
153
328
126
217
462
-145
-27
-305
-455
22
99
434
425
97
552
196
230
286
-90
856
168
703
469
-160
518
-63
247
463
-1
2
-119
-221
136
238
552
161
-48
283
397
251
322
186
149
684
258
44
-7
-175
53
265
-34
-244
292
-35
136
128
-448
44
55
374
296
-412
254
-186
680
360
-306
531
-208
324
229
409
407
430
396
10
321
421
125
269
318
1
894
461
-72
474
95
-136
259
-310
-47
337
192
373
161
63
234
353
-183
233
50
481
512
79
93
-220
252
90
300
-390
-13
57
-78
47
-49
45
36
-12
-529
250
212
303
486
-159
9
56
217
124
66
-6
75
-44
83
-85
193
-137
-267
228
127
-15
64
-129
149
344
433
-104
-123
139
-434
713
-29
80
468
-216
-95
-107
-12
218
80
-133
502
-307
340
330
-273
417
293
-217
-155
240
-10
434
153
-183
116
115
106
27
530
12
-71
38
-339
473
90
-375
-44
-765
271
-61
-2
-153
-609
-203
-323
-8
-47
-489
-71
-335
-475
-320
-689
-301
-117
90
-107
27
-256
-81
114
-547
254
89
-143
-448
-368
-564
-105
259
-671
290
-562
-631
357
-632
56
-431
-567
106
-343
256
-340
-31
-178
-510
-230
-905
-265
-97
3
165
-388
148
-153
140
-165
-204
-93
-261
-406
-431
3
-401
262
-267
-335
167
-99
-119
-8
-81
-111
361
-55
-85
5
55
390
510
-25
26
-81
-325
88
295
-114
-290
-163
-4
147
85
-99
-340
44
-219
63
-102
-49
134
-102
97
-513
-316
-19
-446
19
-397
-388
-314
-280
-84
-273
-80
-633
206
-186
-69
-119
-961
-250
-757
-83
-7
-80
-296
-420
-399
-466
9
-303
-190
-443
-471
-127
-146
242
120
-221
-102
-242
-46
17
-155
51
330
-5
84
-298
90
108
292
76
94
27
-44
388
313
439
99
79
14
197
526
407
260
213
319
549
157
176
496
249
93
294
138
-67
405
167
125
245
-127
72
-159
87
121
-33
8
-9
6
-14
-338
-98
-92
-85
-43
-719
-74
-492
-560
-409
-366
-64
-305
-321
-432
-409
110
-190
49
-202
-339
88
-434
-280
-346
-253
-401
-413
-466
-433
-173
214
-400
-748
-628
-847
-459
-117
-341
-170
282
-141
-38
-44
-56
-189
357
-162
-138
178
-200
97
-73
289
114
329
232
253
490
230
436
244
67
237
160
72
183
394
343
438
376
157
428
265
128
150
-208
129
234
26
23
-358
-104
-15
-191
21
249
-305
166
-207
-505
222
-268
258
292
456
593
341
328
403
-38
209
448
163
213
-107
280
302
554
572
-60
247
273
525
112
108
26
200
50
149
112
118
296
71
490
223
313
-41
-77
-24
33
-57
-285
83
328
53
192
-120
-224
67
370
527
133
209
49
-31
-171
54
-294
212
120
-455
-244
-662
-298
-260
126
-339
-16
-324
-641
53
-754
313
-155
-570
-368
-856
0
-625
-323
-328
-349
27
-541
139
-315
102
-332
-656
87
-684
201
-616
-242
8
-87
-148
-437
-218
-204
69
-99
-101
-80
-134
-327
-235
-437
-184
-234
-173
-41
-224
-113
-193
-178
-95
120
28
-32
268
-8
51
-362
-208
143
128
415
-165
-213
-434
-325
52
-215
267
-154
333
268
-23
380
-292
-156
-213
-269
-120
-252
-53
125
-117
322
40
217
373
38
96
-233
96
86
140
165
22
40
31
-88
-63
-127
15
-97
246
-262
35
-117
20
253
-138
-42
-153
2
-15
-111
-352
-138
81
263
-369
-184
-236
537
370
596
-207
-206
88
-302
126
-139
115
-315
285
-57
102
305
-412
-7
-179
16
269
-334
-249
-48
5
2
56
-119
-337
-368
-468
-69
-173
25
-391
-546
-608
-371
-154
-473
-430
-444
-444
-402
-604
-470
-650
-529
-615
-474
-104
-500
-9
-715
-584
-271
-457
-409
-168
-687
-627
-458
-596
-252
-625
-586
-614
-825
-479
-458
-305
-366
-645
-757
-732
-720
-568
-389
-478
-521
-656
-753
-354
-331
-290
-556
-481
-698
-213
-668
-767
-464
-418
-65
-906
-379
-843
-423
-192
-539
-265
-514
-419
-212
-461
-58
-299
-430
-252
-521
-288
-495
-236
-447
-610
-596
-729
-801
-150
-319
-46
-249
-309
-250
-585
-399
-502
-499
-181
-127
-95
-93
-409
-290
-657
1
-331
-233
-205
-229
77
-393
-254
-760
-460
-547
-307
345
-63
-46
-309
-468
-259
-161
-371
40
-18
-27
-109
-382
-302
-96
144
-81
-175
-253
-160
-13
-200
-376
-532
-668
-258
-151
-120
-289
-207
-386
-367
17
-263
-46
-17
86
-3
-196
-58
-273
18
-83
-373
-253
-631
74
-284
-304
-117
-510
-11
-19
-5
-237
-566
-666
-106
-24
-269
-283
-388
-243
-244
-418
-722
-729
-697
-457
-568
-651
-666
-791
-675
-408
-287
-352
-437
-690
-429
-145
-211
-105
-269
-100
-525
-266
-394
-23
-160
-134
-210
-546
-19
-316
-23
-260
-187
-309
-342
-195
-336
-77
-388
-264
-55
-31
-218
-399
-466
-523
-506
-697
-387
-681
-321
-724
-516
-247
-208
-39
-437
-329
-445
-184
-471
-66
-252
-222
-107
-536
-319
-108
-299
-157
-271
-465
-303
-248
-262
-341
-374
-407
-266
-353
-448
-460
-276
-424
-111
-126
-140
-155
-145
172
-317
231
-244
106
2
-194
360
-1
245
-141
-128
-14
-251
104
-213
145
271
95
309
20
304
277
436
320
276
211
-8
192
448
283
246
202
50
516
327
76
2
287
176
497
210
298
434
170
564
-179
83
67
-162
513
76
239
35
-396
49
-180
8
-25
-93
76
-46
266
138
379
191
147
-79
-43
96
246
204
72
78
142
219
265
412
-11
-28
37
32
148
104
68
-52
-37
205
134
262
189
46
-50
-201
-12
12
114
186
455
90
64
256
-93
107
73
253
253
503
541
380
327
133
58
227
350
152
44
11
66
190
100
-64
187
81
386
310
277
276
146
102
142
152
219
85
103
320
197
455
215
107
166
14
409
317
257
3
122
165
136
341
120
311
85
363
384
309
451
390
306
271
441
406
723
448
464
357
419
509
185
462
397
471
458
328
449
616
552
465
311
323
308
187
259
217
337
570
347
501
354
293
515
304
507
466
528
704
593
614
433
329
368
361
424
385
252
160
131
257
253
391
409
258
521
410
406
327
